t;Call;
0.000000;7.000000;
0.100000;7.000000;
0.200000;7.000000;
0.300000;7.000000;
0.400000;7.000000;
0.500000;7.000000;
0.600000;7.000000;
0.700000;7.000000;
0.800000;7.000000;
0.900000;7.000000;
1.000000;7.000000;
1.100000;7.000000;
1.200000;7.000000;
1.300000;7.000000;
1.400000;7.000000;
1.500000;7.000000;
1.600000;7.000000;
1.700000;7.000000;
1.800000;7.000000;
1.900000;7.000000;
2.000000;7.000000;
2.100000;7.000000;
2.200000;7.000000;
2.300000;7.000000;
2.400000;7.000000;
2.500000;7.000000;
2.600000;7.000000;
2.700000;7.000000;
2.800000;7.000000;
2.900000;7.000000;
3.000000;7.000000;
3.100000;7.000000;
3.200000;7.000000;
3.300000;7.000000;
3.400000;7.000000;
3.500000;7.000000;
3.600000;7.000000;
3.700000;7.000000;
3.800000;7.000000;
3.900000;7.000000;
4.000000;7.000000;
4.102000;6.975694;
4.202000;6.975694;
4.302000;6.975694;
4.402000;6.975694;
4.502000;6.975694;
4.602000;6.975694;
4.702000;6.975694;
4.802000;6.975694;
4.902000;6.975694;
5.002000;6.975694;
5.102000;6.975694;
5.202000;6.970293;
5.302000;6.949996;
5.402000;6.949996;
5.502000;6.942717;
5.602000;6.925928;
5.702000;6.912062;
5.802000;6.894838;
5.902000;6.873158;
6.002000;6.857307;
6.102000;6.841781;
6.202000;6.825106;
6.302000;6.809862;
6.402000;6.796785;
6.502000;6.776795;
6.602000;6.763376;
6.702000;6.749366;
6.802000;6.730849;
6.902000;6.721041;
7.002000;6.703961;
7.102000;6.687235;
7.202000;6.674141;
7.302000;6.659559;
7.402000;6.647147;
7.502000;6.636173;
7.602000;6.621901;
7.702000;6.611249;
7.802000;6.597620;
7.902000;6.588007;
8.002000;6.573130;
8.102000;6.564108;
8.202000;6.549566;
8.302000;6.540389;
8.402000;6.528871;
8.502000;6.515493;
8.602000;6.507881;
8.702000;6.493016;
8.802000;6.487209;
8.902000;6.473792;
9.002000;6.463992;
9.102000;6.456721;
9.202000;6.442908;
9.302000;6.437431;
9.400000;6.426123;
9.500000;6.418454;
9.600000;6.413684;
9.700000;6.400494;
9.800000;6.394981;
9.900000;6.390191;
10.000000;6.376549;
10.100000;6.371725;
10.200000;6.365024;
10.300000;6.351139;
10.400000;6.346563;
10.500000;6.340355;
10.600000;6.330756;
10.700000;6.321286;
10.800000;6.317843;
10.900000;6.313330;
11.000000;6.300466;
11.100000;6.296883;
11.200000;6.292568;
11.300000;6.286129;
11.400000;6.276105;
11.500000;6.273228;
11.600000;6.269639;
11.700000;6.267873;
11.800000;6.262615;
11.900000;6.259857;
12.000000;6.255824;
12.100000;6.254900;
12.200000;6.254578;
12.300000;6.254578;
12.400000;6.254269;
12.500000;6.253362;
12.600000;6.253061;
12.700000;6.252756;
12.800000;6.252140;
12.900000;6.251539;
13.000000;6.251539;
13.100000;6.250917;
13.200000;6.250917;
13.300000;6.250917;
13.400000;6.250917;
13.500000;6.250917;
13.600000;6.250917;
13.700000;6.250917;
13.800000;6.249575;
13.900000;6.247568;
14.000000;6.247568;
14.100000;6.247568;
14.200000;6.247568;
14.300000;6.247568;
14.400000;6.247568;
14.500000;6.247568;
14.600000;6.246887;
14.700000;6.242424;
14.800000;6.239645;
14.900000;6.234075;
15.000000;6.234075;
15.100000;6.232314;
15.200000;6.228768;
15.300000;6.227707;
15.400000;6.227707;
15.500000;6.224836;
15.600000;6.224836;
15.700000;6.224481;
15.800000;6.224124;
15.900000;6.219457;
16.000000;6.215854;
16.100000;6.210427;
16.200000;6.208978;
16.300000;6.205314;
16.400000;6.203842;
16.500000;6.201242;
16.600000;6.200878;
16.700000;6.200146;
16.800000;6.199049;
16.900000;6.190961;
17.000000;6.186509;
17.100000;6.185016;
17.200000;6.180903;
17.300000;6.179399;
17.400000;6.176760;
17.500000;6.176387;
17.600000;6.176013;
17.700000;6.168116;
17.800000;6.160527;
17.900000;6.159765;
18.000000;6.156685;
18.100000;6.154367;
18.200000;6.151260;
18.300000;6.150488;
18.400000;6.146226;
18.500000;6.135142;
18.600000;6.133112;
18.700000;6.132702;
18.800000;6.129388;
18.900000;6.126843;
19.000000;6.124151;
19.100000;6.121437;
19.200000;6.111992;
19.300000;6.105625;
19.400000;6.103351;
19.500000;6.100616;
19.600000;6.098906;
19.700000;6.094791;
19.800000;6.094106;
19.900000;6.089308;
20.000000;6.079674;
20.102000;6.079334;
20.202000;6.077612;
20.302000;6.075533;
20.402000;6.073454;
20.502000;6.071038;
20.602000;6.066198;
20.702000;6.057554;
20.802000;6.055482;
20.902000;6.054787;
21.002000;6.052702;
21.102000;6.052005;
21.202000;6.049212;
21.302000;6.047136;
21.402000;6.039846;
21.502000;6.033565;
21.602000;6.032166;
21.702000;6.030062;
21.802000;6.029007;
21.902000;6.026546;
22.002000;6.025501;
22.102000;6.019187;
22.202000;6.011467;
22.302000;6.010063;
22.402000;6.008658;
22.502000;6.005475;
22.602000;6.005121;
22.702000;6.002294;
22.802000;5.997003;
22.902000;5.988510;
23.002000;5.986732;
23.102000;5.985662;
23.202000;5.983175;
23.302000;5.981742;
23.402000;5.979235;
23.502000;5.978169;
23.602000;5.969194;
23.702000;5.964530;
23.802000;5.962363;
23.902000;5.960913;
24.002000;5.958370;
24.102000;5.958006;
24.202000;5.955458;
24.302000;5.949997;
24.402000;5.940489;
24.502000;5.939021;
24.602000;5.937913;
24.702000;5.935309;
24.802000;5.933815;
24.902000;5.930820;
25.002000;5.924828;
25.102000;5.919892;
25.202000;5.912890;
25.302000;5.912093;
25.402000;5.911291;
25.502000;5.908446;
25.602000;5.906787;
25.702000;5.904171;
25.802000;5.897264;
25.902000;5.887272;
26.002000;5.886394;
26.102000;5.884293;
26.202000;5.882531;
26.302000;5.880424;
26.402000;5.877093;
26.502000;5.875031;
26.602000;5.868835;
26.702000;5.862612;
26.802000;5.861230;
26.902000;5.859845;
27.002000;5.858109;
27.102000;5.856716;
27.202000;5.854629;
27.302000;5.848043;
27.402000;5.844917;
27.502000;5.838652;
27.602000;5.837608;
27.702000;5.836913;
27.802000;5.835513;
27.902000;5.833760;
28.002000;5.830962;
28.102000;5.825037;
28.202000;5.821538;
28.302000;5.815237;
28.402000;5.814533;
28.502000;5.813828;
28.602000;5.812064;
28.702000;5.810657;
28.802000;5.807130;
28.902000;5.802220;
29.002000;5.797291;
29.102000;5.791991;
29.202000;5.790927;
29.302000;5.789865;
29.402000;5.788083;
29.502000;5.787019;
29.602000;5.784179;
29.702000;5.778149;
29.802000;5.773885;
29.902000;5.768161;
30.002000;5.767085;
30.102000;5.766725;
30.202000;5.764566;
30.302000;5.763122;
30.402000;5.761325;
30.502000;5.755220;
30.602000;5.751610;
30.702000;5.744366;
30.802000;5.744006;
30.902000;5.742545;
31.002000;5.741445;
31.102000;5.739251;
31.202000;5.738524;
31.302000;5.735223;
31.402000;5.728617;
31.502000;5.720448;
31.602000;5.719329;
31.702000;5.718207;
31.802000;5.717077;
31.902000;5.714807;
32.002000;5.714057;
32.102000;5.712164;
32.202000;5.706082;
32.302000;5.701840;
32.402000;5.693948;
32.502000;5.693127;
32.602000;5.692301;
32.702000;5.691046;
32.802000;5.688907;
32.902000;5.687571;
33.002000;5.679205;
33.102000;5.675960;
33.202000;5.664469;
33.302000;5.664004;
33.402000;5.663070;
33.502000;5.662136;
33.602000;5.660266;
33.702000;5.658054;
33.802000;5.655763;
33.902000;5.650679;
34.002000;5.647616;
34.102000;5.640463;
34.202000;5.639778;
34.302000;5.638755;
34.402000;5.637381;
34.502000;5.635316;
34.602000;5.634976;
34.702000;5.633268;
34.802000;5.627131;
34.902000;5.617541;
35.002000;5.617203;
35.102000;5.615825;
35.202000;5.615480;
35.302000;5.614428;
35.402000;5.612005;
35.502000;5.610279;
35.602000;5.605454;
35.702000;5.603046;
35.802000;5.594414;
35.902000;5.594072;
36.002000;5.593031;
36.102000;5.591985;
36.202000;5.589544;
36.302000;5.588853;
36.402000;5.587112;
36.502000;5.582249;
36.602000;5.574912;
36.702000;5.571413;
36.802000;5.570711;
36.902000;5.569659;
37.002000;5.568602;
37.102000;5.566132;
37.202000;5.565083;
37.302000;5.559116;
37.402000;5.557006;
37.500000;5.548517;
37.600000;5.547788;
37.700000;5.546724;
37.800000;5.545664;
37.900000;5.544952;
38.000000;5.542455;
38.100000;5.540668;
38.200000;5.535328;
38.300000;5.524529;
38.400000;5.523808;
38.500000;5.523082;
38.600000;5.521992;
38.700000;5.521268;
38.800000;5.519082;
38.900000;5.517632;
39.000000;5.511801;
39.100000;5.499987;
39.200000;5.499616;
39.300000;5.499242;
39.400000;5.498120;
39.500000;5.497376;
39.600000;5.494375;
39.700000;5.492872;
39.800000;5.486807;
39.900000;5.478692;
40.000000;5.475132;
40.100000;5.473509;
40.200000;5.472267;
40.300000;5.471431;
40.400000;5.467984;
40.500000;5.464891;
40.600000;5.457322;
40.700000;5.446879;
40.800000;5.445649;
40.900000;5.444416;
41.000000;5.442294;
41.100000;5.441848;
41.200000;5.438086;
41.300000;5.432574;
41.400000;5.428239;
41.500000;5.422032;
41.600000;5.420994;
41.700000;5.419262;
41.800000;5.418571;
41.900000;5.417534;
42.000000;5.413364;
42.100000;5.407829;
42.200000;5.399135;
42.300000;5.398442;
42.400000;5.397396;
42.500000;5.396001;
42.600000;5.395308;
42.700000;5.392169;
42.800000;5.386257;
42.900000;5.382759;
43.000000;5.376104;
43.100000;5.374699;
43.200000;5.373294;
43.300000;5.372596;
43.400000;5.371547;
43.500000;5.367684;
43.600000;5.362775;
43.700000;5.353233;
43.800000;5.352528;
43.900000;5.351111;
44.000000;5.349690;
44.100000;5.349690;
44.200000;5.346852;
44.300000;5.340126;
44.400000;5.335500;
44.500000;5.329083;
44.600000;5.328364;
44.700000;5.326565;
44.800000;5.326208;
44.900000;5.323695;
45.000000;5.316144;
45.100000;5.312895;
45.200000;5.305280;
45.300000;5.304914;
45.400000;5.303817;
45.500000;5.301990;
45.600000;5.300898;
45.700000;5.297972;
45.800000;5.291000;
45.900000;5.286551;
46.000000;5.280955;
46.100000;5.279827;
46.200000;5.277566;
46.300000;5.276818;
46.400000;5.274182;
46.500000;5.267333;
46.600000;5.263858;
46.700000;5.255969;
46.800000;5.254747;
46.900000;5.253091;
47.000000;5.251824;
47.100000;5.251397;
47.200000;5.246696;
47.300000;5.240487;
47.400000;5.234298;
47.500000;5.226370;
47.600000;5.225135;
47.700000;5.222898;
47.800000;5.222898;
47.900000;5.222211;
48.000000;5.217887;
48.100000;5.213081;
48.200000;5.204604;
48.300000;5.201839;
48.400000;5.200800;
48.500000;5.199760;
48.600000;5.199760;
48.700000;5.198383;
48.800000;5.191479;
48.900000;5.187325;
49.000000;5.179696;
49.100000;5.179001;
49.200000;5.177956;
49.300000;5.176911;
49.400000;5.176564;
49.500000;5.174132;
49.600000;5.167506;
49.700000;5.162967;
49.800000;5.157368;
49.900000;5.155620;
50.000000;5.154565;
50.100000;5.153161;
50.200000;5.152812;
50.300000;5.150363;
50.400000;5.144406;
50.500000;5.139472;
50.600000;5.133123;
50.700000;5.131349;
50.800000;5.129926;
50.900000;5.129926;
51.000000;5.129574;
51.100000;5.125690;
51.200000;5.120728;
51.300000;5.115029;
51.400000;5.109691;
51.500000;5.108616;
51.600000;5.106465;
51.700000;5.106465;
51.800000;5.105752;
51.900000;5.103965;
52.000000;5.097151;
52.100000;5.093177;
52.200000;5.087017;
52.300000;5.085925;
52.400000;5.083715;
52.500000;5.082619;
52.600000;5.082619;
52.700000;5.080432;
52.800000;5.073842;
52.900000;5.069777;
53.000000;5.062345;
53.100000;5.061594;
53.200000;5.059711;
53.300000;5.058577;
53.400000;5.057828;
53.500000;5.056326;
53.600000;5.053301;
53.700000;5.047964;
53.800000;5.041306;
53.900000;5.036888;
54.000000;5.034815;
54.100000;5.032687;
54.200000;5.032687;
54.300000;5.031800;
54.400000;5.029141;
54.500000;5.020870;
54.600000;5.017655;
54.700000;5.008244;
54.800000;5.007335;
54.900000;5.004612;
55.000000;5.003248;
55.100000;5.003248;
55.200000;5.002908;
55.300000;4.999847;
55.400000;4.993717;
55.500000;4.991103;
55.600000;4.984283;
55.700000;4.983598;
55.800000;4.981881;
55.900000;4.980161;
56.000000;4.980161;
56.100000;4.979820;
56.200000;4.977435;
56.300000;4.971274;
56.400000;4.968522;
56.500000;4.961629;
56.600000;4.961283;
56.700000;4.958521;
56.800000;4.957480;
56.900000;4.957137;
57.000000;4.957137;
57.100000;4.954041;
57.200000;4.948526;
57.300000;4.946442;
57.400000;4.938462;
57.500000;4.938114;
57.600000;4.936023;
57.700000;4.934627;
57.800000;4.934627;
57.900000;4.934283;
58.000000;4.933243;
58.100000;4.930818;
58.200000;4.924180;
58.300000;4.922428;
58.400000;4.915401;
58.500000;4.915049;
58.600000;4.912579;
58.700000;4.911520;
58.800000;4.911520;
58.900000;4.911171;
59.000000;4.909066;
59.100000;4.902383;
59.200000;4.899545;
59.300000;4.893142;
59.400000;4.891717;
59.500000;4.890645;
59.600000;4.888137;
59.700000;4.888137;
59.800000;4.888137;
59.900000;4.888137;
60.000000;4.886001;
60.100000;4.879203;
60.200000;4.875962;
60.300000;4.869084;
60.400000;4.869084;
60.500000;4.867270;
60.600000;4.865082;
60.700000;4.864353;
60.800000;4.864353;
60.900000;4.864353;
61.000000;4.862178;
61.100000;4.860720;
61.200000;4.853375;
61.300000;4.850787;
61.400000;4.844451;
61.500000;4.844075;
61.600000;4.841046;
61.700000;4.839906;
61.800000;4.839530;
61.900000;4.839153;
62.000000;4.839153;
62.100000;4.837263;
62.200000;4.828801;
62.300000;4.827624;
62.400000;4.819184;
62.500000;4.818767;
62.600000;4.815780;
62.700000;4.813553;
62.800000;4.813553;
62.900000;4.813081;
63.000000;4.812608;
63.100000;4.811661;
63.200000;4.808816;
63.300000;4.799259;
63.400000;4.797834;
63.500000;4.788777;
63.600000;4.787825;
63.700000;4.784488;
63.800000;4.782102;
63.900000;4.782102;
64.000000;4.782102;
64.100000;4.782102;
64.200000;4.781771;
64.300000;4.779113;
64.400000;4.771830;
64.500000;4.770827;
64.600000;4.764815;
64.700000;4.764143;
64.800000;4.762123;
64.900000;4.759758;
65.000000;4.759758;
65.100000;4.759758;
65.200000;4.759758;
65.300000;4.759758;
65.400000;4.758088;
65.500000;4.750379;
65.600000;4.748372;
65.700000;4.745343;
65.800000;4.742633;
65.900000;4.741278;
66.000000;4.738569;
66.100000;4.737551;
66.200000;4.737551;
66.300000;4.737551;
66.400000;4.737551;
66.500000;4.735866;
66.600000;4.734509;
66.700000;4.727792;
66.800000;4.726441;
66.900000;4.719947;
67.000000;4.719947;
67.100000;4.717210;
67.200000;4.715150;
67.300000;4.715150;
67.400000;4.715150;
67.500000;4.714812;
67.600000;4.714473;
67.700000;4.712768;
67.800000;4.710717;
67.900000;4.704912;
68.000000;4.704226;
68.100000;4.697677;
68.200000;4.697330;
68.300000;4.694897;
68.400000;4.692466;
68.500000;4.692466;
68.600000;4.692466;
68.700000;4.692466;
68.800000;4.692122;
68.900000;4.691091;
69.000000;4.688318;
69.100000;4.682098;
69.200000;4.681402;
69.300000;4.675451;
69.400000;4.674746;
69.500000;4.674043;
69.600000;4.670869;
69.700000;4.669450;
69.800000;4.669450;
69.900000;4.669450;
70.000000;4.669450;
70.100000;4.669101;
70.200000;4.666297;
70.300000;4.659223;
70.400000;4.658153;
70.500000;4.654211;
70.600000;4.651689;
70.700000;4.650602;
70.800000;4.647326;
70.900000;4.645866;
71.000000;4.645866;
71.100000;4.645866;
71.200000;4.645866;
71.300000;4.643693;
71.400000;4.640052;
71.500000;4.635319;
71.600000;4.633847;
71.700000;4.627524;
71.800000;4.627148;
71.900000;4.624125;
72.000000;4.621455;
72.100000;4.621455;
72.200000;4.621455;
72.300000;4.621077;
72.400000;4.621077;
72.500000;4.618035;
72.600000;4.610300;
72.700000;4.609512;
72.800000;4.607529;
72.900000;4.601445;
73.000000;4.601025;
73.100000;4.598028;
73.200000;4.594858;
73.300000;4.594858;
73.400000;4.594365;
73.500000;4.593872;
73.600000;4.593872;
73.700000;4.589919;
73.800000;4.579441;
73.900000;4.577953;
74.000000;4.576128;
74.100000;4.569654;
74.200000;4.568660;
74.300000;4.565178;
74.400000;4.562183;
74.500000;4.562183;
74.600000;4.562183;
74.700000;4.561856;
74.800000;4.560214;
74.900000;4.558566;
75.000000;4.551295;
75.100000;4.550633;
75.200000;4.545019;
75.300000;4.544687;
75.400000;4.544022;
75.500000;4.541699;
75.600000;4.540033;
75.700000;4.540033;
75.800000;4.540033;
75.900000;4.540033;
76.000000;4.538050;
76.100000;4.530767;
76.200000;4.529761;
76.300000;4.528436;
76.400000;4.523082;
76.500000;4.523082;
76.600000;4.521743;
76.700000;4.519046;
76.800000;4.518036;
76.900000;4.517705;
77.000000;4.517705;
77.100000;4.517705;
77.200000;4.515372;
77.300000;4.508666;
77.400000;4.507985;
77.500000;4.506646;
77.600000;4.500588;
77.700000;4.500588;
77.800000;4.499910;
77.900000;4.497532;
78.002000;4.495831;
78.102000;4.495831;
78.202000;4.495831;
78.302000;4.495157;
78.402000;4.493469;
78.502000;4.491444;
78.602000;4.485345;
78.702000;4.484662;
78.802000;4.478826;
78.902000;4.478141;
79.002000;4.478141;
79.102000;4.475381;
79.202000;4.473310;
79.302000;4.473310;
79.402000;4.472970;
79.502000;4.472970;
79.602000;4.472970;
79.702000;4.470924;
79.802000;4.463381;
79.902000;4.462678;
80.002000;4.461982;
80.102000;4.456078;
80.202000;4.455729;
80.302000;4.454688;
80.402000;4.452229;
80.502000;4.450468;
80.602000;4.450468;
80.702000;4.450468;
80.802000;4.450468;
80.902000;4.448371;
81.002000;4.440631;
81.102000;4.439578;
81.202000;4.438500;
81.302000;4.432792;
81.402000;4.432431;
81.502000;4.431710;
81.602000;4.428456;
81.702000;4.426997;
81.802000;4.426997;
81.902000;4.426997;
82.002000;4.424466;
82.102000;4.423018;
82.202000;4.416095;
82.302000;4.415726;
82.402000;4.413876;
82.502000;4.408305;
82.602000;4.407929;
82.702000;4.404911;
82.802000;4.402630;
82.902000;4.402630;
83.002000;4.402252;
83.102000;4.399217;
83.202000;4.398834;
83.302000;4.391485;
83.402000;4.390693;
83.502000;4.388303;
83.602000;4.382626;
83.702000;4.382626;
83.802000;4.378809;
83.902000;4.376088;
84.002000;4.375603;
84.102000;4.375603;
84.202000;4.370742;
84.302000;4.361486;
84.402000;4.361486;
84.502000;4.360510;
84.602000;4.351812;
84.702000;4.351324;
84.802000;4.350991;
84.902000;4.346270;
85.002000;4.344316;
85.102000;4.343984;
85.202000;4.341989;
85.302000;4.340656;
85.402000;4.334335;
85.502000;4.334000;
85.602000;4.331009;
85.702000;4.326662;
85.802000;4.326326;
85.902000;4.324311;
86.002000;4.321954;
86.102000;4.321954;
86.202000;4.321619;
86.302000;4.318270;
86.402000;4.312215;
86.502000;4.311544;
86.602000;4.310193;
86.702000;4.304783;
86.802000;4.304107;
86.902000;4.302069;
87.002000;4.300369;
87.102000;4.299351;
87.202000;4.299014;
87.302000;4.295970;
87.402000;4.289859;
87.502000;4.288843;
87.602000;4.287821;
87.702000;4.282024;
87.802000;4.282024;
87.902000;4.280995;
88.002000;4.278240;
88.102000;4.277206;
88.202000;4.276182;
88.302000;4.273788;
88.402000;4.266597;
88.502000;4.266597;
88.602000;4.265565;
88.702000;4.259336;
88.802000;4.259336;
88.902000;4.258989;
89.002000;4.255861;
89.102000;4.254128;
89.202000;4.253782;
89.302000;4.251714;
89.402000;4.243733;
89.502000;4.243733;
89.602000;4.243383;
89.702000;4.237068;
89.802000;4.236010;
89.902000;4.236010;
90.002000;4.233530;
90.102000;4.231405;
90.202000;4.231053;
90.302000;4.228588;
90.402000;4.226472;
90.502000;4.220087;
90.602000;4.219369;
90.702000;4.217938;
90.802000;4.212910;
90.902000;4.212549;
91.002000;4.210023;
91.102000;4.208575;
91.202000;4.207849;
91.302000;4.205326;
91.402000;4.203875;
91.502000;4.196594;
91.602000;4.195491;
91.702000;4.194017;
91.802000;4.188439;
91.902000;4.188064;
92.002000;4.185812;
92.102000;4.184301;
92.202000;4.182789;
92.302000;4.180908;
92.402000;4.179773;
92.502000;4.171712;
92.602000;4.170935;
92.702000;4.170148;
92.802000;4.163341;
92.902000;4.162925;
93.002000;4.162096;
93.102000;4.159135;
93.202000;4.156453;
93.302000;4.155987;
93.402000;4.152722;
93.502000;4.142114;
93.602000;4.142114;
93.702000;4.140638;
93.802000;4.133253;
93.902000;4.131910;
94.002000;4.131415;
94.102000;4.127614;
94.202000;4.125139;
94.302000;4.124475;
94.402000;4.121988;
94.502000;4.114656;
94.602000;4.114656;
94.702000;4.113986;
94.802000;4.108295;
94.902000;4.107461;
95.002000;4.107461;
95.102000;4.104768;
95.202000;4.102743;
95.302000;4.102743;
95.402000;4.100061;
95.502000;4.092667;
95.602000;4.092667;
95.702000;4.091662;
95.802000;4.086259;
95.902000;4.085579;
96.002000;4.085241;
96.102000;4.082876;
96.202000;4.080167;
96.302000;4.080167;
96.402000;4.077465;
96.502000;4.076114;
96.602000;4.070008;
96.702000;4.069668;
96.802000;4.068303;
96.902000;4.063869;
97.002000;4.062837;
97.102000;4.061124;
97.202000;4.059752;
97.302000;4.057698;
97.402000;4.055311;
97.502000;4.054629;
97.602000;4.047772;
97.702000;4.047772;
97.802000;4.046741;
97.902000;4.040888;
98.002000;4.040538;
98.102000;4.039844;
98.202000;4.037764;
98.302000;4.035677;
98.402000;4.034983;
98.502000;4.031863;
98.602000;4.024573;
98.702000;4.024223;
98.802000;4.023523;
98.902000;4.017915;
99.002000;4.016857;
99.102000;4.016857;
99.202000;4.015090;
99.302000;4.012609;
99.402000;4.011902;
99.502000;4.009794;
99.602000;4.007325;
99.702000;4.000956;
99.802000;4.000247;
99.902000;3.998813;
100.002000;3.993786;
100.102000;3.993426;
100.202000;3.991622;
100.302000;3.990174;
100.402000;3.988723;
100.502000;3.985846;
100.602000;3.984764;
100.702000;3.977873;
100.802000;3.977139;
100.902000;3.976404;
101.002000;3.970475;
101.102000;3.969356;
101.202000;3.968982;
101.302000;3.967481;
101.402000;3.964466;
101.502000;3.964087;
101.602000;3.961077;
101.702000;3.959558;
101.802000;3.952620;
101.902000;3.952228;
102.002000;3.950657;
102.102000;3.944641;
102.202000;3.943804;
102.302000;3.943384;
102.402000;3.941247;
102.502000;3.938093;
102.602000;3.938093;
102.702000;3.932618;
102.802000;3.922336;
102.902000;3.922336;
103.002000;3.921838;
103.102000;3.917847;
103.202000;3.912334;
103.302000;3.912334;
103.402000;3.910010;
103.502000;3.908011;
103.602000;3.905178;
103.702000;3.905178;
103.802000;3.901877;
103.902000;3.894930;
104.002000;3.894930;
104.102000;3.894598;
104.202000;3.888953;
104.302000;3.888113;
104.402000;3.887780;
104.502000;3.886446;
104.602000;3.884440;
104.702000;3.883439;
104.802000;3.883108;
104.902000;3.880460;
105.002000;3.873484;
105.102000;3.873151;
105.202000;3.872158;
105.302000;3.871151;
105.402000;3.866104;
105.502000;3.865767;
105.602000;3.865430;
105.702000;3.863740;
105.802000;3.861041;
105.902000;3.861041;
106.002000;3.859034;
106.102000;3.856352;
106.202000;3.850649;
106.302000;3.850311;
106.402000;3.849637;
106.502000;3.844218;
106.602000;3.843543;
106.702000;3.843202;
106.802000;3.842176;
106.902000;3.839099;
107.002000;3.838761;
107.102000;3.836727;
107.202000;3.835367;
107.302000;3.828558;
107.402000;3.827878;
107.502000;3.827194;
107.602000;3.821353;
107.702000;3.821008;
107.802000;3.821008;
107.902000;3.819974;
108.002000;3.816514;
108.102000;3.816514;
108.202000;3.815826;
108.302000;3.813416;
108.402000;3.805820;
108.502000;3.805820;
108.602000;3.804438;
108.702000;3.799214;
108.802000;3.798510;
108.902000;3.797814;
109.002000;3.797112;
109.102000;3.795354;
109.202000;3.793247;
109.302000;3.793247;
109.402000;3.791150;
109.502000;3.790102;
109.602000;3.782729;
109.702000;3.781672;
109.802000;3.781318;
109.902000;3.775264;
110.002000;3.775264;
110.102000;3.774543;
110.202000;3.773830;
110.302000;3.771669;
110.402000;3.770227;
110.502000;3.769869;
110.602000;3.767359;
110.702000;3.766636;
110.802000;3.758284;
110.902000;3.758284;
111.002000;3.757549;
111.102000;3.751244;
111.202000;3.750870;
111.302000;3.750119;
111.402000;3.750119;
111.502000;3.747485;
111.602000;3.745593;
111.702000;3.745593;
111.802000;3.743717;
111.902000;3.742207;
112.002000;3.733323;
112.102000;3.733323;
112.202000;3.732529;
112.302000;3.728908;
112.402000;3.725207;
112.502000;3.725207;
112.602000;3.724353;
112.702000;3.723486;
112.802000;3.719380;
112.902000;3.719380;
113.002000;3.719380;
113.102000;3.715217;
113.202000;3.713135;
113.302000;3.702372;
113.402000;3.701851;
113.502000;3.701327;
113.602000;3.692900;
113.702000;3.691854;
113.802000;3.691854;
113.902000;3.690802;
114.002000;3.688373;
114.102000;3.685214;
114.202000;3.685214;
114.302000;3.685214;
114.402000;3.682313;
114.502000;3.681341;
114.602000;3.674542;
114.702000;3.673894;
114.802000;3.673894;
114.902000;3.668462;
115.002000;3.668141;
115.102000;3.667487;
115.202000;3.666832;
115.302000;3.665520;
115.402000;3.663554;
115.502000;3.663229;
115.602000;3.663229;
115.702000;3.660947;
115.802000;3.658984;
115.902000;3.652762;
116.002000;3.652762;
116.102000;3.651447;
116.202000;3.646528;
116.302000;3.646528;
116.402000;3.645867;
116.502000;3.645535;
116.602000;3.644206;
116.702000;3.641544;
116.802000;3.641216;
116.902000;3.640886;
117.002000;3.638915;
117.102000;3.637268;
117.202000;3.630646;
117.302000;3.630646;
117.402000;3.630646;
117.502000;3.624622;
117.602000;3.624622;
117.702000;3.624622;
117.802000;3.623618;
117.902000;3.623281;
118.002000;3.619909;
118.102000;3.619909;
118.202000;3.619579;
118.302000;3.618584;
118.402000;3.616593;
118.502000;3.615264;
118.602000;3.608583;
118.702000;3.608583;
118.802000;3.608241;
118.902000;3.603170;
119.002000;3.602493;
119.102000;3.602493;
119.202000;3.601470;
119.302000;3.601130;
119.402000;3.597714;
119.502000;3.597714;
119.602000;3.597714;
119.702000;3.597039;
119.802000;3.595354;
119.902000;3.593317;
120.002000;3.586172;
120.102000;3.586172;
120.202000;3.585823;
120.302000;3.585137;
120.402000;3.580677;
120.502000;3.579986;
120.602000;3.579298;
120.702000;3.578603;
120.802000;3.575115;
120.902000;3.575115;
121.002000;3.575115;
121.102000;3.574421;
121.202000;3.572337;
121.302000;3.570243;
121.402000;3.563954;
121.502000;3.563249;
121.602000;3.562901;
121.702000;3.557233;
121.802000;3.557233;
121.902000;3.556521;
122.002000;3.555802;
122.102000;3.555442;
122.202000;3.551838;
122.302000;3.551838;
122.402000;3.551124;
122.502000;3.548979;
122.602000;3.547902;
122.702000;3.539951;
122.802000;3.539951;
122.902000;3.539213;
123.002000;3.538472;
123.102000;3.533237;
123.202000;3.532861;
123.302000;3.532111;
123.402000;3.531358;
123.502000;3.527183;
123.602000;3.527183;
123.702000;3.526422;
123.802000;3.524523;
123.902000;3.523000;
124.002000;3.514829;
124.102000;3.514829;
124.202000;3.514829;
124.302000;3.513621;
124.402000;3.507448;
124.502000;3.507448;
124.602000;3.507020;
124.702000;3.505722;
124.802000;3.504402;
124.902000;3.500650;
125.002000;3.499587;
125.102000;3.496392;
125.202000;3.494255;
125.302000;3.483236;
125.402000;3.483236;
125.502000;3.483236;
125.602000;3.482164;
125.702000;3.473566;
125.802000;3.473566;
125.902000;3.472704;
126.002000;3.471306;
126.102000;3.469689;
126.202000;3.465912;
126.302000;3.463975;
126.402000;3.463329;
126.502000;3.455263;
126.602000;3.455263;
126.702000;3.455263;
126.802000;3.455263;
126.902000;3.449537;
127.002000;3.448886;
127.102000;3.448559;
127.202000;3.448233;
127.302000;3.447578;
127.402000;3.444310;
127.502000;3.444310;
127.602000;3.442037;
127.702000;3.441059;
127.802000;3.433866;
127.902000;3.433866;
128.002000;3.433212;
128.102000;3.432223;
128.202000;3.427625;
128.302000;3.427295;
128.402000;3.426964;
128.502000;3.426301;
128.602000;3.425969;
128.702000;3.421981;
128.802000;3.419672;
128.902000;3.418681;
129.002000;3.411389;
129.102000;3.411057;
129.202000;3.410721;
129.302000;3.410056;
129.402000;3.405723;
129.502000;3.405723;
129.602000;3.405388;
129.702000;3.404382;
129.802000;3.403714;
129.902000;3.400011;
130.002000;3.398009;
130.102000;3.396674;
130.202000;3.393991;
130.302000;3.388966;
130.402000;3.388626;
130.502000;3.388626;
130.602000;3.387276;
130.702000;3.383561;
130.802000;3.383220;
130.902000;3.383220;
131.002000;3.382199;
131.102000;3.381517;
131.202000;3.378105;
131.302000;3.375399;
131.402000;3.374045;
131.502000;3.366561;
131.602000;3.366215;
131.702000;3.366215;
131.802000;3.365871;
131.902000;3.361370;
132.002000;3.361023;
132.102000;3.360675;
132.202000;3.359632;
132.302000;3.359632;
132.402000;3.355801;
132.502000;3.353029;
132.602000;3.350938;
132.702000;3.343591;
132.802000;3.343236;
132.902000;3.343236;
133.002000;3.342883;
133.102000;3.338289;
133.202000;3.338289;
133.302000;3.337932;
133.402000;3.337218;
133.502000;3.336504;
133.602000;3.332551;
133.702000;3.329690;
133.802000;3.327533;
133.902000;3.319908;
134.002000;3.319908;
134.102000;3.319541;
134.202000;3.318811;
134.302000;3.314392;
134.402000;3.314392;
134.502000;3.314019;
134.602000;3.312898;
134.702000;3.312524;
134.802000;3.306141;
134.902000;3.303864;
135.002000;3.295373;
135.102000;3.294579;
135.202000;3.294579;
135.302000;3.293780;
135.402000;3.288920;
135.502000;3.288920;
135.602000;3.288920;
135.702000;3.288080;
135.802000;3.286807;
135.902000;3.283396;
136.002000;3.277340;
136.102000;3.266047;
136.202000;3.264545;
136.302000;3.264545;
136.402000;3.264545;
136.502000;3.257815;
136.602000;3.257815;
136.702000;3.257815;
136.802000;3.256827;
136.902000;3.255840;
137.002000;3.252354;
137.102000;3.245913;
137.202000;3.238450;
137.302000;3.237785;
137.402000;3.237785;
137.502000;3.237119;
137.602000;3.233448;
137.702000;3.233113;
137.802000;3.233113;
137.902000;3.231775;
138.002000;3.229440;
138.102000;3.224745;
138.202000;3.216691;
138.302000;3.216352;
138.402000;3.215341;
138.502000;3.215341;
138.602000;3.211295;
138.702000;3.210619;
138.802000;3.210619;
138.902000;3.210281;
139.002000;3.207589;
139.102000;3.202838;
139.202000;3.199126;
139.302000;3.194043;
139.402000;3.193023;
139.502000;3.193023;
139.602000;3.188584;
139.702000;3.188584;
139.802000;3.188243;
139.902000;3.188243;
140.002000;3.185178;
140.102000;3.183808;
140.202000;3.175898;
140.302000;3.171084;
140.402000;3.170740;
140.502000;3.169363;
140.602000;3.165911;
140.702000;3.165911;
140.802000;3.165911;
140.902000;3.165564;
141.002000;3.162447;
141.102000;3.159670;
141.202000;3.148518;
141.302000;3.147818;
141.402000;3.147118;
141.502000;3.146418;
141.602000;3.142904;
141.702000;3.142904;
141.802000;3.142904;
141.902000;3.142197;
142.002000;3.139031;
142.102000;3.132641;
142.202000;3.124835;
142.302000;3.124478;
142.402000;3.123764;
142.502000;3.123049;
142.602000;3.119460;
142.702000;3.119460;
142.802000;3.119460;
142.902000;3.118381;
143.002000;3.114058;
143.102000;3.107154;
143.202000;3.100945;
143.302000;3.100578;
143.402000;3.099840;
143.502000;3.099103;
143.602000;3.095402;
143.702000;3.095402;
143.802000;3.095029;
143.902000;3.092044;
144.002000;3.089794;
144.102000;3.081798;
144.202000;3.075597;
144.302000;3.075597;
144.402000;3.074406;
144.502000;3.073212;
144.602000;3.069997;
144.702000;3.069585;
144.802000;3.069585;
144.902000;3.065869;
145.002000;3.062532;
145.102000;3.047029;
145.202000;3.047029;
145.302000;3.047029;
145.402000;3.044342;
145.502000;3.039642;
145.602000;3.039642;
145.702000;3.039171;
145.802000;3.036801;
145.902000;3.034843;
146.002000;3.023905;
146.102000;3.020730;
146.202000;3.020730;
146.302000;3.020054;
146.402000;3.017345;
146.502000;3.014974;
146.602000;3.014974;
146.702000;3.014636;
146.802000;3.011924;
146.902000;3.009215;
147.002000;2.998312;
147.102000;2.998312;
147.202000;2.998312;
147.302000;2.996263;
147.402000;2.993186;
147.502000;2.992501;
147.602000;2.992161;
147.702000;2.989439;
147.802000;2.988069;
147.902000;2.976063;
148.002000;2.975716;
148.102000;2.975716;
148.202000;2.975027;
148.302000;2.970531;
148.402000;2.970186;
148.502000;2.969150;
148.602000;2.967770;
148.702000;2.966045;
148.802000;2.962232;
148.902000;2.952464;
149.002000;2.952115;
149.102000;2.952115;
149.202000;2.949667;
149.302000;2.946873;
149.402000;2.945822;
149.502000;2.945124;
149.602000;2.942298;
149.702000;2.939135;
149.802000;2.928905;
149.902000;2.928552;
150.002000;2.928552;
150.102000;2.925363;
150.202000;2.923232;
150.302000;2.923232;
150.402000;2.922167;
150.502000;2.919683;
150.602000;2.917194;
150.702000;2.906085;
150.802000;2.905362;
150.902000;2.904641;
151.002000;2.902472;
151.102000;2.899571;
151.202000;2.899210;
151.302000;2.898120;
151.402000;2.895580;
151.502000;2.893764;
151.602000;2.882003;
151.702000;2.881633;
151.802000;2.880888;
151.902000;2.879025;
152.002000;2.874904;
152.102000;2.874904;
152.202000;2.874156;
152.302000;2.870758;
152.402000;2.870001;
152.500000;2.857290;
152.600000;2.856094;
152.700000;2.855695;
152.800000;2.855695;
152.900000;2.851251;
153.000000;2.848767;
153.100000;2.847922;
153.200000;2.847499;
153.300000;2.843240;
153.400000;2.840316;
153.500000;2.827602;
153.600000;2.826799;
153.700000;2.826799;
153.800000;2.825403;
153.900000;2.819357;
154.000000;2.818892;
154.100000;2.818553;
154.200000;2.815246;
154.300000;2.813213;
154.400000;2.801783;
154.500000;2.801446;
154.600000;2.801109;
154.700000;2.801109;
154.800000;2.796333;
154.900000;2.795309;
155.000000;2.794631;
155.100000;2.792592;
155.200000;2.790890;
155.300000;2.788165;
155.400000;2.779278;
155.500000;2.778935;
155.600000;2.778935;
155.700000;2.776885;
155.800000;2.773116;
155.900000;2.772429;
156.000000;2.771746;
156.100000;2.769692;
156.200000;2.767973;
156.300000;2.757292;
156.400000;2.756944;
156.500000;2.756598;
156.600000;2.755910;
156.700000;2.753144;
156.800000;2.750023;
156.900000;2.749675;
157.000000;2.748980;
157.100000;2.746560;
157.200000;2.744132;
157.300000;2.733684;
157.400000;2.733684;
157.500000;2.733684;
157.600000;2.732283;
157.700000;2.727373;
157.800000;2.727024;
157.900000;2.727024;
158.000000;2.725968;
158.100000;2.723160;
158.200000;2.719643;
158.300000;2.710095;
158.400000;2.710095;
158.500000;2.710095;
158.600000;2.709028;
158.700000;2.704025;
158.800000;2.704025;
158.900000;2.703312;
159.000000;2.702241;
159.100000;2.699386;
159.200000;2.696519;
159.300000;2.686427;
159.400000;2.686427;
159.500000;2.685702;
159.600000;2.685339;
159.700000;2.680249;
159.800000;2.679884;
159.900000;2.679520;
160.000000;2.678427;
160.100000;2.675879;
160.200000;2.673309;
160.300000;2.662576;
160.400000;2.661453;
160.500000;2.661077;
160.600000;2.660702;
160.700000;2.655789;
160.800000;2.655026;
160.900000;2.655026;
161.000000;2.653887;
161.100000;2.650838;
161.200000;2.647762;
161.300000;2.637172;
161.400000;2.635961;
161.500000;2.635144;
161.600000;2.634734;
161.700000;2.629700;
161.800000;2.629700;
161.900000;2.628830;
162.000000;2.627957;
162.100000;2.623999;
162.200000;2.622231;
162.300000;2.606352;
162.400000;2.606352;
162.500000;2.605843;
162.600000;2.604824;
162.700000;2.602277;
162.800000;2.598201;
162.900000;2.597690;
163.000000;2.596845;
163.100000;2.593341;
163.200000;2.591675;
163.300000;2.585608;
163.400000;2.579957;
163.500000;2.579624;
163.600000;2.579624;
163.700000;2.578956;
163.800000;2.574601;
163.900000;2.574269;
164.000000;2.573934;
164.100000;2.573266;
164.200000;2.569594;
164.300000;2.567928;
164.400000;2.557862;
164.500000;2.557525;
164.600000;2.557525;
164.700000;2.557192;
164.800000;2.552485;
164.900000;2.552148;
165.000000;2.551814;
165.100000;2.551475;
165.200000;2.549124;
165.300000;2.547104;
165.400000;2.543044;
165.500000;2.535947;
165.600000;2.534929;
165.700000;2.534592;
165.800000;2.534252;
165.900000;2.530161;
166.000000;2.529480;
166.100000;2.529480;
166.200000;2.528799;
166.300000;2.526419;
166.400000;2.524038;
166.500000;2.519240;
166.600000;2.513430;
166.700000;2.512405;
166.800000;2.512061;
166.900000;2.511718;
167.000000;2.507591;
167.100000;2.507591;
167.200000;2.506898;
167.300000;2.506554;
167.400000;2.505172;
167.500000;2.501040;
167.600000;2.497907;
167.700000;2.490243;
167.800000;2.489893;
167.900000;2.489893;
168.000000;2.489544;
168.100000;2.484631;
168.200000;2.484631;
168.300000;2.483927;
168.400000;2.483574;
168.500000;2.482523;
168.600000;2.479362;
168.700000;2.475103;
168.800000;2.466938;
168.900000;2.466581;
169.000000;2.466581;
169.100000;2.466581;
169.200000;2.464790;
169.300000;2.460836;
169.400000;2.460836;
169.500000;2.460115;
169.600000;2.459755;
169.700000;2.456511;
169.800000;2.453972;
169.900000;2.446302;
170.000000;2.442258;
170.100000;2.442258;
170.200000;2.442258;
170.300000;2.441886;
170.400000;2.436652;
170.500000;2.436274;
170.600000;2.436274;
170.700000;2.435895;
170.800000;2.432505;
170.900000;2.431364;
171.000000;2.426744;
171.100000;2.417693;
171.200000;2.416886;
171.300000;2.416477;
171.400000;2.416065;
171.500000;2.413567;
171.600000;2.410579;
171.700000;2.410139;
171.800000;2.409700;
171.900000;2.408813;
172.000000;2.403905;
172.100000;2.399510;
172.200000;2.386514;
172.300000;2.385993;
172.400000;2.385471;
172.500000;2.384950;
172.600000;2.384428;
172.700000;2.378148;
172.800000;2.378148;
172.900000;2.377102;
173.000000;2.376774;
173.100000;2.373300;
173.200000;2.371269;
173.300000;2.367544;
173.400000;2.360038;
173.500000;2.359710;
173.600000;2.359710;
173.700000;2.359381;
173.800000;2.358394;
173.900000;2.354774;
174.000000;2.354449;
174.100000;2.353788;
174.200000;2.353788;
174.300000;2.352804;
174.400000;2.349524;
174.500000;2.346562;
174.600000;2.338331;
174.700000;2.338001;
174.800000;2.338001;
174.900000;2.337674;
175.000000;2.337342;
175.100000;2.332684;
175.200000;2.332684;
175.300000;2.332355;
175.400000;2.332021;
175.500000;2.331687;
175.600000;2.328373;
175.700000;2.326030;
175.800000;2.323037;
175.900000;2.316389;
176.000000;2.315725;
176.100000;2.315725;
176.200000;2.315393;
176.300000;2.313372;
176.400000;2.310676;
176.500000;2.310339;
176.600000;2.310339;
176.700000;2.309670;
176.800000;2.308998;
176.900000;2.305987;
177.000000;2.303615;
177.100000;2.297554;
177.200000;2.294174;
177.300000;2.293501;
177.400000;2.293160;
177.500000;2.293160;
177.600000;2.288737;
177.700000;2.288737;
177.800000;2.288053;
177.900000;2.288053;
178.000000;2.287370;
178.100000;2.286689;
178.200000;2.282958;
178.300000;2.280550;
178.400000;2.277818;
178.500000;2.271292;
178.600000;2.271292;
178.700000;2.270946;
178.800000;2.270946;
178.900000;2.269557;
179.000000;2.266088;
179.100000;2.266088;
179.200000;2.265043;
179.300000;2.264695;
179.400000;2.261553;
179.500000;2.259803;
179.600000;2.257338;
179.700000;2.248496;
179.800000;2.248139;
179.900000;2.248139;
180.000000;2.248139;
180.100000;2.247072;
180.200000;2.242410;
180.300000;2.242410;
180.400000;2.242051;
180.500000;2.241690;
180.600000;2.238809;
180.700000;2.236632;
180.800000;2.235176;
180.900000;2.224146;
181.000000;2.223776;
181.100000;2.223776;
181.200000;2.223776;
181.300000;2.223405;
181.400000;2.220405;
181.500000;2.217769;
181.600000;2.217769;
181.700000;2.217769;
181.800000;2.213581;
181.900000;2.211663;
182.000000;2.209344;
182.100000;2.198240;
182.200000;2.197829;
182.300000;2.197829;
182.400000;2.197829;
182.500000;2.196999;
182.600000;2.192346;
182.700000;2.191460;
182.800000;2.191015;
182.900000;2.186532;
183.000000;2.184729;
183.100000;2.182918;
183.200000;2.171497;
183.300000;2.168512;
183.400000;2.168512;
183.500000;2.167518;
183.600000;2.167021;
183.700000;2.161567;
183.800000;2.161235;
183.900000;2.160738;
184.000000;2.156907;
184.100000;2.155909;
184.200000;2.154410;
184.300000;2.145901;
184.400000;2.144406;
184.500000;2.142247;
184.600000;2.142247;
184.700000;2.141577;
184.800000;2.137891;
184.900000;2.137891;
185.000000;2.136891;
185.100000;2.133887;
185.200000;2.131884;
185.300000;2.128871;
185.400000;2.122848;
185.500000;2.121835;
185.600000;2.120482;
185.700000;2.120144;
185.800000;2.119469;
185.900000;2.115410;
186.000000;2.115410;
186.100000;2.112374;
186.200000;2.111697;
186.300000;2.109665;
186.400000;2.100839;
186.500000;2.100158;
186.600000;2.099135;
186.700000;2.097766;
186.800000;2.097766;
186.900000;2.096740;
187.000000;2.092975;
187.100000;2.089892;
187.200000;2.089892;
187.300000;2.087835;
187.400000;2.078877;
187.500000;2.077841;
187.600000;2.077148;
187.700000;2.075068;
187.800000;2.075068;
187.900000;2.074721;
188.000000;2.070550;
188.100000;2.066737;
188.200000;2.066737;
188.300000;2.064997;
188.400000;2.061507;
188.500000;2.055555;
188.600000;2.054849;
188.700000;2.053791;
188.800000;2.052021;
188.900000;2.051668;
189.000000;2.049195;
189.100000;2.043888;
189.200000;2.043534;
189.300000;2.041757;
189.400000;2.037835;
189.500000;2.032102;
189.600000;2.031741;
189.700000;2.031019;
189.800000;2.028491;
189.900000;2.028130;
190.000000;2.026324;
190.100000;2.020510;
190.200000;2.019781;
190.300000;2.017228;
190.400000;2.008401;
190.500000;2.008029;
190.600000;2.008029;
190.700000;2.007285;
190.800000;2.005040;
190.900000;2.003169;
191.000000;1.999035;
191.100000;1.996018;
191.200000;1.994494;
191.300000;1.992202;
191.400000;1.982852;
191.500000;1.982453;
191.600000;1.982453;
191.700000;1.982052;
191.800000;1.980443;
191.900000;1.978009;
192.000000;1.969735;
192.100000;1.968448;
192.200000;1.967157;
192.300000;1.959019;
192.400000;1.955110;
192.500000;1.954676;
192.600000;1.954676;
192.700000;1.953796;
192.800000;1.950288;
192.900000;1.944839;
193.000000;1.940699;
193.100000;1.939338;
193.200000;1.936482;
193.300000;1.930002;
193.400000;1.929660;
193.500000;1.929185;
193.600000;1.928708;
193.700000;1.927414;
193.800000;1.920945;
193.900000;1.916850;
194.000000;1.915490;
194.100000;1.913444;
194.200000;1.906277;
194.300000;1.906277;
194.400000;1.905934;
194.500000;1.905248;
194.600000;1.904216;
194.700000;1.897686;
194.800000;1.894577;
194.900000;1.892859;
195.000000;1.888721;
195.100000;1.883885;
195.200000;1.883193;
195.300000;1.883193;
195.400000;1.882152;
195.500000;1.881109;
195.600000;1.874488;
195.700000;1.871349;
195.800000;1.868912;
195.900000;1.860547;
196.000000;1.860547;
196.100000;1.860196;
196.200000;1.859845;
196.300000;1.858791;
196.400000;1.853876;
196.500000;1.848572;
196.600000;1.847164;
196.700000;1.842927;
196.800000;1.837256;
196.900000;1.837256;
197.000000;1.836542;
197.100000;1.835830;
197.200000;1.832267;
197.300000;1.827604;
197.400000;1.823653;
197.500000;1.821140;
197.600000;1.813932;
197.700000;1.813570;
197.800000;1.812461;
197.900000;1.812100;
198.000000;1.808835;
198.100000;1.805548;
198.200000;1.800418;
198.300000;1.796747;
198.400000;1.789731;
198.500000;1.789359;
198.600000;1.788987;
198.700000;1.788614;
198.800000;1.787496;
198.900000;1.783383;
199.000000;1.775823;
199.100000;1.772770;
199.200000;1.765031;
199.300000;1.764242;
199.400000;1.764242;
199.500000;1.763453;
199.600000;1.762665;
199.700000;1.757914;
199.800000;1.750215;
199.900000;1.746459;
200.000000;1.737766;
200.100000;1.737766;
200.200000;1.737347;
200.300000;1.736579;
200.400000;1.732695;
200.500000;1.731420;
200.600000;1.723220;
200.700000;1.718943;
200.800000;1.713750;
200.900000;1.713038;
201.000000;1.712222;
201.100000;1.711060;
201.200000;1.707601;
201.300000;1.705621;
201.400000;1.697136;
201.500000;1.689527;
201.600000;1.689180;
201.700000;1.688104;
201.800000;1.687756;
201.900000;1.684991;
202.000000;1.682215;
202.100000;1.676991;
202.200000;1.670360;
202.300000;1.664428;
202.400000;1.661944;
202.500000;1.661944;
202.600000;1.659850;
202.700000;1.657055;
202.800000;1.654607;
202.900000;1.646510;
203.000000;1.637696;
203.100000;1.636953;
203.200000;1.635893;
203.300000;1.635186;
203.400000;1.630228;
203.500000;1.628807;
203.600000;1.625603;
203.700000;1.619538;
203.800000;1.613817;
203.900000;1.611672;
204.000000;1.610242;
204.100000;1.608444;
204.200000;1.604132;
204.300000;1.602671;
204.400000;1.595788;
204.500000;1.589604;
204.600000;1.588511;
204.700000;1.587050;
204.800000;1.585955;
204.900000;1.581932;
205.000000;1.579361;
205.100000;1.575672;
205.200000;1.570484;
205.300000;1.565257;
205.400000;1.563761;
205.500000;1.561886;
205.600000;1.561134;
205.700000;1.557014;
205.800000;1.555115;
205.900000;1.548209;
206.000000;1.539663;
206.100000;1.538919;
206.200000;1.537779;
206.300000;1.536586;
206.400000;1.533048;
206.500000;1.528852;
206.600000;1.524842;
206.700000;1.518914;
206.800000;1.514375;
206.900000;1.512825;
207.000000;1.511530;
207.100000;1.509707;
207.200000;1.505609;
207.300000;1.502173;
207.400000;1.494997;
207.500000;1.490364;
207.600000;1.488505;
207.700000;1.487338;
207.800000;1.485606;
207.900000;1.480969;
208.000000;1.478756;
208.100000;1.474808;
208.200000;1.469471;
208.300000;1.466690;
208.400000;1.463867;
208.500000;1.462473;
208.600000;1.459689;
208.700000;1.455854;
208.800000;1.454457;
208.900000;1.448849;
209.000000;1.443947;
209.100000;1.442542;
209.200000;1.440084;
209.300000;1.439382;
209.400000;1.434107;
209.500000;1.429880;
209.600000;1.426708;
209.700000;1.421396;
209.800000;1.418208;
209.900000;1.416088;
210.000000;1.414665;
210.100000;1.412186;
210.200000;1.408271;
210.300000;1.407205;
210.400000;1.401135;
210.500000;1.395411;
210.600000;1.394337;
210.700000;1.391826;
210.800000;1.389292;
210.900000;1.386407;
211.000000;1.383511;
211.100000;1.382062;
211.200000;1.376245;
211.300000;1.371502;
211.400000;1.370772;
211.500000;1.369677;
211.600000;1.367474;
211.700000;1.361605;
211.800000;1.360127;
211.900000;1.356775;
212.000000;1.351553;
212.100000;1.347430;
212.200000;1.344793;
212.300000;1.343662;
212.400000;1.341775;
212.500000;1.338363;
212.600000;1.336835;
212.700000;1.331826;
212.800000;1.326355;
212.900000;1.322792;
213.000000;1.319578;
213.100000;1.317556;
213.200000;1.315098;
213.300000;1.310990;
213.400000;1.309330;
213.500000;1.305535;
213.600000;1.300024;
213.700000;1.297022;
213.800000;1.294222;
213.900000;1.290781;
214.000000;1.287274;
214.100000;1.284187;
214.200000;1.282376;
214.300000;1.279698;
214.400000;1.275991;
214.500000;1.272830;
214.600000;1.270631;
214.700000;1.268775;
214.800000;1.265214;
214.900000;1.260422;
215.000000;1.258706;
215.100000;1.256644;
215.200000;1.253206;
215.300000;1.250106;
215.400000;1.249416;
215.500000;1.248040;
215.600000;1.245629;
215.700000;1.241837;
215.800000;1.238038;
215.900000;1.235619;
216.000000;1.232501;
216.100000;1.229731;
216.200000;1.228002;
216.300000;1.226963;
216.400000;1.224535;
216.500000;1.222797;
216.600000;1.217929;
216.700000;1.215841;
216.800000;1.213052;
216.900000;1.210252;
217.000000;1.208146;
217.100000;1.205339;
217.200000;1.203590;
217.300000;1.201490;
217.400000;1.196938;
217.500000;1.195179;
217.600000;1.194121;
217.700000;1.190245;
217.800000;1.187422;
217.900000;1.186360;
218.000000;1.183525;
218.100000;1.179908;
218.200000;1.177779;
218.300000;1.172792;
218.400000;1.171718;
218.500000;1.169572;
218.600000;1.165998;
218.700000;1.162409;
218.800000;1.161690;
218.900000;1.159866;
219.000000;1.156979;
219.100000;1.151544;
219.200000;1.148270;
219.300000;1.148270;
219.400000;1.147176;
219.500000;1.142787;
219.600000;1.138371;
219.700000;1.135756;
219.800000;1.135014;
219.900000;1.128692;
220.000000;1.126818;
220.100000;1.125689;
220.200000;1.122676;
220.300000;1.119640;
220.400000;1.117743;
220.500000;1.113129;
220.600000;1.111188;
220.700000;1.105726;
220.800000;1.103762;
220.900000;1.100657;
221.000000;1.097921;
221.100000;1.096329;
221.200000;1.094730;
221.300000;1.089520;
221.400000;1.086786;
221.500000;1.082429;
221.600000;1.080844;
221.700000;1.078070;
221.800000;1.074798;
221.900000;1.070679;
222.000000;1.068176;
222.100000;1.067047;
222.200000;1.063666;
222.300000;1.057030;
222.400000;1.054767;
222.500000;1.053034;
222.600000;1.049455;
222.700000;1.046039;
222.800000;1.042298;
222.900000;1.040564;
223.000000;1.037093;
223.100000;1.031755;
223.200000;1.029532;
223.300000;1.024950;
223.400000;1.022037;
223.500000;1.017154;
223.600000;1.015065;
223.700000;1.011552;
223.800000;1.008393;
223.900000;1.002104;
224.000000;0.999299;
224.100000;0.996841;
224.200000;0.993676;
224.300000;0.988397;
224.400000;0.984521;
224.500000;0.982399;
224.600000;0.978513;
224.700000;0.973218;
224.800000;0.967858;
224.900000;0.965356;
225.000000;0.961785;
225.100000;0.958208;
225.200000;0.955704;
225.300000;0.950314;
225.400000;0.946708;
225.500000;0.942728;
225.600000;0.938011;
225.700000;0.932167;
225.800000;0.930706;
225.900000;0.926312;
226.000000;0.924860;
226.100000;0.921912;
226.200000;0.916363;
226.300000;0.912284;
226.400000;0.909665;
226.500000;0.906317;
226.600000;0.903682;
226.700000;0.898920;
226.800000;0.897052;
226.900000;0.894412;
227.000000;0.890575;
227.100000;0.887127;
227.200000;0.881778;
227.300000;0.878016;
227.400000;0.875681;
227.500000;0.872680;
227.600000;0.868807;
227.700000;0.863976;
227.800000;0.861331;
227.900000;0.858986;
228.000000;0.854598;
228.100000;0.851910;
228.200000;0.846492;
228.300000;0.844177;
228.400000;0.839064;
228.500000;0.835160;
228.600000;0.831630;
228.700000;0.829887;
228.800000;0.823386;
228.900000;0.821380;
229.000000;0.817500;
229.100000;0.815422;
229.200000;0.809030;
229.300000;0.807291;
229.400000;0.802301;
229.500000;0.799168;
229.600000;0.796724;
229.700000;0.791143;
229.800000;0.789039;
229.900000;0.783436;
230.000000;0.779906;
230.100000;0.776016;
230.200000;0.773555;
230.300000;0.770735;
230.400000;0.767206;
230.500000;0.763672;
230.600000;0.758711;
230.700000;0.755874;
230.800000;0.752670;
230.900000;0.749819;
231.000000;0.744816;
231.100000;0.739487;
231.200000;0.736255;
231.300000;0.734459;
231.400000;0.729416;
231.500000;0.724736;
231.600000;0.721515;
231.700000;0.718602;
231.800000;0.714590;
231.900000;0.710932;
232.000000;0.704803;
232.100000;0.697464;
232.200000;0.694895;
232.300000;0.691932;
232.400000;0.689707;
232.500000;0.685287;
232.600000;0.681677;
232.700000;0.676560;
232.800000;0.670577;
232.900000;0.666459;
233.000000;0.663145;
233.100000;0.656305;
233.200000;0.650923;
233.300000;0.647243;
233.400000;0.640706;
233.500000;0.631070;
233.600000;0.626595;
233.700000;0.623294;
233.800000;0.617791;
233.900000;0.614785;
234.000000;0.608653;
234.100000;0.602411;
234.200000;0.597570;
234.300000;0.591506;
234.400000;0.583664;
234.500000;0.576095;
234.600000;0.568136;
234.700000;0.564856;
234.800000;0.561169;
234.900000;0.557106;
235.000000;0.553812;
235.100000;0.548421;
235.200000;0.543981;
235.300000;0.539221;
235.400000;0.535242;
235.500000;0.529621;
235.600000;0.524095;
235.700000;0.517089;
235.800000;0.513053;
235.900000;0.510046;
236.000000;0.505997;
236.100000;0.501795;
236.200000;0.496157;
236.300000;0.491607;
236.400000;0.487497;
236.500000;0.483263;
236.600000;0.478277;
236.700000;0.472233;
236.800000;0.467598;
236.900000;0.463707;
237.000000;0.460590;
237.100000;0.456760;
237.200000;0.450496;
237.300000;0.443994;
237.400000;0.439186;
237.500000;0.436489;
237.600000;0.429042;
237.700000;0.423349;
237.800000;0.420991;
237.900000;0.416393;
238.000000;0.411895;
238.100000;0.407860;
238.200000;0.400383;
238.300000;0.396245;
238.400000;0.391014;
238.500000;0.387984;
238.600000;0.382494;
238.700000;0.377260;
238.800000;0.373053;
238.900000;0.370066;
239.000000;0.367512;
239.100000;0.362500;
239.200000;0.359682;
239.300000;0.354304;
239.400000;0.349368;
239.500000;0.344412;
239.600000;0.341929;
239.700000;0.336822;
239.800000;0.332178;
239.900000;0.326106;
240.000000;0.320029;
240.100000;0.315023;
240.200000;0.312148;
240.300000;0.307469;
240.400000;0.303487;
240.500000;0.296593;
240.600000;0.293000;
240.700000;0.289051;
240.800000;0.280684;
240.900000;0.277042;
241.000000;0.273393;
241.100000;0.268970;
241.200000;0.266777;
241.300000;0.259650;
241.400000;0.252395;
241.500000;0.246654;
241.600000;0.242645;
241.700000;0.239675;
241.800000;0.233689;
241.900000;0.230313;
242.000000;0.225970;
242.100000;0.215155;
242.200000;0.209726;
242.300000;0.204989;
242.400000;0.201162;
242.500000;0.195731;
242.600000;0.194171;
242.700000;0.190051;
242.800000;0.182734;
242.900000;0.174778;
243.000000;0.167426;
243.100000;0.164757;
243.200000;0.163196;
243.300000;0.160411;
243.400000;0.156239;
243.500000;0.151873;
243.600000;0.144112;
243.700000;0.139348;
243.800000;0.136674;
243.900000;0.133634;
244.000000;0.130584;
244.100000;0.126003;
244.200000;0.122986;
244.300000;0.117027;
244.400000;0.112207;
244.500000;0.109169;
244.600000;0.106562;
244.700000;0.104566;
244.800000;0.100859;
244.900000;0.097728;
245.000000;0.095924;
245.100000;0.092188;
245.200000;0.088569;
245.300000;0.085081;
245.400000;0.082545;
245.500000;0.080729;
245.600000;0.078802;
245.700000;0.075527;
245.800000;0.074072;
245.900000;0.071521;
246.000000;0.069330;
246.100000;0.066401;
246.200000;0.064568;
246.300000;0.062730;
246.400000;0.060154;
246.500000;0.057942;
246.600000;0.056835;
246.700000;0.053878;
246.800000;0.052024;
246.900000;0.049797;
247.000000;0.047939;
247.100000;0.046076;
247.200000;0.044584;
247.300000;0.041598;
247.400000;0.040099;
247.500000;0.038972;
247.600000;0.037469;
247.700000;0.036339;
247.800000;0.035206;
247.900000;0.033316;
248.000000;0.030661;
248.100000;0.028756;
248.200000;0.027993;
248.300000;0.026466;
248.400000;0.025320;
248.500000;0.024170;
248.600000;0.022244;
248.700000;0.021087;
248.800000;0.019928;
248.900000;0.017986;
249.000000;0.017207;
249.100000;0.016037;
249.200000;0.014864;
249.300000;0.014078;
249.400000;0.012894;
249.500000;0.011708;
249.600000;0.010518;
249.700000;0.009720;
249.800000;0.008918;
249.900000;0.008114;
250.000000;0.006902;
250.100000;0.006496;
250.200000;0.006088;
250.300000;0.004859;
250.400000;0.004031;
250.500000;0.003197;
250.600000;0.002776;
250.700000;0.002352;
250.800000;0.001926;
250.900000;0.001058;
251.000000;0.000615;
251.100000;0.000159;
251.200000;0.000159;
251.300000;0.000159;
251.400000;0.000159;
251.500000;0.000159;
251.600000;0.000159;
251.700000;0.000159;
251.800000;0.000159;
251.900000;0.000159;
252.000000;0.000159;
252.100000;0.000159;
252.200000;0.000159;
252.300000;0.000159;
252.400000;0.000159;
252.500000;0.000159;
252.600000;0.000159;
252.700000;0.000159;
252.800000;0.000159;
252.900000;0.000159;
253.000000;0.000159;
253.100000;0.000159;
253.200000;0.000159;
253.300000;0.000159;
253.400000;0.000159;
253.500000;0.000159;
253.600000;0.000159;
253.700000;0.000159;
253.800000;0.000159;
253.900000;0.000159;
254.000000;0.000159;
254.100000;0.000159;
254.200000;0.000159;
254.300000;0.000159;
254.400000;0.000159;
254.500000;0.000159;
254.600000;0.000159;
254.700000;0.000159;
254.800000;0.000159;
254.900000;0.000159;
255.000000;0.000159;
255.100000;0.000159;
255.200000;0.000159;
255.300000;0.000159;
255.400000;0.000159;
255.500000;0.000159;
255.600000;0.000159;
255.700000;0.000159;
255.800000;0.000159;
255.900000;0.000159;
256.000000;0.000159;
256.100000;0.000159;
256.200000;0.000159;
256.300000;0.000159;
256.400000;0.000159;
256.500000;0.000159;
256.600000;0.000159;
256.700000;0.000159;
256.800000;0.000159;
256.900000;0.000159;
257.000000;0.000159;
257.100000;0.000159;
257.200000;0.000159;
257.300000;0.000159;
257.400000;0.000159;
257.500000;0.000159;
257.600000;0.000159;
257.700000;0.000159;
257.800000;0.000159;
257.900000;0.000159;
258.000000;0.000159;
258.100000;0.000159;
258.200000;0.000159;
258.300000;0.000159;
258.400000;0.000159;
258.500000;0.000159;
258.600000;0.000159;
258.700000;0.000159;
258.800000;0.000159;
258.900000;0.000159;
259.000000;0.000159;
259.100000;0.000159;
259.200000;0.000159;
259.300000;0.000159;
259.400000;0.000159;
259.500000;0.000159;
259.600000;0.000159;
259.700000;0.000159;
259.800000;0.000159;
259.900000;0.000159;
260.000000;0.000159;
260.100000;0.000159;
260.200000;0.000159;
260.300000;0.000159;
260.400000;0.000159;
260.500000;0.000159;
260.600000;0.000159;
260.700000;0.000159;
260.800000;0.000159;
260.900000;0.000159;
261.000000;0.000159;
261.100000;0.000159;
261.200000;0.000159;
261.300000;0.000159;
261.400000;0.000159;
261.500000;0.000159;
261.600000;0.000159;
261.700000;0.000159;
261.800000;0.000159;
261.900000;0.000159;
262.000000;0.000159;
262.100000;0.000159;
262.200000;0.000159;
262.300000;0.000159;
262.400000;0.000159;
262.500000;0.000159;
262.600000;0.000159;
262.700000;0.000159;
262.800000;0.000159;
262.900000;0.000159;
263.000000;0.000159;
263.100000;0.000159;
263.200000;0.000159;
263.300000;0.000159;
263.400000;0.000159;
263.500000;0.000159;
263.600000;0.000159;
263.700000;0.000159;
263.800000;0.000159;
263.900000;0.000159;
264.000000;0.000159;
264.100000;0.000159;
264.200000;0.000159;
264.300000;0.000159;
264.400000;0.000159;
264.500000;0.000159;
264.600000;0.000159;
264.700000;0.000159;
264.800000;0.000159;
264.900000;0.000159;
265.000000;0.000159;
265.100000;0.000159;
265.200000;0.000159;
265.300000;0.000159;
265.400000;0.000159;
265.500000;0.000159;
265.600000;0.000159;
265.700000;0.000159;
265.800000;0.000159;
265.900000;0.000159;
266.000000;0.000159;
266.100000;0.000159;
266.200000;0.000159;
266.300000;0.000159;
266.400000;0.000159;
266.500000;0.000159;
266.600000;0.000159;
266.700000;0.000159;
266.800000;0.000159;
266.900000;0.000159;
267.000000;0.000159;
267.100000;0.000159;
267.200000;0.000159;
267.300000;0.000159;
267.400000;0.000159;
267.500000;0.000159;
267.600000;0.000159;
267.700000;0.000159;
267.800000;0.000159;
267.900000;0.000159;
268.000000;0.000159;
268.100000;0.000159;
268.200000;0.000159;
268.300000;0.000159;
268.400000;0.000159;
268.500000;0.000159;
268.600000;0.000159;
268.700000;0.000159;
268.800000;0.000159;
268.900000;0.000159;
269.000000;0.000159;
269.100000;0.000159;
269.200000;0.000159;
269.300000;0.000159;
269.400000;0.000159;
269.500000;0.000159;
269.600000;0.000159;
269.700000;0.000159;
269.800000;0.000159;
269.900000;0.000159;
270.000000;0.000159;
270.100000;0.000159;
270.200000;0.000159;
270.300000;0.000159;
270.400000;0.000159;
270.500000;0.000159;
270.600000;0.000159;
270.700000;0.000159;
270.800000;0.000159;
270.900000;0.000159;
271.000000;0.000159;
271.100000;0.000159;
271.200000;0.000159;
271.300000;0.000159;
271.400000;0.000159;
271.500000;0.000159;
271.600000;0.000159;
271.700000;0.000159;
271.800000;0.000159;
271.900000;0.000159;
272.000000;0.000159;
272.100000;0.000159;
272.200000;0.000159;
272.300000;0.000159;
272.400000;0.000159;
272.500000;0.000159;
272.600000;0.000159;
272.700000;0.000159;
272.800000;0.000159;
272.900000;0.000159;
273.000000;0.000159;
273.100000;0.000159;
273.200000;0.000159;
273.300000;0.000159;
273.400000;0.000159;
273.500000;0.000159;
273.600000;0.000159;
273.700000;0.000159;
273.800000;0.000159;
273.900000;0.000159;
274.000000;0.000159;
274.100000;0.000159;
274.200000;0.000159;
274.300000;0.000159;
274.400000;0.000159;
274.500000;0.000159;
274.600000;0.000159;
274.700000;0.000159;
274.800000;0.000159;
274.900000;0.000159;
275.000000;0.000159;
275.100000;0.000159;
275.200000;0.000159;
275.300000;0.000159;
275.400000;0.000159;
275.500000;0.000159;
275.600000;0.000159;
275.700000;0.000159;
275.800000;0.000159;
275.900000;0.000159;
276.000000;0.000159;
276.100000;0.000159;
276.200000;0.000159;
276.300000;0.000159;
276.400000;0.000159;
276.500000;0.000159;
276.600000;0.000159;
276.700000;0.000159;
276.800000;0.000159;
276.900000;0.000159;
277.000000;0.000159;
277.100000;0.000159;
277.200000;0.000159;
277.300000;0.000159;
277.400000;0.000159;
277.500000;0.000159;
277.600000;0.000159;
277.700000;0.000159;
277.800000;0.000159;
277.900000;0.000159;
278.000000;0.000159;
278.100000;0.000159;
278.200000;0.000159;
278.300000;0.000159;
278.400000;0.000159;
278.500000;0.000159;
278.600000;0.000159;
278.700000;0.000159;
278.800000;0.000159;
278.900000;0.000159;
279.000000;0.000159;
279.100000;0.000159;
279.200000;0.000159;
279.300000;0.000159;
279.400000;0.000159;
279.500000;0.000159;
279.600000;0.000159;
279.700000;0.000159;
279.800000;0.000159;
279.900000;0.000159;
280.000000;0.000159;
280.100000;0.000159;
280.200000;0.000159;
280.300000;0.000159;
280.400000;0.000159;
280.500000;0.000159;
280.600000;0.000159;
280.700000;0.000159;
280.800000;0.000159;
280.900000;0.000159;
281.000000;0.000159;
281.100000;0.000159;
281.200000;0.000159;
281.300000;0.000159;
281.400000;0.000159;
281.500000;0.000159;
281.600000;0.000159;
281.700000;0.000159;
281.800000;0.000159;
281.900000;0.000159;
282.000000;0.000159;
282.100000;0.000159;
282.200000;0.000159;
282.300000;0.000159;
282.400000;0.000159;
282.500000;0.000159;
282.600000;0.000159;
282.700000;0.000159;
282.800000;0.000159;
282.900000;0.000159;
283.000000;0.000159;
283.100000;0.000159;
283.200000;0.000159;
283.300000;0.000159;
283.400000;0.000159;
283.500000;0.000159;
283.600000;0.000159;
283.700000;0.000159;
283.800000;0.000159;
283.900000;0.000159;
284.000000;0.000159;
284.100000;0.000159;
284.200000;0.000159;
284.300000;0.000159;
284.400000;0.000159;
284.500000;0.000159;
284.600000;0.000159;
284.700000;0.000159;
284.800000;0.000159;
284.900000;0.000159;
285.000000;0.000159;
285.100000;0.000159;
285.200000;0.000159;
285.300000;0.000159;
285.400000;0.000159;
285.500000;0.000159;
285.600000;0.000159;
285.700000;0.000159;
285.800000;0.000159;
285.900000;0.000159;
286.000000;0.000159;
286.100000;0.000159;
286.200000;0.000159;
286.300000;0.000159;
286.400000;0.000159;
286.500000;0.000159;
286.600000;0.000159;
286.700000;0.000159;
286.800000;0.000159;
286.900000;0.000159;
287.000000;0.000159;
287.100000;0.000159;
287.200000;0.000159;
287.300000;0.000159;
287.400000;0.000159;
287.500000;0.000159;
287.600000;0.000159;
287.700000;0.000159;
287.800000;0.000159;
287.900000;0.000159;
288.000000;0.000159;
288.100000;0.000159;
288.200000;0.000159;
288.300000;0.000159;
288.400000;0.000159;
288.500000;0.000159;
288.600000;0.000159;
288.700000;0.000159;
288.800000;0.000159;
288.900000;0.000159;
289.000000;0.000159;
289.100000;0.000159;
289.200000;0.000159;
289.300000;0.000159;
289.400000;0.000159;
289.500000;0.000159;
289.600000;0.000159;
289.700000;0.000159;
289.800000;0.000159;
289.900000;0.000159;
290.000000;0.000159;
290.100000;0.000159;
290.200000;0.000159;
290.300000;0.000159;
290.400000;0.000159;
290.500000;0.000159;
290.600000;0.000159;
290.700000;0.000159;
290.800000;0.000159;
290.900000;0.000159;
291.000000;0.000159;
291.100000;0.000159;
291.200000;0.000159;
291.300000;0.000159;
291.400000;0.000159;
291.500000;0.000159;
291.600000;0.000159;
291.700000;0.000159;
291.800000;0.000159;
291.900000;0.000159;
292.000000;0.000159;
292.100000;0.000159;
292.200000;0.000159;
292.300000;0.000159;
292.400000;0.000159;
292.500000;0.000159;
292.600000;0.000159;
292.700000;0.000159;
292.800000;0.000159;
292.900000;0.000159;
293.000000;0.000159;
293.100000;0.000159;
293.200000;0.000159;
293.300000;0.000159;
293.400000;0.000159;
293.500000;0.000159;
293.600000;0.000159;
293.700000;0.000159;
293.800000;0.000159;
293.900000;0.000159;
294.000000;0.000159;
294.100000;0.000159;
294.200000;0.000159;
294.300000;0.000159;
294.400000;0.000159;
294.500000;0.000159;
294.600000;0.000159;
294.700000;0.000159;
294.800000;0.000159;
294.900000;0.000159;
295.000000;0.000159;
295.100000;0.000159;
295.200000;0.000159;
295.300000;0.000159;
295.400000;0.000159;
295.500000;0.000159;
295.600000;0.000159;
295.700000;0.000159;
295.800000;0.000159;
295.900000;0.000159;
296.000000;0.000159;
296.100000;0.000159;
296.200000;0.000159;
296.300000;0.000159;
296.400000;0.000159;
296.500000;0.000159;
296.600000;0.000159;
296.700000;0.000159;
296.800000;0.000159;
296.900000;0.000159;
297.000000;0.000159;
297.100000;0.000159;
297.200000;0.000159;
297.300000;0.000159;
297.400000;0.000159;
297.500000;0.000159;
297.600000;0.000159;
297.700000;0.000159;
297.800000;0.000159;
297.900000;0.000159;
298.000000;0.000159;
298.100000;0.000159;
298.200000;0.000159;
298.300000;0.000159;
298.400000;0.000159;
298.500000;0.000159;
298.600000;0.000159;
298.700000;0.000159;
298.800000;0.000159;
298.900000;0.000159;
299.000000;0.000159;
299.100000;0.000159;
299.200000;0.000159;
299.300000;0.000159;
299.400000;0.000159;
299.500000;0.000159;
299.600000;0.000159;
299.700000;0.000159;
299.800000;0.000159;
299.900000;0.000159;
300.000000;0.000159;
300.100000;0.000159;
300.200000;0.000159;
300.300000;0.000159;
300.400000;0.000159;
300.500000;0.000159;
300.600000;0.000159;
300.700000;0.000159;
300.800000;0.000159;
300.900000;0.000159;
301.000000;0.000159;
301.100000;0.000159;
301.200000;0.000159;
301.300000;0.000159;
301.400000;0.000159;
301.500000;0.000159;
301.600000;0.000159;
301.700000;0.000159;
301.800000;0.000159;
301.900000;0.000159;
302.000000;0.000159;
302.100000;0.000159;
302.200000;0.000159;
302.300000;0.000159;
302.400000;0.000159;
302.500000;0.000159;
302.600000;0.000159;
302.700000;0.000159;
302.800000;0.000159;
302.900000;0.000159;
303.000000;0.000159;
303.100000;0.000159;
303.200000;0.000159;
303.300000;0.000159;
303.400000;0.000159;
303.500000;0.000159;
303.600000;0.000159;
303.700000;0.000159;
303.800000;0.000159;
303.900000;0.000159;
304.000000;0.000159;
304.100000;0.000159;
304.200000;0.000159;
304.300000;0.000159;
304.400000;0.000159;
304.500000;0.000159;
304.600000;0.000159;
304.700000;0.000159;
304.800000;0.000159;
304.900000;0.000159;
305.000000;0.000159;
305.100000;0.000159;
305.200000;0.000159;
305.300000;0.000159;
305.400000;0.000159;
305.500000;0.000159;
305.600000;0.000159;
305.700000;0.000159;
305.800000;0.000159;
305.900000;0.000159;
306.000000;0.000159;
306.100000;0.000159;
306.200000;0.000159;
306.300000;0.000159;
306.400000;0.000159;
306.500000;0.000159;
306.600000;0.000159;
306.700000;0.000159;
306.800000;0.000159;
306.900000;0.000159;
307.000000;0.000159;
307.100000;0.000159;
307.200000;0.000159;
307.300000;0.000159;
307.400000;0.000159;
307.500000;0.000159;
307.600000;0.000159;
307.700000;0.000159;
307.800000;0.000159;
307.900000;0.000159;
308.000000;0.000159;
308.100000;0.000159;
308.200000;0.000159;
308.300000;0.000159;
308.400000;0.000159;
308.500000;0.000159;
308.600000;0.000159;
308.700000;0.000159;
308.800000;0.000159;
308.900000;0.000159;
309.000000;0.000159;
309.100000;0.000159;
309.200000;0.000159;
309.300000;0.000159;
309.400000;0.000159;
309.500000;0.000159;
309.600000;0.000159;
309.700000;0.000159;
309.800000;0.000159;
309.900000;0.000159;
310.000000;0.000159;
310.100000;0.000159;
310.200000;0.000159;
310.300000;0.000159;
310.400000;0.000159;
310.500000;0.000159;
310.600000;0.000159;
310.700000;0.000159;
310.800000;0.000159;
310.900000;0.000159;
311.000000;0.000159;
311.100000;0.000159;
311.200000;0.000159;
311.300000;0.000159;
311.400000;0.000159;
311.500000;0.000159;
311.600000;0.000159;
311.700000;0.000159;
311.800000;0.000159;
311.900000;0.000159;
312.000000;0.000159;
312.100000;0.000159;
312.200000;0.000159;
312.300000;0.000159;
312.400000;0.000159;
312.500000;0.000159;
312.600000;0.000159;
312.700000;0.000159;
312.800000;0.000159;
312.900000;0.000159;
313.000000;0.000159;
313.100000;0.000159;
313.200000;0.000159;
313.300000;0.000159;
313.400000;0.000159;
313.500000;0.000159;
313.600000;0.000159;
313.700000;0.000159;
313.800000;0.000159;
313.900000;0.000159;
314.000000;0.000159;
314.100000;0.000159;
314.200000;0.000159;
314.300000;0.000159;
314.400000;0.000159;
314.500000;0.000159;
314.600000;0.000159;
314.700000;0.000159;
314.800000;0.000159;
314.900000;0.000159;
315.000000;0.000159;
315.100000;0.000159;
315.200000;0.000159;
315.300000;0.000159;
315.400000;0.000159;
315.500000;0.000159;
315.600000;0.000159;
315.700000;0.000159;
315.800000;0.000159;
315.900000;0.000159;
316.000000;0.000159;
316.100000;0.000159;
316.200000;0.000159;
316.300000;0.000159;
316.400000;0.000159;
316.500000;0.000159;
316.600000;0.000159;
316.700000;0.000159;
316.800000;0.000159;
316.900000;0.000159;
317.000000;0.000159;
317.100000;0.000159;
317.200000;0.000159;
317.300000;0.000159;
317.400000;0.000159;
317.500000;0.000159;
317.600000;0.000159;
317.700000;0.000159;
317.800000;0.000159;
317.900000;0.000159;
318.000000;0.000159;
318.100000;0.000159;
318.200000;0.000159;
318.300000;0.000159;
318.400000;0.000159;
318.500000;0.000159;
318.600000;0.000159;
318.700000;0.000159;
318.800000;0.000159;
318.900000;0.000159;
319.000000;0.000159;
319.100000;0.000159;
319.200000;0.000159;
319.300000;0.000159;
319.400000;0.000159;
319.500000;0.000159;
319.600000;0.000159;
319.700000;0.000159;
319.800000;0.000159;
319.900000;0.000159;
320.000000;0.000159;
320.100000;0.000159;
320.200000;0.000159;
320.300000;0.000159;
320.400000;0.000159;
320.500000;0.000159;
320.600000;0.000159;
320.700000;0.000159;
320.800000;0.000159;
320.900000;0.000159;
321.000000;0.000159;
321.100000;0.000159;
321.200000;0.000159;
321.300000;0.000159;
321.400000;0.000159;
321.500000;0.000159;
321.600000;0.000159;
321.700000;0.000159;
321.800000;0.000159;
321.900000;0.000159;
322.000000;0.000159;
322.100000;0.000159;
322.200000;0.000159;
322.300000;0.000159;
322.400000;0.000159;
322.500000;0.000159;
322.600000;0.000159;
322.700000;0.000159;
322.800000;0.000159;
322.900000;0.000159;
323.000000;0.000159;
323.100000;0.000159;
323.200000;0.000159;
323.300000;0.000159;
323.400000;0.000159;
323.500000;0.000159;
323.600000;0.000159;
323.700000;0.000159;
323.800000;0.000159;
323.900000;0.000159;
324.000000;0.000159;
324.100000;0.000159;
324.200000;0.000159;
324.300000;0.000159;
324.400000;0.000159;
324.500000;0.000159;
324.600000;0.000159;
324.700000;0.000159;
324.800000;0.000159;
324.900000;0.000159;
325.000000;0.000159;
325.100000;0.000159;
325.200000;0.000159;
325.300000;0.000159;
325.400000;0.000159;
325.500000;0.000159;
325.600000;0.000159;
325.700000;0.000159;
325.800000;0.000159;
325.900000;0.000159;
326.000000;0.000159;
326.100000;0.000159;
326.200000;0.000159;
326.300000;0.000159;
326.400000;0.000159;
326.500000;0.000159;
326.600000;0.000159;
326.700000;0.000159;
326.800000;0.000159;
326.900000;0.000159;
327.000000;0.000159;
327.100000;0.000159;
327.200000;0.000159;
327.300000;0.000159;
327.400000;0.000159;
327.500000;0.000159;
327.600000;0.000159;
327.700000;0.000159;
327.800000;0.000159;
327.900000;0.000159;
328.000000;0.000159;
328.100000;0.000159;
328.200000;0.000159;
328.300000;0.000159;
328.400000;0.000159;
328.500000;0.000159;
328.600000;0.000159;
328.700000;0.000159;
328.800000;0.000159;
328.900000;0.000159;
329.000000;0.000159;
329.100000;0.000159;
329.200000;0.000159;
329.300000;0.000159;
329.400000;0.000159;
329.500000;0.000159;
329.600000;0.000159;
329.700000;0.000159;
329.800000;0.000159;
329.900000;0.000159;
330.000000;0.000159;
330.100000;0.000159;
330.200000;0.000159;
330.300000;0.000159;
330.400000;0.000159;
330.500000;0.000159;
330.600000;0.000159;
330.700000;0.000159;
330.800000;0.000159;
330.900000;0.000159;
331.000000;0.000159;
331.100000;0.000159;
331.200000;0.000159;
331.300000;0.000159;
331.400000;0.000159;
331.500000;0.000159;
331.600000;0.000159;
331.700000;0.000159;
331.800000;0.000159;
331.900000;0.000159;
332.000000;0.000159;
332.100000;0.000159;
332.200000;0.000159;
332.300000;0.000159;
332.400000;0.000159;
332.500000;0.000159;
332.600000;0.000159;
332.700000;0.000159;
332.800000;0.000159;
332.900000;0.000159;
333.000000;0.000159;
333.100000;0.000159;
333.200000;0.000159;
333.300000;0.000159;
333.400000;0.000159;
333.500000;0.000159;
333.600000;0.000159;
333.700000;0.000159;
333.800000;0.000159;
333.900000;0.000159;
334.000000;0.000159;
334.100000;0.000159;
334.200000;0.000159;
334.300000;0.000159;
334.400000;0.000159;
334.500000;0.000159;
334.600000;0.000159;
334.700000;0.000159;
334.800000;0.000159;
334.900000;0.000159;
335.000000;0.000159;
335.100000;0.000159;
335.200000;0.000159;
335.300000;0.000159;
335.400000;0.000159;
335.500000;0.000159;
335.600000;0.000159;
335.700000;0.000159;
335.800000;0.000159;
335.900000;0.000159;
336.000000;0.000159;
336.100000;0.000159;
336.200000;0.000159;
336.300000;0.000159;
336.400000;0.000159;
336.500000;0.000159;
336.600000;0.000159;
336.700000;0.000159;
336.800000;0.000159;
336.900000;0.000159;
337.000000;0.000159;
337.100000;0.000159;
337.200000;0.000159;
337.300000;0.000159;
337.400000;0.000159;
337.500000;0.000159;
337.600000;0.000159;
337.700000;0.000159;
337.800000;0.000159;
337.900000;0.000159;
338.000000;0.000159;
338.100000;0.000159;
338.200000;0.000159;
338.300000;0.000159;
338.400000;0.000159;
338.500000;0.000159;
338.600000;0.000159;
338.700000;0.000159;
338.800000;0.000159;
338.900000;0.000159;
339.000000;0.000159;
339.100000;0.000159;
339.200000;0.000159;
339.300000;0.000159;
339.400000;0.000159;
339.500000;0.000159;
339.600000;0.000159;
339.700000;0.000159;
339.800000;0.000159;
339.900000;0.000159;
340.000000;0.000159;
340.100000;0.000159;
340.200000;0.000159;
340.300000;0.000159;
340.400000;0.000159;
340.500000;0.000159;
340.600000;0.000159;
340.700000;0.000159;
340.800000;0.000159;
340.900000;0.000159;
341.000000;0.000159;
341.100000;0.000159;
341.200000;0.000159;
341.300000;0.000159;
341.400000;0.000159;
341.500000;0.000159;
341.600000;0.000159;
341.700000;0.000159;
341.800000;0.000159;
341.900000;0.000159;
342.000000;0.000159;
342.100000;0.000159;
342.200000;0.000159;
342.300000;0.000159;
342.400000;0.000159;
342.500000;0.000159;
342.600000;0.000159;
342.700000;0.000159;
342.800000;0.000159;
342.900000;0.000159;
343.000000;0.000159;
343.100000;0.000159;
343.200000;0.000159;
343.300000;0.000159;
343.400000;0.000159;
343.500000;0.000159;
343.600000;0.000159;
343.700000;0.000159;
343.800000;0.000159;
343.900000;0.000159;
344.000000;0.000159;
344.100000;0.000159;
344.200000;0.000159;
344.300000;0.000159;
344.400000;0.000159;
344.500000;0.000159;
344.600000;0.000159;
344.700000;0.000159;
344.800000;0.000159;
344.900000;0.000159;
345.000000;0.000159;
345.100000;0.000159;
345.200000;0.000159;
345.300000;0.000159;
345.400000;0.000159;
345.500000;0.000159;
345.600000;0.000159;
345.700000;0.000159;
345.800000;0.000159;
345.900000;0.000159;
346.000000;0.000159;
346.100000;0.000159;
346.200000;0.000159;
346.300000;0.000159;
346.400000;0.000159;
346.500000;0.000159;
346.600000;0.000159;
346.700000;0.000159;
346.800000;0.000159;
346.900000;0.000159;
347.000000;0.000159;
347.100000;0.000159;
347.200000;0.000159;
347.300000;0.000159;
347.400000;0.000159;
347.500000;0.000159;
347.600000;0.000159;
347.700000;0.000159;
347.800000;0.000159;
347.900000;0.000159;
348.000000;0.000159;
348.100000;0.000159;
348.200000;0.000159;
348.300000;0.000159;
348.400000;0.000159;
348.500000;0.000159;
348.600000;0.000159;
348.700000;0.000159;
348.800000;0.000159;
348.900000;0.000159;
349.000000;0.000159;
349.100000;0.000159;
349.200000;0.000159;
349.300000;0.000159;
349.400000;0.000159;
349.500000;0.000159;
349.600000;0.000159;
349.700000;0.000159;
349.800000;0.000159;
349.900000;0.000159;
350.000000;0.000159;
350.100000;0.000159;
350.200000;0.000159;
350.300000;0.000159;
350.400000;0.000159;
350.500000;0.000159;
350.600000;0.000159;
350.700000;0.000159;
350.800000;0.000159;
350.900000;0.000159;
351.000000;0.000159;
351.100000;0.000159;
351.200000;0.000159;
351.300000;0.000159;
351.400000;0.000159;
351.500000;0.000159;
351.600000;0.000159;
351.700000;0.000159;
351.800000;0.000159;
351.900000;0.000159;
352.000000;0.000159;
352.100000;0.000159;
352.200000;0.000159;
352.300000;0.000159;
352.400000;0.000159;
352.500000;0.000159;
352.600000;0.000159;
352.700000;0.000159;
352.800000;0.000159;
352.900000;0.000159;
353.000000;0.000159;
353.100000;0.000159;
353.200000;0.000159;
353.300000;0.000159;
353.400000;0.000159;
353.500000;0.000159;
353.600000;0.000159;
353.700000;0.000159;
353.800000;0.000159;
353.900000;0.000159;
354.000000;0.000159;
354.100000;0.000159;
354.200000;0.000159;
354.300000;0.000159;
354.400000;0.000159;
354.500000;0.000159;
354.600000;0.000159;
354.700000;0.000159;
354.800000;0.000159;
354.900000;0.000159;
355.000000;0.000159;
355.100000;0.000159;
355.200000;0.000159;
355.300000;0.000159;
355.400000;0.000159;
355.500000;0.000159;
355.600000;0.000159;
355.700000;0.000159;
355.800000;0.000159;
355.900000;0.000159;
356.000000;0.000159;
356.100000;0.000159;
356.200000;0.000159;
356.300000;0.000159;
356.400000;0.000159;
356.500000;0.000159;
356.600000;0.000159;
356.700000;0.000159;
356.800000;0.000159;
356.900000;0.000159;
357.000000;0.000159;
357.100000;0.000159;
357.200000;0.000159;
357.300000;0.000159;
357.400000;0.000159;
357.500000;0.000159;
357.600000;0.000159;
357.700000;0.000159;
357.800000;0.000159;
357.900000;0.000159;
358.000000;0.000159;
358.100000;0.000159;
358.200000;0.000159;
358.300000;0.000159;
358.400000;0.000159;
358.500000;0.000159;
358.600000;0.000159;
358.700000;0.000159;
358.800000;0.000159;
358.900000;0.000159;
359.000000;0.000159;
359.100000;0.000159;
359.200000;0.000159;
359.300000;0.000159;
359.400000;0.000159;
359.500000;0.000159;
359.600000;0.000159;
359.700000;0.000159;
359.800000;0.000159;
359.900000;0.000159;
360.000000;0.000159;
360.100000;0.000159;
360.200000;0.000159;
360.300000;0.000159;
360.400000;0.000159;
360.500000;0.000159;
360.600000;0.000159;
360.700000;0.000159;
360.800000;0.000159;
360.900000;0.000159;
361.000000;0.000159;
361.100000;0.000159;
361.200000;0.000159;
361.300000;0.000159;
361.400000;0.000159;
361.500000;0.000159;
361.600000;0.000159;
361.700000;0.000159;
361.800000;0.000159;
361.900000;0.000159;
362.000000;0.000159;
362.100000;0.000159;
362.200000;0.000159;
362.300000;0.000159;
362.400000;0.000159;
362.500000;0.000159;
362.600000;0.000159;
362.700000;0.000159;
362.800000;0.000159;
362.900000;0.000159;
363.000000;0.000159;
363.100000;0.000159;
363.200000;0.000159;
363.300000;0.000159;
363.400000;0.000159;
363.500000;0.000159;
363.600000;0.000159;
363.700000;0.000159;
363.800000;0.000159;
363.900000;0.000159;