t;VF31;VF30;VF29;VF28;VF27;VF26;VF25;VF24;VF23;VF22;VF21;VF20;VF19;VF18;VF17;VF16;VF15;VF14;VF13;VF12;VF11;VF10;VF9;VF8;VF7;VF6;VF5;VF4;VF3;VF2;VF1;VF0;
0.000000;0.000000;0.000000;0.000000;0.000000;0.000000;0.000000;0.000000;0.000000;0.000000;0.000000;0.000000;0.000000;0.000000;0.000000;0.000000;0.000000;0.000000;0.000000;0.000000;0.000000;0.000000;0.000000;0.000000;0.000000;0.000000;0.000000;0.000000;0.000000;0.000000;0.000000;0.000000;0.000000;
20.000000;0.800000;0.800000;0.800000;0.800000;0.125253;0.000000;0.000000;0.000000;0.000000;0.000000;0.000000;0.000000;0.000000;0.000000;0.000000;0.000000;0.000000;0.000000;0.000000;0.000000;0.000000;0.000000;0.000000;0.000000;0.000000;0.000000;0.000000;0.000000;0.000000;0.000000;0.000000;0.000000;
40.000000;0.800000;0.800000;0.800000;0.800000;0.800000;0.800000;0.760943;0.001347;0.000000;0.000000;0.000000;0.000000;0.000000;0.000000;0.000000;0.000000;0.000000;0.000000;0.000000;0.000000;0.000000;0.000000;0.000000;0.000000;0.000000;0.000000;0.000000;0.000000;0.000000;0.000000;0.000000;0.000000;
60.000000;0.800000;0.800000;0.800000;0.800000;0.800000;0.800000;0.800000;0.800000;0.800000;0.557576;0.000000;0.000000;0.000000;0.000000;0.000000;0.000000;0.000000;0.000000;0.000000;0.000000;0.000000;0.000000;0.000000;0.000000;0.000000;0.000000;0.000000;0.000000;0.000000;0.000000;0.000000;0.000000;
80.002000;0.800000;0.800000;0.800000;0.800000;0.800000;0.800000;0.800000;0.800000;0.800000;0.800000;0.800000;0.503704;0.000000;0.000000;0.000000;0.000000;0.000000;0.000000;0.000000;0.000000;0.000000;0.000000;0.000000;0.000000;0.000000;0.000000;0.000000;0.000000;0.000000;0.000000;0.000000;0.000000;
100.002000;0.800000;0.800000;0.800000;0.800000;0.800000;0.800000;0.800000;0.800000;0.800000;0.800000;0.800000;0.800000;0.800000;0.607407;0.000000;0.000000;0.000000;0.000000;0.000000;0.000000;0.000000;0.000000;0.000000;0.000000;0.000000;0.000000;0.000000;0.000000;0.000000;0.000000;0.000000;0.000000;
120.002000;0.800000;0.800000;0.800000;0.800000;0.800000;0.800000;0.800000;0.800000;0.800000;0.800000;0.800000;0.800000;0.800000;0.800000;0.800000;0.502357;0.000000;0.000000;0.000000;0.000000;0.000000;0.000000;0.000000;0.000000;0.000000;0.000000;0.000000;0.000000;0.000000;0.000000;0.000000;0.000000;
140.002000;0.800000;0.800000;0.800000;0.800000;0.800000;0.800000;0.800000;0.800000;0.800000;0.800000;0.800000;0.800000;0.800000;0.800000;0.800000;0.800000;0.800000;0.413468;0.000000;0.000000;0.000000;0.000000;0.000000;0.000000;0.000000;0.000000;0.000000;0.000000;0.000000;0.000000;0.000000;0.000000;
160.000000;0.800000;0.800000;0.800000;0.800000;0.800000;0.800000;0.800000;0.800000;0.800000;0.800000;0.800000;0.800000;0.800000;0.800000;0.800000;0.800000;0.800000;0.800000;0.800000;0.630303;0.000000;0.001347;0.000000;0.000000;0.000000;0.000000;0.000000;0.000000;0.000000;0.000000;0.000000;0.000000;
180.000000;0.800000;0.800000;0.800000;0.800000;0.800000;0.800000;0.800000;0.800000;0.800000;0.800000;0.800000;0.800000;0.800000;0.800000;0.800000;0.800000;0.800000;0.800000;0.800000;0.800000;0.800000;0.620875;0.000000;0.001347;0.000000;0.001347;0.000000;0.000000;0.000000;0.000000;0.000000;0.000000;
200.000000;0.800000;0.800000;0.800000;0.800000;0.800000;0.800000;0.800000;0.800000;0.800000;0.800000;0.800000;0.800000;0.800000;0.800000;0.800000;0.800000;0.800000;0.800000;0.800000;0.800000;0.800000;0.800000;0.800000;0.798653;0.070034;0.000000;0.001347;0.002694;0.000000;0.001347;0.000000;0.000000;
220.000000;0.800000;0.800000;0.800000;0.800000;0.800000;0.800000;0.800000;0.800000;0.800000;0.800000;0.800000;0.800000;0.800000;0.800000;0.800000;0.800000;0.800000;0.800000;0.800000;0.800000;0.800000;0.800000;0.800000;0.800000;0.800000;0.800000;0.727273;0.000000;0.000000;0.000000;0.000000;0.000000;
240.000000;0.800000;0.800000;0.800000;0.800000;0.800000;0.800000;0.800000;0.800000;0.800000;0.800000;0.800000;0.800000;0.800000;0.800000;0.800000;0.800000;0.800000;0.800000;0.800000;0.800000;0.800000;0.800000;0.800000;0.800000;0.800000;0.800000;0.800000;0.800000;0.800000;0.743434;0.009428;0.000000;
260.000000;0.800000;0.800000;0.800000;0.800000;0.800000;0.800000;0.800000;0.800000;0.800000;0.800000;0.800000;0.800000;0.800000;0.800000;0.800000;0.800000;0.800000;0.800000;0.800000;0.800000;0.800000;0.800000;0.800000;0.800000;0.800000;0.800000;0.800000;0.800000;0.800000;0.800000;0.800000;0.800000;
280.000000;0.800000;0.800000;0.800000;0.800000;0.800000;0.800000;0.800000;0.800000;0.800000;0.800000;0.800000;0.800000;0.800000;0.800000;0.800000;0.800000;0.800000;0.800000;0.800000;0.800000;0.800000;0.800000;0.800000;0.800000;0.800000;0.800000;0.800000;0.800000;0.800000;0.800000;0.800000;0.800000;
300.000000;0.800000;0.800000;0.800000;0.800000;0.800000;0.800000;0.800000;0.800000;0.800000;0.800000;0.800000;0.800000;0.800000;0.800000;0.800000;0.800000;0.800000;0.800000;0.800000;0.800000;0.800000;0.800000;0.800000;0.800000;0.800000;0.800000;0.800000;0.800000;0.800000;0.800000;0.800000;0.800000;
320.000000;0.800000;0.800000;0.800000;0.800000;0.800000;0.800000;0.800000;0.800000;0.800000;0.800000;0.800000;0.800000;0.800000;0.800000;0.800000;0.800000;0.800000;0.800000;0.800000;0.800000;0.800000;0.800000;0.800000;0.800000;0.800000;0.800000;0.800000;0.800000;0.800000;0.800000;0.800000;0.800000;
340.000000;0.800000;0.800000;0.800000;0.800000;0.800000;0.800000;0.800000;0.800000;0.800000;0.800000;0.800000;0.800000;0.800000;0.800000;0.800000;0.800000;0.800000;0.800000;0.800000;0.800000;0.800000;0.800000;0.800000;0.800000;0.800000;0.800000;0.800000;0.800000;0.800000;0.800000;0.800000;0.800000;
360.000000;0.800000;0.800000;0.800000;0.800000;0.800000;0.800000;0.800000;0.800000;0.800000;0.800000;0.800000;0.800000;0.800000;0.800000;0.800000;0.800000;0.800000;0.800000;0.800000;0.800000;0.800000;0.800000;0.800000;0.800000;0.800000;0.800000;0.800000;0.800000;0.800000;0.800000;0.800000;0.800000;