t	Cd
0	0	0
0.002	0	0
0.0041	0	5.02338
0.006	0	5.02104
0.00800000000000001	0	5.03273
0.0101	0	5.05844
0.0121	0	5.07013
0.0141	0	5.08182
0.0161	0	5.09350999999999
0.0180999999999999	0	5.10518999999999
0.0200999999999999	0	5.11687999999999
0.0220999999999999	0	5.12856999999999
0.0240999999999999	0	5.14025999999999
0.0260999999999999	0	5.15194999999999
0.0280999999999999	0	5.16363999999998
0.0300999999999999	0	5.17531999999998
0.0320999999999999	0	5.18700999999999
0.0341	0	5.19869999999999
0.036	0	5.19703
0.0380000000000001	0	5.20885000000001
0.0400000000000001	0	5.22068000000001
0.0420000000000002	0	5.23253000000002
0.0440000000000002	0	5.24439000000003
0.0460000000000003	0	5.25626000000004
0.0480000000000003	0	5.26816000000004
0.0500000000000004	0	5.28006000000005
0.0520000000000005	0	5.29198000000005
0.0540000000000005	0	5.30391000000006
0.0560000000000006	0	5.31585000000007
0.0580000000000006	0	5.32780000000007
0.0600000000000007	0	5.33977000000008
0.0620000000000007	0	5.35174000000008
0.0640000000000008	0	5.36371000000008
0.0660000000000009	0	5.37570000000009
0.0680000000000009	0	5.38768000000009
0.070000000000001	5.40850649112835	5.39967000000009
0.072000000000001	0	5.4116600000001
0.0740000000000011	0	5.4236500000001
0.0760000000000012	0	5.4356300000001
0.0780000000000012	0	5.4476200000001
0.0800000000000013	0	5.46695000000001
0.0820000000000013	0	5.47864000000001
0.0840000000000014	0	5.49032000000001
0.0860000000000014	0	5.50201000000001
0.0880000000000015	0	5.51370000000001
0.0900000000000016	0	5.52539000000001
0.0920000000000016	0	5.53708000000001
0.0940000000000017	0	5.54877000000001
0.0960000000000017	0	5.56045000000001
0.0980000000000018	0	5.57214000000001
0.100000000000002	0	5.58383000000001
0.102000000000002	0	5.59552000000001
0.104000000000002	0	5.60721000000001
0.106000000000002	0	5.61890000000001
0.108000000000002	0	5.63058000000001
0.110000000000002	0	5.64227000000001
0.112000000000002	0	5.65396000000001
0.114000000000002	0	5.66565000000001
0.116000000000002	5.67733755080305	5.67734000000001
0.118000000000002	5.68902585064384	5.68903000000001
0.120000000000002	5.70071414937877	5.70071000000001
0.122000000000002	5.71240244689144	5.71240000000001
0.124000000000003	5.72409074305271	5.72409000000002
0.126000000000002	5.73577903771931	5.73578000000001
0.128000000000002	5.74746733073239	5.74747000000001
0.130000000000002	5.75915562191572	5.75916000000001
0.132000000000002	5.77084391107391	5.77084000000001
0.134000000000002	5.78253219799032	5.78253000000001
0.136000000000001	5.79422048242492	5.79422000000001
0.138000000000001	5.80590876411172	5.80591000000001
0.140000000000001	5.81759704275611	5.8176
0.142000000000001	5.82928531803197	5.82929
0.144	5.84097358957835	5.84097
0.146	5.85266185699581	5.85266
0.148	5.86435011984271	5.86435
0.1501	5.87662279037812	5.87662
0.1521	5.88831104227327	5.88831
0.154099999999999	5.8999992879435	5.9
0.156099999999999	5.9116875267283	5.91168999999999
0.158099999999999	5.92337575789906	5.92337999999999
0.160099999999999	5.9350639806526	5.93505999999999
0.162099999999998	5.9467521941039	5.94674999999999
0.164099999999998	5.95844039727848	5.95843999999999
0.166099999999998	5.97012858910391	5.97012999999999
0.168099999999998	5.98181676840069	5.98181999999999
0.170099999999998	5.99350493387246	5.99350999999999
0.172099999999997	6.00519308409517	6.00518999999998
0.174099999999997	6.01688121750558	6.01687999999998
0.176099999999997	6.0285693323887	6.02856999999998
0.178099999999997	6.04025742686434	6.04025999999998
0.180099999999996	6.05194549887248	6.05194999999998
0.182099999999996	6.06363354615754	6.06362999999998
0.184099999999996	6.07532156625142	6.07531999999998
0.186099999999996	6.08700955645515	6.08700999999998
0.188099999999996	6.09869751381952	6.09869999999997
0.190099999999995	6.11038543512357	6.11038999999997
0.192099999999995	6.12207331685204	6.12206999999997
0.194099999999995	6.133761155171	6.13375999999997
0.196099999999995	6.14544894590152	6.14544999999997
0.198099999999995	6.15713668449165	6.15713999999997
0.200099999999994	6.16882436598626	6.16882999999997
0.202099999999994	6.18051198499461	6.18050999999997
0.204099999999994	6.19219953565588	6.19219999999996
0.206099999999994	6.20388701160225	6.20388999999996
0.208099999999993	6.21557440591902	6.21557999999996
0.210099999999993	6.22726171110254	6.22725999999996
0.212099999999993	6.23894891901481	6.23894999999996
0.214099999999993	6.25063602083525	6.25063999999996
0.216099999999993	6.26232300700917	6.26232999999996
0.218099999999992	6.27400986719278	6.27400999999995
0.220099999999992	6.28569659019453	6.28569999999995
0.222099999999992	6.29738316391276	6.29738999999995
0.224099999999992	6.30906957526899	6.30906999999995
0.226099999999991	6.32075581013733	6.32075999999995
0.228099999999991	6.33244185326887	6.33244999999995
0.230099999999991	6.34412768821186	6.34412999999995
0.232099999999991	6.35581329722636	6.35581999999994
0.234099999999991	6.36749866119373	6.36749999999994
0.23609999999999	6.37918375952067	6.37918999999994
0.23809999999999	6.39086857003717	6.39086999999994
0.24009999999999	6.40255306888833	6.40255999999994
0.24209999999999	6.41423723041959	6.41423999999994
0.244099999999989	6.42592102705512	6.42592999999994
0.246099999999989	6.43760442916892	6.43760999999994
0.248099999999989	6.44928740494854	6.44928999999994
0.250099999999989	6.46096992025032	6.46097999999993
0.252099999999989	6.4726519384467	6.47265999999993
0.254099999999988	6.4843334202645	6.48433999999993
0.256099999999988	6.49601432361401	6.49601999999993
0.258099999999988	6.50769460340824	6.50769999999993
0.260099999999988	6.51937421265336	6.51937999999993
0.262099999999987	6.53105310303627	6.53105999999993
0.264099999999987	6.54273121591749	6.54273999999993
0.266099999999987	6.55440849225832	6.55441999999992
0.268099999999987	6.56608486895725	6.56608999999992
0.270099999999987	6.57776027860044	6.57776999999992
0.272099999999986	6.58943464919888	6.58943999999992
0.274099999999986	6.60110790391152	6.60111999999992
0.276099999999986	6.61277996075387	6.61278999999992
0.278099999999986	6.62445073229111	6.62445999999992
0.280099999999985	6.63612012531517	6.63612999999991
0.282099999999985	6.64778804050532	6.64779999999991
0.284099999999985	6.65945437207126	6.65945999999991
0.286099999999985	6.671119007378	6.67112999999991
0.288099999999985	6.68278182655198	6.68278999999991
0.290099999999984	6.69444270206735	6.69444999999991
0.292099999999984	6.70610212963524	6.70610999999991
0.294099999999984	6.71775986903625	6.71776999999991
0.296099999999984	6.72941525326694	6.72941999999991
0.298099999999983	6.74106811617525	6.7410699999999
0.300099999999983	6.75271828126434	6.7527199999999
0.302099999999983	6.76436556111085	6.7643699999999
0.304099999999983	6.77600975675804	6.7760099999999
0.306099999999983	6.78765065708218	6.7876499999999
0.308099999999982	6.79928803813113	6.7992799999999
0.310099999999982	6.81092166243354	6.8109099999999
0.312099999999982	6.8225512782779	6.8225399999999
0.314099999999982	6.83417661895972	6.83415999999989
0.316099999999982	6.84579741445755	6.84577999999989
0.318099999999981	6.85741341980407	6.85738999999989
0.320099999999981	6.86902432820914	6.86899999999989
0.322099999999981	6.88062981170051	6.88060999999989
0.324099999999981	6.89222952342203	6.89219999999989
0.32609999999998	6.90382309668677	6.90378999999989
0.32809999999998	6.9154103337399	6.91536999999989
0.33009999999998	6.92699106751185	6.92694999999988
0.33209999999998	6.93856450409132	6.93851999999988
0.33409999999998	6.95013011620236	6.95007999999988
0.336099999999979	6.96168741772536	6.96162999999988
0.338099999999979	6.97323589566162	6.97316999999988
0.340099999999979	6.98477500886038	6.98470999999988
0.342099999999979	6.99630418669956	6.99622999999988
0.344099999999978	7.00782282771967	7.00773999999987
0.346099999999978	7.01933029821049	7.01923999999988
0.348099999999978	7.03082593074943	7.03072999999987
0.350099999999978	7.0423090226921	7.04219999999987
0.352099999999978	7.05338640353361	7.05365999999987
0.354099999999977	7.06523619459811	7.06510999999987
0.356099999999977	7.07667789868585	7.07653999999987
0.358099999999977	7.08810379295386	7.08795999999987
0.360099999999977	7.09951368932237	7.09935999999987
0.362099999999976	7.11090746413642	7.11073999999987
0.364099999999976	7.12228294467251	7.12209999999986
0.366099999999976	7.13363909604496	7.13343999999986
0.368099999999976	7.14497483247495	7.14475999999986
0.370099999999976	7.15628901528974	7.15605999999986
0.372099999999975	7.1675804508815	7.16732999999986
0.374099999999975	7.17884806946927	7.17857999999986
0.376099999999975	7.19009086264647	7.18979999999986
0.378099999999975	7.20130757623028	7.20099999999986
0.380099999999974	7.21249603609238	7.21215999999986
0.382099999999974	7.22365477456346	7.22329999999986
0.384099999999974	7.234782307226	7.23439999999986
0.386099999999974	7.24587728623193	7.24546999999986
0.388099999999974	7.25693972084229	7.25650999999985
0.390099999999973	7.26796636554483	7.26749999999985
0.392099999999973	7.27895549480307	7.27845999999985
0.394099999999973	7.28990456653207	7.28937999999985
0.396099999999973	7.30081210244555	7.30024999999985
0.398099999999972	7.31167657763464	7.31107999999985
0.400099999999972	7.32249504737636	7.32185999999985
0.402099999999972	7.33326521697651	7.33258999999985
0.404099999999972	7.34398469974282	7.34326999999985
0.406099999999972	7.35465111113782	7.35388999999985
0.408099999999971	7.36526213600151	7.36445999999985
0.410099999999971	7.37581560978069	7.37496999999985
0.412099999999971	7.38630965492718	7.38540999999985
0.414099999999971	7.39674004251691	7.39578999999985
0.41609999999997	7.40710520111823	7.40609999999985
0.41809999999997	7.41740233306368	7.41633999999985
0.42009999999997	7.42762725638487	7.42650999999985
0.42209999999997	7.43777660674114	7.43659999999985
0.42409999999997	7.44784643649011	7.44660999999985
0.426099999999969	7.45783423762467	7.45652999999985
0.428099999999969	7.46773726700005	7.46635999999985
0.430099999999969	7.47755376314366	7.47610999999985
0.432099999999969	7.48727769584941	7.48574999999985
0.434099999999969	7.49690552842945	7.49529999999985
0.436099999999968	7.50643331418792	7.50474999999985
0.438099999999968	7.51585756207012	7.51408999999985
0.440099999999968	7.52517657098202	7.52331999999985
0.442099999999968	7.53438286498978	7.53242999999985
0.444099999999967	7.54347343098301	7.54142999999985
0.446099999999967	7.55244331191241	7.55029999999986
0.448099999999967	7.56128948498184	7.55903999999986
0.450099999999967	7.57000504397799	7.56764999999986
0.452099999999967	7.57858956318585	7.57612999999986
0.454099999999966	7.58703632155885	7.58445999999986
0.456099999999966	7.59533998303469	7.59263999999986
0.458099999999966	7.60349756588887	7.60067999999986
0.460099999999966	7.6115053333342	7.60855999999987
0.462099999999965	7.61935616405171	7.61627999999987
0.464099999999965	7.62705107249821	7.62383999999987
0.466099999999965	7.63458026339991	7.63121999999987
0.468099999999965	7.64194132550436	7.63842999999988
0.470099999999965	7.64912709995796	7.64545999999988
0.472099999999964	7.65613071867053	7.65230999999988
0.474099999999964	7.66294384987361	7.65896999999989
0.476099999999964	7.66956643565735	7.66543999999988
0.478099999999964	7.67599466457008	7.67170999999989
0.480099999999963	7.68222848720476	7.67777999999989
0.482099999999963	7.68825866975256	7.6836399999999
0.484099999999963	7.69407912180478	7.6892999999999
0.486099999999963	7.69958124767928	7.6947299999999
0.488099999999963	7.70509257153314	7.69994999999991
0.490099999999962	7.7102750670896	7.70494999999991
0.492099999999962	7.71523402442825	7.70971999999991
0.494099999999962	7.71996865623995	7.71425999999992
0.496099999999962	7.72447509512816	7.71856999999992
0.498099999999961	7.72870408674837	7.72263999999992
0.500099999999961	7.73278435254422	7.72646999999993
0.502099999999961	7.7365824820205	7.73006999999993
0.504099999999961	7.74013700690389	7.73340999999994
0.506099999999961	7.74342513484072	7.73650999999994
0.50809999999996	7.74650999143447	7.73936999999995
0.51009999999996	7.74932964547109	7.74196999999995
0.51209999999996	7.75188753550342	7.74431999999996
0.51409999999996	7.75422820814295	7.74642999999996
0.516099999999959	7.7563021294442	7.74826999999997
0.518099999999959	7.75812237134242	7.74986999999997
0.520099999999959	7.75969090564163	7.75120999999998
0.522099999999959	7.7609948725468	7.75229999999998
0.524099999999959	7.76206706769847	7.75312999999999
0.526099999999958	7.76287789443321	7.75370999999999
0.528099999999958	7.76343753786874	7.75405
0.530099999999958	7.76373131325959	7.75413
0.532099999999958	7.7638189407745	7.75396000000001
0.534099999999958	7.76363905514785	7.75355000000001
0.536099999999957	7.76321599407242	7.75290000000002
0.538099999999957	7.76254989543771	7.75200000000002
0.540099999999957	7.76164525685503	7.75087000000003
0.542099999999957	7.76050500467382	7.74950000000003
0.544099999999956	7.75913045812367	7.74790000000004
0.546099999999956	7.75752699471498	7.74608000000004
0.548099999999956	7.75560648092611	7.74403000000005
0.550099999999956	7.75365122476736	7.74176000000005
0.552099999999956	7.75138854775744	7.73928000000006
0.554099999999955	7.74891490756152	7.73658000000006
0.556099999999955	7.74624078352954	7.73369000000007
0.558099999999955	7.74336705967142	7.73059000000007
0.560099999999955	7.74029745382706	7.72730000000007
0.562099999999954	7.73696194734583	7.72381000000008
0.564099999999954	7.73358827766427	7.72015000000008
0.566099999999954	7.72995978365672	7.71630000000009
0.568099999999954	7.72615562206404	7.7122800000001
0.570099999999954	7.72217733136355	7.7081000000001
0.572099999999953	7.71803264245054	7.70375000000011
0.574099999999953	7.7137259168004	7.69925000000011
0.576099999999953	7.70926555340117	7.69460000000011
0.578099999999953	7.70466103563895	7.68981000000011
0.580099999999952	7.69991840294072	7.68488000000012
0.582099999999952	7.69504286792268	7.67982000000012
0.584099999999952	7.6900388448607	7.67463000000012
0.586099999999952	7.68490142587332	7.66932000000013
0.588099999999952	7.67965883081546	7.66390000000014
0.590099999999951	7.67429908496894	7.65838000000013
0.592099999999951	7.66883662864056	7.65275000000014
0.594099999999951	7.66322501922951	7.64702000000014
0.596099999999951	7.65759828985624	7.64120000000015
0.59809999999995	7.65188008226713	7.63530000000015
0.60009999999995	7.64605842302014	7.62932000000015
0.60209999999995	7.64016119345731	7.62326000000015
0.60409999999995	7.63418929829267	7.61714000000015
0.60609999999995	7.62814957933092	7.61094000000016
0.608099999999949	7.62204777775803	7.60470000000016
0.610099999999949	7.61588836932497	7.59839000000016
0.612099999999949	7.60967791640205	7.59204000000016
0.614099999999949	7.60341953601022	7.58564000000016
0.616099999999948	7.59711909750279	7.57920000000017
0.618099999999948	7.59078085199072	7.57273000000017
0.620099999999948	7.58441084471392	7.56622000000017
0.622099999999948	7.57800840016972	7.55968000000017
0.624099999999948	7.57158200292315	7.55312000000017
0.626099999999947	7.56513585879191	7.54654000000017
0.628099999999947	7.55867321371173	7.53994000000017
0.630099999999947	7.55219562917681	7.53333000000018
0.632099999999947	7.54570464656349	7.52671000000018
0.634099999999946	7.53919870277667	7.52009000000018
0.636099999999946	7.53268700448424	7.51345000000018
0.638099999999946	7.5261717039625	7.50682000000018
0.640099999999946	7.51965528063091	7.50019000000018
0.642099999999946	7.51314130262918	7.49357000000018
0.644099999999945	7.50661848656653	7.48695000000018
0.646099999999945	7.50014038746046	7.48034000000018
0.648099999999945	7.4936567322215	7.47374000000018
0.650099999999945	7.48718931749182	7.46716000000018
0.652099999999945	7.48073798672798	7.46059000000018
0.654099999999944	7.47430337972	7.45405000000018
0.656099999999944	7.46788831192232	7.44752000000018
0.658099999999944	7.46149212540882	7.44101000000019
0.660099999999944	7.45511252973387	7.43453000000018
0.662099999999943	7.44875736453041	7.42807000000019
0.664099999999943	7.44243022751788	7.42164000000018
0.666099999999943	7.43613457995429	7.41524000000018
0.668099999999943	7.42986551632586	7.40887000000018
0.670099999999943	7.42363886017979	7.40253000000018
0.672099999999942	7.41743968090581	7.39622000000018
0.674099999999942	7.41126478180062	7.38994000000018
0.676099999999942	7.40514048799965	7.38370000000018
0.678099999999942	7.39904449112061	7.37749000000018
0.680099999999941	7.39298326021968	7.37132000000017
0.682099999999941	7.38695566632841	7.36518000000018
0.684099999999941	7.38096495336872	7.35908000000018
0.686099999999941	7.37501184052324	7.35302000000018
0.688099999999941	7.36909684147019	7.34700000000018
0.69009999999994	7.36321871504502	7.34101000000018
0.69209999999994	7.35738099080082	7.33507000000018
0.69409999999994	7.35158371700741	7.32916000000018
0.69609999999994	7.34582993261517	7.32330000000017
0.698099999999939	7.34011959621773	7.31748000000018
0.700099999999939	7.33445123195463	7.31170000000017
0.702099999999939	7.32882401503201	7.30595000000018
0.704099999999939	7.32323725047132	7.30026000000017
0.706099999999939	7.31768858320848	7.29460000000017
0.708099999999938	7.3121814991984	7.28898000000017
0.710099999999938	7.30671576615761	7.28341000000017
0.712099999999938	7.30129895558134	7.27788000000017
0.714099999999938	7.29591931830831	7.27239000000017
0.716099999999937	7.29058435599652	7.26694000000017
0.718099999999937	7.28529290691983	7.26154000000017
0.720099999999937	7.28004468903599	7.25617000000017
0.722099999999937	7.27483832374618	7.25085000000017
0.724099999999937	7.26967421660519	7.24558000000016
0.726099999999936	7.26454865425469	7.24034000000016
0.728099999999936	7.25947686263061	7.23515000000016
0.730099999999936	7.25444506328342	7.22999000000017
0.732099999999936	7.24945793729261	7.22488000000017
0.734099999999935	7.24451398262718	7.21981000000017
0.736099999999935	7.23961234061697	7.21479000000016
0.738099999999935	7.23475222405791	7.20980000000016
0.740099999999935	7.22993244626214	7.20486000000016
0.742099999999935	7.22514940366412	7.19995000000016
0.744099999999934	7.22040624437678	7.19509000000016
0.746099999999934	7.21570261449222	7.19026000000016
0.748099999999934	7.21103930275308	7.18548000000016
0.750099999999934	7.20641244742157	7.18074000000015
0.752099999999933	7.20182556386207	7.17603000000016
0.754099999999933	7.19727891423184	7.17137000000015
0.756099999999933	7.19276822262473	7.16674000000015
0.758099999999933	7.18829030496959	7.16216000000015
0.760099999999933	7.18387251505011	7.15761000000015
0.762099999999932	7.17948021634298	7.15310000000015
0.764099999999932	7.175113015292	7.14863000000015
0.766099999999932	7.17079998624293	7.14419000000015
0.768099999999932	7.1665304934287	7.13979000000015
0.770099999999932	7.16229178525887	7.13543000000015
0.772099999999931	7.15809081843567	7.13111000000014
0.774099999999931	7.15392696217275	7.12682000000015
0.776099999999931	7.14979957292404	7.12257000000015
0.778099999999931	7.14570878006593	7.11836000000014
0.78009999999993	7.14165315667105	7.11418000000014
0.78209999999993	7.13762008780198	7.11003000000015
0.78409999999993	7.13364348663883	7.10592000000015
0.78609999999993	7.12969185964201	7.10185000000014
0.78809999999993	7.12577555988526	7.09780000000014
0.790099999999929	7.12189310390456	7.09380000000014
0.792099999999929	7.11804469395953	7.08982000000014
0.794099999999929	7.1142309175991	7.08588000000014
0.796099999999929	7.11045094976067	7.08197000000014
0.798099999999928	7.10670492293294	7.07810000000014
0.800099999999928	7.10299219242943	7.07425000000014
0.802099999999928	7.09930834500953	7.07044000000014
0.804099999999928	7.09565699825554	7.06666000000014
0.806099999999928	7.09203598785585	7.06291000000014
0.808099999999927	7.08844727733285	7.05919000000014
0.810099999999927	7.0848904535495	7.05551000000013
0.812099999999927	7.08136429781927	7.05185000000013
0.814099999999927	7.07786790824792	7.04822000000013
0.816099999999926	7.07439944066293	7.04462000000013
0.818099999999926	7.07096267605285	7.04105000000013
0.820099999999926	7.0675526701564	7.03752000000013
0.822099999999926	7.06417222243954	7.03400000000013
0.824099999999926	7.06082038030196	7.03052000000013
0.826099999999925	7.05749405627638	7.02707000000013
0.828099999999925	7.0541911376104	7.02364000000013
0.830099999999925	7.05092712771115	7.02024000000013
0.832099999999925	7.04768524665576	7.01687000000013
0.834099999999924	7.04446992459776	7.01353000000012
0.836099999999924	7.04128020488008	7.01021000000012
0.838099999999924	7.03811550391457	7.00692000000012
0.840099999999924	7.03497791848592	7.00365000000012
0.842099999999924	7.03186695616474	7.00041000000012
0.844099999999923	7.02878123938023	6.99720000000012
0.846099999999923	7.0257206691702	6.99401000000012
0.848099999999923	7.02268492530547	6.99085000000012
0.850099999999923	7.01966995413539	6.98771000000012
0.852099999999922	7.0166841014514	6.98459000000013
0.854099999999922	7.01371856060944	6.98150000000012
0.856099999999922	7.01077402839839	6.97843000000012
0.858099999999922	7.00786270121014	6.97539000000012
0.860099999999922	7.00497050000905	6.97237000000012
0.862099999999921	7.00210414649673	6.96937000000012
0.864099999999921	6.9992603564566	6.96640000000012
0.866099999999921	6.99643991446403	6.96345000000012
0.868099999999921	6.99364189175798	6.96052000000012
0.87009999999992	6.99086613813426	6.95761000000012
0.87209999999992	6.98811258036052	6.95473000000011
0.87409999999992	6.98538107294879	6.95187000000011
0.87609999999992	6.98266855008455	6.94903000000011
0.87809999999992	6.97997720706777	6.94620000000012
0.880099999999919	6.97730737034682	6.94341000000011
0.882099999999919	6.97465830904562	6.94063000000011
0.884099999999919	6.97203008762792	6.93787000000011
0.886099999999919	6.96942336075816	6.93513000000011
0.888099999999919	6.96683575483331	6.93241000000011
0.890099999999918	6.9642682353555	6.92972000000011
0.892099999999918	6.96172031966245	6.92704000000011
0.894099999999918	6.95919135893893	6.92438000000011
0.896099999999918	6.95668179213372	6.92174000000011
0.898099999999917	6.95419176545594	6.91912000000011
0.900099999999917	6.95172160974287	6.91652000000011
0.902099999999917	6.94926831870064	6.91393000000011
0.904099999999917	6.9468313302864	6.91137000000011
0.906099999999917	6.94441515264588	6.90882000000011
0.908099999999916	6.94201565417018	6.90629000000011
0.910099999999916	6.9396343545155	6.90378000000011
0.912099999999916	6.93727152058469	6.9012900000001
0.914099999999916	6.93492640799858	6.89881000000011
0.916099999999915	6.93259890428283	6.89635000000011
0.918099999999915	6.93028689184279	6.89391000000011
0.920099999999915	6.9279914789757	6.8914900000001
0.922099999999915	6.92571231418669	6.8890800000001
0.924099999999915	6.92344971529708	6.8866900000001
0.926099999999914	6.92120380317912	6.88432000000009
0.928099999999914	6.91897461543512	6.8819600000001
0.930099999999914	6.91675913327111	6.8796100000001
0.932099999999914	6.91455786361001	6.8772900000001
0.934099999999913	6.91237118771762	6.8749800000001
0.936099999999913	6.91019975076603	6.8726800000001
0.938099999999913	6.90804572389854	6.8704000000001
0.940099999999913	6.90590701560003	6.8681400000001
0.942099999999913	6.9037846841009	6.8658900000001
0.944099999999912	6.90167794670958	6.8636500000001
0.946099999999912	6.8995840121206	6.8614300000001
0.948099999999912	6.8975062245456	6.8592200000001
0.950099999999912	6.89544335121737	6.8570300000001
0.952099999999911	6.89339505433865	6.85486000000009
0.954099999999911	6.89136129326416	6.8526900000001
0.956099999999911	6.88933982729166	6.8505400000001
0.958099999999911	6.88733178605157	6.8484100000001
0.960099999999911	6.88533653756218	6.84629000000009
0.96209999999991	6.88335207006682	6.8441800000001
0.96409999999991	6.8813811682634	6.84209000000009
0.96609999999991	6.87942449632904	6.8400000000001
0.96809999999991	6.87748175395596	6.83794000000009
0.970099999999909	6.87555294602825	6.83588000000009
0.972099999999909	6.87363774471761	6.83384000000009
0.974099999999909	6.87173532075097	6.83181000000009
0.976099999999909	6.86984594281434	6.8297900000001
0.978099999999909	6.86796834308248	6.82779000000009
0.980099999999908	6.86610466941968	6.82580000000009
0.982099999999908	6.86425444029223	6.82382000000009
0.984099999999908	6.8624171228701	6.82185000000009
0.986099999999908	6.86059166075143	6.81990000000008
0.988099999999908	6.85877197426734	6.81795000000009
0.990099999999907	6.85697079113505	6.81602000000009
0.992099999999907	6.85517523171745	6.81410000000009
0.994099999999907	6.85338878429624	6.81219000000009
0.996099999999907	6.85161407122066	6.81030000000008
0.998099999999906	6.84985159726555	6.80841000000009
1.00009999999991	6.84810111536159	6.80654000000008
1.00209999999991	6.84636167081429	6.80467000000009
1.00409999999991	6.84463133577261	6.80282000000008
1.00609999999991	6.84291421286809	6.80098000000008
1.00809999999991	6.84120687977458	6.79915000000009
1.01009999999991	6.83950903287154	6.79733000000008
1.0120999999999	6.83782270797956	6.79552000000009
1.0140999999999	6.83614738616072	6.79372000000009
1.0160999999999	6.83448157216724	6.79193000000009
1.0180999999999	6.83282594597085	6.79016000000009
1.0200999999999	6.83117860034656	6.78839000000009
1.0220999999999	6.82954051754509	6.78663000000009
1.0240999999999	6.82791282609525	6.78488000000009
1.0260999999999	6.8262928675564	6.78315000000008
1.0280999999999	6.82468164990735	6.78142000000008
1.0300999999999	6.82308084848508	6.77970000000008
1.0320999999999	6.82149008023027	6.77799000000009
1.0340999999999	6.81990919133689	6.77629000000009
1.0360999999999	6.81833856807113	6.77460000000009
1.0380999999999	6.81677830664808	6.77292000000009
1.0400999999999	6.81522726702001	6.77125000000008
1.0420999999999	6.81368625383308	6.76959000000008
1.0440999999999	6.81215321157683	6.76794000000008
1.0460999999999	6.81062965039943	6.76629000000008
1.0480999999999	6.80911567512446	6.76466000000008
1.0500999999999	6.80761126959253	6.76303000000008
1.0520999999999	6.80611575871383	6.76141000000009
1.0540999999999	6.80462903195506	6.75981000000008
1.0560999999999	6.80314988926796	6.75821000000008
1.0580999999999	6.8016751313341	6.75662000000007
1.0600999999999	6.80021263891051	6.75503000000008
1.0620999999999	6.79875233355396	6.75346000000008
1.0640999999999	6.79730003431281	6.75189000000008
1.0660999999999	6.795856688607	6.75033000000008
1.0680999999999	6.79442226277523	6.74878000000008
1.0700999999999	6.79299707200947	6.74724000000008
1.0720999999999	6.79158126343074	6.74571000000008
1.0740999999999	6.79017498947953	6.74418000000008
1.0760999999999	6.78877773212155	6.74267000000007
1.0780999999999	6.78738761330376	6.74116000000007
1.0800999999999	6.78600449897125	6.73965000000008
1.0820999999999	6.7846291771206	6.73816000000007
1.0840999999999	6.78326218541547	6.73667000000008
1.0860999999999	6.78190385643888	6.73519000000008
1.0880999999999	6.78055393667686	6.73372000000008
1.0900999999999	6.77921211616505	6.73226000000007
1.0920999999999	6.77787788833868	6.73080000000007
1.0940999999999	6.77655105360903	6.72935000000007
1.0960999999999	6.77523032295569	6.72791000000007
1.0980999999999	6.77391337799997	6.72647000000008
1.1000999999999	6.77260293580243	6.72505000000007
1.1020999999999	6.77129931146545	6.72362000000007
1.10409999999989	6.77000349386213	6.72221000000007
1.10609999999989	6.768715660439	6.72080000000007
1.10809999999989	6.76743592023922	6.71940000000007
1.11009999999989	6.76616426227339	6.71801000000007
1.11209999999989	6.76490036802986	6.71662000000007
1.11409999999989	6.76364196728084	6.71524000000007
1.11609999999989	6.76238906806476	6.71387000000007
1.11809999999989	6.76114225815588	6.71250000000008
1.12009999999989	6.75990351330013	6.71114000000007
1.12209999999989	6.75866977333683	6.70979000000006
1.12409999999989	6.75744848467817	6.70844000000008
1.12609999999989	6.75623141906107	6.70710000000008
1.12809999999989	6.75502108538771	6.70576000000008
1.13009999999989	6.7538151281395	6.70444000000006
1.13209999999989	6.75261376723817	6.70311000000008
1.13409999999989	6.75141582072484	6.70180000000007
1.13609999999989	6.75021957939944	6.70049000000007
1.13809999999989	6.74902824451679	6.69918000000008
1.14009999999989	6.74784427319345	6.69788000000008
1.14209999999989	6.74666719631279	6.69659000000008
1.14409999999989	6.74549681786476	6.69531000000007
1.14609999999989	6.74433221179538	6.69403000000007
1.14809999999989	6.74317236949724	6.69275000000008
1.15009999999989	6.74201865940048	6.69148000000008
1.15209999999989	6.74087106471996	6.69022000000007
1.15409999999989	6.73972832798615	6.68896000000008
1.15609999999989	6.73859036689251	6.68771000000007
1.15809999999989	6.7374583066601	6.68647000000007
1.16009999999989	6.73633243910082	6.68523000000007
1.16209999999989	6.73521295491532	6.68399000000007
1.16409999999989	6.73409969882054	6.68276000000007
1.16609999999989	6.73299213625218	6.68154000000007
1.16809999999989	6.73188997431234	6.68032000000007
1.17009999999989	6.73079301823311	6.67911000000007
1.17209999999989	6.72970155461646	6.67790000000007
1.17409999999989	6.72861348656213	6.67670000000007
1.17609999999989	6.72752872694903	6.67550000000007
1.17809999999989	6.72644921086886	6.67431000000007
1.18009999999989	6.72537557185513	6.67312000000007
1.18209999999989	6.7243061137029	6.67194000000007
1.18409999999989	6.72324282120006	6.67076000000007
1.18609999999989	6.72218378307153	6.66959000000007
1.18809999999989	6.72112884606421	6.66842000000007
1.19009999999989	6.72008350379323	6.66726000000007
1.19209999999989	6.71904237786359	6.66610000000007
1.19409999999988	6.71800629167198	6.66495000000007
1.19609999999988	6.71697408956568	6.66380000000007
1.19809999999988	6.71594726705613	6.66266000000007
1.20009999999988	6.71492607799501	6.66152000000007
1.20209999999988	6.71391017700196	6.66039000000006
1.20409999999988	6.71289963104279	6.65926000000007
1.20609999999988	6.71189339884045	6.65814000000006
1.20809999999988	6.71089209697618	6.65702000000006
1.21009999999988	6.70989562388808	6.65590000000007
1.21209999999988	6.70890301378988	6.65479000000007
1.21409999999988	6.70791376572572	6.65369000000006
1.21609999999988	6.70692610718897	6.65259000000006
1.21809999999988	6.70594039785808	6.65149000000006
1.22009999999988	6.70495882008555	6.65040000000006
1.22209999999988	6.70398100801651	6.64931000000006
1.22409999999988	6.70300697394194	6.64823000000006
1.22609999999988	6.70203779607244	6.64715000000006
1.22809999999988	6.70107329687327	6.64607000000007
1.23009999999988	6.70011103554778	6.64500000000007
1.23209999999988	6.69915493954222	6.64394000000006
1.23409999999988	6.69820396472224	6.64288000000006
1.23609999999988	6.69725751811798	6.64182000000006
1.23809999999988	6.69631391465605	6.64076000000007
1.24009999999988	6.69537546327539	6.63971000000007
1.24209999999988	6.69444210778934	6.63867000000006
1.24409999999988	6.69351371758163	6.63763000000006
1.24609999999988	6.6925902528076	6.63659000000006
1.24809999999988	6.6916715774916	6.63556000000006
1.25009999999988	6.69075772325971	6.63453000000006
1.25209999999988	6.68984845352689	6.63350000000006
1.25409999999988	6.688943510549	6.63248000000006
1.25609999999988	6.68804156462117	6.63146000000006
1.25809999999988	6.68714284465002	6.63045000000006
1.26009999999988	6.6862438872205	6.62944000000006
1.26209999999988	6.68534794484692	6.62843000000006
1.26409999999988	6.68445653089356	6.62743000000006
1.26609999999988	6.68356739135594	6.62643000000006
1.26809999999988	6.68268289079213	6.62544000000006
1.27009999999988	6.68180232193005	6.62445000000006
1.27209999999988	6.68092634518955	6.62346000000006
1.27409999999988	6.68005479109893	6.62248000000006
1.27609999999988	6.67918745187866	6.62150000000006
1.27809999999988	6.67832434976868	6.62052000000006
1.28009999999988	6.67746541932888	6.61955000000006
1.28209999999988	6.67660816078673	6.61858000000006
1.28409999999988	6.67575437856935	6.61761000000006
1.28609999999987	6.67490361378049	6.61665000000006
1.28809999999987	6.67405818580681	6.61569000000006
1.29009999999987	6.67321635984966	6.61474000000006
1.29209999999987	6.67237840905397	6.61379000000005
1.29409999999987	6.67154437528584	6.61284000000006
1.29609999999987	6.67071432257459	6.61189000000006
1.29809999999987	6.66988815561532	6.61095000000006
1.30009999999987	6.66906467024808	6.61001000000006
1.30209999999987	6.66824265237414	6.60908000000006
1.30409999999987	6.66742120247245	6.60815000000005
1.30609999999987	6.66660037621251	6.60722000000006
1.30809999999987	6.66578355705315	6.60629000000006
1.31009999999987	6.66497074434377	6.60537000000006
1.31209999999987	6.66416181111352	6.60445000000006
1.31409999999987	6.66335696038765	6.60354000000006
1.31609999999987	6.6625562785935	6.60263000000005
1.31809999999987	6.6617577647859	6.60172000000005
1.32009999999987	6.66096207990642	6.60081000000006
1.32209999999987	6.66017025680504	6.59991000000007
1.32409999999987	6.65938266361015	6.59901000000006
1.32609999999987	6.65859679270523	6.59811000000007
1.32809999999987	6.65781358767141	6.59722000000006
1.33009999999987	6.65703393660084	6.59633000000006
1.33209999999987	6.65625841689811	6.59544000000007
1.33409999999987	6.65548683236974	6.59456000000005
1.33609999999987	6.65471895766886	6.59368000000005
1.33809999999987	6.65395450214823	6.59280000000005
1.34009999999987	6.65319331366988	6.59193000000005
1.34209999999987	6.65243530825131	6.59105000000007
1.34409999999987	6.65168036249888	6.59018000000007
1.34609999999987	6.65092704800078	6.58932000000005
1.34809999999987	6.65017497044861	6.58845000000007
1.35009999999987	6.64942371489668	6.58759000000007
1.35209999999987	6.64867395363531	6.58674000000005
1.35409999999987	6.64792740249437	6.58588000000005
1.35609999999987	6.64718435531397	6.58503000000005
1.35809999999987	6.64644461676201	6.58418000000005
1.36009999999987	6.64570970472755	6.58333000000005
1.36209999999987	6.6449778429735	6.58249000000005
1.36409999999987	6.64424824640371	6.58165000000005
1.36609999999987	6.64352083553996	6.58081000000005
1.36809999999987	6.64279542485543	6.57997000000007
1.37009999999987	6.64207384198112	6.57914000000005
1.37209999999987	6.64135545100966	6.57831000000005
1.37409999999987	6.64063913957219	6.57748000000005
1.37609999999986	6.63992584944253	6.57666000000005
1.37809999999986	6.63921644950883	6.57584000000005
1.38009999999986	6.63851097799709	6.57502000000005
1.38209999999986	6.63780926264408	6.57420000000005
1.38409999999986	6.63711106948088	6.57339000000005
1.38609999999986	6.63641586330097	6.57257000000005
1.38809999999986	6.63572360643552	6.57176000000006
1.39009999999986	6.63503452816097	6.57096000000006
1.39209999999986	6.63434866708833	6.57015000000006
1.39409999999986	6.63366533667419	6.56935000000006
1.39609999999986	6.63298309818931	6.56855000000006
1.39809999999986	6.63230089487439	6.56776000000005
1.40009999999986	6.6316190536109	6.56696000000006
1.40209999999986	6.63093976618789	6.56617000000006
1.40409999999986	6.63026367534323	6.56538000000006
1.40609999999986	6.62958929540021	6.56459000000006
1.40809999999986	6.62891696322332	6.56381000000006
1.41009999999986	6.62824800886115	6.56303000000006
1.41209999999986	6.62758107952243	6.56225000000006
1.41409999999986	6.62691475715821	6.56147000000006
1.41609999999986	6.62625075086951	6.56069000000006
1.41809999999986	6.62558984998374	6.55992000000006
1.42009999999986	6.62493198266851	6.55915000000006
1.42209999999986	6.62427441739371	6.55838000000006
1.42409999999986	6.62361928367521	6.55762000000006
1.42609999999986	6.62296732395572	6.55685000000006
1.42809999999986	6.62231842641769	6.55609000000006
1.43009999999986	6.62167256266122	6.55534000000004
1.43209999999986	6.62102945594496	6.55458000000006
1.43409999999986	6.62038710593835	6.55382000000006
1.43609999999986	6.61974782982111	6.55307000000006
1.43809999999986	6.61911092803229	6.55232000000006
1.44009999999986	6.61847674077799	6.55158000000004
1.44209999999986	6.61784512197584	6.55083000000006
1.44409999999986	6.61721412779786	6.55009000000004
1.44609999999986	6.61658440938274	6.54935000000004
1.44809999999986	6.61595506628859	6.54861000000004
1.45009999999986	6.61532686911596	6.54787000000006
1.45209999999986	6.61470153640229	6.54714000000004
1.45409999999986	6.61407888936197	6.54640000000006
1.45609999999986	6.613458941741	6.54567000000006
1.45809999999986	6.6128418034716	6.54494000000006
1.46009999999986	6.61222762460947	6.54422000000004
1.46209999999986	6.61161650672966	6.54349000000006
1.46409999999986	6.61100834929858	6.54277000000006
1.46609999999985	6.61040176869033	6.54205000000006
1.46809999999985	6.60979743669475	6.54133000000006
1.47009999999985	6.60919576641934	6.54062000000004
1.47209999999985	6.60859590414449	6.53990000000006
1.47409999999985	6.60799645845538	6.53919000000006
1.47609999999985	6.60739851021652	6.53848000000006
1.47809999999985	6.60680377726893	6.53778000000004
1.48009999999985	6.60621208025404	6.53707000000004
1.48209999999985	6.60562329414818	6.53637000000004
1.48409999999985	6.60503737053156	6.53566000000006
1.48609999999985	6.60445215198661	6.53496000000006
1.48809999999985	6.60386923654256	6.53427000000004
1.49009999999985	6.60328808439579	6.53357000000004
1.49209999999985	6.60270848296806	6.53288000000004
1.49409999999985	6.60213082045377	6.53218000000006
1.49609999999985	6.60155352513709	6.53149000000006
1.49809999999985	6.60097537460911	6.53081000000004
1.50009999999985	6.60039745456081	6.53012000000004
1.50209999999985	6.59981990239641	6.52943000000006
1.50409999999985	6.59924444686653	6.52875000000006
1.50609999999985	6.59867182314476	6.52807000000004
1.50809999999985	6.59810214326128	6.52739000000006
1.51009999999985	6.5975353601018	6.52671000000006
1.51209999999985	6.59697154831886	6.52604000000004
1.51409999999985	6.59641054218978	6.52537000000005
1.51609999999985	6.59585158201554	6.52469000000006
1.51809999999985	6.59529408675855	6.52402000000006
1.52009999999985	6.59473913809814	6.52336000000005
1.52209999999985	6.59418640676745	6.52269000000005
1.52409999999985	6.59363244463432	6.52202000000006
1.52609999999985	6.59307914101263	6.52136000000005
1.52809999999985	6.59252809489983	6.52070000000005
1.53009999999985	6.59197909222213	6.52004000000005
1.53209999999985	6.59143253946601	6.51938000000006
1.53409999999985	6.59088874120014	6.51873000000005
1.53609999999985	6.59034759344955	6.51807000000006
1.53809999999985	6.58980837233134	6.51742000000005
1.54009999999985	6.58927149779715	6.51677000000005
1.54209999999985	6.58873677954422	6.51612000000005
1.54409999999985	6.58820401964064	6.51547000000006
1.54609999999985	6.58767315050174	6.51483000000005
1.54809999999985	6.58714167949468	6.51418000000006
1.55009999999985	6.58661145099124	6.51354000000005
1.55209999999985	6.58608084568071	6.51290000000005
1.55409999999985	6.58555081450808	6.51226000000005
1.55609999999985	6.58502324074097	6.51163000000005
1.55809999999984	6.58449817311025	6.51099000000005
1.56009999999984	6.58397549226514	6.51036000000005
1.56209999999984	6.58345525144863	6.50972000000005
1.56409999999984	6.58293731937927	6.50909000000005
1.56609999999984	6.5824218658808	6.50846000000005
1.56809999999984	6.58190911893035	6.50783000000006
1.57009999999984	6.58139714167975	6.50721000000005
1.57209999999984	6.58088530183271	6.50658000000006
1.57409999999984	6.58037619798978	6.50596000000005
1.57609999999984	6.57986852514986	6.50534000000005
1.57809999999984	6.57936138412332	6.50472000000005
1.58009999999984	6.57885411486466	6.50410000000005
1.58209999999984	6.57834962234703	6.50349000000005
1.58409999999984	6.57784787066023	6.50287000000005
1.58609999999984	6.57734886867052	6.50226000000005
1.58809999999984	6.57685262037123	6.50164000000005
1.59009999999984	6.5763588054258	6.50103000000005
1.59209999999984	6.57586700628086	6.50042000000005
1.59409999999984	6.57537708697993	6.49982000000005
1.59609999999984	6.57488850531921	6.49921000000005
1.59809999999984	6.57440174741115	6.49861000000005
1.60009999999984	6.57391611088363	6.49800000000005
1.60209999999984	6.57343053453145	6.49740000000005
1.60409999999984	6.5729452556958	6.49680000000005
1.60609999999984	6.5724587443731	6.49620000000005
1.60809999999984	6.57197211113199	6.49560000000005
1.61009999999984	6.57148641688376	6.49501000000005
1.61209999999984	6.57100313093885	6.49441000000005
1.61409999999984	6.57052223271633	6.49382000000005
1.61609999999984	6.57004383257525	6.49323000000005
1.61809999999984	6.56956775672921	6.49264000000005
1.62009999999984	6.56909399254773	6.49205000000005
1.62209999999984	6.56862241490226	6.49146000000005
1.62409999999984	6.56815297765204	6.49088000000005
1.62609999999984	6.56768439571126	6.49029000000005
1.62809999999984	6.56721810400895	6.48971000000005
1.63009999999984	6.5667542054562	6.48913000000005
1.63209999999984	6.56629238626424	6.48855000000005
1.63409999999984	6.56582961340474	6.48797000000005
1.63609999999984	6.56536867428294	6.48739000000005
1.63809999999984	6.56491023847422	6.48682000000003
1.64009999999984	6.56445440526813	6.48624000000005
1.64209999999984	6.56400050530952	6.48567000000005
1.64409999999984	6.56354917477648	6.48509000000005
1.64609999999984	6.56310033926526	6.48452000000005
1.64809999999983	6.56265078240428	6.48395000000005
1.65009999999983	6.56220219413507	6.48339000000003
1.65209999999983	6.56175569520446	6.48282000000005
1.65409999999983	6.56131127280923	6.48225000000005
1.65609999999983	6.56086768936115	6.48169000000005
1.65809999999983	6.5604266372928	6.48113000000003
1.66009999999983	6.55998265566983	6.48056000000005
1.66209999999983	6.55953908664675	6.48000000000005
1.66409999999983	6.55909634556943	6.47944000000005
1.66609999999983	6.55865433804197	6.47889000000003
1.66809999999983	6.55821476309669	6.47833000000005
1.67009999999983	6.55777740498099	6.47778000000003
1.67209999999983	6.55734219230431	6.47722000000005
1.67409999999983	6.55690774496546	6.47667000000005
1.67609999999983	6.55647324705267	6.47612000000003
1.67809999999983	6.55603889373569	6.47557000000003
1.68009999999983	6.55560528692164	6.47502000000003
1.68209999999983	6.55517388405319	6.47447000000005
1.68409999999983	6.5547419743748	6.47392000000005
1.68609999999983	6.55431241852807	6.47338000000005
1.68809999999983	6.55388520223463	6.47283000000005
1.69009999999983	6.55346032971075	6.47229000000005
1.69209999999983	6.55303577560053	6.47175000000005
1.69409999999983	6.55261217594261	6.47121000000005
1.69609999999983	6.55219067057139	6.47067000000005
1.69809999999983	6.55177088200202	6.47013000000005
1.70009999999983	6.55135146771927	6.46959000000005
1.70209999999983	6.5509337433026	6.46906000000005
1.70409999999983	6.55051763000286	6.46852000000005
1.70609999999983	6.55010350571821	6.46799000000005
1.70809999999983	6.5496907125625	6.46746000000005
1.71009999999983	6.5492791502064	6.46693000000003
1.71209999999983	6.54886947081713	6.46640000000003
1.71409999999983	6.54846105565251	6.46587000000005
1.71609999999983	6.54805385163194	6.46534000000005
1.71809999999983	6.54764683098716	6.46482000000003
1.72009999999983	6.54723846371218	6.46429000000005
1.72209999999983	6.54682946843377	6.46377000000003
1.72409999999983	6.54641901820073	6.46324000000005
1.72609999999983	6.54601048392335	6.46272000000005
1.72809999999983	6.54560342433194	6.46220000000005
1.73009999999983	6.54519865730504	6.46168000000005
1.73209999999983	6.5447961045755	6.46116000000005
1.73409999999983	6.54439579060873	6.46065000000003
1.73609999999983	6.54399787956704	6.46013000000004
1.73809999999983	6.54360222678058	6.45961000000005
1.74009999999982	6.54320874608495	6.45910000000005
1.74209999999982	6.54281600650021	6.45859000000003
1.74409999999982	6.54242474552999	6.45808000000003
1.74609999999982	6.54203576377547	6.45756000000005
1.74809999999982	6.54164887171257	6.45705000000005
1.75009999999982	6.54126094762676	6.45655000000003
1.75209999999982	6.54087271156783	6.45604000000003
1.75409999999982	6.54048676126684	6.45553000000005
1.75609999999982	6.54010329394921	6.45503000000004
1.75809999999982	6.53972018547829	6.45452000000005
1.76009999999982	6.53933819842084	6.45402000000004
1.76209999999982	6.53895852918208	6.45352000000004
1.76409999999982	6.53858091595581	6.45302000000004
1.76609999999982	6.53820489963214	6.45252000000004
1.76809999999982	6.53783013155912	6.45202000000004
1.77009999999982	6.53745758428567	6.45152000000004
1.77209999999982	6.53708645303969	6.45102000000005
1.77409999999982	6.53671616150308	6.45053000000004
1.77609999999982	6.53634730502245	6.45003000000005
1.77809999999982	6.53597603633373	6.44954000000004
1.78009999999982	6.53560452585779	6.44904000000005
1.78209999999982	6.53523257470079	6.44855000000005
1.78409999999982	6.53485969186255	6.44806000000005
1.78609999999982	6.53448833137905	6.44757000000005
1.78809999999982	6.53411698034461	6.44708000000005
1.79009999999982	6.53374764857104	6.44659000000005
1.79209999999982	6.53338047671655	6.44611000000004
1.79409999999982	6.53301535863045	6.44562000000006
1.79609999999982	6.53265124935283	6.44514000000004
1.79809999999982	6.53228695806085	6.44465000000005
1.80009999999982	6.53192466454046	6.44417000000004
1.80209999999982	6.53156378173049	6.44369000000004
1.80409999999982	6.5312027411498	6.44321000000004
1.80609999999982	6.53084398634242	6.44273000000004
1.80809999999982	6.53048730422011	6.44225000000004
1.81009999999982	6.53013250222849	6.44177000000004
1.81209999999982	6.52977767958117	6.44129000000006
1.81409999999982	6.52942306338853	6.44082000000004
1.81609999999982	6.5290699916691	6.44034000000006
1.81809999999982	6.52871904639436	6.43987000000004
1.82009999999982	6.52837004078815	6.43939000000006
1.82209999999982	6.52802280479902	6.43892000000006
1.82409999999982	6.52767731335881	6.43845000000004
1.82609999999982	6.52733363290584	6.43798000000004
1.82809999999982	6.52699176987139	6.43751000000004
1.83009999999981	6.52665093900846	6.43704000000005
1.83209999999981	6.5263115759332	6.43658000000004
1.83409999999981	6.52597318175315	6.43611000000004
1.83609999999981	6.52563673671597	6.43564000000006
1.83809999999981	6.52530141488004	6.43518000000004
1.84009999999981	6.52496584513067	6.43471000000006
1.84209999999981	6.52462875641107	6.43425000000004
1.84409999999981	6.52429182307498	6.43379000000004
1.84609999999981	6.52395359879502	6.43333000000004
1.84809999999981	6.52361774523076	6.43287000000004
1.85009999999981	6.52328060616421	6.43241000000004
1.85209999999981	6.52294585544353	6.43195000000004
1.85409999999981	6.52261317474502	6.43149000000004
1.85609999999981	6.52228265538762	6.43103000000006
1.85809999999981	6.52195439036428	6.43058000000004
1.86009999999981	6.52162818070042	6.43012000000006
1.86209999999981	6.52130392794359	6.42967000000004
1.86409999999981	6.52098146214303	6.42922000000004
1.86609999999981	6.52065831608041	6.42876000000006
1.86809999999981	6.52033481470309	6.42831000000006
1.87009999999981	6.52001291667331	6.42786000000004
1.87209999999981	6.51969296336864	6.42741000000006
1.87409999999981	6.5193719841151	6.42696000000006
1.87609999999981	6.51905165272082	6.42652000000004
1.87809999999981	6.51873322013184	6.42607000000004
1.88009999999981	6.51841700116033	6.42562000000004
1.88209999999981	6.5181028979238	6.42518000000004
1.88409999999981	6.51779078056292	6.42473000000004
1.88609999999981	6.51748047843101	6.42429000000004
1.88809999999981	6.51717176859474	6.42385000000004
1.89009999999981	6.51686512771463	6.42340000000006
1.89209999999981	6.51655978876528	6.42296000000004
1.89409999999981	6.51625329027944	6.42252000000004
1.89609999999981	6.51594840662268	6.42208000000004
1.89809999999981	6.51564502900521	6.42164000000006
1.90009999999981	6.51534301373892	6.42121000000004
1.90209999999981	6.51504023386579	6.42077000000004
1.90409999999981	6.5147372427036	6.42033000000004
1.90609999999981	6.51443367029429	6.41990000000004
1.90809999999981	6.51412986197727	6.41946000000004
1.91009999999981	6.51382509664548	6.41903000000004
1.91209999999981	6.51352156544283	6.41860000000004
1.91409999999981	6.51322001306728	6.41816000000006
1.91609999999981	6.51291893911784	6.41773000000004
1.91809999999981	6.51262014462281	6.41730000000004
1.9200999999998	6.51232351640575	6.41687000000004
1.9220999999998	6.51202898123909	6.41644000000006
1.9240999999998	6.51173508280803	6.41602000000004
1.9260999999998	6.51144116198579	6.41559000000004
1.9280999999998	6.51114945703608	6.41516000000004
1.9300999999998	6.51085730089625	6.41474000000004
1.9320999999998	6.51056633017231	6.41431000000004
1.9340999999998	6.51027787460109	6.41389000000004
1.9360999999998	6.50999183221425	6.41346000000004
1.9380999999998	6.50970799810875	6.41304000000004
1.9400999999998	6.50942371337155	6.41262000000004
1.9420999999998	6.50914019352939	6.41220000000004
1.9440999999998	6.50885865149142	6.41178000000004
1.9460999999998	6.50857896590296	6.41136000000004
1.9480999999998	6.50830141641649	6.41094000000004
1.9500999999998	6.50802332269708	6.41052000000004
1.9520999999998	6.50774656954579	6.41010000000006
1.9540999999998	6.50747175014971	6.40969000000004
1.9560999999998	6.50719665877526	6.40927000000004
1.9580999999998	6.50692115591798	6.40886000000004
1.9600999999998	6.50664558104233	6.40844000000004
1.9620999999998	6.50637169060091	6.40803000000004
1.9640999999998	6.50609928103334	6.40762000000004
1.9660999999998	6.50582835319525	6.40721000000004
1.9680999999998	6.50555769686334	6.40679000000006
1.9700999999998	6.50528603612999	6.40638000000004
1.9720999999998	6.5050124165361	6.40597000000006
1.9740999999998	6.50473832576647	6.40557000000004
1.9760999999998	6.50446210389285	6.40516000000004
1.9780999999998	6.50418753745886	6.40475000000004
1.9800999999998	6.50391460279639	6.40434000000004
1.9820999999998	6.50364349571844	6.40394000000004
1.9840999999998	6.50337117433651	6.40353000000004
1.9860999999998	6.50309890549568	6.40313000000004
1.9880999999998	6.50282880678116	6.40272000000004
1.9900999999998	6.50255984726985	6.40232000000004
1.9920999999998	6.50229092754167	6.40192000000004
1.9940999999998	6.50202383417121	6.40152000000004
1.9960999999998	6.50175593890876	6.40112000000004
1.9980999999998	6.50148905802425	6.40072000000004
