t	T
0	894.5	894.5
0.002	894.41	894.41
0.0041	894.315500000004	894.3155
0.006	894.230000000019	894.23
0.00800000000000001	894.140000000047	894.14
0.0101	894.04550000009	894.0455
0.0121	893.955500000146	893.9555
0.0141	893.865500000219	893.8655
0.0161	893.775500000308	893.7755
0.0180999999999999	893.685500000418	893.6855
0.0200999999999999	893.595500000548	893.5955
0.0220999999999999	893.505500000703	893.5055
0.0240999999999999	893.415500000885	893.4155
0.0260999999999999	893.325500001094	893.3255
0.0280999999999999	893.235500001335	893.2355
0.0300999999999999	893.14550000161	893.1455
0.0320999999999999	893.05550000192	893.0555
0.0341	892.96550000227	892.9655
0.036	892.880000002641	892.88
0.0380000000000001	892.790000003074	892.79
0.0400000000000001	892.700000003554	892.7
0.0420000000000002	892.610000004085	892.61
0.0440000000000002	892.520000004668	892.52
0.0460000000000003	892.430000005307	892.43
0.0480000000000003	892.340000006004	892.34
0.0500000000000004	892.250000006762	892.25
0.0520000000000005	892.160000007585	892.16
0.0540000000000005	892.070000008475	892.07
0.0560000000000006	891.980000009436	891.98
0.0580000000000006	891.89000001047	891.89
0.0600000000000007	891.800000011581	891.8
0.0620000000000007	891.710000012771	891.71
0.0640000000000008	891.620000014044	891.62
0.0660000000000009	891.530000015403	891.53
0.0680000000000009	891.440000016851	891.44
0.070000000000001	891.350000018312	891.35
0.072000000000001	891.260000027851	891.26
0.0740000000000011	891.170000038726	891.17
0.0760000000000012	891.08000005103	891.08
0.0780000000000012	890.990000064863	890.99
0.0800000000000013	890.900000080338	890.9
0.0820000000000013	890.810000097582	890.81
0.0840000000000014	890.720000116731	890.72
0.0860000000000014	890.630000137937	890.63
0.0880000000000015	890.540000161367	890.54
0.0900000000000016	890.450000187201	890.45
0.0920000000000016	890.360000215639	890.36
0.0940000000000017	890.270000246897	890.27
0.0960000000000017	890.180000281213	890.18
0.0980000000000018	890.090000318845	890.09
0.100000000000002	890.000000360076	890
0.102000000000002	889.910000405214	889.91
0.104000000000002	889.820000454596	889.82
0.106000000000002	889.730000508591	889.73
0.108000000000002	889.6400005676	889.64
0.110000000000002	889.550000632061	889.55
0.112000000000002	889.460000702454	889.46
0.114000000000002	889.370000779302	889.37
0.116000000000002	889.280000863188	889.28
0.118000000000002	889.19000095482	889.19
0.120000000000002	889.10000105501	889.1
0.122000000000002	889.010001164658	889.01
0.124000000000003	888.920001284765	888.92
0.126000000000002	888.830001416438	888.83
0.128000000000002	888.740001560908	888.74
0.130000000000002	888.65000171954	888.65
0.132000000000002	888.560001893843	888.56
0.134000000000002	888.470002085497	888.47
0.136000000000001	888.380002296358	888.38
0.138000000000001	888.290002528486	888.29
0.140000000000001	888.200002784159	888.2
0.142000000000001	888.110003065902	888.11
0.144	888.020003376509	888.02
0.146	887.930003719071	887.93
0.148	887.840004097005	887.84
0.1501	887.745504536043	887.7455
0.1521	887.655504998734	887.6555
0.154099999999999	887.565505509599	887.5655
0.156099999999999	887.47550607375	887.4755
0.158099999999999	887.385506696824	887.3855
0.160099999999999	887.295507385036	887.2955
0.162099999999998	887.205508145233	887.2055
0.164099999999998	887.115508984955	887.1155
0.166099999999998	887.0255099125	887.02551
0.168099999999998	886.935510936993	886.93551
0.170099999999998	886.845512068462	886.84551
0.172099999999997	886.755513317925	886.75551
0.174099999999997	886.665514697474	886.66551
0.176099999999997	886.575516220376	886.57551
0.178099999999997	886.485517901175	886.48551
0.180099999999996	886.395519755805	886.39551
0.182099999999996	886.305521801713	886.30551
0.184099999999996	886.215524057989	886.21552
0.186099999999996	886.125526545507	886.12552
0.188099999999996	886.035529287078	886.03552
0.190099999999995	885.945532307611	885.94552
0.192099999999995	885.855535634292	885.85553
0.194099999999995	885.76553929677	885.76553
0.196099999999995	885.675543327362	885.67553
0.198099999999995	885.585547761267	885.58554
0.200099999999994	885.4955526368	885.49554
0.202099999999994	885.405557995647	885.40554
0.204099999999994	885.315563883122	885.31555
0.206099999999994	885.225570348461	885.22555
0.208099999999993	885.135577445127	885.13556
0.210099999999993	885.045585231133	885.04557
0.212099999999993	884.955593769396	884.95557
0.214099999999993	884.865603128106	884.86558
0.216099999999993	884.775613381129	884.77559
0.218099999999992	884.685624608427	884.6856
0.220099999999992	884.595636896515	884.59561
0.222099999999992	884.505650338937	884.50563
0.224099999999992	884.415665036789	884.415640000001
0.226099999999991	884.325681099259	884.32565
0.228099999999991	884.23569864421	884.23567
0.230099999999991	884.145717798802	884.14569
0.232099999999991	884.055738700146	884.05571
0.234099999999991	883.965761496005	883.96573
0.23609999999999	883.875786345536	883.87575
0.23809999999999	883.785813420076	883.785780000001
0.24009999999999	883.69584290398	883.695810000001
0.24209999999999	883.605874995504	883.60584
0.244099999999989	883.515909907747	883.51587
0.246099999999989	883.425947869648	883.425910000001
0.248099999999989	883.33598912703	883.335940000001
0.250099999999989	883.24603394373	883.245990000001
0.252099999999989	883.156082602766	883.156030000001
0.254099999999988	883.066135407596	883.066090000001
0.256099999999988	882.976192683431	882.976140000001
0.258099999999988	882.886254778631	882.886200000001
0.260099999999988	882.796322054264	882.796270000001
0.262099999999987	882.706394887319	882.706340000001
0.264099999999987	882.616473729153	882.616420000001
0.266099999999987	882.526559035883	882.526500000001
0.268099999999987	882.436651295005	882.436590000001
0.270099999999987	882.346751027318	882.346690000001
0.272099999999986	882.256858788953	882.256800000001
0.274099999999986	882.166975173514	882.166910000001
0.276099999999986	882.077100814322	882.077040000001
0.278099999999986	881.987236386787	881.987170000001
0.280099999999985	881.897382610901	881.897320000001
0.282099999999985	881.80754025386	881.807470000001
0.284099999999985	881.717710132813	881.717640000001
0.286099999999985	881.627893117764	881.627830000001
0.288099999999985	881.538090134608	881.538030000001
0.290099999999984	881.448302168326	881.448240000001
0.292099999999984	881.35852496032	881.358470000001
0.294099999999984	881.268761244468	881.268720000001
0.296099999999984	881.179015725571	881.178980000001
0.298099999999983	881.08928968688	881.089270000001
0.300099999999983	880.999584491518	880.999580000001
0.302099999999983	880.909901586974	880.909910000001
0.304099999999983	880.820242509781	880.820260000001
0.306099999999983	880.730608890407	880.730640000001
0.308099999999982	880.641002458362	880.641050000001
0.310099999999982	880.551425047522	880.551490000001
0.312099999999982	880.461878601699	880.461960000001
0.314099999999982	880.372365180447	880.372470000001
0.316099999999982	880.282886851909	880.283010000001
0.318099999999981	880.19344551525	880.193590000001
0.320099999999981	880.104043547964	880.104210000001
0.322099999999981	880.014683482542	880.014870000001
0.324099999999981	879.925367997233	879.925590000001
0.32609999999998	879.836099923359	879.836340000001
0.32809999999998	879.746880589262	879.747160000001
0.33009999999998	879.65771163169	879.658030000001
0.33209999999998	879.568599096636	879.568950000001
0.33409999999998	879.479546992376	879.479940000001
0.336099999999979	879.390559072154	879.391000000001
0.338099999999979	879.301639296661	879.302120000001
0.340099999999979	879.212791843861	879.213330000001
0.342099999999979	879.124021119163	879.124610000001
0.344099999999978	879.035331765961	879.035970000001
0.346099999999978	878.946728676531	878.947430000001
0.348099999999978	878.85821700331	878.858980000001
0.350099999999978	878.769802170531	878.770620000001
0.352099999999978	878.681484004475	878.682380000001
0.354099999999977	878.593273459336	878.594240000001
0.356099999999977	878.505178262339	878.506230000001
0.358099999999977	878.417205145651	878.418340000001
0.360099999999977	878.329354762038	878.330580000001
0.362099999999976	878.24162955589	878.242960000001
0.364099999999976	878.154045605039	878.155480000001
0.366099999999976	878.06661089734	878.068160000001
0.368099999999976	877.979333813284	877.981010000001
0.370099999999976	877.892223141426	877.894030000001
0.372099999999975	877.805288094114	877.807230000001
0.374099999999975	877.718536861184	877.720620000001
0.376099999999975	877.63197693117	877.634220000001
0.378099999999975	877.545618843682	877.548020000001
0.380099999999974	877.459478884032	877.462050000001
0.382099999999974	877.3735683249	877.376320000001
0.384099999999974	877.287898668464	877.290840000001
0.386099999999974	877.202479969527	877.205610000001
0.388099999999974	877.117312205062	877.120660000001
0.390099999999973	877.032421242405	877.036000000001
0.392099999999973	876.947819828733	876.951640000001
0.394099999999973	876.863527838853	876.867600000001
0.396099999999973	876.779555839825	876.783890000001
0.398099999999972	876.695916684073	876.700530000001
0.400099999999972	876.612632637152	876.617540000001
0.402099999999972	876.529721403238	876.534930000001
0.404099999999972	876.447201395705	876.452720000001
0.406099999999972	876.365090931629	876.370940000001
0.408099999999971	876.28340750285	876.289590000001
0.410099999999971	876.202168302145	876.208710000001
0.412099999999971	876.121388128374	876.128310000001
0.414099999999971	876.041099249675	876.048410000001
0.41609999999997	875.961312730016	875.969040000001
0.41809999999997	875.882052028694	875.890220000001
0.42009999999997	875.803348573907	875.811970000001
0.42209999999997	875.725228475961	875.734320000001
0.42409999999997	875.647722116084	875.657300000001
0.426099999999969	875.570847821081	875.580930000001
0.428099999999969	875.494627218454	875.505240000001
0.430099999999969	875.419075135598	875.430250000001
0.432099999999969	875.344237273035	875.355990000001
0.434099999999969	875.270140694839	875.282500000001
0.436099999999968	875.196816127604	875.209800000001
0.438099999999968	875.124288826396	875.137930000001
0.440099999999968	875.052575124442	875.066910000001
0.442099999999968	874.981730459765	874.996780000001
0.444099999999967	874.911778875892	874.927570000001
0.446099999999967	874.842757530546	874.859310000001
0.448099999999967	874.774691402891	874.792040000001
0.450099999999967	874.707632235993	874.725790000001
0.452099999999967	874.641582755275	874.660600000001
0.454099999999966	874.576596954414	874.596490000001
0.456099999999966	874.512714562824	874.533520000001
0.458099999999966	874.449957583656	874.471700000001
0.460099999999966	874.388357455842	874.411090000001
0.462099999999965	874.327965374547	874.351700000001
0.464099999999965	874.26877753577	874.293590000001
0.466099999999965	874.210867084978	874.236790000001
0.468099999999965	874.15425280693	874.181330000001
0.470099999999965	874.098991035562	874.127250000001
0.472099999999964	874.045136091865	874.074590000001
0.474099999999964	873.992747470311	874.023370000001
0.476099999999964	873.94182793914	873.973650000001
0.478099999999964	873.892404459238	873.925440000001
0.480099999999963	873.844481415347	873.878790000001
0.482099999999963	873.798129065381	873.833730000001
0.484099999999963	873.75339172756	873.790290000001
0.486099999999963	873.710261457711	873.748510000001
0.488099999999963	873.668751377656	873.708410000001
0.490099999999962	873.628931854004	873.670020000001
0.492099999999962	873.59083346207	873.633370000001
0.494099999999962	873.554465060431	873.598500000001
0.496099999999962	873.519853458028	873.565420000001
0.498099999999961	873.487039426449	873.534150000001
0.500099999999961	873.456054129835	873.504730000001
0.502099999999961	873.426901551455	873.47717
0.504099999999961	873.399626060083	873.45148
0.506099999999961	873.374241975932	873.42769
0.50809999999996	873.350742322164	873.40582
0.51009999999996	873.329126454278	873.38586
0.51209999999996	873.309398784324	873.36784
0.51409999999996	873.291598383026	873.35177
0.516099999999959	873.275726539393	873.33764
0.518099999999959	873.261801212265	873.32546
0.520099999999959	873.249827552857	873.31523
0.522099999999959	873.23980017974	873.30695
0.524099999999959	873.231724985654	873.30062
0.526099999999958	873.225578818616	873.29623
0.528099999999958	873.221365273347	873.29377
0.530099999999958	873.219055120168	873.29323
0.532099999999958	873.218617989791	873.2946
0.534099999999958	873.220098331514	873.29786
0.536099999999957	873.223448932706	873.30299
0.538099999999957	873.228670640281	873.30998
0.540099999999957	873.235727436517	873.31879
0.542099999999957	873.244597495826	873.32941
0.544099999999956	873.255270196546	873.34181
0.546099999999956	873.267705940794	873.35595
0.548099999999956	873.281872121076	873.37182
0.550099999999956	873.297717512169	873.38937
0.552099999999956	873.315223037689	873.40857
0.554099999999955	873.334347948547	873.42938
0.556099999999955	873.355016615199	873.45177
0.558099999999955	873.37721918923	873.475699999999
0.560099999999955	873.400931175136	873.501129999999
0.562099999999954	873.426127968637	873.528019999999
0.564099999999954	873.452733648861	873.556319999999
0.566099999999954	873.48074321425	873.585989999999
0.568099999999954	873.510102168746	873.616989999999
0.570099999999954	873.540800249865	873.649269999999
0.572099999999953	873.572777639983	873.682789999999
0.574099999999953	873.606000719228	873.717509999999
0.576099999999953	873.640401902092	873.753369999999
0.578099999999953	873.675910418411	873.790329999999
0.580099999999952	873.712481758219	873.828349999999
0.582099999999952	873.7500722164	873.867369999999
0.584099999999952	873.788653330347	873.907359999999
0.586099999999952	873.828203520583	873.948269999999
0.588099999999952	873.868670291298	873.990049999999
0.590099999999951	873.909981271691	874.032659999999
0.592099999999951	873.95208151407	874.076049999999
0.594099999999951	873.994950823384	874.120179999999
0.596099999999951	874.03852060964	874.164999999999
0.59809999999995	874.08275069427	874.210479999999
0.60009999999995	874.127606628153	874.256569999999
0.60209999999995	874.173045308855	874.303239999999
0.60409999999995	874.219055323707	874.350429999999
0.60609999999995	874.265585946465	874.398119999999
0.608099999999949	874.31259365846	874.446259999999
0.610099999999949	874.360041275265	874.494819999999
0.612099999999949	874.407881277912	874.543759999999
0.614099999999949	874.456087922569	874.593039999999
0.616099999999948	874.504616574795	874.642639999999
0.618099999999948	874.553435192794	874.692509999999
0.620099999999948	874.602495069524	874.742629999999
0.622099999999948	874.65180557199	874.792969999999
0.624099999999948	874.701296604558	874.843489999999
0.626099999999947	874.750939055088	874.894159999999
0.628099999999947	874.800707761512	874.944969999999
0.630099999999947	874.850590351344	874.995879999999
0.632099999999947	874.900577716081	875.046859999999
0.634099999999946	874.950676068216	875.097899999999
0.636099999999946	875.000817960008	875.148959999999
0.638099999999946	875.05098683172	875.200029999999
0.640099999999946	875.101163154584	875.251079999999
0.642099999999946	875.151318121495	875.302089999999
0.644099999999945	875.201406075645	875.353049999999
0.646099999999945	875.251418006255	875.403929999999
0.648099999999945	875.30133595791	875.454719999999
0.650099999999945	875.351128687823	875.505399999999
0.652099999999945	875.400798173517	875.555949999999
0.654099999999944	875.450337636567	875.606369999999
0.656099999999944	875.499725595841	875.656619999999
0.658099999999944	875.548970397043	875.706699999999
0.660099999999944	875.598085041616	875.756609999999
0.662099999999943	875.64700931968	875.806309999999
0.664099999999943	875.695717050947	875.855809999999
0.666099999999943	875.744181097655	875.905099999999
0.668099999999943	875.792407595991	875.954149999999
0.670099999999943	875.840373144664	876.002969999999
0.672099999999942	875.888094791346	876.051549999999
0.674099999999942	875.935569894432	876.099869999999
0.676099999999942	875.982771686554	876.147929999999
0.678099999999942	876.029697177742	876.195719999999
0.680099999999941	876.076356170518	876.243229999999
0.682099999999941	876.122754676491	876.290469999999
0.684099999999941	876.168868683424	876.337419999999
0.686099999999941	876.214692988057	876.384079999999
0.688099999999941	876.260224762058	876.430439999999
0.69009999999994	876.305470980983	876.476499999999
0.69209999999994	876.350405793909	876.522249999999
0.69409999999994	876.395028596812	876.567699999999
0.69609999999994	876.439315530927	876.612829999999
0.698099999999939	876.483269304713	876.657659999999
0.700099999999939	876.526899405053	876.702159999999
0.702099999999939	876.570213281029	876.746349999999
0.704099999999939	876.613215730825	876.790219999999
0.706099999999939	876.655926106239	876.833769999999
0.708099999999938	876.698313824921	876.876989999999
0.710099999999938	876.740363839334	876.919889999999
0.712099999999938	876.782077152674	876.962459999999
0.714099999999938	876.823483095228	877.004709999999
0.716099999999937	876.864545416417	877.046639999999
0.718099999999937	876.905273262495	877.088239999999
0.720099999999937	876.945667864769	877.129509999999
0.722099999999937	876.985740763671	877.170459999999
0.724099999999937	877.025488162795	877.211089999999
0.726099999999936	877.06490499073	877.251389999999
0.728099999999936	877.103973475581	877.291369999999
0.730099999999936	877.142700876355	877.331019999999
0.732099999999936	877.181085312223	877.370359999999
0.734099999999935	877.219137081107	877.409369999999
0.736099999999935	877.256863715932	877.448069999999
0.738099999999935	877.294270447383	877.486449999999
0.740099999999935	877.33136844378	877.524509999999
0.742099999999935	877.368183245008	877.562259999999
0.744099999999934	877.40469033148	877.599689999999
0.746099999999934	877.440892531843	877.636819999999
0.748099999999934	877.476784997009	877.673639999999
0.750099999999934	877.512397600816	877.710149999999
0.752099999999933	877.547700834638	877.746349999999
0.754099999999933	877.582694918127	877.782249999999
0.756099999999933	877.61738765475	877.817859999999
0.758099999999933	877.651772721873	877.853159999999
0.760099999999933	877.685879853125	877.888169999999
0.762099999999932	877.719685434621	877.922879999999
0.764099999999932	877.753200836989	877.957299999999
0.766099999999932	877.786423103604	877.991429999999
0.768099999999932	877.819354331935	878.025279999999
0.770099999999932	877.851977623256	878.058839999999
0.772099999999931	877.884310450709	878.092109999999
0.774099999999931	877.916358008667	878.125109999999
0.776099999999931	877.948124922253	878.157829999999
0.778099999999931	877.979609967226	878.190279999999
0.78009999999993	878.010825822143	878.222449999999
0.78209999999993	878.041787732437	878.254349999999
0.78409999999993	878.072472946861	878.285989999999
0.78609999999993	878.102886959352	878.317349999999
0.78809999999993	878.133028720422	878.348459999999
0.790099999999929	878.162911190218	878.379309999999
0.792099999999929	878.192530432267	878.409899999999
0.794099999999929	878.221883320598	878.440229999999
0.796099999999929	878.250975964138	878.470309999999
0.798099999999928	878.279807688269	878.500149999999
0.800099999999928	878.308382905485	878.529729999999
0.802099999999928	878.336733840657	878.559069999999
0.804099999999928	878.364840866082	878.588159999999
0.806099999999928	878.3927107353	878.617019999999
0.808099999999927	878.420331074881	878.645639999999
0.810099999999927	878.447706603729	878.674019999999
0.812099999999927	878.474846072046	878.702169999999
0.814099999999927	878.501757175622	878.730089999999
0.816099999999926	878.528437425107	878.757779999999
0.818099999999926	878.554905745048	878.785249999999
0.820099999999926	878.581151248624	878.812489999999
0.822099999999926	878.607169426038	878.839509999999
0.824099999999926	878.632968141365	878.866309999999
0.826099999999925	878.658570736865	878.892899999999
0.828099999999925	878.683946575679	878.919269999999
0.830099999999925	878.709114355013	878.945429999999
0.832099999999925	878.734066117938	878.971379999999
0.834099999999924	878.758813990157	878.997119999999
0.836099999999924	878.7833657967	879.022659999999
0.838099999999924	878.807723511009	879.047989999999
0.840099999999924	878.831872557615	879.073129999999
0.842099999999924	878.855817127636	879.098069999999
0.844099999999923	878.879567335723	879.122799999999
0.846099999999923	878.903123965628	879.147349999999
0.848099999999923	878.926490502755	879.171699999999
0.850099999999923	878.949681786375	879.195869999999
0.852099999999922	878.972677587235	879.219839999999
0.854099999999922	878.995494400443	879.243629999999
0.856099999999922	879.018129368734	879.267229999999
0.858099999999922	879.04057480746	879.290659999999
0.860099999999922	879.062829650808	879.313899999999
0.862099999999921	879.084897389327	879.336969999999
0.864099999999921	879.106785240226	879.359849999999
0.866099999999921	879.128493715205	879.382569999999
0.868099999999921	879.150030178861	879.405109999999
0.87009999999992	879.171394849809	879.427479999999
0.87209999999992	879.192588765482	879.449689999999
0.87409999999992	879.213613269881	879.471719999999
0.87609999999992	879.2344923212	879.493599999999
0.87809999999992	879.255207293888	879.515299999999
0.880099999999919	879.275756706643	879.536849999999
0.882099999999919	879.296146827648	879.558239999999
0.884099999999919	879.316375800693	879.579469999999
0.886099999999919	879.336439352038	879.600539999999
0.888099999999919	879.356357024168	879.621459999999
0.890099999999918	879.376118893227	879.642229999999
0.892099999999918	879.39573077375	879.662839999999
0.894099999999918	879.415196202721	879.683309999999
0.896099999999918	879.434512521121	879.703629999999
0.898099999999917	879.453677920395	879.723799999999
0.900099999999917	879.472690695737	879.743829999999
0.902099999999917	879.49157529605	879.763709999999
0.904099999999917	879.510324985785	879.783449999999
0.906099999999917	879.528930217645	879.803049999999
0.908099999999916	879.54739971499	879.822519999999
0.910099999999916	879.5657284661	879.841839999999
0.912099999999916	879.58391537688	879.861029999999
0.914099999999916	879.601965878763	879.880089999999
0.916099999999915	879.619881792128	879.899009999999
0.918099999999915	879.637677532222	879.917799999999
0.920099999999915	879.655346315778	879.936469999999
0.922099999999915	879.672889232866	879.954999999999
0.924099999999915	879.690304937707	879.973399999999
0.926099999999914	879.707592003283	879.991679999999
0.928099999999914	879.724750357115	880.009839999999
0.930099999999914	879.74179775783	880.027869999999
0.932099999999914	879.758749337691	880.045779999999
0.934099999999913	879.775580321735	880.063569999999
0.936099999999913	879.792288519486	880.081239999999
0.938099999999913	879.808874204514	880.098789999999
0.940099999999913	879.825336032073	880.116229999999
0.942099999999913	879.841671805998	880.133539999999
0.944099999999912	879.857888959887	880.150749999999
0.946099999999912	879.874005888095	880.167839999999
0.948099999999912	879.889998929146	880.184819999999
0.950099999999912	879.905877466902	880.201689999999
0.952099999999911	879.92164370004	880.218439999999
0.954099999999911	879.937298440401	880.235089999999
0.956099999999911	879.952858995202	880.251629999999
0.958099999999911	879.968315499291	880.268069999999
0.960099999999911	879.983674893872	880.284399999999
0.96209999999991	879.99895045449	880.300619999999
0.96409999999991	880.014120948925	880.316739999999
0.96609999999991	880.02918186172	880.332759999999
0.96809999999991	880.044135625816	880.348679999999
0.970099999999909	880.058982128612	880.364499999999
0.972099999999909	880.073724016496	880.380209999999
0.974099999999909	880.088367961064	880.395829999999
0.976099999999909	880.102911694301	880.411359999999
0.978099999999909	880.11736380453	880.426779999999
0.980099999999908	880.131708813268	880.442109999999
0.982099999999908	880.145950485428	880.457349999999
0.984099999999908	880.160093007861	880.472489999999
0.986099999999908	880.174145029879	880.487539999999
0.988099999999908	880.188124042166	880.502499999999
0.990099999999907	880.202017368196	880.517369999999
0.992099999999907	880.215840101181	880.532149999999
0.994099999999907	880.229591900362	880.546839999999
0.996099999999907	880.243252402409	880.561439999999
0.998099999999906	880.256818830119	880.575949999999
1.00009999999991	880.270293009412	880.590379999999
1.00209999999991	880.283683154573	880.604719999999
1.00409999999991	880.296996936357	880.618979999999
1.00609999999991	880.310219578714	880.633149999999
1.00809999999991	880.323362839063	880.647239999999
1.01009999999991	880.336431759979	880.661249999999
1.0120999999999	880.349412121062	880.675179999999
1.0140999999999	880.362306009209	880.689019999999
1.0160999999999	880.375131195763	880.702789999999
1.0180999999999	880.387875524202	880.716479999999
1.0200999999999	880.400557285369	880.730089999999
1.0220999999999	880.413166571943	880.743619999999
1.0240999999999	880.425695865106	880.757069999999
1.0260999999999	880.438167202424	880.770449999999
1.0280999999999	880.45056947754	880.783749999999
1.0300999999999	880.462891697542	880.796979999999
1.0320999999999	880.475136837556	880.810129999999
1.0340999999999	880.487305822696	880.823209999999
1.0360999999999	880.49939552955	880.836209999999
1.0380999999999	880.511406006872	880.849149999999
1.0400999999999	880.523345216968	880.862009999999
1.0420999999999	880.53520687873	880.874799999999
1.0440999999999	880.547008636007	880.887529999999
1.0460999999999	880.558736286546	880.900179999999
1.0480999999999	880.570390318213	880.912759999999
1.0500999999999	880.581970600526	880.925279999999
1.0520999999999	880.593482667829	880.937729999999
1.0540999999999	880.604927142893	880.950109999999
1.0560999999999	880.616313991369	880.962419999999
1.0580999999999	880.627640882214	880.974669999999
1.0600999999999	880.638925894997	880.986859999999
1.0620999999999	880.650167843181	880.998979999999
1.0640999999999	880.661347038615	881.011029999999
1.0660999999999	880.672457380655	881.023019999999
1.0680999999999	880.68349895479	881.034949999999
1.0700999999999	880.694469416975	881.046819999999
1.0720999999999	880.705367366949	881.058619999999
1.0740999999999	880.716192168864	881.070369999999
1.0760999999999	880.726947627508	881.082049999999
1.0780999999999	880.737649431655	881.093669999999
1.0800999999999	880.748296141087	881.105239999999
1.0820999999999	880.758883271894	881.116739999999
1.0840999999999	880.769405676667	881.128189999999
1.0860999999999	880.779861575561	881.139569999999
1.0880999999999	880.790252716768	881.150899999999
1.0900999999999	880.800581755324	881.162179999999
1.0920999999999	880.810852419339	881.173389999999
1.0940999999999	880.821066230026	881.184549999999
1.0960999999999	880.831234729805	881.195659999999
1.0980999999999	880.841372879983	881.206709999999
1.1000999999999	880.851460621571	881.217699999999
1.1020999999999	880.861495735348	881.228639999999
1.10409999999989	880.871470352387	881.239529999999
1.10609999999989	880.881383621052	881.250359999999
1.10809999999989	880.891234449897	881.261139999999
1.11009999999989	880.901023177978	881.271869999999
1.11209999999989	880.910752246436	881.282539999999
1.11409999999989	880.920440272208	881.293169999999
1.11609999999989	880.930085613972	881.303739999999
1.11809999999989	880.939682944997	881.314269999999
1.12009999999989	880.949218305047	881.324739999999
1.12209999999989	880.95869529923	881.335159999999
1.12409999999989	880.968116467694	881.345529999999
1.12609999999989	880.977485283462	881.355859999999
1.12809999999989	880.986802277094	881.366129999999
1.13009999999989	880.996087217498	881.376359999999
1.13209999999989	881.005335179122	881.386539999999
1.13409999999989	881.014559649869	881.396669999999
1.13609999999989	881.023769197347	881.40676
1.13809999999989	881.032939643017	881.416789999999
1.14009999999989	881.042053505527	881.426789999999
1.14209999999989	881.051114431633	881.43673
1.14409999999989	881.060123705774	881.44663
1.14609999999989	881.069089691172	881.45649
1.14809999999989	881.078018010375	881.4663
1.15009999999989	881.086899283468	881.47606
1.15209999999989	881.095733329942	881.48579
1.15409999999989	881.104531137509	881.49546
1.15609999999989	881.113291165438	881.5051
1.15809999999989	881.122005638084	881.51469
1.16009999999989	881.130672362648	881.52424
1.16209999999989	881.139289825753	881.53374
1.16409999999989	881.147859760056	881.54321
1.16609999999989	881.156385848457	881.55263
1.16809999999989	881.164870486659	881.56201
1.17009999999989	881.173314916635	881.57135
1.17209999999989	881.181717486486	881.58065
1.17409999999989	881.190094600874	881.58991
1.17609999999989	881.198445542366	881.599129999999
1.17809999999989	881.206755444064	881.60831
1.18009999999989	881.215020386596	881.61744
1.18209999999989	881.223240193095	881.62654
1.18409999999989	881.231439107594	881.6356
1.18609999999989	881.239591377555	881.64463
1.18809999999989	881.24769795821	881.65361
1.19009999999989	881.255758949587	881.66256
1.19209999999989	881.263773323312	881.67146
1.19409999999988	881.271749171665	881.68033
1.19609999999988	881.279695906899	881.68917
1.19809999999988	881.287600210399	881.69796
1.20009999999988	881.295461264289	881.70672
1.20209999999988	881.303281531559	881.715439999999
1.20409999999988	881.311060886539	881.724129999999
1.20609999999988	881.318807251732	881.73278
1.20809999999988	881.326515357822	881.7414
1.21009999999988	881.334186406602	881.74998
1.21209999999988	881.341828188593	881.75852
1.21409999999988	881.34944455421	881.76703
1.21609999999988	881.35704854019	881.77551
1.21809999999988	881.364637710677	881.78395
1.22009999999988	881.372194014327	881.79235
1.22209999999988	881.379722121969	881.80073
1.22409999999988	881.387220316275	881.80907
1.22609999999988	881.394681107979	881.81737
1.22809999999988	881.402106899859	881.82565
1.23009999999988	881.409512255539	881.83389
1.23209999999988	881.416874063835	881.84209
1.23409999999988	881.424194513799	881.85027
1.23609999999988	881.431481327221	881.85841
1.23809999999988	881.438745092159	881.86652
1.24009999999988	881.445969202777	881.8746
1.24209999999988	881.453154094106	881.88265
1.24409999999988	881.460300789879	881.89067
1.24609999999988	881.467409642268	881.89865
1.24809999999988	881.474481558504	881.90661
1.25009999999988	881.481516419589	881.91453
1.25209999999988	881.488516090225	881.92242
1.25409999999988	881.495482515531	881.93029
1.25609999999988	881.502422156368	881.93812
1.25809999999988	881.509346245382	881.94592
1.26009999999988	881.516267864117	881.9537
1.26209999999988	881.523164775971	881.96144
1.26409999999988	881.530027909573	881.96916
1.26609999999988	881.536872419455	881.97684
1.26809999999988	881.543681593585	881.9845
1.27009999999988	881.550460207095	881.99213
1.27209999999988	881.557203478626	881.99973
1.27409999999988	881.563912794381	882.0073
1.27609999999988	881.57058973419	882.01485
1.27809999999988	881.577233933691	882.02236
1.28009999999988	881.583846081032	882.02985
1.28209999999988	881.590446463431	882.03731
1.28409999999988	881.597019356296	882.04475
1.28609999999987	881.603564578444	882.05215
1.28809999999987	881.610076848042	882.05953
1.29009999999987	881.616557328153	882.06688
1.29209999999987	881.623008053323	882.07421
1.29409999999987	881.629428659088	882.08151
1.29609999999987	881.635818474242	882.08879
1.29809999999987	881.642178539551	882.09603
1.30009999999987	881.648518436527	882.10326
1.30209999999987	881.654847545194	882.11045
1.30409999999987	881.661173423942	882.11762
1.30609999999987	881.667492352612	882.12477
1.30809999999987	881.673780240197	882.13189
1.31009999999987	881.680037392193	882.13898
1.31209999999987	881.686264692896	882.14605
1.31409999999987	881.692460419654	882.1531
1.31609999999987	881.69862434579	882.16012
1.31809999999987	881.704772317035	882.16712
1.32009999999987	881.710897494561	882.17409
1.32209999999987	881.716991893209	882.18104
1.32409999999987	881.723055958752	882.18796
1.32609999999987	881.729106808757	882.194859999999
1.32809999999987	881.735136329275	882.20174
1.33009999999987	881.741138000993	882.20859
1.33209999999987	881.747107968167	882.21542
1.33409999999987	881.753047675017	882.22223
1.33609999999987	881.758958963787	882.22901
1.33809999999987	881.764843971207	882.23577
1.34009999999987	881.770703885001	882.24251
1.34209999999987	881.776539325988	882.24922
1.34409999999987	881.782351264846	882.255919999999
1.34609999999987	881.788151867332	882.26259
1.34809999999987	881.793941560431	882.26924
1.35009999999987	881.799726035625	882.27586
1.35209999999987	881.805498648244	882.28247
1.35409999999987	881.811245704183	882.28905
1.35609999999987	881.816965840328	882.29561
1.35809999999987	881.822656194898	882.30215
1.36009999999987	881.828317696647	882.30866
1.36209999999987	881.83395166416	882.31516
1.36409999999987	881.839569162171	882.32164
1.36609999999987	881.845168966891	882.32809
1.36809999999987	881.850751065878	882.33452
1.37009999999987	881.856308667238	882.34093
1.37209999999987	881.861838783835	882.34733
1.37409999999987	881.867353930261	882.3537
1.37609999999986	881.872844790058	882.36005
1.37809999999986	881.878305654751	882.36638
1.38009999999986	881.883736308084	882.37269
1.38209999999986	881.889138079554	882.37898
1.38409999999986	881.894512925664	882.38525
1.38609999999986	881.899864917112	882.3915
1.38809999999986	881.905194107546	882.39773
1.39009999999986	881.910498781144	882.40394
1.39209999999986	881.915778618756	882.41013
1.39409999999986	881.921039410642	882.4163
1.39609999999986	881.92629238491	882.42246
1.39809999999986	881.931545151816	882.42859
1.40009999999986	881.93679527119	882.4347
1.40209999999986	881.942022936417	882.4408
1.40409999999986	881.947229422562	882.44688
1.40609999999986	881.952421842915	882.45294
1.40809999999986	881.957597569526	882.45897
1.41009999999986	881.962747205039	882.465
1.41209999999986	881.96788238693	882.471
1.41409999999986	881.973012594549	882.47698
1.41609999999986	881.978124233468	882.48295
1.41809999999986	881.983211983867	882.488899999999
1.42009999999986	881.988276373424	882.49483
1.42209999999986	881.993339805033	882.50074
1.42409999999986	881.998383093175	882.50663
1.42609999999986	882.003401995	882.51251
1.42809999999986	882.008397312359	882.51837
1.43009999999986	882.013369346795	882.52421
1.43209999999986	882.018320273369	882.53003
1.43409999999986	882.023262132556	882.53584
1.43609999999986	882.028187437958	882.54163
1.43809999999986	882.033090499772	882.5474
1.44009999999986	882.037972722963	882.55316
1.44209999999986	882.042835216177	882.5589
1.44409999999986	882.047693809287	882.56462
1.44609999999986	882.05254282272	882.57032
1.44809999999986	882.057388388584	882.57601
1.45009999999986	882.062224380307	882.58169
1.45209999999986	882.067038363847	882.58734
1.45409999999986	882.071831762509	882.59298
1.45609999999986	882.07660428293	882.5986
1.45809999999986	882.081355109609	882.60421
1.46009999999986	882.086083124995	882.6098
1.46209999999986	882.090787586263	882.61537
1.46409999999986	882.095469266012	882.62093
1.46609999999985	882.10013958359	882.62647
1.46809999999985	882.104791812837	882.631999999999
1.47009999999985	882.109423859415	882.63751
1.47209999999985	882.114040201341	882.64301
1.47409999999985	882.118658079384	882.64849
1.47609999999985	882.123261035193	882.65395
1.47809999999985	882.127839257772	882.6594
1.48009999999985	882.132394205203	882.66484
1.48209999999985	882.136926718811	882.67025
1.48409999999985	882.141437286813	882.67566
1.48609999999985	882.145943323568	882.68105
1.48809999999985	882.150430795862	882.68642
1.49009999999985	882.154905231718	882.69178
1.49209999999985	882.159365109213	882.69712
1.49409999999985	882.1638149911	882.70245
1.49609999999985	882.168260351227	882.70777
1.49809999999985	882.172712133345	882.71307
1.50009999999985	882.177162269871	882.71835
1.50209999999985	882.181608835639	882.72362
1.50409999999985	882.186038769795	882.72888
1.50609999999985	882.190446813681	882.73412
1.50809999999985	882.194832257221	882.739349999999
1.51009999999985	882.199195319892	882.74456
1.51209999999985	882.203535577713	882.74976
1.51409999999985	882.207854243436	882.75495
1.51609999999985	882.21215795957	882.76012
1.51809999999985	882.216449640744	882.76528
1.52009999999985	882.220721792664	882.770419999999
1.52209999999985	882.22497763471	882.77555
1.52409999999985	882.229243544696	882.78067
1.52609999999985	882.233501326356	882.78577
1.52809999999985	882.237745480364	882.79086
1.53009999999985	882.241971872647	882.79594
1.53209999999985	882.246179314614	882.801
1.53409999999985	882.250365482829	882.80605
1.53609999999985	882.254531568632	882.81109
1.53809999999985	882.258682651559	882.81611
1.54009999999985	882.26281571306	882.82112
1.54209999999985	882.26693225996	882.826119999999
1.54409999999985	882.271033775491	882.8311
1.54609999999985	882.275120736751	882.836069999999
1.54809999999985	882.279212939793	882.84103
1.55009999999985	882.283296581265	882.84597
1.55209999999985	882.287381266509	882.85091
1.55409999999985	882.291462316579	882.85583
1.55609999999985	882.295523643371	882.86073
1.55809999999984	882.299565740591	882.86563
1.56009999999984	882.303589432524	882.87051
1.56209999999984	882.307594379099	882.87538
1.56409999999984	882.311581573044	882.88024
1.56609999999984	882.315549533733	882.88508
1.56809999999984	882.319496643919	882.88991
1.57009999999984	882.323439568467	882.89473
1.57209999999984	882.327379678818	882.89954
1.57409999999984	882.331298734354	882.90434
1.57609999999984	882.33520799002	882.90912
1.57809999999984	882.339113144571	882.91389
1.58009999999984	882.3430180488	882.91865
1.58209999999984	882.346901575491	882.9234
1.58409999999984	882.35076402652	882.92814
1.58609999999984	882.354605289	882.93286
1.58809999999984	882.358425356778	882.93758
1.59009999999984	882.362226897057	882.94228
1.59209999999984	882.366013002202	882.94697
1.59409999999984	882.369784697466	882.95164
1.59609999999984	882.373543309281	882.95631
1.59809999999984	882.377293809813	882.96097
1.60009999999984	882.381032595157	882.96561
1.60209999999984	882.384769205117	882.97024
1.60409999999984	882.388508480952	882.97486
1.60609999999984	882.392254839158	882.97947
1.60809999999984	882.396002188158	882.98407
1.61009999999984	882.399741083254	882.98866
1.61209999999984	882.403461498692	882.99324
1.61409999999984	882.407163433459	882.9978
1.61609999999984	882.410846216014	883.00236
1.61809999999984	882.414511093557	883.0069
1.62009999999984	882.41815820361	883.01143
1.62209999999984	882.421788533365	883.01595
1.62409999999984	882.425402352684	883.02047
1.62609999999984	882.42901013902	883.02497
1.62809999999984	882.432599623736	883.02946
1.63009999999984	882.436170765311	883.03393
1.63209999999984	882.439725236411	883.0384
1.63409999999984	882.443289893325	883.04286
1.63609999999984	882.446838180843	883.04731
1.63809999999984	882.450367110244	883.05174
1.64009999999984	882.45387629985	883.05617
1.64209999999984	882.457370356869	883.06059
1.64409999999984	882.460844586212	883.06499
1.64609999999984	882.464299731505	883.06939
1.64809999999983	882.46776208521	883.07377
1.65009999999983	882.47121538009	883.07815
1.65209999999983	882.474652631735	883.08251
1.65409999999983	882.478073887692	883.08687
1.65609999999983	882.481479428213	883.09121
1.65809999999983	882.484886242105	883.09555
1.66009999999983	882.488304065814	883.09987
1.66209999999983	882.491718950245	883.10418
1.66409999999983	882.495128782723	883.10849
1.66609999999983	882.498531264408	883.11278
1.66809999999983	882.501915098698	883.11707
1.67009999999983	882.505281946005	883.12134
1.67209999999983	882.508632225245	883.12561
1.67409999999983	882.511977358228	883.12987
1.67609999999983	882.5153237266	883.13411
1.67809999999983	882.518667202088	883.13835
1.68009999999983	882.522005831681	883.14258
1.68209999999983	882.525327819058	883.14679
1.68409999999983	882.528652609462	883.151
1.68609999999983	882.531959272887	883.1552
1.68809999999983	882.53524793571	883.15939
1.69009999999983	882.538518559522	883.16357
1.69209999999983	882.541788022287	883.16774
1.69409999999983	882.54504889408	883.1719
1.69609999999983	882.5482937224	883.17605
1.69809999999983	882.551526018089	883.1802
1.70009999999983	882.554754817095	883.18433
1.70209999999983	882.557970451601	883.18845
1.70409999999983	882.561172467836	883.19257
1.70609999999983	882.564362209897	883.19668
1.70809999999983	882.567540145137	883.20077
1.71009999999983	882.570707089007	883.20486
1.71209999999983	882.573862644257	883.20894
1.71409999999983	882.577006762595	883.21301
1.71609999999983	882.580142032328	883.21707
1.71809999999983	882.58327658187	883.22112
1.72009999999983	882.586421421928	883.22517
1.72209999999983	882.589571494441	883.2292
1.72409999999983	882.592731167977	883.23323
1.72609999999983	882.595876374889	883.23725
1.72809999999983	882.599009885534	883.24126
1.73009999999983	882.602125714854	883.24526
1.73209999999983	882.605224544847	883.24925
1.73409999999983	882.608306058348	883.25323
1.73609999999983	882.611369050505	883.25721
1.73809999999983	882.614414739589	883.26117
1.74009999999982	882.617443693533	883.26513
1.74209999999982	882.62046770933	883.26908
1.74409999999982	882.623478810459	883.27302
1.74609999999982	882.626473983963	883.27695
1.74809999999982	882.629452194809	883.28088
1.75009999999982	882.632440582159	883.28479
1.75209999999982	882.635429142544	883.2887
1.75409999999982	882.638400018838	883.2926
1.75609999999982	882.641351793366	883.29649
1.75809999999982	882.644302081037	883.30037
1.76009999999982	882.64724246064	883.30425
1.76209999999982	882.65016507216	883.30811
1.76409999999982	882.653071925646	883.31197
1.76609999999982	882.655966827292	883.31582
1.76809999999982	882.658850308464	883.31966
1.77009999999982	882.661719767706	883.3235
1.77209999999982	882.664576900582	883.32732
1.77409999999982	882.667422904574	883.33114
1.77609999999982	882.670268548453	883.33495
1.77809999999982	882.673127298405	883.33876
1.78009999999982	882.675988657535	883.34255
1.78209999999982	882.678853038413	883.34634
1.78409999999982	882.681723609983	883.35012
1.78609999999982	882.684583157022	883.35389
1.78809999999982	882.687441829396	883.35765
1.79009999999982	882.690284850139	883.36141
1.79209999999982	882.693111265837	883.36516
1.79409999999982	882.695921918839	883.3689
1.79609999999982	882.69872597381	883.37263
1.79809999999982	882.701530302068	883.37635
1.80009999999982	882.704319109174	883.38007
1.80209999999982	882.707098319134	883.38378
1.80409999999982	882.70987741824	883.38749
1.80609999999982	882.712638993151	883.39118
1.80809999999982	882.715384690616	883.39487
1.81009999999982	882.718115945115	883.39855
1.81209999999982	882.720848667489	883.40222
1.81409999999982	882.723578717363	883.40589
1.81609999999982	882.726296544225	883.40955
1.81809999999982	882.728998058735	883.4132
1.82009999999982	882.731684681869	883.41684
1.82209999999982	882.73435776037	883.42048
1.82409999999982	882.737017336645	883.42411
1.82609999999982	882.739662965156	883.42773
1.82809999999982	882.742294931401	883.43134
1.83009999999981	882.744918614246	883.43495
1.83209999999981	882.747531477769	883.43855
1.83409999999981	882.750136377146	883.44214
1.83609999999981	882.752726289497	883.44573
1.83809999999981	882.75530810636	883.44931
1.84009999999981	882.757892612075	883.45288
1.84209999999981	882.760488718729	883.45645
1.84409999999981	882.763083631097	883.46
1.84609999999981	882.765687016178	883.46356
1.84809999999981	882.768273589604	883.4671
1.85009999999981	882.770868636398	883.47064
1.85209999999981	882.773445334465	883.47417
1.85409999999981	882.776006233048	883.47769
1.85609999999981	882.778550334484	883.48121
1.85809999999981	882.781077149616	883.48472
1.86009999999981	882.783588196699	883.48822
1.86209999999981	882.786084199674	883.49172
1.86409999999981	882.788567294463	883.49521
1.86609999999981	882.791055558544	883.49869
1.86809999999981	882.793546239235	883.50216
1.87009999999981	882.796024068661	883.50563
1.87209999999981	882.798486973499	883.5091
1.87409999999981	882.800959316386	883.51255
1.87609999999981	882.803425281382	883.516
1.87809999999981	882.805876343062	883.51944
1.88009999999981	882.808310414489	883.52288
1.88209999999981	882.810728198636	883.52631
1.88409999999981	882.813130784968	883.52973
1.88609999999981	882.815519405619	883.53315
1.88809999999981	882.817894385347	883.53656
1.89009999999981	882.820256308344	883.53996
1.89209999999981	882.82260793131	883.54336
1.89409999999981	882.824967342381	883.54675
1.89609999999981	882.827314331345	883.55013
1.89809999999981	882.829649801745	883.55351
1.90009999999981	882.831974769653	883.55688
1.90209999999981	882.834307041168	883.56025
1.90409999999981	882.836639674003	883.5636
1.90609999999981	882.838977991515	883.56696
1.90809999999981	882.841317725972	883.5703
1.91009999999981	882.843663998001	883.57364
1.91209999999981	882.846000381666	883.57698
1.91409999999981	882.848322215798	883.5803
1.91609999999981	882.850639636082	883.58362
1.91809999999981	882.852939471685	883.58694
1.9200999999998	882.855222703113	883.59025
1.9220999999998	882.85748980324	883.59355
1.9240999999998	882.859753433139	883.59684
1.9260999999998	882.862015755064	883.60013
1.9280999999998	882.864261048912	883.60342
1.9300999999998	882.866511240652	883.6067
1.9320999999998	882.86875077035	883.60997
1.9340999999998	882.870970919982	883.61323
1.9360999999998	882.873172559754	883.61649
1.9380999999998	882.875357259574	883.61975
1.9400999999998	882.877546949538	883.62299
1.9420999999998	882.879729251406	883.62624
1.9440999999998	882.881896407141	883.62947
1.9460999999998	882.884049217767	883.6327
1.9480999999998	882.88618552401	883.63593
1.9500999999998	882.888327167209	883.63914
1.9520999999998	882.89045755902	883.64235
1.9540999999998	882.892573794496	883.64556
1.9560999999998	882.894691253952	883.64876
1.9580999999998	882.896813514579	883.65196
1.9600999999998	882.898934770441	883.65514
1.9620999999998	882.901043116959	883.65833
1.9640999999998	882.903140128085	883.6615
1.9660999999998	882.905225666901	883.66467
1.9680999999998	882.907309726425	883.66784
1.9700999999998	882.909402353116	883.671
1.9720999999998	882.911510064347	883.67415
1.9740999999998	882.913621549331	883.6773
1.9760999999998	882.915747800034	883.68044
1.9780999999998	882.917861350491	883.68358
1.9800999999998	882.919962294189	883.68671
1.9820999999998	882.922050282175	883.68983
1.9840999999998	882.924147177707	883.69295
1.9860999999998	882.926242801682	883.69607
1.9880999999998	882.92832176424	883.69918
1.9900999999998	882.930393094216	883.70228
1.9920999999998	882.932462943443	883.70538
1.9940999999998	882.934519601323	883.70847
1.9960999999998	882.936582452791	883.71155
1.9980999999998	882.938636523754	883.71463
