t	Cd
0	0	0
0.002	0	0
0.0041	0	5.02338
0.006	0	5.02104
0.00800000000000001	0	5.03273
0.0101	0	5.05844
0.0121	0	5.07013
0.0141	0	5.08182
0.0161	0	5.09349999999999
0.0180999999999999	0	5.10518999999999
0.0200999999999999	0	5.11687999999999
0.0220999999999999	0	5.12855999999999
0.0240999999999999	0	5.14024999999999
0.0260999999999999	0	5.15192999999999
0.0280999999999999	0	5.16361999999998
0.0300999999999999	0	5.17529999999998
0.0320999999999999	0	5.18697999999999
0.0341	0	5.19865999999999
0.036	0	5.19698
0.0380000000000001	0	5.20879000000001
0.0400000000000001	0	5.22061000000001
0.0420000000000002	0	5.23244000000002
0.0440000000000002	0	5.24429000000003
0.0460000000000003	0	5.25614000000004
0.0480000000000003	0	5.26801000000004
0.0500000000000004	0	5.27990000000005
0.0520000000000005	0	5.29179000000005
0.0540000000000005	0	5.30369000000006
0.0560000000000006	0	5.31559000000007
0.0580000000000006	0	5.32750000000007
0.0600000000000007	0	5.33942000000008
0.0620000000000007	0	5.35133000000008
0.0640000000000008	0	5.36325000000008
0.0660000000000009	0	5.37516000000009
0.0680000000000009	5.39301063452566	5.38707000000009
0.070000000000001	5.40412150375905	5.39896000000009
0.072000000000001	5.4150654676604	5.4108400000001
0.0740000000000011	5.42600403415182	5.4227100000001
0.0760000000000012	5.43694407679699	5.4345600000001
0.0780000000000012	5.4478850172376	5.4463800000001
0.0800000000000013	5.45877625305069	5.46544000000001
0.0820000000000013	5.46951159532768	5.47671000000001
0.0840000000000014	5.48018890635435	5.48793000000001
0.0860000000000014	5.49068249283243	5.49909000000001
0.0880000000000015	5.50099294841915	5.51018000000001
0.0900000000000016	5.5112371923625	5.52119000000001
0.0920000000000016	5.52148446429393	5.53211000000001
0.0940000000000017	5.53172203158837	5.54294000000001
0.0960000000000017	5.54173407101825	5.55365000000001
0.0980000000000018	5.55143532310816	5.56424000000001
0.100000000000002	5.56105349007531	5.57469000000001
0.102000000000002	5.57039257636646	5.58499000000001
0.104000000000002	5.57966719541419	5.59510000000001
0.106000000000002	5.58875526788324	5.60502000000001
0.108000000000002	5.59738365755478	5.61472000000001
0.110000000000002	5.60589083221497	5.62418000000001
0.112000000000002	5.61411731690392	5.63338000000001
0.114000000000002	5.62215349143093	5.64227000000001
0.116000000000002	5.62953315945509	5.65084000000001
0.118000000000002	5.63671079119384	5.65905000000001
0.120000000000002	5.64374931100741	5.66687000000001
0.122000000000002	5.65021598026507	5.67427000000001
0.124000000000003	5.65608719273107	5.68122000000001
0.126000000000002	5.66167084595151	5.68768000000001
0.128000000000002	5.66700077111609	5.69361000000001
0.130000000000002	5.67152221816833	5.69900000000001
0.132000000000002	5.67563060650362	5.7038
0.134000000000002	5.67947664045919	5.708
0.136000000000001	5.68244008205952	5.71158
0.138000000000001	5.68507494760213	5.71451
0.140000000000001	5.6872263425662	5.7168
0.142000000000001	5.68860885754193	5.71843
0.144	5.68948838968281	5.7194
0.146	5.69028510196292	5.71974
0.148	5.69023783522023	5.71945
0.1501	5.68954771731141	5.71849
0.1521	5.68888373199622	5.71698
0.154099999999999	5.68735361437404	5.71493
0.156099999999999	5.68552743879225	5.71237
0.158099999999999	5.68338362918592	5.70935
0.160099999999999	5.6808074741256	5.7059
0.162099999999998	5.67777094628454	5.70206
0.164099999999998	5.67472892999025	5.69789
0.166099999999998	5.67139917566501	5.69342
0.168099999999998	5.66741501941685	5.68870000000001
0.170099999999998	5.66360151566458	5.68377000000001
0.172099999999997	5.65989427660639	5.67866000000001
0.174099999999997	5.65562439302007	5.67341000000001
0.176099999999997	5.6512070198365	5.66806000000001
0.178099999999997	5.64691659738036	5.66263000000001
0.180099999999996	5.64266386784257	5.65716000000001
0.182099999999996	5.63796090933213	5.65166000000001
0.184099999999996	5.63352804413767	5.64615000000001
0.186099999999996	5.62896400105818	5.64067000000001
0.188099999999996	5.62457102728672	5.63521000000001
0.190099999999995	5.61984626657294	5.62981000000001
0.192099999999995	5.6152098495745	5.62446000000001
0.194099999999995	5.61100384061471	5.61918000000001
0.196099999999995	5.60666193380793	5.61398000000001
0.198099999999995	5.60233690722695	5.60887000000001
0.200099999999994	5.597828119676	5.60384000000001
0.202099999999994	5.59350020989877	5.59891000000001
0.204099999999994	5.58950377500763	5.59407000000002
0.206099999999994	5.58566507779787	5.58934000000002
0.208099999999993	5.58167536559366	5.58471000000002
0.210099999999993	5.57762431741702	5.58018000000002
0.212099999999993	5.57380581651211	5.57575000000002
0.214099999999993	5.56995906655033	5.57142000000002
0.216099999999993	5.56642979524137	5.56720000000001
0.218099999999992	5.5629732304178	5.56307000000002
0.220099999999992	5.55945808579496	5.55905000000002
0.222099999999992	5.55586930604773	5.55512000000002
0.224099999999992	5.55251579951199	5.55130000000002
0.226099999999991	5.54944720584027	5.54756000000002
0.228099999999991	5.5462312141053	5.54392000000002
0.230099999999991	5.54324970103356	5.54037000000002
0.232099999999991	5.54028715545394	5.53691000000002
0.234099999999991	5.53724479179058	5.53353000000002
0.23609999999999	5.53417631294454	5.53024000000002
0.23809999999999	5.53134123806109	5.52704000000002
0.24009999999999	5.52871673572578	5.52391000000002
0.24209999999999	5.52630508591302	5.52086000000002
0.244099999999989	5.52385354408679	5.51789000000002
0.246099999999989	5.52142109983875	5.51500000000001
0.248099999999989	5.51896506665938	5.51217000000002
0.250099999999989	5.51656424705019	5.50942000000002
0.252099999999989	5.51415519904639	5.50674000000001
0.254099999999988	5.511777502999	5.50412000000002
0.256099999999988	5.50958403565418	5.50157000000002
0.258099999999988	5.50751930556541	5.49908000000001
0.260099999999988	5.50561945070529	5.49666000000002
0.262099999999987	5.50381446499842	5.49429000000002
0.264099999999987	5.50186495463341	5.49198000000002
0.266099999999987	5.49997826090053	5.48973000000001
0.268099999999987	5.49800700722488	5.48754000000002
0.270099999999987	5.49616373104412	5.48540000000001
0.272099999999986	5.49448647369052	5.48331000000001
0.274099999999986	5.49279674023266	5.48127000000001
0.276099999999986	5.49108644034572	5.47929000000001
0.278099999999986	5.48947150520011	5.47735000000001
0.280099999999985	5.48798691181776	5.47546000000001
0.282099999999985	5.48658422684108	5.47362000000001
0.284099999999985	5.48522270844425	5.47182000000001
0.286099999999985	5.48376489641232	5.47006000000001
0.288099999999985	5.48236086266915	5.46835000000001
0.290099999999984	5.48085707955759	5.46668000000001
0.292099999999984	5.47945951715087	5.46506000000001
0.294099999999984	5.47813167998487	5.46347000000001
0.296099999999984	5.47694018017949	5.46192000000001
0.298099999999983	5.47581701876583	5.46041000000001
0.300099999999983	5.47479484829338	5.45894000000001
0.302099999999983	5.47365013706876	5.45750000000001
0.304099999999983	5.47255067686712	5.45610000000001
0.306099999999983	5.47152688908777	5.45474000000001
0.308099999999982	5.47057797963489	5.45341000000001
0.310099999999982	5.4696115105169	5.45211000000001
0.312099999999982	5.46858987410434	5.45085000000001
0.314099999999982	5.46762132709585	5.44962000000001
0.316099999999982	5.46653382913207	5.44842000000001
0.318099999999981	5.46551717735825	5.44725000000001
0.320099999999981	5.46458350971347	5.44611000000001
0.322099999999981	5.46370053833177	5.44500000000001
0.324099999999981	5.46291474282088	5.44392000000001
0.32609999999998	5.46216054783493	5.44286000000001
0.32809999999998	5.46149031936239	5.44184000000001
0.33009999999998	5.46087598883036	5.44084000000001
0.33209999999998	5.46031478970188	5.43987000000001
0.33409999999998	5.45978898798294	5.43893000000001
0.336099999999979	5.45914096248371	5.43801000000001
0.338099999999979	5.45852981081046	5.43712000000001
0.340099999999979	5.45797690036536	5.43626000000001
0.342099999999979	5.45732707548359	5.43541000000001
0.344099999999978	5.45668683226485	5.43459000000001
0.346099999999978	5.45609760969103	5.43380000000001
0.348099999999978	5.45555454269137	5.43303000000001
0.350099999999978	5.4550720006343	5.43228000000001
0.352099999999978	5.45450799853454	5.43155000000001
0.354099999999977	5.45393138309324	5.43085000000001
0.356099999999977	5.45341352225085	5.43017000000001
0.358099999999977	5.45295209561416	5.42951000000001
0.360099999999977	5.45253892863997	5.42887000000001
0.362099999999976	5.4521583494974	5.42825000000001
0.364099999999976	5.45182230218282	5.42765000000001
0.366099999999976	5.45153132507498	5.42707000000001
0.368099999999976	5.45127547547601	5.42651000000001
0.370099999999976	5.4510720370665	5.42597000000001
0.372099999999975	5.45086985875731	5.42545000000001
0.374099999999975	5.45055830367146	5.42495
0.376099999999975	5.45027763590274	5.42447
0.378099999999975	5.45004721839976	5.424
0.380099999999974	5.44975250452427	5.42355
0.382099999999974	5.44941749056	5.42312
0.384099999999974	5.44911644089443	5.42271000000001
0.386099999999974	5.44887141195531	5.42232000000001
0.388099999999974	5.44865277459003	5.42194000000001
0.390099999999973	5.44847390104839	5.42158
0.392099999999973	5.44833819212163	5.42123000000001
0.394099999999973	5.44822895392461	5.4209
0.396099999999973	5.44814761982241	5.42059
0.398099999999972	5.44805145884831	5.42029
0.400099999999972	5.44787736296234	5.42001
0.402099999999972	5.44773894745167	5.41974000000001
0.404099999999972	5.44762970632369	5.41949
0.406099999999972	5.44755102232561	5.41925000000001
0.408099999999971	5.4475137766536	5.41903
0.410099999999971	5.44750187319057	5.41882
0.412099999999971	5.4475239855324	5.41863
0.414099999999971	5.44755728597978	5.41845
0.41609999999997	5.44762985232997	5.41829
0.41809999999997	5.44768272225286	5.41813
0.42009999999997	5.44765193948496	5.41799
0.42209999999997	5.44763726430422	5.41787
0.42409999999997	5.44766346989472	5.41776
0.426099999999969	5.44771076286607	5.41766
0.428099999999969	5.44767207689775	5.41757
0.430099999999969	5.44762600092808	5.4175
0.432099999999969	5.44760760049825	5.41744
0.434099999999969	5.44762357064468	5.41739
0.436099999999968	5.44766099997589	5.41735
0.438099999999968	5.44772373442974	5.41733
0.440099999999968	5.44780914541015	5.41731
0.442099999999968	5.44793085549614	5.41731
0.444099999999967	5.44807939681001	5.41732
0.446099999999967	5.44824696478196	5.41734
0.448099999999967	5.4484304025792	5.41738
0.450099999999967	5.44864260542116	5.41742
0.452099999999967	5.44887828580112	5.41747
0.454099999999966	5.44913443441439	5.41754
0.456099999999966	5.44940999264218	5.41762
0.458099999999966	5.44965154113642	5.4177
0.460099999999966	5.44981262280854	5.4178
0.462099999999965	5.45000567272352	5.41791
0.464099999999965	5.450216311895	5.41803
0.466099999999965	5.45044617987189	5.41815
0.468099999999965	5.45070325531547	5.41829
0.470099999999965	5.45097583503454	5.41844
0.472099999999964	5.45126783311058	5.41859
0.474099999999964	5.45157829900376	5.41876
0.476099999999964	5.45184161703896	5.41894
0.478099999999964	5.45204718485697	5.41912
0.480099999999963	5.45227048392517	5.41932
0.482099999999963	5.45251690124456	5.41952
0.484099999999963	5.45279239193878	5.41973
0.486099999999963	5.453076767461	5.41995
0.488099999999963	5.45335378081854	5.42018
0.490099999999962	5.45354768353378	5.42042
0.492099999999962	5.45375912275971	5.42067
0.494099999999962	5.4539903854033	5.42092
0.496099999999962	5.45424923028925	5.42118999999999
0.498099999999961	5.45451989576117	5.42146
0.500099999999961	5.4548207659374	5.42174
0.502099999999961	5.45513435289742	5.42202999999999
0.504099999999961	5.4554663853012	5.42232
0.506099999999961	5.45581820144958	5.42262999999999
0.50809999999996	5.45618520718144	5.42293999999999
0.51009999999996	5.45656681498764	5.42325999999999
0.51209999999996	5.45697046658137	5.42358999999999
0.51409999999996	5.45738172359814	5.42391999999999
0.516099999999959	5.45780804516739	5.42426
0.518099999999959	5.45825319114822	5.42460999999999
0.520099999999959	5.45871040215374	5.42496999999999
0.522099999999959	5.45918933832081	5.42532999999999
0.524099999999959	5.45967341552009	5.42569999999999
0.526099999999958	5.46016825493846	5.42607999999999
0.528099999999958	5.46067770179041	5.42646
0.530099999999958	5.46120126213678	5.42685999999999
0.532099999999958	5.46173639186166	5.42724999999999
0.534099999999958	5.46225941069425	5.42765999999999
0.536099999999957	5.46270475853705	5.42806999999999
0.538099999999957	5.46315147269207	5.42848999999999
0.540099999999957	5.46360874507773	5.42890999999999
0.542099999999957	5.46407617464913	5.42933999999999
0.544099999999956	5.46456123101411	5.42977999999999
0.546099999999956	5.46506129867986	5.43021999999999
0.548099999999956	5.46554401017959	5.43066999999999
0.550099999999956	5.46596092274648	5.43112999999999
0.552099999999956	5.46637336035645	5.43158999999999
0.554099999999955	5.46679890560927	5.43204999999999
0.556099999999955	5.46724378463949	5.43252999999999
0.558099999999955	5.46770536726752	5.43299999999999
0.560099999999955	5.46817727327198	5.43348999999999
0.562099999999954	5.46866895245356	5.43397999999999
0.564099999999954	5.46916804984652	5.43446999999999
0.566099999999954	5.4696791821627	5.43497999999999
0.568099999999954	5.47020207284324	5.43547999999999
0.570099999999954	5.47073931183776	5.43598999999999
0.572099999999953	5.47128824399772	5.43650999999999
0.574099999999953	5.47185269031244	5.43702999999999
0.576099999999953	5.47236957607298	5.43755999999999
0.578099999999953	5.47283565818997	5.43808999999999
0.580099999999952	5.47331040775032	5.43862999999999
0.582099999999952	5.47380318799721	5.43916999999999
0.584099999999952	5.47430578606035	5.43971999999999
0.586099999999952	5.47482925509845	5.44026999999999
0.588099999999952	5.47535782639499	5.44082999999999
0.590099999999951	5.47591015344643	5.44138999999999
0.592099999999951	5.47646856206651	5.44195999999999
0.594099999999951	5.47703488569249	5.44252999999999
0.596099999999951	5.47760511357829	5.44310999999998
0.59809999999995	5.47819217164445	5.44368999999999
0.60009999999995	5.47878992357237	5.44427999999998
0.60209999999995	5.47940181984662	5.44486999999999
0.60409999999995	5.48001985183655	5.44545999999998
0.60609999999995	5.48065516923272	5.44605999999999
0.608099999999949	5.48129216828541	5.44665999999998
0.610099999999949	5.48194414785363	5.44726999999998
0.612099999999949	5.48259745365916	5.44787999999998
0.614099999999949	5.48325953850953	5.44849999999999
0.616099999999948	5.48393554665235	5.44911999999998
0.618099999999948	5.48461788793011	5.44973999999998
0.620099999999948	5.48530812366382	5.45036999999999
0.622099999999948	5.48599494561507	5.45099999999998
0.624099999999948	5.48663831204905	5.45163999999999
0.626099999999947	5.48723761285879	5.45227999999998
0.628099999999947	5.4878475545914	5.45291999999998
0.630099999999947	5.48846427452526	5.45356999999998
0.632099999999947	5.48909666108862	5.45421999999999
0.634099999999946	5.48973339254136	5.45487999999998
0.636099999999946	5.49038328782731	5.45553999999998
0.638099999999946	5.49104587864675	5.45619999999998
0.640099999999946	5.49170304399813	5.45685999999998
0.642099999999946	5.49230715676105	5.45752999999998
0.644099999999945	5.49287566914496	5.45820999999998
0.646099999999945	5.49345794574282	5.45887999999998
0.648099999999945	5.49405147856604	5.45956999999998
0.650099999999945	5.49465824630453	5.46024999999998
0.652099999999945	5.49527390433044	5.46093999999998
0.654099999999944	5.49590743642325	5.46162999999998
0.656099999999944	5.49654927087388	5.46231999999998
0.658099999999944	5.49719924623505	5.46301999999998
0.660099999999944	5.49785887295271	5.46371999999998
0.662099999999943	5.49852082023094	5.46441999999998
0.664099999999943	5.49919803533978	5.46512999999998
0.666099999999943	5.49987977294125	5.46583999999998
0.668099999999943	5.50057194451075	5.46654999999998
0.670099999999943	5.50127241957963	5.46726999999998
0.672099999999942	5.50197921237852	5.46798999999998
0.674099999999942	5.50270452065919	5.46870999999998
0.676099999999942	5.50342845716441	5.46943999999998
0.678099999999942	5.50416517654313	5.47015999999998
0.680099999999941	5.50490356087297	5.47089999999998
0.682099999999941	5.50565079623913	5.47162999999998
0.684099999999941	5.5064012809563	5.47236999999998
0.686099999999941	5.50716012002964	5.47310999999998
0.688099999999941	5.50792882793354	5.47384999999998
0.69009999999994	5.50866896520155	5.47458999999998
0.69209999999994	5.50936854217674	5.47533999999998
0.69409999999994	5.5100545428027	5.47608999999998
0.69609999999994	5.51074590856339	5.47684999999998
0.698099999999939	5.51144108951816	5.47759999999997
0.700099999999939	5.51214826439128	5.47835999999998
0.702099999999939	5.51285698583426	5.47911999999998
0.704099999999939	5.51358086443826	5.47988999999998
0.706099999999939	5.51430563875398	5.48064999999998
0.708099999999938	5.51504352785409	5.48141999999998
0.710099999999938	5.51579384361029	5.48218999999998
0.712099999999938	5.51654331564752	5.48296999999998
0.714099999999938	5.51730443929839	5.48374999999997
0.716099999999937	5.5180654976281	5.48451999999998
0.718099999999937	5.51883852933148	5.48530999999997
0.720099999999937	5.51961628280507	5.48608999999997
0.722099999999937	5.52040023726871	5.48687999999997
0.724099999999937	5.52119043628718	5.48765999999997
0.726099999999936	5.52198489214205	5.48845999999997
0.728099999999936	5.52278350555137	5.48924999999997
0.730099999999936	5.52359461049904	5.49003999999997
0.732099999999936	5.52441105284723	5.49083999999997
0.734099999999935	5.52523104100692	5.49163999999997
0.736099999999935	5.52601188492494	5.49243999999997
0.738099999999935	5.52675810228146	5.49324999999997
0.740099999999935	5.52749081118543	5.49404999999997
0.742099999999935	5.52822989193869	5.49485999999997
0.744099999999934	5.52897351456955	5.49566999999997
0.746099999999934	5.5297298542827	5.49648999999997
0.748099999999934	5.53049021041861	5.49729999999997
0.750099999999934	5.53125775950904	5.49811999999997
0.752099999999933	5.53204242250957	5.49893999999997
0.754099999999933	5.53282685907863	5.49975999999997
0.756099999999933	5.53361788049644	5.50057999999997
0.758099999999933	5.53438213946331	5.50140999999997
0.760099999999933	5.53511224332733	5.50222999999997
0.762099999999932	5.53581477323707	5.50305999999997
0.764099999999932	5.53652903569521	5.50388999999997
0.766099999999932	5.53725144171439	5.50472999999997
0.768099999999932	5.53797931005424	5.50555999999997
0.770099999999932	5.53872065816317	5.50639999999997
0.772099999999931	5.53947083119933	5.50723999999997
0.774099999999931	5.54022340489241	5.50807999999997
0.776099999999931	5.54099379170987	5.50891999999997
0.778099999999931	5.54176804855427	5.50975999999997
0.78009999999993	5.54254810406686	5.51060999999997
0.78209999999993	5.54333517218209	5.51145999999997
0.78409999999993	5.54412579080389	5.51230999999996
0.78609999999993	5.5449248173396	5.51315999999997
0.78809999999993	5.54573534330046	5.51400999999997
0.790099999999929	5.5465454417715	5.51486999999996
0.792099999999929	5.54736167349861	5.51571999999997
0.794099999999929	5.54818194274363	5.51657999999997
0.796099999999929	5.54901076671402	5.51743999999997
0.798099999999928	5.549841029393	5.51829999999997
0.800099999999928	5.55068547422413	5.51916999999996
0.802099999999928	5.55152892509395	5.52002999999997
0.804099999999928	5.5523762705968	5.52089999999996
0.806099999999928	5.55323566055405	5.52175999999997
0.808099999999927	5.55409562513062	5.52262999999997
0.810099999999927	5.55495881624176	5.52350999999996
0.812099999999927	5.55583149556459	5.52437999999997
0.814099999999927	5.556705693967	5.52524999999997
0.816099999999926	5.55757976356835	5.52612999999997
0.818099999999926	5.55846641245974	5.52700999999996
0.820099999999926	5.55935668782294	5.52788999999996
0.822099999999926	5.56024735582537	5.52876999999996
0.824099999999926	5.5611407021883	5.52964999999996
0.826099999999925	5.56204330631393	5.53052999999997
0.828099999999925	5.56294700382279	5.53141999999996
0.830099999999925	5.56385022996089	5.53229999999997
0.832099999999925	5.56476151990418	5.53318999999997
0.834099999999924	5.56567003364553	5.53407999999997
0.836099999999924	5.5665804751522	5.53496999999997
0.838099999999924	5.56747053889193	5.53585999999997
0.840099999999924	5.56833910965128	5.53675999999996
0.842099999999924	5.56916674547738	5.53764999999997
0.844099999999923	5.56999841856516	5.53854999999997
0.846099999999923	5.57084343537134	5.53944999999996
0.848099999999923	5.57168484277416	5.54034999999996
0.850099999999923	5.57253272290299	5.54124999999996
0.852099999999922	5.57338629457484	5.54214999999997
0.854099999999922	5.57424464041367	5.54304999999997
0.856099999999922	5.57510964129172	5.54395999999996
0.858099999999922	5.5759819794443	5.54485999999997
0.860099999999922	5.5768599477334	5.54576999999997
0.862099999999921	5.5777441872399	5.54667999999997
0.864099999999921	5.57863469589887	5.54758999999997
0.866099999999921	5.57952668788395	5.54849999999997
0.868099999999921	5.58041982060011	5.54941999999996
0.87009999999992	5.58131414501098	5.55032999999996
0.87209999999992	5.58221409724265	5.55123999999997
0.87409999999992	5.58310899830066	5.55215999999997
0.87609999999992	5.58396784640264	5.55307999999996
0.87809999999992	5.58480819795283	5.55399999999996
0.880099999999919	5.58563473697431	5.55491999999996
0.882099999999919	5.58646519760558	5.55583999999996
0.884099999999919	5.58729958338846	5.55675999999997
0.886099999999919	5.58814302292798	5.55768999999996
0.888099999999919	5.58899121829724	5.55860999999996
0.890099999999918	5.58984868045393	5.55953999999996
0.892099999999918	5.59071318908058	5.56045999999997
0.894099999999918	5.59158322571304	5.56138999999997
0.896099999999918	5.59245355956759	5.56231999999997
0.898099999999917	5.59332955553012	5.56324999999997
0.900099999999917	5.59421269778589	5.56418999999996
0.902099999999917	5.59510055616295	5.56511999999996
0.904099999999917	5.59599330991247	5.56604999999997
0.906099999999917	5.5968896152237	5.56698999999996
0.908099999999916	5.59777496757894	5.56792999999996
0.910099999999916	5.59863026794034	5.56885999999997
0.912099999999916	5.59946639282241	5.56979999999997
0.914099999999916	5.60028774738121	5.57073999999997
0.916099999999915	5.60111479894522	5.57168999999996
0.918099999999915	5.6019448640185	5.57262999999996
0.920099999999915	5.6027850436055	5.57356999999996
0.922099999999915	5.60362851262983	5.57451999999996
0.924099999999915	5.60448127723352	5.57545999999996
0.926099999999914	5.60534159867213	5.57640999999996
0.928099999999914	5.60620567963411	5.57735999999996
0.930099999999914	5.6070819477884	5.57829999999997
0.932099999999914	5.60796336080197	5.57924999999997
0.934099999999913	5.60884648227546	5.58020999999996
0.936099999999913	5.60973440063064	5.58115999999996
0.938099999999913	5.61063312743601	5.58210999999996
0.940099999999913	5.61153831322302	5.58306999999996
0.942099999999913	5.61244084303786	5.58401999999996
0.944099999999912	5.61334853153765	5.58497999999996
0.946099999999912	5.6142635987306	5.58592999999996
0.948099999999912	5.61517906293267	5.58688999999996
0.950099999999912	5.61610423321798	5.58784999999996
0.952099999999911	5.61703169657304	5.58880999999996
0.954099999999911	5.61796555448535	5.58976999999996
0.956099999999911	5.61890637425982	5.59073999999996
0.958099999999911	5.61984531426892	5.59169999999996
0.960099999999911	5.62078754905781	5.59265999999996
0.96209999999991	5.62172981016504	5.59362999999995
0.96409999999991	5.62267670595611	5.59458999999996
0.96609999999991	5.62362802573908	5.59555999999995
0.96809999999991	5.62458184768025	5.59652999999995
0.970099999999909	5.6255384401387	5.59749999999995
0.972099999999909	5.62650131708746	5.59846999999995
0.974099999999909	5.62746812735268	5.59943999999996
0.976099999999909	5.6284398272408	5.60040999999995
0.978099999999909	5.62941283254381	5.60138999999995
0.980099999999908	5.63038739741261	5.60235999999995
0.982099999999908	5.63136664904917	5.60332999999996
0.984099999999908	5.63234712670064	5.60430999999995
0.986099999999908	5.63333228951277	5.60528999999995
0.988099999999908	5.63431547881829	5.60625999999996
0.990099999999907	5.63530129740167	5.60723999999995
0.992099999999907	5.63629138515539	5.60821999999995
0.994099999999907	5.6372899988529	5.60919999999995
0.996099999999907	5.63828423501131	5.61017999999996
0.998099999999906	5.63927806979399	5.61116999999995
1.00009999999991	5.64027876227048	5.61214999999995
1.00209999999991	5.6412825183556	5.61312999999995
1.00409999999991	5.64228980324408	5.61411999999995
1.00609999999991	5.64329935500514	5.61510999999995
1.00809999999991	5.644309271113	5.61608999999995
1.01009999999991	5.6453109704431	5.61707999999995
1.0120999999999	5.64627615607046	5.61806999999995
1.0140999999999	5.64721977696231	5.61905999999995
1.0160999999999	5.64814386077254	5.62004999999995
1.0180999999999	5.64907097514381	5.62103999999995
1.0200999999999	5.65000252463753	5.62202999999995
1.0220999999999	5.65093806545336	5.62301999999995
1.0240999999999	5.65188082764144	5.62401999999995
1.0260999999999	5.65282604105683	5.62500999999995
1.0280999999999	5.65377591849103	5.62600999999995
1.0300999999999	5.65473144814805	5.62700999999995
1.0320999999999	5.65569666960664	5.62799999999995
1.0340999999999	5.6566620771973	5.62899999999995
1.0360999999999	5.65762728295943	5.62999999999995
1.0380999999999	5.65859120158559	5.63099999999995
1.0400999999999	5.6595160068255	5.63199999999995
1.0420999999999	5.6604265696084	5.63299999999995
1.0440999999999	5.66131374553762	5.63399999999995
1.0460999999999	5.66220744615295	5.63500999999995
1.0480999999999	5.6631049700248	5.63600999999995
1.0500999999999	5.66401340415113	5.63701999999995
1.0520999999999	5.66492818350778	5.63801999999995
1.0540999999999	5.66585007386031	5.63902999999995
1.0560999999999	5.66677301370379	5.64003999999995
1.0580999999999	5.66770116214123	5.64103999999995
1.0600999999999	5.66863801261892	5.64204999999995
1.0620999999999	5.66957931676928	5.64305999999995
1.0640999999999	5.67052644444827	5.64406999999995
1.0660999999999	5.67147835010885	5.64507999999995
1.0680999999999	5.67242988883755	5.64609999999995
1.0700999999999	5.67338555784201	5.64710999999995
1.0720999999999	5.67435015787238	5.64811999999995
1.0740999999999	5.67531743679271	5.64913999999995
1.0760999999999	5.67628602837751	5.65014999999995
1.0780999999999	5.67726754597657	5.65116999999995
1.0800999999999	5.6782433508558	5.65218999999995
1.0820999999999	5.67922025512793	5.65320999999994
1.0840999999999	5.68020706923699	5.65421999999995
1.0860999999999	5.68119438256772	5.65523999999995
1.0880999999999	5.68218975900106	5.65625999999995
1.0900999999999	5.68318295188303	5.65727999999995
1.0920999999999	5.68417825030166	5.65830999999994
1.0940999999999	5.68517610952251	5.65932999999995
1.0960999999999	5.68617672637244	5.66034999999995
1.0980999999999	5.68717999512231	5.66137999999994
1.1000999999999	5.68818541604905	5.66239999999995
1.1020999999999	5.68915717210904	5.66342999999995
1.10409999999989	5.69012413951797	5.66444999999995
1.10609999999989	5.69105269659355	5.66547999999995
1.10809999999989	5.69198365780538	5.66650999999995
1.11009999999989	5.69292394409274	5.66753999999995
1.11209999999989	5.69386537155375	5.66856999999994
1.11409999999989	5.69481197045785	5.66959999999994
1.11609999999989	5.6957674331355	5.67062999999995
1.11809999999989	5.69672290509392	5.67165999999995
1.12009999999989	5.69768367417587	5.67268999999995
1.12209999999989	5.69865030028191	5.67371999999995
1.12409999999989	5.69961876498207	5.67475999999995
1.12609999999989	5.70059137338194	5.67578999999995
1.12809999999989	5.701568836508	5.67682999999995
1.13009999999989	5.7025474013428	5.67786999999994
1.13209999999989	5.70353169643974	5.67889999999995
1.13409999999989	5.70452312127112	5.67993999999995
1.13609999999989	5.70551682161485	5.68097999999995
1.13809999999989	5.70651924410819	5.68201999999995
1.14009999999989	5.70752031383907	5.68305999999995
1.14209999999989	5.70852474798673	5.68409999999994
1.14409999999989	5.70953022922878	5.68513999999994
1.14609999999989	5.7105415391451	5.68617999999995
1.14809999999989	5.71155229387386	5.68721999999994
1.15009999999989	5.7125665750294	5.68826999999995
1.15209999999989	5.71358545926758	5.68930999999994
1.15409999999989	5.7146070376953	5.69035999999993
1.15609999999989	5.71563419489355	5.69139999999994
1.15809999999989	5.71666151994928	5.69244999999994
1.16009999999989	5.71769131801653	5.69349999999993
1.16209999999989	5.71872870773662	5.69453999999994
1.16409999999989	5.71977246601369	5.69558999999994
1.16609999999989	5.72081273331094	5.69663999999994
1.16809999999989	5.7218575513721	5.69768999999994
1.17009999999989	5.72290170645035	5.69873999999994
1.17209999999989	5.72394627900057	5.69979999999993
1.17409999999989	5.72499154342261	5.70084999999993
1.17609999999989	5.72604190723406	5.70189999999994
1.17809999999989	5.72709264869617	5.70294999999994
1.18009999999989	5.72814705362566	5.70400999999994
1.18209999999989	5.72920055402285	5.70505999999994
1.18409999999989	5.73025783627573	5.70611999999994
1.18609999999989	5.73131710019703	5.70717999999993
1.18809999999989	5.73237968084443	5.70822999999994
1.19009999999989	5.7334412538049	5.70928999999994
1.19209999999989	5.73448959334686	5.71034999999994
1.19409999999988	5.73551360659936	5.71140999999994
1.19609999999988	5.73652288975564	5.71246999999994
1.19809999999988	5.73750734429883	5.71352999999994
1.20009999999988	5.73849352807158	5.71458999999994
1.20209999999988	5.73948269716998	5.71564999999994
1.20409999999988	5.74047599458721	5.71671999999993
1.20609999999988	5.74147494801568	5.71777999999994
1.20809999999988	5.74247683936794	5.71883999999994
1.21009999999988	5.74348079708579	5.71990999999993
1.21209999999988	5.74449379448278	5.72096999999994
1.21409999999988	5.74551302719869	5.72203999999994
1.21609999999988	5.74653002228826	5.72310999999993
1.21809999999988	5.74755107565335	5.72416999999994
1.22009999999988	5.74857731902523	5.72523999999994
1.22209999999988	5.74959554990329	5.72630999999994
1.22409999999988	5.75058685858537	5.72737999999994
1.22609999999988	5.75156640655269	5.72844999999994
1.22809999999988	5.75251633931377	5.72951999999994
1.23009999999988	5.7534702148629	5.73058999999994
1.23209999999988	5.75443218994906	5.73166999999993
1.23409999999988	5.75539990481698	5.73273999999994
1.23609999999988	5.75637166937717	5.73380999999994
1.23809999999988	5.75734782792811	5.73488999999993
1.24009999999988	5.75833352593691	5.73595999999994
1.24209999999988	5.7593235202476	5.73703999999993
1.24409999999988	5.76031926014133	5.73810999999994
1.24609999999988	5.76131594898417	5.73918999999994
1.24809999999988	5.76232419414446	5.74026999999994
1.25009999999988	5.76333212201551	5.74134999999993
1.25209999999988	5.76435040316385	5.74242999999993
1.25409999999988	5.76537042842036	5.74350999999993
1.25609999999988	5.76639442208955	5.74458999999993
1.25809999999988	5.76742237127765	5.74566999999993
1.26009999999988	5.76844989313619	5.74674999999994
1.26209999999988	5.76947757603858	5.74782999999994
1.26409999999988	5.77051233558477	5.74890999999994
1.26609999999988	5.77154910223505	5.74999999999993
1.26809999999988	5.77258801102371	5.75107999999994
1.27009999999988	5.77363763611189	5.75216999999993
1.27209999999988	5.77468575657583	5.75324999999994
1.27409999999988	5.77573445898296	5.75433999999994
1.27609999999988	5.77678929382685	5.75542999999993
1.27809999999988	5.77784877934292	5.75651999999993
1.28009999999988	5.77890462152544	5.75759999999994
1.28209999999988	5.77996679995513	5.75868999999994
1.28409999999988	5.78102630353585	5.75977999999994
1.28609999999987	5.78209310683	5.76086999999994
1.28809999999987	5.78316387825989	5.76195999999994
1.29009999999987	5.78423348666777	5.76305999999992
1.29209999999987	5.78530260436251	5.76414999999992
1.29409999999987	5.78637540425547	5.76523999999994
1.29609999999987	5.78745221309575	5.76632999999994
1.29809999999987	5.78853046433006	5.76742999999992
1.30009999999987	5.78960967223704	5.76851999999994
1.30209999999987	5.79069314890226	5.76961999999992
1.30409999999987	5.79177497052227	5.77071999999992
1.30609999999987	5.79286456113013	5.77180999999994
1.30809999999987	5.79395035979007	5.77290999999992
1.31009999999987	5.79504145047117	5.77400999999992
1.31209999999987	5.79613268873223	5.77510999999992
1.31409999999987	5.79722517271286	5.77620999999992
1.31609999999987	5.79832077430055	5.77730999999992
1.31809999999987	5.79941966924245	5.77840999999992
1.32009999999987	5.80051885828569	5.77950999999992
1.32209999999987	5.80158589460487	5.78060999999994
1.32409999999987	5.80264227393551	5.78170999999994
1.32609999999987	5.80367811862004	5.78281999999992
1.32809999999987	5.80469699540145	5.78391999999992
1.33009999999987	5.80572129250878	5.78501999999993
1.33209999999987	5.80674691576767	5.78612999999992
1.33409999999987	5.80777741528602	5.78723999999992
1.33609999999987	5.8088120453506	5.78833999999993
1.33809999999987	5.80985353047526	5.78944999999992
1.34009999999987	5.81089871891076	5.79055999999992
1.34209999999987	5.81195153973825	5.79166999999992
1.34409999999987	5.81300331753881	5.79276999999993
1.34609999999987	5.81406285706256	5.79387999999993
1.34809999999987	5.81511876237304	5.79498999999993
1.35009999999987	5.81617987898334	5.79610999999992
1.35209999999987	5.81724320635528	5.79721999999992
1.35409999999987	5.81831047903703	5.79832999999992
1.35609999999987	5.8193799678845	5.79943999999993
1.35809999999987	5.82045323309079	5.80055999999992
1.36009999999987	5.82153086675791	5.80166999999992
1.36209999999987	5.82261034447544	5.80278999999992
1.36409999999987	5.8236934894727	5.80389999999992
1.36609999999987	5.82478071388702	5.80501999999992
1.36809999999987	5.82586533578421	5.80612999999993
1.37009999999987	5.82695793041884	5.80724999999992
1.37209999999987	5.82805165739174	5.80836999999992
1.37409999999987	5.82914904197547	5.80948999999992
1.37609999999986	5.83024798351936	5.81060999999992
1.37809999999986	5.83134779885888	5.81172999999992
1.38009999999986	5.83245153458491	5.81284999999992
1.38209999999986	5.83355531844465	5.81396999999992
1.38409999999986	5.83465848229186	5.81508999999992
1.38609999999986	5.83576536600921	5.81620999999993
1.38809999999986	5.83686385287395	5.81732999999993
1.39009999999986	5.83793453826061	5.81845999999992
1.39209999999986	5.83900334683219	5.81957999999993
1.39409999999986	5.8400366368862	5.82070999999992
1.39609999999986	5.8410696680892	5.82182999999993
1.39809999999986	5.84211000834077	5.82295999999992
1.40009999999986	5.84315388862755	5.82408999999992
1.40209999999986	5.84420179405992	5.82520999999993
1.40409999999986	5.84526406026976	5.82633999999992
1.40609999999986	5.84632771381332	5.82746999999992
1.40809999999986	5.84739087737226	5.82859999999992
1.41009999999986	5.84845562788762	5.82972999999992
1.41209999999986	5.84952274426093	5.83085999999992
1.41409999999986	5.85059596260323	5.83198999999992
1.41609999999986	5.85167077433625	5.83311999999993
1.41809999999986	5.85274913659198	5.83424999999993
1.42009999999986	5.85381271506963	5.83538999999992
1.42209999999986	5.8548569553271	5.83651999999992
1.42409999999986	5.85589709912828	5.83764999999993
1.42609999999986	5.85690212769787	5.83878999999992
1.42809999999986	5.85791607545728	5.83992999999992
1.43009999999986	5.85893663785271	5.84105999999992
1.43209999999986	5.85996290762412	5.84219999999991
1.43409999999986	5.860998372632	5.84333999999992
1.43609999999986	5.86204068881866	5.84446999999993
1.43809999999986	5.86308553175546	5.84560999999991
1.44009999999986	5.86413333866141	5.84674999999991
1.44209999999986	5.86518511373755	5.84788999999991
1.44409999999986	5.86623736194264	5.84902999999991
1.44609999999986	5.86729341606009	5.85016999999992
1.44809999999986	5.86835681166681	5.85130999999993
1.45009999999986	5.86942595353672	5.85245999999991
1.45209999999986	5.87049660249613	5.85359999999991
1.45409999999986	5.87157426462971	5.85473999999991
1.45609999999986	5.87265367188646	5.85588999999991
1.45809999999986	5.87373917501188	5.85702999999991
1.46009999999986	5.87483111556625	5.85817999999991
1.46209999999986	5.87592405014267	5.85931999999991
1.46409999999986	5.87702161069008	5.86046999999991
1.46609999999985	5.87812124711954	5.86161999999991
1.46809999999985	5.87922144696942	5.86275999999993
1.47009999999985	5.88032301583981	5.86390999999991
1.47209999999985	5.88143329939796	5.86505999999991
1.47409999999985	5.88254517677085	5.86620999999991
1.47609999999985	5.88365521080128	5.86735999999991
1.47809999999985	5.88476677536585	5.86850999999991
1.48009999999985	5.88588419137672	5.86965999999991
1.48209999999985	5.8870013759586	5.87080999999993
1.48409999999985	5.88812316076185	5.87196999999991
1.48609999999985	5.88924679174349	5.87311999999991
1.48809999999985	5.89037165812	5.87426999999993
1.49009999999985	5.89150431640005	5.87542999999991
1.49209999999985	5.89263907690287	5.87657999999993
1.49409999999985	5.89377518242852	5.87773999999991
1.49609999999985	5.89491349833796	5.87889999999991
1.49809999999985	5.89604805197511	5.88004999999991
1.50009999999985	5.89718379327091	5.88120999999991
1.50209999999985	5.89832354832274	5.88236999999991
1.50409999999985	5.89946168438231	5.88352999999991
1.50609999999985	5.90060174091195	5.88468999999991
1.50809999999985	5.90174986501073	5.88584999999991
1.51009999999985	5.90289559885075	5.88700999999991
1.51209999999985	5.90404059977221	5.88816999999991
1.51409999999985	5.90518968022635	5.88932999999991
1.51609999999985	5.90633761116663	5.89048999999991
1.51809999999985	5.90748891968379	5.89164999999992
1.52009999999985	5.90864090976495	5.89281999999991
1.52209999999985	5.90979865887872	5.89397999999991
1.52409999999985	5.91095769560916	5.89514999999991
1.52609999999985	5.91211537898033	5.89630999999991
1.52809999999985	5.91327451270757	5.89747999999991
1.53009999999985	5.91443522672059	5.89863999999992
1.53209999999985	5.91559634621048	5.89980999999991
1.53409999999985	5.91675602995435	5.90097999999991
1.53609999999985	5.91791817061521	5.90214999999991
1.53809999999985	5.91908367320131	5.90331999999991
1.54009999999985	5.92024787195193	5.90448999999991
1.54209999999985	5.92141209795532	5.90565999999991
1.54409999999985	5.92257983391196	5.90682999999991
1.54609999999985	5.92374887071996	5.90799999999991
1.54809999999985	5.92492121310905	5.90916999999991
1.55009999999985	5.92609016498143	5.91033999999991
1.55209999999985	5.92726334091515	5.91151999999991
1.55409999999985	5.92843563405151	5.91268999999991
1.55609999999985	5.92961494976018	5.91385999999992
1.55809999999984	5.93079058671607	5.91503999999991
1.56009999999984	5.93196510556567	5.91621999999991
1.56209999999984	5.93314030975841	5.91738999999991
1.56409999999984	5.9343182787335	5.91856999999991
1.56609999999984	5.93549396233511	5.91974999999991
1.56809999999984	5.93663755150855	5.92091999999992
1.57009999999984	5.9377766861244	5.92209999999991
1.57209999999984	5.93888884509934	5.92327999999991
1.57409999999984	5.9399901297463	5.92445999999991
1.57609999999984	5.94109449354593	5.92563999999991
1.57809999999984	5.94220389898026	5.92681999999991
1.58009999999984	5.94331457434514	5.92799999999992
1.58209999999984	5.9444306352286	5.92918999999991
1.58409999999984	5.9455501858093	5.9303699999999
1.58609999999984	5.94667610620279	5.9315499999999
1.58809999999984	5.94780129343189	5.9327399999999
1.59009999999984	5.94893415485484	5.9339199999999
1.59209999999984	5.95007109438237	5.9351099999999
1.59409999999984	5.95120483185032	5.9362899999999
1.59609999999984	5.95234503686186	5.9374799999999
1.59809999999984	5.95349066125947	5.9386699999999
1.60009999999984	5.95464277439385	5.93984999999992
1.60209999999984	5.95579325170484	5.9410399999999
1.60409999999984	5.95694435972722	5.9422299999999
1.60609999999984	5.9580972687538	5.9434199999999
1.60809999999984	5.95924610797315	5.9446099999999
1.61009999999984	5.96036212838208	5.9457999999999
1.61209999999984	5.96148049817787	5.9469899999999
1.61409999999984	5.96229835080352	5.94817999999992
1.61609999999984	5.96411559058742	5.9493799999999
1.61809999999984	5.96518743383747	5.9505699999999
1.62009999999984	5.96616821294612	5.9517599999999
1.62209999999984	5.96792799882381	5.9529599999999
1.62409999999984	5.96899352907645	5.9541499999999
1.62609999999984	5.97040216708355	5.9553499999999
1.62809999999984	5.97147260546986	5.9565399999999
1.63009999999984	5.97310519184592	5.9577399999999
1.63209999999984	5.9741689838922	5.9589399999999
1.63409999999984	5.97483744363272	5.9601399999999
1.63609999999984	5.97686029966122	5.9613299999999
1.63809999999984	5.97792228551317	5.9625299999999
1.64009999999984	5.97947296174752	5.9637299999999
1.64209999999984	5.98052620456726	5.9649299999999
1.64409999999984	5.98210417447063	5.9661299999999
1.64609999999984	5.98314998473229	5.9673399999999
1.64809999999983	5.98408999234501	5.9685399999999
1.65009999999983	5.98577151448705	5.9697399999999
1.65209999999983	5.98676261200947	5.9709399999999
1.65409999999983	5.98795986293065	5.9721499999999
1.65609999999983	5.98963436924031	5.9733499999999
1.65809999999983	5.99047104118793	5.9745599999999
1.66009999999983	5.99232488376306	5.9757599999999
1.66209999999983	5.99337022664566	5.9769699999999
1.66409999999983	5.99475038049152	5.9781799999999
1.66609999999983	5.99599875472186	5.9793799999999
1.66809999999983	5.99700646073067	5.9805899999999
1.67009999999983	5.99859653164366	5.9817999999999
1.67209999999983	5.99937088574426	5.9830099999999
1.67409999999983	6.00117562829735	5.9842199999999
1.67609999999983	6.00249570179358	5.9854299999999
1.67809999999983	6.00370514162916	5.9866399999999
1.68009999999983	6.00526594195157	5.9878499999999
1.68209999999983	6.00591450216156	5.9890599999999
1.68409999999983	6.00750744090666	5.9902799999999
1.68609999999983	6.00901853094913	5.9914899999999
1.68809999999983	6.01052938537664	5.9926999999999
1.69009999999983	6.01131849006954	5.9939199999999
1.69209999999983	6.01304809814988	5.9951299999999
1.69409999999983	6.01463239871623	5.9963499999999
1.69609999999983	6.0155583320716	5.99756999999988
1.69809999999983	6.01628114095109	5.9987799999999
1.70009999999983	6.01768932355409	5.9999999999999
1.70209999999983	6.0192129122677	6.0012199999999
1.70409999999983	6.02108259092714	6.0024399999999
1.70609999999983	6.02141737377993	6.0036599999999
1.70809999999983	6.02393256978677	6.00487999999988
1.71009999999983	6.02455984000298	6.0060999999999
1.71209999999983	6.02559573602982	6.0073199999999
1.71409999999983	6.02602338078961	6.0085399999999
1.71609999999983	6.02781168942625	6.0097599999999
1.71809999999983	6.02976330258345	6.0109799999999
1.72009999999983	6.03206349391519	6.0122099999999
1.72209999999983	6.03288612922939	6.0134299999999
1.72409999999983	6.03456228144132	6.0146599999999
1.72609999999983	6.0355513611902	6.0158799999999
1.72809999999983	6.03704830390253	6.01710999999989
1.73009999999983	6.0382783390368	6.01832999999989
1.73209999999983	6.03969179979345	6.0195599999999
1.73409999999983	6.04017373561277	6.0207899999999
1.73609999999983	6.04187114198157	6.0220199999999
1.73809999999983	6.04394416976292	6.0232499999999
1.74009999999982	6.0446896832392	6.02447999999988
1.74209999999982	6.04627901138292	6.02570999999988
1.74409999999982	6.04783702922935	6.02693999999989
1.74609999999982	6.04926626611779	6.02816999999989
1.74809999999982	6.05029882917218	6.02939999999989
1.75009999999982	6.05151395484442	6.03062999999989
1.75209999999982	6.05344296050346	6.03186999999988
1.75409999999982	6.05454388265272	6.03309999999989
1.75609999999982	6.05601101463576	6.03432999999989
1.75809999999982	6.05612143729361	6.03556999999989
1.76009999999982	6.05736607264548	6.03679999999989
1.76209999999982	6.0584144333073	6.03803999999989
1.76409999999982	6.05938831088031	6.03927999999988
1.76609999999982	6.06181392305169	6.04050999999989
1.76809999999982	6.06251042743831	6.04174999999989
1.77009999999982	6.06494886680862	6.04298999999989
1.77209999999982	6.06734247391748	6.04422999999989
1.77409999999982	6.06814769921379	6.04546999999989
1.77609999999982	6.0699628799887	6.04670999999989
1.77809999999982	6.07101524738859	6.04794999999989
1.78009999999982	6.0724671839443	6.04918999999989
1.78209999999982	6.07355488255835	6.05042999999989
1.78409999999982	6.07565790641693	6.05167999999987
1.78609999999982	6.07612762539038	6.05291999999989
1.78809999999982	6.07811105982022	6.05415999999989
1.79009999999982	6.07771678318108	6.05540999999987
1.79209999999982	6.08007913981682	6.05664999999989
1.79409999999982	6.08234978391687	6.05789999999989
1.79609999999982	6.08275803729627	6.05913999999989
1.79809999999982	6.0851103672723	6.06038999999989
1.80009999999982	6.08597669604303	6.06163999999989
1.80209999999982	6.08756844667434	6.06288999999987
1.80409999999982	6.08760547395529	6.06412999999989
1.80609999999982	6.08976587643546	6.06537999999989
1.80809999999982	6.09202329778712	6.06662999999989
1.81009999999982	6.0929450408453	6.06787999999989
1.81209999999982	6.09480337591799	6.06912999999989
1.81409999999982	6.0957808116619	6.07038999999987
1.81609999999982	6.0973071413987	6.07163999999989
1.81809999999982	6.09893528646344	6.07288999999989
1.82009999999982	6.09907604958665	6.07413999999989
1.82209999999982	6.10108839207818	6.07539999999989
1.82409999999982	6.10304391611729	6.07664999999989
1.82609999999982	6.10469661349706	6.07790999999989
1.82809999999982	6.10522834921958	6.07915999999989
1.83009999999981	6.10747803824984	6.08041999999989
1.83209999999981	6.10787168866491	6.08167999999987
1.83409999999981	6.10980825413778	6.08293999999987
1.83609999999981	6.11081769812112	6.08418999999989
1.83809999999981	6.11291103932339	6.08544999999989
1.84009999999981	6.11408055079717	6.08670999999989
1.84209999999981	6.11513414074719	6.08796999999989
1.84409999999981	6.11705737284951	6.08922999999989
1.84609999999981	6.11816359473265	6.09048999999989
1.84809999999981	6.11986930490198	6.09174999999989
1.85009999999981	6.12164202754826	6.09301999999987
1.85209999999981	6.1217875842069	6.09427999999989
1.85409999999981	6.12396702834533	6.09553999999989
1.85609999999981	6.12511546191029	6.09680999999987
1.85809999999981	6.12648572754076	6.09806999999989
1.86009999999981	6.12854767306709	6.09933999999987
1.86209999999981	6.12960820958242	6.10059999999989
1.86409999999981	6.13189610239073	6.10186999999989
1.86609999999981	6.13261349617423	6.10313999999987
1.86809999999981	6.13432825747236	6.10440999999987
1.87009999999981	6.13609819031294	6.10566999999989
1.87209999999981	6.13650777341976	6.10693999999989
1.87409999999981	6.13912535202776	6.10820999999989
1.87609999999981	6.13960550715787	6.10947999999989
1.87809999999981	6.14158369229622	6.11074999999989
1.88009999999981	6.14268323926552	6.11201999999989
1.88209999999981	6.14463466761935	6.11329999999987
1.88409999999981	6.14595828911335	6.11456999999989
1.88609999999981	6.14666332283686	6.11583999999989
1.88809999999981	6.14865979008428	6.11711999999987
1.89009999999981	6.15043442976704	6.11838999999989
1.89209999999981	6.15146306334494	6.11966999999987
1.89409999999981	6.15370086356486	6.12093999999988
1.89609999999981	6.15441326718023	6.12221999999987
1.89809999999981	6.15665720259366	6.12348999999988
1.90009999999981	6.15753351884838	6.12476999999988
1.90209999999981	6.15946028880132	6.12604999999988
1.90409999999981	6.1596625622497	6.12732999999986
1.90609999999981	6.16169577182558	6.12860999999987
1.90809999999981	6.16313442517919	6.12988999999986
1.91009999999981	6.16386533791409	6.13116999999986
1.91209999999981	6.16612028292055	6.13244999999986
1.91409999999981	6.1681293300941	6.13372999999988
1.91609999999981	6.17008948753291	6.13500999999988
1.91809999999981	6.1716740006847	6.13628999999988
1.9200999999998	6.17266951784078	6.13757999999986
1.9220999999998	6.17444846179453	6.13885999999988
1.9240999999998	6.17632438914596	6.14014999999986
1.9260999999998	6.17717473859443	6.14142999999988
1.9280999999998	6.17902668429194	6.14271999999986
1.9300999999998	6.18035364371363	6.14399999999988
1.9320999999998	6.18152392425928	6.14528999999988
1.9340999999998	6.18343870696902	6.14657999999986
1.9360999999998	6.18448301975303	6.14786999999986
1.9380999999998	6.18655384383268	6.14915999999986
1.9400999999998	6.18753039312866	6.15044999999986
1.9420999999998	6.18950597647277	6.15173999999986
1.9440999999998	6.19032528285901	6.15302999999986
1.9460999999998	6.19183082303697	6.15431999999986
1.9480999999998	6.19374777979779	6.15560999999986
1.9500999999998	6.19521645798144	6.15689999999988
1.9520999999998	6.19681223549363	6.15818999999988
1.9540999999998	6.19787396924011	6.15948999999986
1.9560999999998	6.19954369593145	6.16077999999988
1.9580999999998	6.20143476682726	6.16207999999986
1.9600999999998	6.20247273044169	6.16336999999988
1.9620999999998	6.20467760892254	6.16466999999986
1.9640999999998	6.20593873423604	6.16596999999986
1.9660999999998	6.20796620748703	6.16725999999988
1.9680999999998	6.20934110704136	6.16855999999988
1.9700999999998	6.21021571918319	6.16985999999986
1.9720999999998	6.21221848581168	6.17115999999986
1.9740999999998	6.21342170841154	6.17245999999986
1.9760999999998	6.21525115389643	6.17375999999986
1.9780999999998	6.21697648913609	6.17505999999986
1.9800999999998	6.21802308832904	6.17635999999988
1.9820999999998	6.22059788882836	6.17765999999988
1.9840999999998	6.22119488472526	6.17896999999986
1.9860999999998	6.22367330840019	6.18026999999986
1.9880999999998	6.22429757202864	6.18156999999988
1.9900999999998	6.22609587391145	6.18287999999986
1.9920999999998	6.22797328372771	6.18417999999988
1.9940999999998	6.22879136216051	6.18548999999986
1.9960999999998	6.22980407571443	6.18678999999988
1.9980999999998	6.23065159781131	6.18809999999988
