t	fd_A	fd_V
0	0	0	0
0.002	0	0	0
0.0041	0	1.59242194083808E-23	1.65436122510606E-24
0.006	0	0	2.01422999999995E-10
0.00800000000000001	0	0	4.06226999999974E-10
0.0101	0	0	3.97046694025453E-23
0.0121	0	0	1.85288457211878E-22
0.0141	0	0	4.76456032830544E-22
0.0161	0	0	8.99972506457694E-22
0.0180999999999999	0	0	1.58818677610181E-21
0.0200999999999999	0	0	2.43521972335611E-21
0.0220999999999999	0	0	3.81164826264435E-21
0.0240999999999999	0	0	5.50571415715295E-21
0.0260999999999999	0	0	7.6232965252887E-21
0.0280999999999999	0	0	9.74087889342445E-21
0.0300999999999999	0	0	1.35525271560688E-20
0.0320999999999999	0	0	1.35525271560688E-20
0.0341	0	0	6.7762635780344E-21
0.036	0	0	1.74871999999987E-08
0.0380000000000001	0	0	2.03730999999865E-08
0.0400000000000001	0	0	2.36372999999715E-08
0.0420000000000002	0	0	2.73322999999521E-08
0.0440000000000002	0	0	3.1519699999925E-08
0.0460000000000003	0	0	3.62718999998951E-08
0.0480000000000003	0	0	4.16731999998536E-08
0.0500000000000004	0	1.14590089345881E-08	4.78220999998085E-08
0.0520000000000005	0	1.14308647344861E-08	5.48335999997474E-08
0.0540000000000005	0	1.14029049177621E-08	6.28412999996772E-08
0.0560000000000006	0	1.13750788142155E-08	7.20009999995847E-08
0.0580000000000006	0	1.1347461437631E-08	8.24932999994785E-08
0.0600000000000007	0	3.32043167964027E-08	9.45278999993449E-08
0.0620000000000007	0	3.31244023632954E-08	1.08347999999185E-07
0.0640000000000008	0	1.48550916265033E-07	1.24233999998998E-07
0.0660000000000009	0	4.85633898792586E-07	1.42509999998775E-07
0.0680000000000009	4.62923485284484E-07	7.20461304580193E-07	1.63551999998504E-07
0.070000000000001	6.46884263072781E-06	7.96852276275625E-07	1.87788999998192E-07
0.072000000000001	3.56417064890092E-05	1.33281284901337E-06	2.15716999997783E-07
0.0740000000000011	8.09049802751993E-05	3.77602307124812E-06	2.47902999997299E-07
0.0760000000000012	9.01734087080708E-05	4.28532748400132E-06	2.84997999996689E-07
0.0780000000000012	0.000113095525213517	6.51623589320432E-06	3.27741999996058E-07
0.0800000000000013	0.000146037262486401	9.7412334155323E-06	1.57322000000315E-07
0.0820000000000013	0.000195800619022444	1.38933506458627E-05	1.05672000000092E-06
0.0840000000000014	0.000247581949868442	1.84788340397577E-05	2.97054000000175E-06
0.0860000000000014	0.000310128448854195	2.34542583933134E-05	6.18897000000289E-06
0.0880000000000015	0.000434002454963054	3.36805068070387E-05	1.10603000000044E-05
0.0900000000000016	0.000553928101602961	4.47280491616293E-05	1.79994000000064E-05
0.0920000000000016	0.000685935353855607	5.88132033216148E-05	2.74969000000089E-05
0.0940000000000017	0.000828100386583626	7.57093580046486E-05	4.0129400000012E-05
0.0960000000000017	0.00100159836397745	9.59358531038859E-05	5.6569800000016E-05
0.0980000000000018	0.00122274561011105	0.000121191200385437	7.7598300000021E-05
0.100000000000002	0.00146851230556447	0.000151616015467786	0.000104114000000027
0.102000000000002	0.0017472144032527	0.000186952183854275	0.000137145000000035
0.104000000000002	0.00205580811579401	0.000229148971534773	0.000177863000000044
0.106000000000002	0.00240122360934394	0.000278556801551235	0.000227587000000056
0.108000000000002	0.00279616340802407	0.000335367611855254	0.000287801000000068
0.110000000000002	0.00323412276593872	0.000402614999681481	0.000360153000000084
0.112000000000002	0.00372258705458456	0.000480859840173182	0.000446466000000104
0.114000000000002	0.0042204102038346	0.000564934736829936	0.000548739000000124
0.116000000000002	0.00482034341756244	0.000666826877013813	0.00066914000000015
0.118000000000002	0.00544519897313974	0.000779202257787804	0.000810007000000178
0.120000000000002	0.00612546879774619	0.000908921390044693	0.000973827000000213
0.122000000000002	0.0068582123164368	0.00105138672972507	0.00116000000000025
0.124000000000003	0.00766584955300184	0.00121330076941388	0.00138000000000025
0.126000000000002	0.00853734970152108	0.00139683541607456	0.00163000000000024
0.128000000000002	0.00944288350502728	0.00159660358525345	0.00191000000000044
0.130000000000002	0.0104294182411232	0.00181798973462132	0.0022300000000004
0.132000000000002	0.0114773252180044	0.00206313771691688	0.00259000000000036
0.134000000000002	0.0125601239561464	0.00232781454341683	0.00299000000000031
0.136000000000001	0.0137397604203174	0.00262181444454722	0.00344000000000027
0.138000000000001	0.0149634477820468	0.00293968507553139	0.00393000000000034
0.140000000000001	0.0162503777211797	0.00328515548230717	0.00447000000000027
0.142000000000001	0.0176072531391052	0.00365749058710455	0.00507000000000021
0.144	0.0190098214929699	0.00405557920610146	0.00571000000000019
0.146	0.0204473705538375	0.00447978146865255	0.0064100000000001
0.148	0.0219513982999078	0.00493286483857539	0.00716000000000001
0.1501	0.0235936367794278	0.00543995877718187	0.00799999999999991
0.1521	0.0251834128312244	0.00594990979833083	0.00885999999999982
0.154099999999999	0.0268145861123302	0.00648166558409668	0.00976999999999974
0.156099999999999	0.0284926074855082	0.00704381379633852	0.0107299999999996
0.158099999999999	0.0301812182461505	0.00762435795317301	0.0117399999999995
0.160099999999999	0.0319297848565194	0.00823779006869157	0.0127999999999992
0.162099999999998	0.0336837866018138	0.00886638348657327	0.0138899999999992
0.164099999999998	0.0354588062437105	0.00951932340223783	0.0150299999999991
0.166099999999998	0.0372267822912137	0.0101816865989575	0.0162099999999988
0.168099999999998	0.0390526017565868	0.010875225436107	0.0174299999999985
0.170099999999998	0.0408688773059907	0.0115828425719917	0.0186699999999985
0.172099999999997	0.0426671665565894	0.0122990785037757	0.0199499999999982
0.174099999999997	0.0444849719198212	0.013031450311481	0.0212499999999983
0.176099999999997	0.0463221286777215	0.0137834470756974	0.0225799999999978
0.178099999999997	0.0481343946568051	0.0145400727008292	0.0239299999999977
0.180099999999996	0.0499409794359482	0.0153076869248476	0.0252999999999975
0.182099999999996	0.0517400725691176	0.0160786312810041	0.0266799999999974
0.184099999999996	0.053538737284793	0.0168639385385254	0.0280799999999972
0.186099999999996	0.055330926066039	0.0176567004941332	0.0294899999999971
0.188099999999996	0.0570852121599947	0.0184449261052132	0.0309099999999969
0.190099999999995	0.0588566019086302	0.0192466268113057	0.0323399999999968
0.192099999999995	0.0605921815144181	0.0200428656604454	0.0337699999999966
0.194099999999995	0.0623005216177136	0.0208409591720123	0.0351999999999965
0.196099999999995	0.0640087061185915	0.021645784451074	0.0366399999999963
0.198099999999995	0.0656869546878171	0.0224451551943583	0.0380799999999962
0.200099999999994	0.0673704644055335	0.0232521510024691	0.0395199999999954
0.202099999999994	0.0690267133564656	0.0240563130473435	0.0409499999999959
0.204099999999994	0.070638778424411	0.0248502816310181	0.0423799999999957
0.206099999999994	0.0722254871707426	0.0256406722667724	0.0438099999999955
0.208099999999993	0.0738068320969696	0.0264325296856374	0.0452299999999954
0.210099999999993	0.0753763504353048	0.0272239302569251	0.0466499999999952
0.212099999999993	0.0769181103173456	0.0280095935618658	0.0480599999999951
0.214099999999993	0.0784460792654417	0.0287940150337903	0.0494599999999949
0.216099999999993	0.0799305662811392	0.029565846029558	0.0508499999999948
0.218099999999992	0.0814010611490431	0.0303364437682303	0.0522399999999946
0.220099999999992	0.0828666086021541	0.0311079674315722	0.0536099999999945
0.222099999999992	0.084302882460413	0.0318681488333166	0.0549799999999943
0.224099999999992	0.0857185194672091	0.0326245387481275	0.0563399999999942
0.226099999999991	0.0871078427868109	0.0333756166219849	0.0576799999999949
0.228099999999991	0.088486475741944	0.0341227317373417	0.0590199999999939
0.230099999999991	0.0898221872125129	0.0348540048059536	0.0603399999999946
0.232099999999991	0.091142393959827	0.0355801406433303	0.0616599999999936
0.234099999999991	0.0924737991872897	0.036314884849493	0.0629599999999934
0.23609999999999	0.0937806428970498	0.0370393704295066	0.0642499999999932
0.23809999999999	0.0950577683059279	0.0377537943983352	0.0655299999999931
0.24009999999999	0.0963054514254232	0.0384582252271498	0.0667899999999939
0.24209999999999	0.0975242773388012	0.039152733163802	0.0680499999999927
0.244099999999989	0.0987408987118365	0.0398481081951813	0.0692899999999936
0.246099999999989	0.0999325947921527	0.0405324945093987	0.0705199999999935
0.248099999999989	0.101112577135014	0.04121195169941	0.0717399999999934
0.250099999999989	0.102273247953007	0.0418839071382893	0.0729399999999933
0.252099999999989	0.103433964612631	0.0425576611361374	0.0741399999999931
0.254099999999988	0.104570995816944	0.0432210096725173	0.075319999999993
0.256099999999988	0.105686307821248	0.0438766612659573	0.0764899999999929
0.258099999999988	0.106785210433482	0.0445271502926242	0.077639999999994
0.260099999999988	0.1078495576847	0.0451621158123058	0.0787899999999926
0.262099999999987	0.108905308138654	0.0457956828472077	0.0799199999999925
0.264099999999987	0.109959662139613	0.0464276477684865	0.0810399999999923
0.266099999999987	0.110989382255943	0.0470476949308652	0.0821499999999922
0.268099999999987	0.112018537172796	0.0476678089693234	0.0832399999999934
0.270099999999987	0.113025238010688	0.0482784469498465	0.084329999999992
0.272099999999986	0.114016724253852	0.0488842767277598	0.0853999999999918
0.274099999999986	0.114995796801798	0.0494839029694933	0.0864599999999917
0.276099999999986	0.115963591988042	0.0500777397019625	0.0874999999999929
0.278099999999986	0.116918048414636	0.0506666448837397	0.0885399999999928
0.280099999999985	0.117845659471388	0.0512429996191098	0.0895599999999927
0.282099999999985	0.118760289216542	0.0518140394348602	0.0905699999999926
0.284099999999985	0.119655952607688	0.0523753510945663	0.091569999999994
0.286099999999985	0.120558989125659	0.0529409873817543	0.0925599999999924
0.288099999999985	0.121447885588808	0.0534996555913781	0.0935399999999923
0.290099999999984	0.122332844035823	0.0540552898804288	0.0945099999999922
0.292099999999984	0.123190197240689	0.0545966388146618	0.0954599999999921
0.294099999999984	0.124039920887445	0.0551358131827245	0.0963999999999936
0.296099999999984	0.124870368269891	0.0556660914154636	0.0973399999999919
0.298099999999983	0.125694699997807	0.0561952173219632	0.0982599999999918
0.300099999999983	0.126499843320208	0.0567150921111025	0.0991699999999916
0.302099999999983	0.127304163074632	0.0572326538228037	0.100069999999992
0.304099999999983	0.128102074395982	0.0577483349912222	0.100949999999993
0.306099999999983	0.12888022120576	0.0582537418003936	0.101829999999993
0.308099999999982	0.129639628692212	0.0587495490149393	0.102699999999993
0.310099999999982	0.130395308150555	0.0592428827743145	0.103559999999991
0.312099999999982	0.131144617097188	0.0597320383591668	0.104399999999993
0.314099999999982	0.131884878724323	0.0602171028568845	0.105239999999993
0.316099999999982	0.132635114859639	0.0607070461556387	0.106059999999993
0.318099999999981	0.133367181631133	0.0611872540799397	0.106879999999993
0.320099999999981	0.134080697837793	0.061657866820289	0.107689999999992
0.322099999999981	0.134788740665954	0.0621265424352354	0.108479999999992
0.324099999999981	0.135478688217107	0.0625857057236197	0.109269999999992
0.32609999999998	0.136158128080929	0.0630395349873177	0.110049999999992
0.32809999999998	0.136826844544095	0.0634884572724093	0.110809999999994
0.33009999999998	0.137484860508127	0.0639322519599585	0.111569999999992
0.33209999999998	0.138133263103689	0.0643715871301279	0.112319999999992
0.33409999999998	0.138772093784131	0.0648056099409201	0.113059999999992
0.336099999999979	0.139409819773293	0.0652368307036351	0.113789999999992
0.338099999999979	0.140040451266295	0.0656648328388404	0.114509999999992
0.340099999999979	0.14066227671674	0.0660887481840346	0.115219999999994
0.342099999999979	0.141285914374824	0.0665121721074069	0.115929999999991
0.344099999999978	0.141895597932765	0.0669268984715087	0.116619999999994
0.346099999999978	0.142496791988973	0.0673374495474104	0.117309999999991
0.348099999999978	0.14309599133154	0.0677482774420528	0.117979999999993
0.350099999999978	0.143679450765754	0.0681499192080827	0.118649999999993
0.352099999999978	0.144266524677992	0.0685526130622269	0.119309999999993
0.354099999999977	0.14484537334775	0.0689500317240313	0.119969999999991
0.356099999999977	0.145414083856369	0.0693420655742016	0.120609999999993
0.358099999999977	0.145972568736839	0.0697289476331073	0.121249999999991
0.360099999999977	0.146520292129484	0.0701095991716758	0.121869999999993
0.362099999999976	0.14706363919523	0.0704885100260527	0.122489999999993
0.364099999999976	0.147600958141489	0.0708646922862776	0.123109999999993
0.366099999999976	0.148125396597271	0.0712333429636773	0.123709999999993
0.368099999999976	0.148643092483055	0.0715987188539515	0.124309999999993
0.370099999999976	0.149153948655196	0.0719607127638407	0.124899999999993
0.372099999999975	0.149660803063585	0.0723200887791169	0.125479999999993
0.374099999999975	0.150166645028992	0.0726768738444906	0.126059999999993
0.376099999999975	0.150668197274043	0.0730317075032078	0.126629999999992
0.378099999999975	0.151159831923787	0.0733811559669419	0.127189999999992
0.380099999999974	0.151649651822038	0.073727822633647	0.127739999999992
0.382099999999974	0.152138224826217	0.0740731232953203	0.128289999999992
0.384099999999974	0.152616633069767	0.0744123184850375	0.128829999999992
0.386099999999974	0.153084228788247	0.0747452442060294	0.129359999999992
0.388099999999974	0.153553238317846	0.075080243579098	0.129889999999992
0.390099999999973	0.154010821185118	0.0754083167118352	0.130409999999992
0.392099999999973	0.154463015251554	0.0757338826303768	0.130919999999992
0.394099999999973	0.154907529227685	0.0760549996190673	0.131429999999992
0.396099999999973	0.155349038576386	0.0763746779658246	0.131929999999992
0.398099999999972	0.15578867459606	0.0766928793210842	0.132419999999995
0.400099999999972	0.156227138690938	0.0770088869255337	0.132909999999992
0.402099999999972	0.156656509145492	0.0773191642908784	0.133389999999994
0.404099999999972	0.157078521366275	0.0776251902585606	0.133869999999992
0.406099999999972	0.157498468929882	0.0779308482084148	0.134339999999991
0.408099999999971	0.157910571978864	0.0782318387631154	0.134799999999994
0.410099999999971	0.1583145348951	0.0785279034922136	0.135259999999994
0.412099999999971	0.158710273166635	0.0788191369365372	0.135709999999994
0.414099999999971	0.159105111262836	0.0791101044657508	0.136159999999994
0.41609999999997	0.159493289770274	0.0793975857539607	0.136599999999994
0.41809999999997	0.159878476850508	0.0796822948997418	0.137029999999994
0.42009999999997	0.160262960547559	0.0799648839422171	0.137459999999994
0.42209999999997	0.160644030698036	0.0802454118423575	0.137889999999994
0.42409999999997	0.161021870318323	0.0805248745812488	0.138309999999994
0.426099999999969	0.161393610876086	0.0808005216296594	0.138719999999994
0.428099999999969	0.161767830769017	0.0810759085807404	0.139129999999994
0.430099999999969	0.162143209474092	0.0813521843436894	0.139539999999994
0.432099999999969	0.162506163565158	0.0816200943325892	0.139929999999994
0.434099999999969	0.1628618719701	0.0818835922504272	0.140329999999994
0.436099999999968	0.16321151372513	0.0821433933242913	0.140719999999994
0.438099999999968	0.163560209515837	0.082403165123997	0.141099999999994
0.440099999999968	0.1639067577376	0.0826621407311533	0.141479999999994
0.442099999999968	0.164243910641806	0.0829152186095641	0.141859999999994
0.444099999999967	0.164576549927241	0.0831657881894073	0.142229999999993
0.446099999999967	0.164904056569696	0.0834131781944397	0.142589999999993
0.448099999999967	0.165229257500562	0.0836594211221622	0.142949999999993
0.450099999999967	0.165553156409462	0.083905624988617	0.143309999999993
0.452099999999967	0.165871268056151	0.0841482894382411	0.143659999999993
0.454099999999966	0.166184561052691	0.0843881158874447	0.144009999999993
0.456099999999966	0.166491824809815	0.0846241630532643	0.144349999999993
0.458099999999966	0.166798111404321	0.0848582476491887	0.144689999999993
0.460099999999966	0.167108701038968	0.0850939238029711	0.145019999999997
0.462099999999965	0.167414496169568	0.0853270185477767	0.145359999999993
0.464099999999965	0.167715429470554	0.0855569043731775	0.145679999999997
0.466099999999965	0.16801203047197	0.0857842111440643	0.145999999999996
0.468099999999965	0.168302706217094	0.0860079503275721	0.146319999999996
0.470099999999965	0.168589455388327	0.0862291933374368	0.146639999999993
0.472099999999964	0.168872450944268	0.0864481808749739	0.146949999999993
0.474099999999964	0.169151231710579	0.0866647196323106	0.147259999999993
0.476099999999964	0.169428280110909	0.0868784695682556	0.147559999999993
0.478099999999964	0.169707539478997	0.0870926538178278	0.147859999999993
0.480099999999963	0.169982510845773	0.0873041740203779	0.148149999999996
0.482099999999963	0.170254798687013	0.0875142326709324	0.148449999999993
0.484099999999963	0.170522836162185	0.08772198029676	0.148739999999993
0.486099999999963	0.170787389348032	0.0879275641938481	0.149019999999996
0.488099999999963	0.171049886059158	0.0881309999103655	0.149299999999996
0.490099999999962	0.171321872081689	0.0883397017949234	0.149579999999996
0.492099999999962	0.171583889550098	0.0885412388601232	0.149859999999992
0.494099999999962	0.171843125233743	0.0887412757419685	0.150129999999992
0.496099999999962	0.172098380417232	0.0889390529380948	0.150389999999996
0.498099999999961	0.172349441831392	0.0891341475111871	0.150659999999996
0.500099999999961	0.172594665705361	0.0893252742770246	0.150919999999996
0.502099999999961	0.172837843947365	0.0895154021184282	0.151179999999996
0.504099999999961	0.173077951088303	0.089703785049628	0.151439999999992
0.506099999999961	0.173314733723075	0.0898900983441708	0.151689999999992
0.50809999999996	0.173547966668681	0.0900743292881599	0.151939999999992
0.51009999999996	0.17378257792334	0.0902598753394104	0.152179999999996
0.51209999999996	0.174008254249344	0.0904393038537766	0.152429999999992
0.51409999999996	0.17423204889855	0.0906176181892562	0.152669999999992
0.516099999999959	0.174454416709276	0.0907952106633587	0.152899999999996
0.518099999999959	0.174673385573584	0.090970833080157	0.153139999999996
0.520099999999959	0.17488949030896	0.0911447711082867	0.153369999999996
0.522099999999959	0.175099414691827	0.0913144233212477	0.153599999999996
0.524099999999959	0.175307714497436	0.091483045975556	0.153829999999992
0.526099999999958	0.175515670229054	0.0916518582656742	0.154049999999996
0.528099999999958	0.175721150601339	0.0918192508687764	0.154269999999996
0.530099999999958	0.175924577000118	0.0919855975743703	0.154489999999996
0.532099999999958	0.176125925499779	0.0921506419096245	0.154699999999996
0.534099999999958	0.176325648051171	0.0923141411740275	0.154919999999996
0.536099999999957	0.176528283294822	0.0924778466604751	0.155129999999996
0.538099999999957	0.176725104085535	0.0926370499969328	0.155329999999996
0.540099999999957	0.176920353120077	0.0927954213349594	0.155539999999996
0.542099999999957	0.177114701854499	0.0929534802318432	0.155739999999996
0.544099999999956	0.177307219688477	0.0931105452267507	0.155939999999996
0.546099999999956	0.177497017540614	0.0932660159226508	0.156139999999996
0.548099999999956	0.177685272916112	0.0934197371411218	0.156339999999996
0.550099999999956	0.177876776808905	0.0935742083594715	0.156529999999996
0.552099999999956	0.178068522977542	0.0937287200014188	0.156719999999996
0.554099999999955	0.178252131607011	0.0938773555166293	0.156909999999996
0.556099999999955	0.178434093198765	0.0940250237591495	0.157099999999995
0.558099999999955	0.178613675062407	0.0941714175956032	0.157279999999995
0.560099999999955	0.178790705146536	0.0943161647703883	0.15746
0.562099999999954	0.178965404853764	0.0944595443693032	0.15764
0.564099999999954	0.179136407583963	0.0946003483324404	0.157819999999995
0.566099999999954	0.179312642530886	0.094745573315249	0.157999999999995
0.568099999999954	0.179480780690007	0.0948848570990312	0.158169999999995
0.570099999999954	0.17964748355262	0.0950233967284774	0.158339999999995
0.572099999999953	0.179813048929118	0.0951613603408603	0.158509999999995
0.574099999999953	0.179975096711802	0.0952971313934531	0.158679999999995
0.576099999999953	0.180139458404197	0.0954332103047343	0.158849999999995
0.578099999999953	0.180301710952732	0.0955661230739913	0.159009999999995
0.580099999999952	0.180462446211942	0.0956982343903684	0.159169999999995
0.582099999999952	0.180621834633918	0.0958296759260549	0.159329999999995
0.584099999999952	0.180779896135557	0.095960399922331	0.159489999999995
0.586099999999952	0.18093503790507	0.0960894016036971	0.159649999999995
0.588099999999952	0.181088880387369	0.096217523272554	0.159799999999995
0.590099999999951	0.181237017716494	0.0963418900709338	0.15995
0.592099999999951	0.18138523798281	0.0964663005829342	0.1601
0.594099999999951	0.181527380697588	0.0965861930794644	0.16025
0.596099999999951	0.181668986775203	0.0967058431176819	0.160399999999995
0.59809999999995	0.181810084461381	0.0968254890455761	0.160549999999995
0.60009999999995	0.18195095650341	0.0969453518214134	0.160689999999995
0.60209999999995	0.182089606406197	0.0970639306356999	0.160829999999995
0.60409999999995	0.182227026314427	0.097181628524106	0.160969999999995
0.60609999999995	0.182360996590966	0.0972971478569186	0.161109999999995
0.608099999999949	0.182491040153817	0.0974095941911459	0.161249999999995
0.610099999999949	0.182619302985148	0.0975210841847208	0.16138
0.612099999999949	0.182746772843752	0.0976320753215141	0.161519999999995
0.614099999999949	0.182873473434968	0.0977426967938385	0.161649999999995
0.616099999999948	0.182999391270417	0.0978530930758886	0.161779999999995
0.618099999999948	0.183123862282339	0.0979626152424121	0.161909999999995
0.620099999999948	0.183247042747642	0.0980714365685405	0.162039999999995
0.622099999999948	0.183369210531412	0.098179256735716	0.16216
0.624099999999948	0.183490834998547	0.0982853112061636	0.162289999999995
0.626099999999947	0.183613709790282	0.0983912089587534	0.162409999999995
0.628099999999947	0.183735286166497	0.0984964258867323	0.16253
0.630099999999947	0.183855677734543	0.0986007790701869	0.16265
0.632099999999947	0.183974575564609	0.0987044467803764	0.162769999999995
0.634099999999946	0.184093124139086	0.0988079756467107	0.162889999999995
0.636099999999946	0.184208931608158	0.0989096809905957	0.163
0.638099999999946	0.184320368814592	0.0990082238247987	0.163119999999995
0.640099999999946	0.184430629842247	0.0991055706987149	0.16323
0.642099999999946	0.184541596346857	0.0992018824487649	0.16334
0.644099999999945	0.184655929637679	0.099299915617005	0.163459999999995
0.646099999999945	0.184769198287923	0.0993975128480742	0.16356
0.648099999999945	0.18487758026999	0.0994913146879	0.16367
0.650099999999945	0.184984402240718	0.0995843167230054	0.163779999999994
0.652099999999945	0.185090357364555	0.0996768045565785	0.16388
0.654099999999944	0.185193454126642	0.0997674676838627	0.163989999999994
0.656099999999944	0.185292674024256	0.0998551907980604	0.16409
0.658099999999944	0.185389813540886	0.0999413866858095	0.16419
0.660099999999944	0.185485489716748	0.100026716370248	0.16429
0.662099999999943	0.185581369672134	0.10011233207655	0.16439
0.664099999999943	0.18568255108695	0.100202652533352	0.16449
0.666099999999943	0.185776858816388	0.10028752240088	0.164589999999994
0.668099999999943	0.185870299084059	0.100371997984411	0.16468
0.670099999999943	0.185963343140949	0.100456408679697	0.164779999999994
0.672099999999942	0.186055790759188	0.100540533623409	0.16487
0.674099999999942	0.186144891298688	0.100622473015649	0.164969999999994
0.676099999999942	0.186231855860638	0.100702633401171	0.165059999999994
0.678099999999942	0.186318131995661	0.100782629694802	0.165149999999994
0.680099999999941	0.186403670290926	0.100862095344652	0.165239999999994
0.682099999999941	0.186488891169679	0.100941591599978	0.16532
0.684099999999941	0.186573646054126	0.101020832283946	0.16541
0.686099999999941	0.186658020433332	0.101100095798698	0.165499999999994
0.688099999999941	0.186741076961093	0.101178497624657	0.16558
0.69009999999994	0.186824699937732	0.101256539330383	0.16566
0.69209999999994	0.186909357053302	0.101334081311792	0.165749999999994
0.69409999999994	0.186991337057142	0.101409152843193	0.16583
0.69609999999994	0.187071542736436	0.101482795241735	0.16591
0.698099999999939	0.187150804418946	0.101555966648417	0.16599
0.700099999999939	0.187229035195805	0.101628317670982	0.166069999999994
0.702099999999939	0.187306529471094	0.101700254306734	0.166149999999994
0.704099999999939	0.18738313301544	0.101771903519165	0.16622
0.706099999999939	0.187459514176569	0.101843396544834	0.166299999999994
0.708099999999938	0.187534550291719	0.101914167587446	0.16637
0.710099999999938	0.187606860216237	0.101983052857928	0.166449999999994
0.712099999999938	0.187677383826026	0.102050432555093	0.16652
0.714099999999938	0.18774566489266	0.102116305551673	0.16659
0.716099999999937	0.187812387328027	0.102180941576132	0.16666
0.718099999999937	0.187877922467523	0.102244855067097	0.16673
0.720099999999937	0.187942756365897	0.102308394224789	0.1668
0.722099999999937	0.188007084128504	0.102371717228994	0.16687
0.724099999999937	0.188070579608123	0.102434553157861	0.16694
0.726099999999936	0.188133814120385	0.102497375380672	0.167009999999994
0.728099999999936	0.188196680880885	0.102559988844379	0.16707
0.730099999999936	0.188257422028396	0.102621175125381	0.167139999999994
0.732099999999936	0.18831568874878	0.102680534211609	0.1672
0.734099999999935	0.188372716550671	0.10273899304887	0.16726
0.736099999999935	0.188430826122372	0.102797070188459	0.167329999999994
0.738099999999935	0.188490360728032	0.102855246966215	0.167389999999994
0.740099999999935	0.188549949302136	0.102913100734425	0.16745
0.742099999999935	0.18860864586596	0.102970378755971	0.16751
0.744099999999934	0.188666986536584	0.103027478006838	0.167569999999993
0.746099999999934	0.188724318975959	0.10308410166172	0.167629999999993
0.748099999999934	0.188781344894374	0.103140579784676	0.16768
0.750099999999934	0.188838003828408	0.103196960880564	0.16774
0.752099999999933	0.188892712816839	0.103252267943715	0.167799999999993
0.754099999999933	0.188944879125407	0.103305326688097	0.16785
0.756099999999933	0.189000369134307	0.103361438980421	0.167909999999993
0.758099999999933	0.189052089398654	0.103413437229408	0.16796
0.760099999999933	0.189104565075413	0.103464961713594	0.16801
0.762099999999932	0.189157471966223	0.103516006424319	0.168069999999993
0.764099999999932	0.189216104303649	0.103572190958228	0.168119999999993
0.766099999999932	0.189267262682334	0.103622275272182	0.16817
0.768099999999932	0.189317875557964	0.103672023390701	0.16822
0.770099999999932	0.18936829342515	0.103721981637992	0.16827
0.772099999999931	0.18941775454776	0.103771365072736	0.168319999999993
0.774099999999931	0.189464579666231	0.103818563959048	0.16836
0.776099999999931	0.189512449879097	0.103867217189011	0.16841
0.778099999999931	0.189554410410557	0.103910860324289	0.16846
0.78009999999993	0.189595340376285	0.103953834324865	0.1685
0.78209999999993	0.189635859392686	0.103996654463577	0.16855
0.78409999999993	0.1896762155815	0.104039428890837	0.16859
0.78609999999993	0.18971686752459	0.104082799554477	0.16864
0.78809999999993	0.189756509679093	0.104125448829873	0.16868
0.790099999999929	0.189795798904253	0.10416788255854	0.16872
0.792099999999929	0.189835352323932	0.104210681908622	0.168769999999993
0.794099999999929	0.189873299013665	0.104252270650647	0.16881
0.796099999999929	0.189908637191745	0.104291904844779	0.16885
0.798099999999928	0.189943118352479	0.104330890792869	0.16889
0.800099999999928	0.189976088416217	0.104368990322317	0.16893
0.802099999999928	0.190009119838834	0.104407166283151	0.168969999999993
0.804099999999928	0.190041131444036	0.104444497971807	0.169
0.806099999999928	0.190072956131133	0.104482093533132	0.16904
0.808099999999927	0.190103795549853	0.104518884185088	0.16908
0.810099999999927	0.190134258551223	0.104555464577117	0.16911
0.812099999999927	0.19016458185144	0.104592231083084	0.16915
0.814099999999927	0.190195587640087	0.104629643834034	0.169189999999993
0.816099999999926	0.190225501370965	0.104666096532805	0.16922
0.818099999999926	0.190255599117711	0.104703192091949	0.16925
0.820099999999926	0.190283165715608	0.104738221725349	0.16929
0.822099999999926	0.19030923626521	0.104772009805854	0.16932
0.824099999999926	0.190335029690609	0.10480571526519	0.16935
0.826099999999925	0.190360874343118	0.104839671139651	0.16938
0.828099999999925	0.190385440719307	0.104872648911355	0.169419999999993
0.830099999999925	0.190408622168003	0.104904499067924	0.169449999999992
0.832099999999925	0.190432297392375	0.10493695027401	0.169479999999992
0.834099999999924	0.190456331302711	0.104969704582359	0.1695
0.836099999999924	0.190479836171657	0.105002093588032	0.16953
0.838099999999924	0.190504532774698	0.105034751831755	0.16956
0.840099999999924	0.1905296832234	0.105067241287991	0.16959
0.842099999999924	0.190556227295934	0.105099543479863	0.16962
0.844099999999923	0.190582006364799	0.105131337363268	0.16964
0.846099999999923	0.19060910987571	0.105164719377941	0.16967
0.848099999999923	0.190631788248849	0.105194071898165	0.169699999999992
0.850099999999923	0.190655913817583	0.10522486778128	0.16972
0.852099999999922	0.190676005090674	0.105252420661663	0.169749999999992
0.854099999999922	0.190696534589835	0.105280458462477	0.16977
0.856099999999922	0.190716224096007	0.105307980868143	0.16979
0.858099999999922	0.190735977026439	0.105335758587607	0.169819999999992
0.860099999999922	0.190755696871987	0.105363694229459	0.16984
0.862099999999921	0.190776578000463	0.105392828740746	0.16986
0.864099999999921	0.190794129388063	0.105419287535747	0.16988
0.866099999999921	0.190811262404158	0.105445436394972	0.1699
0.868099999999921	0.190829124012414	0.105472257599008	0.16992
0.87009999999992	0.190848832041883	0.105500710435215	0.16994
0.87209999999992	0.190864327427236	0.105525705609602	0.16996
0.87409999999992	0.190879992574176	0.105550608885676	0.16998
0.87609999999992	0.190896338850916	0.105575060164214	0.17
0.87809999999992	0.190916609976997	0.105602083031357	0.17002
0.880099999999919	0.190934345239256	0.105626562801347	0.17004
0.882099999999919	0.190955253536315	0.105653833690386	0.17005
0.884099999999919	0.190975684139866	0.105680860868567	0.17007
0.886099999999919	0.190996788229281	0.105708685006057	0.17009
0.888099999999919	0.191012901842873	0.105732303932953	0.1701
0.890099999999918	0.191029887808143	0.105756942121547	0.17012
0.892099999999918	0.191043014288576	0.105778479769095	0.17013
0.894099999999918	0.191056957857094	0.105800780415788	0.17015
0.896099999999918	0.191074757191938	0.105826467379225	0.17016
0.898099999999917	0.191090513271277	0.10585054995289	0.17018
0.900099999999917	0.191101922419872	0.105871061667357	0.17019
0.902099999999917	0.191111809216021	0.105890436131009	0.1702
0.904099999999917	0.191121052163412	0.105909294154627	0.17021
0.906099999999917	0.191129778279787	0.105927852149363	0.17023
0.908099999999916	0.19114600219788	0.1059524922853	0.17024
0.910099999999916	0.19116377243167	0.105977552294335	0.17025
0.912099999999916	0.191181182776842	0.106001545394029	0.17026
0.914099999999916	0.191195149948771	0.106022134795327	0.17027
0.916099999999915	0.191214786356244	0.106047655697644	0.17028
0.918099999999915	0.191224935175822	0.106065077067825	0.17029
0.920099999999915	0.191237263052097	0.106084627372928	0.1703
0.922099999999915	0.191248981399985	0.106103708251137	0.170309999999991
0.924099999999915	0.191264753578219	0.106126584340922	0.17031
0.926099999999914	0.191271143042613	0.106141467109165	0.17032
0.928099999999914	0.191278820445949	0.106157552622032	0.17033
0.930099999999914	0.191291082376093	0.106178045889626	0.170339999999991
0.932099999999914	0.191303178804274	0.106198439138435	0.17034
0.934099999999913	0.191308238472741	0.106212761328329	0.17035
0.936099999999913	0.191319957160571	0.106233034540886	0.17035
0.938099999999913	0.191328490182155	0.106250891325036	0.17036
0.940099999999913	0.191335537707017	0.106267540045764	0.17036
0.942099999999913	0.19133685851036	0.106279122173762	0.17037
0.944099999999912	0.191343633900035	0.106295630204714	0.17037
0.946099999999912	0.191360986768503	0.106321599739868	0.17038
0.948099999999912	0.191366988142014	0.106337701491979	0.17038
0.950099999999912	0.19136758242815	0.106349319743945	0.17038
0.952099999999911	0.191364426476947	0.106357714197711	0.17039
0.954099999999911	0.191370522765771	0.106374425036212	0.17039
0.956099999999911	0.191379109012947	0.106393505073513	0.17039
0.958099999999911	0.191379906261275	0.106405766679453	0.17039
0.960099999999911	0.191393073657528	0.10642897573664	0.17039
0.96209999999991	0.191391239158718	0.106439005401834	0.17039
0.96409999999991	0.191398074451344	0.106456805896252	0.17039
0.96609999999991	0.191403336523713	0.106473334942771	0.17039
0.96809999999991	0.191406340807154	0.106488042366781	0.17039
0.970099999999909	0.191405376456394	0.106499315168377	0.17039
0.972099999999909	0.191406990513239	0.106513067815347	0.17039
0.974099999999909	0.191410420500375	0.10652856424408	0.17039
0.976099999999909	0.191409047551332	0.106539993749821	0.17039
0.978099999999909	0.191417391928015	0.10656005520481	0.17039
0.980099999999908	0.191415934639023	0.106571538925594	0.17038
0.982099999999908	0.191416905754719	0.106585329284129	0.17038
0.984099999999908	0.191424078354367	0.106604705550756	0.17038
0.986099999999908	0.191417774623232	0.106612262142005	0.17037
0.988099999999908	0.191416196616155	0.106624000323492	0.17037
0.990099999999907	0.191414102002479	0.106635392532607	0.17037
0.992099999999907	0.191407944506728	0.106643332460747	0.17036
0.994099999999907	0.191409900840513	0.106658746935264	0.17036
0.996099999999907	0.191405823773575	0.1066687213949	0.17035
0.998099999999906	0.191401158424146	0.106678185635871	0.17035
1.00009999999991	0.191398833829268	0.10668996251421	0.17034
1.00209999999991	0.191392046604251	0.10669791451249	0.17033
1.00409999999991	0.191384263919864	0.106705123660098	0.17033
1.00609999999991	0.191381644959823	0.106717057265913	0.17032
1.00809999999991	0.191380429546009	0.106730186251634	0.17031
1.01009999999991	0.191385791334003	0.106748925357307	0.17031
1.0120999999999	0.191387748248697	0.106763505516585	0.1703
1.0140999999999	0.191377448692244	0.1067663628577	0.17029
1.0160999999999	0.191379953683362	0.106780053469481	0.17028
1.0180999999999	0.191374965082799	0.106787173268355	0.17027
1.0200999999999	0.191373299514312	0.106797341627247	0.17026
1.0220999999999	0.191367152934734	0.106803647818634	0.17025000000001
1.0240999999999	0.191360060614351	0.106809324124671	0.17025
1.0260999999999	0.191353823604718	0.106815875150357	0.17024
1.0280999999999	0.191343659774923	0.106818965491798	0.17023
1.0300999999999	0.191333391986006	0.10682217582857	0.17021000000001
1.0320999999999	0.19132480408094	0.10682717899885	0.1702
1.0340999999999	0.19133414402627	0.106848150141006	0.17019
1.0360999999999	0.191331497462305	0.106858448925194	0.17018
1.0380999999999	0.191330061675018	0.10686969125013	0.17017
1.0400999999999	0.191324360980084	0.106875910948198	0.17016
1.0420999999999	0.191315317909681	0.106878559644478	0.17014000000001
1.0440999999999	0.191305335137824	0.106879619463074	0.17013
1.0460999999999	0.191297377364042	0.106882636433392	0.17012
1.0480999999999	0.191291105010846	0.106887224689638	0.17011
1.0500999999999	0.191288699418309	0.106895610865351	0.17009
1.0520999999999	0.191285323555435	0.106903201392469	0.17008
1.0540999999999	0.191272417818644	0.106902510722664	0.17006
1.0560999999999	0.19127615673275	0.106916696869477	0.17005
1.0580999999999	0.191267662149074	0.106920080829897	0.17004
1.0600999999999	0.191267237857095	0.106930925661619	0.17002
1.0620999999999	0.191268093219096	0.106943086606077	0.17000000000001
1.0640999999999	0.191259469389224	0.106946834295053	0.16999
1.0660999999999	0.191250274193549	0.106950246058956	0.16997
1.0680999999999	0.191250823094713	0.106962359910996	0.16996
1.0700999999999	0.191233297115209	0.106958394512858	0.16994
1.0720999999999	0.191216741218948	0.106955556367324	0.16992000000001
1.0740999999999	0.191201036357785	0.106953547475308	0.16991
1.0760999999999	0.19118842722089	0.106954435125778	0.16989
1.0780999999999	0.191175725089909	0.106955444008764	0.16987
1.0800999999999	0.191155792854398	0.106949874444321	0.16985000000001
1.0820999999999	0.191144833817456	0.106952380653247	0.16984
1.0840999999999	0.191150803743981	0.106970356864467	0.16982
1.0860999999999	0.191137879685191	0.1069714620523	0.1698
1.0880999999999	0.191155988097272	0.107000679268683	0.16978
1.0900999999999	0.191136822574339	0.10699632783856	0.16976
1.0920999999999	0.191143515405586	0.107015302839038	0.16974
1.0940999999999	0.191130613094329	0.107016746820273	0.16972
1.0960999999999	0.191121928675897	0.10702207874458	0.1697
1.0980999999999	0.191103305449084	0.107018556193156	0.16968
1.1000999999999	0.191087471806046	0.107017570657829	0.16966
1.1020999999999	0.19109420856375	0.107035782571965	0.16964
1.10409999999989	0.191099671785856	0.107052690839245	0.16962
1.10609999999989	0.191104402928035	0.107067575239325	0.1696
1.10809999999989	0.191098526342575	0.107073114790937	0.16958
1.11009999999989	0.191090422001025	0.107076774397281	0.16956
1.11209999999989	0.191081652466796	0.107079878432885	0.169530000000011
1.11409999999989	0.191078552679694	0.107088276770441	0.16951
1.11609999999989	0.191065287785919	0.10708766229842	0.16949
1.11809999999989	0.191066282884344	0.107099938057194	0.16947
1.12009999999989	0.191052965801493	0.107099437094342	0.169440000000011
1.12209999999989	0.191039155099124	0.107098650184578	0.16942
1.12409999999989	0.191020726878014	0.107093720666083	0.1694
1.12609999999989	0.191005543860521	0.107091833140422	0.169370000000011
1.12809999999989	0.191000146538045	0.107098925652456	0.16935
1.13009999999989	0.190988998945383	0.107100838844034	0.16933
1.13209999999989	0.190998025417407	0.107121168043882	0.1693
1.13409999999989	0.190992143522871	0.107128299628336	0.16928
1.13609999999989	0.190973786405561	0.107124079582645	0.16925
1.13809999999989	0.190957091162404	0.107121687568014	0.16923
1.14009999999989	0.190946655950554	0.107124923316038	0.1692
1.14209999999989	0.190925131352028	0.10711820869234	0.16918
1.14409999999989	0.19090740278315	0.107114956544531	0.16915
1.14609999999989	0.190906399773207	0.10712705959343	0.169120000000011
1.14809999999989	0.190894837997357	0.107129567840678	0.1691
1.15009999999989	0.190872420919274	0.107122341731701	0.16907
1.15209999999989	0.190850333453188	0.107115555209296	0.169040000000011
1.15409999999989	0.190832498124781	0.107112715529431	0.16902
1.15609999999989	0.190819512795687	0.107114464107457	0.16899
1.15809999999989	0.190807010274307	0.107116621923687	0.16896
1.16009999999989	0.190793512919517	0.107118043535116	0.16894
1.16209999999989	0.190782071588015	0.107121541003618	0.16891
1.16409999999989	0.190769079663167	0.107123894730956	0.16888
1.16609999999989	0.190768808046738	0.107137635415408	0.16885
1.16809999999989	0.190756719870727	0.107140886375959	0.16882
1.17009999999989	0.19073491240108	0.107135192653245	0.16879
1.17209999999989	0.190721673298591	0.107137376742372	0.168760000000011
1.17409999999989	0.190701254921229	0.107133058898229	0.168730000000011
1.17609999999989	0.190684919483447	0.107132635429874	0.16871
1.17809999999989	0.190654884650853	0.107119753985211	0.16868
1.18009999999989	0.190628657297217	0.107110467313874	0.16865
1.18209999999989	0.190599141259085	0.107098164604996	0.16862
1.18409999999989	0.190578551628335	0.107094133620904	0.16859
1.18609999999989	0.190550633643279	0.107083493024447	0.168550000000011
1.18809999999989	0.190531365722024	0.107080867508445	0.168520000000011
1.19009999999989	0.190519229338924	0.107084743777497	0.16849
1.19209999999989	0.190502576742578	0.107083985969719	0.16846
1.19409999999988	0.190481286106585	0.107078260360471	0.16843
1.19609999999988	0.190475349354717	0.107086025285555	0.1684
1.19809999999988	0.190460955453099	0.107085201218303	0.16837
1.20009999999988	0.19043866284552	0.107077225452176	0.168330000000012
1.20209999999988	0.190425571873428	0.107077777457793	0.1683
1.20409999999988	0.19039938969216	0.107066366402836	0.16827
1.20609999999988	0.190382010380466	0.107063168585811	0.16824
1.20809999999988	0.190359170159927	0.10705508655641	0.168200000000012
1.21009999999988	0.190338643131558	0.10704918270637	0.16817
1.21209999999988	0.190319574981916	0.107044854213597	0.16814
1.21409999999988	0.190296969402001	0.107037469883867	0.168100000000012
1.21609999999988	0.190268007956256	0.107024173668084	0.16807
1.21809999999988	0.190244181967771	0.107015691204721	0.16804
1.22009999999988	0.19022228589849	0.107009127465764	0.168
1.22209999999988	0.190218083019997	0.107018421261117	0.16797
1.22409999999988	0.190205704236351	0.107019377135007	0.167930000000012
1.22609999999988	0.190212997709213	0.107037839090227	0.1679
1.22809999999988	0.190203849145786	0.107040370762521	0.167860000000012
1.23009999999988	0.190189061757546	0.107037722094368	0.16783
1.23209999999988	0.190168923050683	0.107030364691127	0.167790000000012
1.23409999999988	0.190141875626152	0.107016742177564	0.16776
1.23609999999988	0.190118156843095	0.107006300491307	0.16772
1.23809999999988	0.190091555421708	0.106993294610654	0.16769
1.24009999999988	0.190061218538825	0.106977107661189	0.16765
1.24209999999988	0.190041059808826	0.106970370145385	0.167610000000012
1.24409999999988	0.190009856057454	0.106953617335864	0.16758
1.24609999999988	0.189989899997656	0.106947204449931	0.16754
1.24809999999988	0.18998942155841	0.106959111157674	0.167500000000012
1.25009999999988	0.189965779204491	0.106949567133151	0.16747
1.25209999999988	0.189965382952763	0.106961786718398	0.16743
1.25409999999988	0.189974132956779	0.106982546882094	0.16739
1.25609999999988	0.189966675937201	0.10698838663143	0.167350000000012
1.25809999999988	0.189955763268022	0.106991196417777	0.16732
1.26009999999988	0.189937206867691	0.106986953849042	0.16728
1.26209999999988	0.189923345476134	0.106987014300104	0.16724
1.26409999999988	0.189899647484985	0.106978221531364	0.1672
1.26609999999988	0.18987147310883	0.106965345417791	0.16716
1.26809999999988	0.189836855508509	0.10694656780443	0.167120000000012
1.27009999999988	0.189817336502115	0.106942057950017	0.16709
1.27209999999988	0.189796582430635	0.106936358386145	0.16705
1.27409999999988	0.189785003267553	0.106939239954213	0.16701
1.27609999999988	0.189766871614427	0.10693607554063	0.16697
1.27809999999988	0.189749053151212	0.106933449761606	0.16693
1.28009999999988	0.189763670070874	0.106960715216551	0.16689
1.28209999999988	0.189756979600145	0.1069685347494	0.16685
1.28409999999988	0.189754934338657	0.106980488506601	0.16681
1.28609999999987	0.189755185940601	0.106994830256247	0.16677
1.28809999999987	0.189733805097597	0.106989355175405	0.16673
1.29009999999987	0.189713930835865	0.106985211929984	0.16669
1.29209999999987	0.189704614641146	0.10699084497657	0.166640000000013
1.29409999999987	0.189683202702838	0.106985395366285	0.166600000000013
1.29609999999987	0.189678037149994	0.106995143889876	0.16656
1.29809999999987	0.189640432180377	0.106974872378773	0.16652
1.30009999999987	0.189602830696624	0.106954631618972	0.16648
1.30209999999987	0.189622792841676	0.106987910120176	0.16644
1.30409999999987	0.189612753311697	0.106993405912964	0.166390000000013
1.30609999999987	0.189614987313847	0.10701048917265	0.16635
1.30809999999987	0.189603823769646	0.107015113742603	0.16631
1.31009999999987	0.189606289980833	0.107032561971339	0.16627
1.31209999999987	0.189590534705847	0.107033110143593	0.16623
1.31409999999987	0.189567946127555	0.107027369383237	0.16618
1.31609999999987	0.189534990141164	0.107012100278836	0.16614
1.31809999999987	0.189525466707984	0.107018744438912	0.1661
1.32009999999987	0.189506883366065	0.107016994122653	0.16605
1.32209999999987	0.189483373844335	0.107009525738298	0.16601
1.32409999999987	0.189480639615332	0.107021105844124	0.16597
1.32609999999987	0.189444421674453	0.10700072525927	0.16592
1.32809999999987	0.189445365594607	0.107014418603705	0.16588
1.33009999999987	0.189439617254332	0.107022034133152	0.165830000000013
1.33209999999987	0.189403999897159	0.107001828474241	0.16579
1.33409999999987	0.189395486087218	0.107006967800377	0.165740000000013
1.33609999999987	0.189393298261956	0.107018196821012	0.1657
1.33809999999987	0.189376386133125	0.107015867496968	0.165650000000013
1.34009999999987	0.189373749718883	0.107026979193199	0.16561
1.34209999999987	0.189369000727716	0.107036282793949	0.165560000000013
1.34409999999987	0.189339505337262	0.107022487698229	0.16552
1.34609999999987	0.189302129747953	0.107001558163944	0.165470000000013
1.34809999999987	0.189264794057191	0.106980572297526	0.16543
1.35009999999987	0.189247897804092	0.106978733055062	0.16538
1.35209999999987	0.189236145416988	0.106981807601895	0.16534
1.35409999999987	0.189198587163667	0.106960879494494	0.16529
1.35609999999987	0.189191906587312	0.106968876860009	0.165240000000013
1.35809999999987	0.189161837141726	0.106955122286824	0.1652
1.36009999999987	0.189137764928068	0.106947152040957	0.16515
1.36209999999987	0.18911412717718	0.106939549688354	0.165100000000013
1.36409999999987	0.189088335743182	0.106930092492591	0.16506
1.36609999999987	0.189056038864645	0.106914669977903	0.16501
1.36809999999987	0.189040633384347	0.106915023828676	0.16496
1.37009999999987	0.189007899743561	0.106899309553313	0.164910000000013
1.37209999999987	0.188997834179061	0.106904964796494	0.16487
1.37409999999987	0.188998634800502	0.106920846449238	0.16482
1.37609999999986	0.18895968778348	0.106899576299171	0.16477
1.37809999999986	0.188926442377041	0.106883723494845	0.164720000000014
1.38009999999986	0.188900960829615	0.106875186044635	0.16468
1.38209999999986	0.188865213762812	0.106857074498778	0.16463
1.38409999999986	0.188826042297176	0.106835728418216	0.16458
1.38609999999986	0.188786881865753	0.106814507089658	0.16453
1.38809999999986	0.188754579958556	0.106799405694551	0.16448
1.39009999999986	0.188716907361858	0.106778297782133	0.16443
1.39209999999986	0.188687223780689	0.106764616518575	0.164380000000014
1.39409999999986	0.188650960133267	0.106743488578829	0.164330000000014
1.39609999999986	0.188638443326266	0.10674466884289	0.164280000000014
1.39809999999986	0.188607334809158	0.106728568022557	0.164230000000014
1.40009999999986	0.188585477722725	0.10672123753569	0.16419
1.40209999999986	0.188549275287069	0.106700507431813	0.16414
1.40409999999986	0.188528224425982	0.106694453052969	0.16409
1.40609999999986	0.188500672108057	0.106682342620499	0.16404
1.40809999999986	0.188467105277581	0.106664437506083	0.163980000000014
1.41009999999986	0.188443010997346	0.106655515777986	0.163930000000014
1.41209999999986	0.188431823133899	0.106658803967614	0.163880000000014
1.41409999999986	0.188409330231969	0.106651623790225	0.163830000000014
1.41609999999986	0.188370849279577	0.106629411474307	0.16378
1.41809999999986	0.188339301609084	0.106613822358544	0.16373
1.42009999999986	0.188308554995481	0.106598385987914	0.16368
1.42209999999986	0.188271452014369	0.106576319084477	0.16363
1.42409999999986	0.18825318643673	0.106571750762928	0.16358
1.42609999999986	0.188217501188736	0.106549579841067	0.16353
1.42809999999986	0.188201534310477	0.106546223722659	0.163470000000014
1.43009999999986	0.188166085116905	0.106524632423355	0.16342
1.43209999999986	0.188165569415776	0.106536152673429	0.16337
1.43409999999986	0.188136166169494	0.106520642863137	0.16332
1.43609999999986	0.188105308020195	0.106503922629356	0.16327
1.43809999999986	0.188078435285415	0.106490998062598	0.163210000000014
1.44009999999986	0.188059411746239	0.106485537562711	0.16316
1.44209999999986	0.188048703023642	0.10648803563477	0.16311
1.44409999999986	0.188020422496802	0.106473896350934	0.16306
1.44609999999986	0.188006072473075	0.106473012857074	0.163000000000014
1.44809999999986	0.18798441687254	0.106465432265509	0.16295
1.45009999999986	0.18795326268917	0.106449011868949	0.1629
1.45209999999986	0.187914809035867	0.10642569154724	0.162840000000014
1.45409999999986	0.187878024952111	0.106404138047621	0.16279
1.45609999999986	0.187850233620991	0.106391121468908	0.16274
1.45809999999986	0.187811261703174	0.106367683347854	0.16268
1.46009999999986	0.187780226117074	0.106351943487394	0.16263
1.46209999999986	0.187746181480261	0.106333403625461	0.162570000000014
1.46409999999986	0.187725824111768	0.106327880389625	0.16252
1.46609999999985	0.187695585289907	0.106313082726359	0.16247
1.46809999999985	0.187671241592933	0.106303923702375	0.16241
1.47009999999985	0.187645277368172	0.106293171390351	0.16236
1.47209999999985	0.187671483491946	0.106332254245456	0.1623
1.47409999999985	0.187672862462305	0.106347851812465	0.16225
1.47609999999985	0.18764463868637	0.10633528780233	0.16219
1.47809999999985	0.187634474349714	0.106339919789007	0.16214
1.48009999999985	0.187612143841739	0.1063331886952	0.16208
1.48209999999985	0.187571959289841	0.106309479065594	0.16203
1.48409999999985	0.187546736746197	0.10630016796503	0.16197
1.48609999999985	0.187506439877245	0.106276476051669	0.16192
1.48809999999985	0.187466677784415	0.106253405243744	0.16186
1.49009999999985	0.187450256675196	0.106252763892688	0.161800000000015
1.49209999999985	0.187410041753146	0.106229555136644	0.16175
1.49409999999985	0.187408968745239	0.106243641210926	0.16169
1.49609999999985	0.187380290667693	0.106231545050331	0.16164
1.49809999999985	0.187378283618035	0.106244727369217	0.16158
1.50009999999985	0.18735573265759	0.106238402634882	0.161520000000015
1.50209999999985	0.18732894901202	0.106228188036133	0.16147
1.50409999999985	0.187327132815029	0.106241722517638	0.16141
1.50609999999985	0.187345637419651	0.106274716170537	0.16135
1.50809999999985	0.187313941661443	0.106260143968702	0.1613
1.51009999999985	0.187292391901323	0.106255183840303	0.16124
1.51209999999985	0.187261875660205	0.106241655046683	0.16118
1.51409999999985	0.187241127161964	0.106237590336559	0.161120000000015
1.51609999999985	0.187217847469472	0.106231087583334	0.16107
1.51809999999985	0.187208882392052	0.106238372623592	0.16101
1.52009999999985	0.187167584903484	0.106214805082283	0.16095
1.52209999999985	0.187153059161734	0.106217045925696	0.160890000000015
1.52409999999985	0.187131712114949	0.106212775099109	0.160830000000015
1.52609999999985	0.187105535595205	0.106203896877293	0.16078
1.52809999999985	0.187102495749722	0.106217249498665	0.16072
1.53009999999985	0.187082274425385	0.106214207850006	0.16066
1.53209999999985	0.187067626682786	0.106216540776117	0.1606
1.53409999999985	0.187054770013837	0.106220566813077	0.160540000000015
1.53609999999985	0.187028058986387	0.106211436275914	0.160480000000015
1.53809999999985	0.187004795422799	0.106205736595593	0.16043
1.54009999999985	0.186981489037131	0.106199972797009	0.16037
1.54209999999985	0.186966174130175	0.106201926975345	0.16031
1.54409999999985	0.186937519325279	0.106191161085846	0.16025
1.54609999999985	0.186910648881802	0.10618223668988	0.16019
1.54809999999985	0.186905340059384	0.106194030529078	0.16013
1.55009999999985	0.186875469165234	0.106182248402394	0.16007
1.55209999999985	0.18686750320952	0.106191624099441	0.16001
1.55409999999985	0.186828470883877	0.106171206837072	0.15995
1.55609999999985	0.186812882560401	0.106173515770322	0.15989
1.55809999999984	0.186773691657648	0.106153091011975	0.15983
1.56009999999984	0.186749434105279	0.106146975816126	0.15977
1.56209999999984	0.186718861732046	0.106134844613856	0.15971
1.56409999999984	0.186704138486985	0.106138032785925	0.15965
1.56609999999984	0.186695968613366	0.106147446660682	0.15959
1.56809999999984	0.18666164253295	0.106130663188799	0.15953
1.57009999999984	0.186638807118361	0.106124801128826	0.15947
1.57209999999984	0.186603234966661	0.10610569381369	0.15941
1.57409999999984	0.186575087057174	0.106093438539372	0.15935
1.57609999999984	0.186556098906865	0.106089967787518	0.15929
1.57809999999984	0.186516695152177	0.106067035419579	0.159220000000016
1.58009999999984	0.186477212464185	0.106044029457716	0.159160000000016
1.58209999999984	0.186459214423584	0.106041838857553	0.1591
1.58409999999984	0.186419470558145	0.106018803919323	0.15904
1.58609999999984	0.186386165598834	0.106002141453791	0.15898
1.58809999999984	0.186352368445232	0.105984957526632	0.15892
1.59009999999984	0.186332692391199	0.105981598184158	0.15886
1.59209999999984	0.186313206564022	0.10597850671007	0.158790000000016
1.59409999999984	0.186290113792576	0.105971896716754	0.15873
1.59609999999984	0.186259056386567	0.10595777057351	0.15867
1.59809999999984	0.18623611701502	0.105951624375493	0.15861
1.60009999999984	0.186211690384492	0.105944267400203	0.158540000000016
1.60209999999984	0.186171033974322	0.105921185853589	0.158480000000016
1.60409999999984	0.186136661224456	0.105904168351601	0.15842
1.60609999999984	0.186095907995321	0.105881045039136	0.15836
1.60809999999984	0.186080066670949	0.105881782605669	0.158290000000016
1.61009999999984	0.186040659197179	0.105858643679251	0.15823
1.61209999999984	0.186011256872629	0.10584523271771	0.15817
1.61409999999984	0.185972830724282	0.10581893216297	0.15811
1.61609999999984	0.185929305250564	0.105803238972509	0.158040000000016
1.61809999999984	0.185891471111866	0.105780297280675	0.15798
1.62009999999984	0.185820378954519	0.105733356833506	0.15792
1.62209999999984	0.185777525207461	0.105718411688712	0.157850000000016
1.62409999999984	0.185748230764104	0.105703639012242	0.15779
1.62609999999984	0.185702016300996	0.105685893103781	0.157720000000016
1.62809999999984	0.185669147178498	0.105667160124895	0.15766
1.63009999999984	0.185603048196864	0.105635100259861	0.1576
1.63209999999984	0.185572484172613	0.105619239244987	0.157530000000016
1.63409999999984	0.185519842157724	0.105581690811299	0.15747
1.63609999999984	0.185463205534977	0.105556606303114	0.157400000000016
1.63809999999984	0.185442496911019	0.105550365554974	0.15734
1.64009999999984	0.185394275578256	0.105528247640286	0.15728
1.64209999999984	0.185357336948027	0.105506174780416	0.15721
1.64409999999984	0.185300998614089	0.105477336223035	0.15715
1.64609999999984	0.18527031582636	0.105461286012433	0.15708
1.64809999999983	0.185223502837141	0.105429554182963	0.15702
1.65009999999983	0.185202773142567	0.105435189650125	0.156950000000017
1.65209999999983	0.185176077058782	0.105417389090707	0.15689
1.65409999999983	0.18509253815173	0.105369619163988	0.15682
1.65609999999983	0.185048263579691	0.105352533692908	0.15676
1.65809999999983	0.185039129562631	0.105353274444308	0.15669
1.66009999999983	0.184969910856854	0.105326957915892	0.15663
1.66209999999983	0.184935194061889	0.105307385754313	0.15656
1.66409999999983	0.184874892961276	0.10527484514749	0.156490000000017
1.66609999999983	0.184857153361079	0.10527153919757	0.15643
1.66809999999983	0.184812335468767	0.105242979233059	0.156360000000017
1.67009999999983	0.184758950886875	0.105220661923801	0.1563
1.67209999999983	0.184738560190784	0.105210568693975	0.15623
1.67409999999983	0.184704964155297	0.105204552595272	0.156160000000017
1.67609999999983	0.184649050069721	0.105174274700877	0.1561
1.67809999999983	0.184647197591885	0.105183491931107	0.156030000000017
1.68009999999983	0.184595752957677	0.105158348366573	0.15597
1.68209999999983	0.184553903778191	0.105125018606441	0.1559
1.68409999999983	0.184470909198649	0.10507778386734	0.155830000000017
1.68609999999983	0.184439180497211	0.105068388118233	0.15577
1.68809999999983	0.184381943931806	0.105036079723898	0.1557
1.69009999999983	0.184340891062795	0.105005860597421	0.155630000000017
1.69209999999983	0.184297036902144	0.104988936621795	0.155560000000017
1.69409999999983	0.184265051462039	0.104981477879719	0.1555
1.69609999999983	0.184236177190247	0.1049646232814	0.15543
1.69809999999983	0.184156770263553	0.104912188624249	0.155360000000017
1.70009999999983	0.184073750995535	0.104864970452616	0.1553
1.70209999999983	0.183990647762539	0.104817653152004	0.15523
1.70409999999983	0.183946214588877	0.104801532865106	0.15516
1.70609999999983	0.183907377453112	0.104782602090241	0.155090000000017
1.70809999999983	0.183842332517559	0.104758156151166	0.15503
1.71009999999983	0.183825797361121	0.104748681447933	0.15496
1.71209999999983	0.18374246429137	0.104701217648412	0.15489
1.71409999999983	0.18365903051998	0.104653674923375	0.15482
1.71609999999983	0.183574604454844	0.104605629763723	0.154750000000017
1.71809999999983	0.183490655070999	0.104557875079924	0.15469
1.72009999999983	0.183411637250183	0.104521787713446	0.15462
1.72209999999983	0.183380422445387	0.104495513677829	0.15455
1.72409999999983	0.183322421259527	0.104470545961708	0.15448
1.72609999999983	0.183272591151576	0.10443472896198	0.15441
1.72809999999983	0.183251965148424	0.10443685904403	0.154340000000017
1.73009999999983	0.183182956849472	0.104398048829611	0.154270000000017
1.73209999999983	0.183150489162184	0.104384252614509	0.154200000000017
1.73409999999983	0.183073616490029	0.104332769771393	0.15414
1.73609999999983	0.182996699728841	0.104288653085494	0.15407
1.73809999999983	0.18294694537497	0.104271286521823	0.154
1.74009999999982	0.182889031735618	0.104231277307095	0.15393
1.74209999999982	0.182806982421824	0.104184516139126	0.15386
1.74409999999982	0.182782294224797	0.104183649382521	0.15379
1.74609999999982	0.182703620226631	0.104139224351082	0.15372
1.74809999999982	0.182691209499287	0.104133785393829	0.15365
1.75009999999982	0.182609656152656	0.104087296335942	0.15358
1.75209999999982	0.182563297334439	0.104071454702488	0.15351
1.75409999999982	0.182521827479407	0.104047093168459	0.153440000000018
1.75609999999982	0.182521960046173	0.104070134772127	0.153370000000018
1.75809999999982	0.182443627931204	0.104018830151469	0.153300000000018
1.76009999999982	0.182361385073475	0.103971961538465	0.153230000000018
1.76209999999982	0.182279299517911	0.103925161081106	0.15316
1.76409999999982	0.182196333261173	0.103877898402593	0.15309
1.76609999999982	0.182113920668257	0.103830960952969	0.15302
1.76809999999982	0.182031059356757	0.103783771099951	0.15295
1.77009999999982	0.181948329109022	0.10373666619224	0.15288
1.77209999999982	0.181881325833111	0.103707134004341	0.15281
1.77409999999982	0.181860340919462	0.103697091937793	0.15274
1.77609999999982	0.181806259288566	0.103678172223308	0.15267
1.77809999999982	0.181758644033709	0.10364616848601	0.1526
1.78009999999982	0.181738683014375	0.103647920894263	0.15253
1.78209999999982	0.181658526446414	0.10359635220482	0.152450000000018
1.78409999999982	0.181579943008557	0.103560507658438	0.152380000000018
1.78609999999982	0.181552326266596	0.103540822355075	0.152310000000018
1.78809999999982	0.181507046291231	0.103526847656922	0.15224
1.79009999999982	0.18144649311171	0.103485691677219	0.15217
1.79209999999982	0.181366810324634	0.10344030677153	0.1521
1.79409999999982	0.181319199374663	0.103427990911069	0.15203
1.79609999999982	0.181279484790301	0.103402406047575	0.15196
1.79809999999982	0.18121454517131	0.103373738957616	0.151880000000018
1.80009999999982	0.181170096151313	0.10334235761931	0.151810000000018
1.80209999999982	0.181150680105468	0.103347555474837	0.15174
1.80409999999982	0.181075826461099	0.103296249742541	0.15167
1.80609999999982	0.180997555511002	0.103251661520123	0.1516
1.80809999999982	0.180939353270612	0.103229047748898	0.151520000000018
1.81009999999982	0.180920473602074	0.1032234510315	0.151450000000018
1.81209999999982	0.180867603692062	0.103205999140457	0.15138
1.81409999999982	0.180845665452447	0.103197776509017	0.15131
1.81609999999982	0.180835771122689	0.103212415666505	0.151230000000018
1.81809999999982	0.18077627511763	0.103181117382952	0.151160000000018
1.82009999999982	0.180731819228772	0.103150825312744	0.15109
1.82209999999982	0.180653567693945	0.103106247274036	0.15102
1.82409999999982	0.180608577664704	0.103092676959232	0.150940000000018
1.82609999999982	0.180556319197246	0.103067947702717	0.15087
1.82809999999982	0.180523687546039	0.103043556717518	0.1508
1.83009999999981	0.18045153599689	0.103011556327023	0.15073
1.83209999999981	0.180421884037317	0.102993085615493	0.150650000000019
1.83409999999981	0.180346194142989	0.102949893144726	0.15058
1.83609999999981	0.180325627483987	0.102946438137918	0.15051
1.83809999999981	0.18027036666628	0.102923834724811	0.150430000000019
1.84009999999981	0.180211978051137	0.102883814822841	0.15036
1.84209999999981	0.180172114150978	0.102859685904091	0.15029
1.84409999999981	0.180122711244441	0.102839560742311	0.150210000000019
1.84609999999981	0.18005641240093	0.10279276204211	0.15014
1.84809999999981	0.180014320091135	0.102774504227408	0.150060000000019
1.85009999999981	0.179950590080133	0.102742385974232	0.14999
1.85209999999981	0.179902562269746	0.102706801849459	0.14992
1.85409999999981	0.179830205045414	0.102665556567923	0.149840000000019
1.85609999999981	0.179809326176655	0.102662260280095	0.14977
1.85809999999981	0.179736064744785	0.102620538017485	0.1497
1.86009999999981	0.179662401919279	0.102580888173835	0.14962
1.86209999999981	0.179646884474528	0.102581133710059	0.14955
1.86409999999981	0.179574703148009	0.102549310256158	0.149470000000019
1.86609999999981	0.179543076958724	0.102527318869304	0.1494
1.86809999999981	0.179500701303366	0.102510245150712	0.149320000000019
1.87009999999981	0.179437287756946	0.102475798541192	0.14925
1.87209999999981	0.179397337384776	0.102449652538101	0.149170000000019
1.87409999999981	0.179325366045022	0.102417819120318	0.1491
1.87609999999981	0.179301817775505	0.102403270210558	0.149020000000019
1.87809999999981	0.179229039706195	0.102364663314414	0.14895
1.88009999999981	0.179187825593719	0.102337768333366	0.14888
1.88209999999981	0.179138223597441	0.1023178888302	0.1488
1.88409999999981	0.17908706517566	0.102288628758624	0.14873
1.88609999999981	0.179044860946036	0.102262589351019	0.14865
1.88809999999981	0.178974638612069	0.102222609661143	0.148570000000019
1.89009999999981	0.178931033346385	0.102203221365651	0.1485
1.89209999999981	0.178860574281416	0.10215807418384	0.148420000000019
1.89409999999981	0.178801913700986	0.102133652649623	0.14835
1.89609999999981	0.178748351707179	0.102094948774005	0.148270000000019
1.89809999999981	0.178689470990654	0.102070393915249	0.1482
1.90009999999981	0.178633990246095	0.102030527134282	0.148120000000019
1.90209999999981	0.178605960556688	0.102031653605214	0.14805
1.90409999999981	0.17854303730083	0.101987982608758	0.14797
1.90609999999981	0.178470805345258	0.101946786093599	0.147890000000019
1.90809999999981	0.178398562113065	0.101905593493534	0.14782
1.91009999999981	0.178324297352241	0.101863297929654	0.147740000000019
1.91209999999981	0.178250588766477	0.101821238284805	0.14767
1.91409999999981	0.178177453660709	0.101779505168114	0.14759
1.91609999999981	0.178128021935843	0.101759651509647	0.147510000000019
1.91809999999981	0.178061096388827	0.101722561796143	0.14744
1.9200999999998	0.178019136826548	0.101689498995177	0.147360000000019
1.9220999999998	0.177976691519518	0.101671717034417	0.14729
1.9240999999998	0.177910598557502	0.101636709274727	0.14721
1.9260999999998	0.177894253802824	0.101632162296201	0.14713000000002
1.9280999999998	0.177843592104104	0.101611636223476	0.14706
1.9300999999998	0.17778078287938	0.101569447840497	0.14698
1.9320999999998	0.177748890120678	0.10155491885697	0.14690000000002
1.9340999999998	0.177701317816001	0.101536848851555	0.14683
1.9360999999998	0.177636977493374	0.101492090066054	0.14675
1.9380999999998	0.177584477449947	0.101471423458539	0.14667000000002
1.9400999999998	0.17753109409559	0.101435497748225	0.14659000000002
1.9420999999998	0.177481155041372	0.1014155566874	0.14652
1.9440999999998	0.17743316058366	0.101386627600663	0.14644
1.9460999999998	0.177363129702989	0.101346689083081	0.14636000000002
1.9480999999998	0.177292740842503	0.101306546630467	0.14629
1.9500999999998	0.177258528950131	0.101292045967405	0.14621
1.9520999999998	0.177187728254461	0.101251700217052	0.14613
1.9540999999998	0.177116475699692	0.101211031850306	0.14605000000002
1.9560999999998	0.177044736673725	0.101170125807362	0.14598
1.9580999999998	0.176972057058214	0.101129826740191	0.1459
1.9600999999998	0.176899881996857	0.101088624292723	0.14582
1.9620999999998	0.176828141391666	0.101047649724536	0.14574000000002
1.9640999999998	0.176782401269034	0.101022655531464	0.14567
1.9660999999998	0.176737813178641	0.10100923580504	0.14559
1.9680999999998	0.176674074163821	0.100968491804881	0.14551
1.9700999999998	0.176629467645358	0.100940825461236	0.14543
1.9720999999998	0.176558603579848	0.100900414761103	0.14535000000002
1.9740999999998	0.176542710253062	0.100903110699927	0.14527000000002
1.9760999999998	0.176472623140239	0.100863052361105	0.1452
1.9780999999998	0.176402734203891	0.100823151009228	0.14512
1.9800999999998	0.176360082967112	0.100798894232896	0.14504
1.9820999999998	0.176292157968195	0.10076905603735	0.14496000000002
1.9840999999998	0.176245066919124	0.100733081729887	0.14488000000002
1.9860999999998	0.176180288484847	0.100705194440374	0.14480000000002
1.9880999999998	0.176133342722677	0.100669346227191	0.14473
1.9900999999998	0.176064906172706	0.100630284316712	0.14465
1.9920999999998	0.176028473685949	0.100622358594603	0.14457
1.9940999999998	0.175962303170221	0.100576850117879	0.14449
1.9960999999998	0.175893460331893	0.100537546523137	0.14441
1.9980999999998	0.175824043750315	0.100497891306514	0.14433000000002
