t	fg_V
0	0	0
0.002	0	0
0.0041	6.59757564819118E-08	5.27485E-06
0.006	7.96967163976561E-08	5.2679E-06
0.00800000000000001	9.34671060728007E-08	5.27108E-06
0.0101	1.22132706400683E-07	5.2972E-06
0.0121	1.66637376822081E-07	5.31025E-06
0.0141	2.30734884258746E-07	5.32774999999999E-06
0.0161	3.40242067694302E-07	5.35080999999999E-06
0.0180999999999999	4.91193538752592E-07	5.38063999999998E-06
0.0200999999999999	8.11318298015439E-07	5.41856999999997E-06
0.0220999999999999	1.25900368864881E-06	5.46601999999997E-06
0.0240999999999999	1.81962695344348E-06	5.52452999999996E-06
0.0260999999999999	2.50462080160006E-06	5.59578999999995E-06
0.0280999999999999	3.54344630395954E-06	5.68163999999994E-06
0.0300999999999999	4.80525731812211E-06	5.78411999999993E-06
0.0320999999999999	6.09372163103197E-06	5.90546999999994E-06
0.0341	7.4459333194712E-06	6.04818999999997E-06
0.036	8.90672015695388E-06	6.15298E-06
0.0380000000000001	1.03146218788404E-05	6.34469000000004E-06
0.0400000000000001	1.19363101229457E-05	6.56743000000008E-06
0.0420000000000002	1.40275750843218E-05	6.82528000000012E-06
0.0440000000000002	1.65811343067535E-05	7.12288000000017E-06
0.0460000000000003	1.91293900692678E-05	7.46558000000022E-06
0.0480000000000003	2.23444262400908E-05	7.85948000000026E-06
0.0500000000000004	2.57540353897526E-05	8.3116300000003E-06
0.0520000000000005	2.93521156869571E-05	8.83015000000036E-06
0.0540000000000005	3.33717707019141E-05	9.42440000000041E-06
0.0560000000000006	3.74379877280576E-05	1.01052000000005E-05
0.0580000000000006	4.21467143628804E-05	1.08851000000005E-05
0.0600000000000007	4.74170780691353E-05	1.17786000000005E-05
0.0620000000000007	5.31007466184721E-05	1.28025000000006E-05
0.0640000000000008	5.85828896024102E-05	1.39761000000006E-05
0.0660000000000009	6.44753490816431E-05	1.53219000000006E-05
0.0680000000000009	7.38237429961826E-05	1.68660000000006E-05
0.070000000000001	8.49939964083787E-05	1.86384000000006E-05
0.072000000000001	9.9814123825372E-05	2.06737000000005E-05
0.0740000000000011	0.000116561549049055	2.30121000000004E-05
0.0760000000000012	0.00013134123521434	2.56997000000003E-05
0.0780000000000012	0.000147829139354717	2.87897000000001E-05
0.0800000000000013	0.000166452006654501	3.4615200000005E-05
0.0820000000000013	0.000188734152357635	4.34452000000064E-05
0.0840000000000014	0.000212874058096142	5.43300000000084E-05
0.0860000000000014	0.000240642546919012	6.76935000000107E-05
0.0880000000000015	0.000277401114391154	8.40343000000135E-05
0.0900000000000016	0.000316003381393031	0.000103936000000017
0.0920000000000016	0.000357590028957885	0.000128078000000021
0.0940000000000017	0.000402176383176553	0.000157250000000027
0.0960000000000017	0.000454664989144312	0.000192359000000033
0.0980000000000018	0.000518141041871104	0.000234450000000041
0.100000000000002	0.000588241198050854	0.00028471300000005
0.102000000000002	0.000668505215213467	0.000344499000000062
0.104000000000002	0.000756869479417587	0.000415335000000076
0.106000000000002	0.00085627212966322	0.000498933000000092
0.108000000000002	0.000971689819140543	0.00059720000000011
0.110000000000002	0.00109987412400181	0.000712248000000132
0.112000000000002	0.00124442601296409	0.000846397000000158
0.114000000000002	0.00139875957672036	0.00100000000000022
0.116000000000002	0.00158326203507149	0.00118000000000023
0.118000000000002	0.0017820053359923	0.00139000000000024
0.120000000000002	0.00200030741804831	0.00163000000000024
0.122000000000002	0.00224368789303839	0.00190000000000025
0.124000000000003	0.00251720757624871	0.00221000000000025
0.126000000000002	0.00281719316395554	0.00256000000000049
0.128000000000002	0.0031383869281255	0.00295000000000045
0.130000000000002	0.00349785863218819	0.0033900000000004
0.132000000000002	0.00388817131166514	0.00388000000000054
0.134000000000002	0.00430302667202017	0.00443000000000031
0.136000000000001	0.00476451601787578	0.0050300000000004
0.138000000000001	0.00525504946194652	0.00569000000000033
0.140000000000001	0.00578271601579285	0.00641000000000036
0.142000000000001	0.00635352724159993	0.00719000000000035
0.144	0.00695786946237813	0.00804000000000024
0.146	0.00759057984997555	0.00896000000000012
0.148	0.00826790003406983	0.00994000000000002
0.1501	0.00902348801713664	0.0110299999999999
0.1521	0.00976941068272178	0.0121399999999998
0.154099999999999	0.0105543179177858	0.0133199999999996
0.156099999999999	0.0113748924507627	0.0145499999999995
0.158099999999999	0.0122191763290641	0.0158399999999992
0.160099999999999	0.0131059897313728	0.0171799999999991
0.162099999999998	0.0140150960878623	0.0185699999999989
0.164099999999998	0.0149486634150178	0.0200199999999986
0.166099999999998	0.0158990015797432	0.0214999999999986
0.168099999999998	0.0168917302152062	0.0230299999999982
0.170099999999998	0.0178947684460789	0.0245899999999981
0.172099999999997	0.0189052264218619	0.0261899999999979
0.174099999999997	0.0199418235503677	0.0278199999999977
0.176099999999997	0.0210013334935679	0.0294699999999976
0.178099999999997	0.0220628793814358	0.031149999999997
0.180099999999996	0.0231345089547118	0.0328399999999972
0.182099999999996	0.0242181608102144	0.034549999999997
0.184099999999996	0.0253113425378511	0.0362799999999964
0.186099999999996	0.026413687338214	0.0380199999999963
0.188099999999996	0.0275086723064033	0.039759999999996
0.190099999999995	0.0286235695213202	0.0415099999999963
0.192099999999995	0.0297307426135594	0.0432699999999956
0.194099999999995	0.0308318707081067	0.0450299999999955
0.196099999999995	0.0319425603472632	0.0467899999999953
0.198099999999995	0.0330473152828745	0.0485399999999956
0.200099999999994	0.0341633074607462	0.0502999999999948
0.202099999999994	0.0352725037334228	0.0520499999999947
0.204099999999994	0.0363653334120016	0.0537999999999945
0.206099999999994	0.0374515663867701	0.0555399999999943
0.208099999999993	0.0385424920561755	0.057269999999994
0.210099999999993	0.0396335363116154	0.0589899999999945
0.212099999999993	0.0407154596534883	0.0607099999999944
0.214099999999993	0.041795742148512	0.0624199999999935
0.216099999999993	0.0428573991969786	0.064109999999994
0.218099999999992	0.0439165349660299	0.0657999999999939
0.220099999999992	0.0449783603979109	0.0674799999999929
0.222099999999992	0.0460291651607893	0.0691399999999935
0.224099999999992	0.0470723497698538	0.0707899999999933
0.226099999999991	0.0481047780375053	0.0724299999999931
0.228099999999991	0.0491358505261536	0.074059999999993
0.230099999999991	0.0501464207307307	0.0756699999999928
0.232099999999991	0.0511521631745302	0.0772799999999926
0.234099999999991	0.0521678203662436	0.0788599999999924
0.23609999999999	0.053173059321048	0.0804399999999923
0.23809999999999	0.054164182955915	0.0819999999999921
0.24009999999999	0.0551412163787897	0.0835499999999919
0.24209999999999	0.056104372534821	0.0850899999999917
0.244099999999989	0.0570693074841954	0.0866099999999915
0.246099999999989	0.0580225531383757	0.0881199999999914
0.248099999999989	0.0589718184298319	0.0896099999999923
0.250099999999989	0.0599121135881639	0.0910899999999922
0.252099999999989	0.0608548551636118	0.0925599999999909
0.254099999999988	0.0617859297079329	0.0940099999999919
0.256099999999988	0.0627061415778926	0.0954499999999917
0.258099999999988	0.0636185773530636	0.0968799999999915
0.260099999999988	0.0645123540371127	0.0982899999999914
0.262099999999987	0.0654029841127562	0.0996899999999912
0.264099999999987	0.0662948617504256	0.101079999999991
0.266099999999987	0.0671737547674272	0.102449999999991
0.268099999999987	0.0680540299130779	0.103809999999991
0.270099999999987	0.0689222454104902	0.105159999999991
0.272099999999986	0.0697828014577917	0.10648999999999
0.274099999999986	0.0706373617919961	0.107809999999992
0.276099999999986	0.0714865444624265	0.10911999999999
0.278099999999986	0.0723289082727126	0.110409999999991
0.280099999999985	0.0731560967112343	0.11169999999999
0.282099999999985	0.0739765572643441	0.11296999999999
0.284099999999985	0.0747866186629407	0.114219999999991
0.286099999999985	0.0756025810274457	0.115469999999989
0.288099999999985	0.0764109421449527	0.116699999999991
0.290099999999984	0.0772179091836996	0.117919999999991
0.292099999999984	0.0780085019210719	0.11912999999999
0.294099999999984	0.0787953935545076	0.12031999999999
0.296099999999984	0.0795712001400228	0.12150999999999
0.298099999999983	0.0803442893783681	0.12267999999999
0.300099999999983	0.0811062711707021	0.12383999999999
0.302099999999983	0.0818685660752525	0.12498999999999
0.304099999999983	0.0826278216681097	0.12612999999999
0.306099999999983	0.083375299877298	0.127249999999991
0.308099999999982	0.0841116306672073	0.128369999999989
0.310099999999982	0.08484635705823	0.129469999999991
0.312099999999982	0.0855776657120284	0.130569999999989
0.314099999999982	0.086303921951272	0.131649999999989
0.316099999999982	0.0870373176502065	0.132719999999991
0.318099999999981	0.0877595813391716	0.133779999999991
0.320099999999981	0.0884704905503255	0.134829999999991
0.322099999999981	0.0891785576783042	0.13586999999999
0.324099999999981	0.0898755043116259	0.13689999999999
0.32609999999998	0.0905662191872424	0.13791999999999
0.32809999999998	0.091250664382685	0.13892999999999
0.33009999999998	0.0919288018429238	0.13992999999999
0.33209999999998	0.0926013546153068	0.14091999999999
0.33409999999998	0.0932681931352227	0.14189999999999
0.336099999999979	0.0939345522441222	0.14286999999999
0.338099999999979	0.0945968341416373	0.14382999999999
0.340099999999979	0.0952539216787013	0.144779999999989
0.342099999999979	0.0959124998213894	0.145719999999991
0.344099999999978	0.0965620575807802	0.146659999999989
0.346099999999978	0.0972064682780493	0.147579999999989
0.348099999999978	0.0978502181176692	0.148489999999991
0.350099999999978	0.0984838074602696	0.149399999999989
0.352099999999978	0.0991200696641197	0.150299999999989
0.354099999999977	0.0997510528851772	0.151189999999989
0.356099999999977	0.10037564187301	0.152059999999991
0.358099999999977	0.100993845010797	0.152939999999988
0.360099999999977	0.101605112877168	0.153799999999991
0.362099999999976	0.102213913802614	0.154649999999991
0.364099999999976	0.102819139270989	0.15549999999999
0.366099999999976	0.103415975498305	0.15633999999999
0.368099999999976	0.104008714592534	0.15716999999999
0.370099999999976	0.104597282094968	0.15798999999999
0.372099999999975	0.105183430078204	0.15880999999999
0.374099999999975	0.105768790141329	0.15961999999999
0.376099999999975	0.106351611463308	0.16041999999999
0.378099999999975	0.106928041466147	0.16120999999999
0.380099999999974	0.10750313307542	0.16198999999999
0.382099999999974	0.108077453527169	0.16276999999999
0.384099999999974	0.108644972398674	0.16353999999999
0.386099999999974	0.109205305370603	0.164299999999992
0.388099999999974	0.109767110734772	0.165059999999989
0.390099999999973	0.110321233174896	0.165809999999989
0.392099999999973	0.110872027447392	0.166549999999989
0.394099999999973	0.111417772367573	0.167289999999989
0.396099999999973	0.111961741492251	0.168019999999989
0.398099999999972	0.112504580828599	0.168739999999989
0.400099999999972	0.113046449283478	0.169459999999989
0.402099999999972	0.113582100710321	0.170159999999992
0.404099999999972	0.114112849634229	0.170869999999989
0.406099999999972	0.114642555310818	0.171569999999989
0.408099999999971	0.115166993678515	0.172259999999989
0.410099999999971	0.115685929730365	0.172939999999991
0.412099999999971	0.116199342126629	0.173619999999991
0.414099999999971	0.11671236619156	0.174289999999991
0.41609999999997	0.117221066062812	0.174959999999991
0.41809999999997	0.1177276135383	0.175619999999991
0.42009999999997	0.1182333852246	0.176279999999988
0.42209999999997	0.118736881592773	0.176929999999988
0.42409999999997	0.119238489235169	0.177569999999991
0.426099999999969	0.11973591768907	0.178209999999991
0.428099999999969	0.120234750945355	0.178839999999991
0.430099999999969	0.120734545645323	0.179469999999991
0.432099999999969	0.121225448472442	0.180089999999991
0.434099999999969	0.121711328575882	0.180709999999991
0.436099999999968	0.122193014571236	0.18131999999999
0.438099999999968	0.122674279456889	0.18192999999999
0.440099999999968	0.123154272247356	0.18252999999999
0.442099999999968	0.123627676556697	0.18312999999999
0.444099999999967	0.124098062150694	0.18371999999999
0.446099999999967	0.124564906132689	0.18430999999999
0.448099999999967	0.125030301186076	0.18488999999999
0.450099999999967	0.125495110146843	0.18546999999999
0.452099999999967	0.125955932947764	0.18603999999999
0.454099999999966	0.126413486198034	0.18660999999999
0.456099999999966	0.126866849091197	0.18717999999999
0.458099999999966	0.127319246303172	0.18773999999999
0.460099999999966	0.127774498573551	0.18828999999999
0.462099999999965	0.128226518645656	0.188839999999993
0.464099999999965	0.128675080408061	0.18938999999999
0.466099999999965	0.129120654615139	0.189929999999993
0.468099999999965	0.129562101423641	0.190469999999993
0.470099999999965	0.130000799326273	0.191009999999989
0.472099999999964	0.130436914154507	0.191539999999989
0.474099999999964	0.130870145486884	0.192059999999993
0.476099999999964	0.131301703455625	0.192589999999989
0.478099999999964	0.131734615992685	0.193099999999993
0.480099999999963	0.132164486761478	0.193619999999989
0.482099999999963	0.132592536970576	0.194129999999993
0.484099999999963	0.133017682715751	0.194639999999989
0.486099999999963	0.13344037295249	0.195139999999993
0.488099999999963	0.133861367114777	0.195639999999993
0.490099999999962	0.134289044689406	0.196139999999989
0.492099999999962	0.134709238143294	0.196629999999992
0.494099999999962	0.135127513424961	0.197119999999992
0.496099999999962	0.135543004327154	0.197609999999989
0.498099999999961	0.135955466646858	0.198089999999988
0.500099999999961	0.136363628506953	0.198569999999988
0.502099999999961	0.136770428533354	0.199039999999992
0.504099999999961	0.137175094068472	0.199519999999988
0.506099999999961	0.137577390954524	0.199979999999992
0.50809999999996	0.137977198305469	0.200449999999992
0.51009999999996	0.13837820215547	0.200909999999992
0.51209999999996	0.1387725893264	0.201369999999992
0.51409999999996	0.139165678193722	0.201829999999992
0.516099999999959	0.139557837502058	0.202279999999992
0.518099999999959	0.139947629177117	0.202729999999992
0.520099999999959	0.140335428860653	0.203179999999992
0.522099999999959	0.140718646731407	0.203629999999988
0.524099999999959	0.141100736383045	0.204069999999992
0.526099999999958	0.141482772391213	0.204509999999988
0.528099999999958	0.141863110789992	0.204939999999992
0.530099999999958	0.14224209661409	0.205379999999987
0.532099999999958	0.142619636293387	0.205809999999987
0.534099999999958	0.142995884688942	0.206229999999992
0.536099999999957	0.143373778800002	0.206659999999991
0.538099999999957	0.14374715806946	0.207079999999991
0.540099999999957	0.144119466677013	0.207499999999991
0.542099999999957	0.144491232260833	0.207919999999991
0.544099999999956	0.14486174341251	0.208329999999991
0.546099999999956	0.14523033727429	0.208749999999991
0.548099999999956	0.145597572634535	0.209159999999991
0.550099999999956	0.145966771291561	0.209559999999991
0.552099999999956	0.146336110564319	0.209969999999991
0.554099999999955	0.146699210070163	0.210369999999991
0.556099999999955	0.147061126208527	0.210769999999991
0.558099999999955	0.147421374351462	0.211169999999991
0.560099999999955	0.147779741788454	0.211569999999991
0.562099999999954	0.1481364407372	0.211959999999991
0.564099999999954	0.148490347792641	0.212349999999991
0.566099999999954	0.148848522058145	0.212739999999991
0.568099999999954	0.149200456522659	0.213129999999991
0.570099999999954	0.149551411427515	0.213509999999991
0.572099999999953	0.149901604448686	0.213889999999991
0.574099999999953	0.150249235879744	0.214269999999991
0.576099999999953	0.1505981986738	0.214649999999991
0.578099999999953	0.150944952164429	0.215029999999991
0.580099999999952	0.151290629315169	0.215399999999991
0.582099999999952	0.151635367666139	0.215769999999995
0.584099999999952	0.151979164746985	0.216139999999995
0.586099999999952	0.152320842460465	0.21650999999999
0.588099999999952	0.15266154308564	0.21687999999999
0.590099999999951	0.152997964815346	0.217239999999995
0.592099999999951	0.153334458593304	0.21760999999999
0.594099999999951	0.153666211582647	0.21796999999999
0.596099999999951	0.153997611631541	0.21832999999999
0.59809999999995	0.154328759895351	0.21867999999999
0.60009999999995	0.154659885398732	0.21903999999999
0.60209999999995	0.154989421850378	0.21938999999999
0.60409999999995	0.155318032612583	0.219739999999995
0.60609999999995	0.155644099936304	0.220089999999995
0.608099999999949	0.155967062127262	0.22043999999999
0.610099999999949	0.156288782983117	0.22078999999999
0.612099999999949	0.156609944109937	0.221129999999995
0.614099999999949	0.156930604256776	0.22147999999999
0.616099999999948	0.157250809859087	0.22181999999999
0.618099999999948	0.157569985278656	0.22215999999999
0.620099999999948	0.157888275570002	0.22249999999999
0.622099999999948	0.158205718184878	0.222829999999995
0.624099999999948	0.158522258471005	0.22316999999999
0.626099999999947	0.158839388457846	0.223499999999989
0.628099999999947	0.159155599797987	0.223829999999995
0.630099999999947	0.159470889231314	0.224159999999995
0.632099999999947	0.159785159770036	0.224489999999995
0.634099999999946	0.160099208821274	0.224819999999989
0.636099999999946	0.160411183878643	0.225149999999989
0.638099999999946	0.160719754797741	0.225469999999989
0.640099999999946	0.161027288188185	0.225789999999995
0.642099999999946	0.161334795502256	0.226119999999989
0.644099999999945	0.161644645810182	0.226439999999989
0.646099999999945	0.161953763338359	0.226759999999989
0.648099999999945	0.162258941274158	0.227069999999994
0.650099999999945	0.162562999063931	0.227389999999989
0.652099999999945	0.162866406176069	0.227709999999989
0.654099999999944	0.163167649160328	0.228019999999989
0.656099999999944	0.163465794435291	0.228329999999994
0.658099999999944	0.163762292145199	0.228639999999994
0.660099999999944	0.164057705394497	0.228949999999994
0.662099999999943	0.164353326097515	0.229259999999994
0.664099999999943	0.164653430262127	0.229569999999989
0.666099999999943	0.164947963115419	0.229869999999994
0.668099999999943	0.165241903205347	0.230179999999989
0.670099999999943	0.165535620464293	0.230479999999994
0.672099999999942	0.165828931790767	0.230789999999988
0.674099999999942	0.166119705282248	0.231089999999988
0.676099999999942	0.166408725779596	0.231389999999988
0.678099999999942	0.16669733903093	0.231689999999988
0.680099999999941	0.166985389944596	0.231979999999994
0.682099999999941	0.16727330310599	0.232279999999994
0.684099999999941	0.167560898875027	0.232579999999988
0.686099999999941	0.16784832513736	0.232869999999994
0.688099999999941	0.168134768801504	0.233159999999994
0.69009999999994	0.16842138139465	0.233459999999988
0.69209999999994	0.168708333433377	0.233749999999988
0.69409999999994	0.168992952234373	0.234039999999988
0.69609999999994	0.169276107501544	0.234329999999988
0.698099999999939	0.169558584789629	0.234609999999994
0.700099999999939	0.169840214624451	0.234899999999994
0.702099999999939	0.170121300092266	0.235189999999988
0.704099999999939	0.170401809820134	0.235469999999994
0.706099999999939	0.170682146319353	0.235749999999994
0.708099999999938	0.170961511350198	0.236039999999988
0.710099999999938	0.17123875415952	0.236319999999994
0.712099999999938	0.171514507376383	0.236599999999994
0.714099999999938	0.171788532205105	0.236879999999994
0.716099999999937	0.172061288244975	0.237159999999994
0.718099999999937	0.172333159981753	0.237439999999987
0.720099999999937	0.172604534547981	0.237709999999994
0.722099999999937	0.172875574999042	0.237989999999994
0.724099999999937	0.173146009572156	0.238269999999987
0.726099999999936	0.17341631644421	0.238539999999994
0.728099999999936	0.173686368518277	0.238809999999994
0.730099999999936	0.1739547886907	0.239089999999987
0.732099999999936	0.174221247078748	0.239359999999987
0.734099999999935	0.174486737729374	0.239629999999987
0.736099999999935	0.174752642541339	0.239899999999987
0.738099999999935	0.175019305684986	0.240169999999987
0.740099999999935	0.175285851075445	0.240429999999994
0.742099999999935	0.175551699499673	0.240699999999993
0.744099999999934	0.175817282755206	0.240969999999993
0.746099999999934	0.176082148509898	0.241229999999993
0.748099999999934	0.176346792328997	0.241499999999993
0.750099999999934	0.176611202300587	0.241759999999993
0.752099999999933	0.176874179980387	0.242029999999987
0.754099999999933	0.177134978943833	0.242289999999993
0.756099999999933	0.177398673641474	0.242549999999993
0.758099999999933	0.17765881405532	0.242809999999993
0.760099999999933	0.1779191303789	0.243069999999993
0.762099999999932	0.178179440119104	0.243329999999993
0.764099999999932	0.178444666743828	0.243589999999986
0.766099999999932	0.178703638006809	0.243849999999986
0.768099999999932	0.178962169168448	0.244099999999993
0.770099999999932	0.179220654082114	0.244359999999993
0.772099999999931	0.179478396303014	0.244609999999993
0.774099999999931	0.179733908231734	0.244869999999993
0.776099999999931	0.179990503425322	0.245119999999993
0.778099999999931	0.180242079373733	0.245379999999986
0.78009999999993	0.180492843532698	0.245629999999993
0.78209999999993	0.180743320439845	0.245879999999993
0.78409999999993	0.180993684098927	0.246129999999993
0.78609999999993	0.181244419952703	0.246379999999993
0.78809999999993	0.181494343942379	0.246629999999993
0.790099999999929	0.181743996363843	0.246879999999993
0.792099999999929	0.181993922701676	0.247129999999993
0.794099999999929	0.182242536604219	0.247379999999986
0.796099999999929	0.182489033164369	0.247619999999993
0.798099999999928	0.182734829236482	0.247869999999993
0.800099999999928	0.182979493988643	0.248109999999993
0.802099999999928	0.183224223162588	0.248359999999993
0.804099999999928	0.183468095756906	0.248599999999993
0.806099999999928	0.183711972228105	0.248849999999993
0.808099999999927	0.183955032827241	0.249089999999993
0.810099999999927	0.184197821780803	0.249329999999993
0.812099999999927	0.184440616376119	0.249569999999993
0.814099999999927	0.184684028338918	0.249819999999985
0.816099999999926	0.184926507229708	0.250059999999985
0.818099999999926	0.185169340577857	0.250299999999985
0.820099999999926	0.185410063513832	0.250539999999985
0.822099999999926	0.185649537375132	0.250769999999993
0.824099999999926	0.185888846236486	0.251009999999993
0.826099999999925	0.186128292264701	0.251249999999993
0.828099999999925	0.186366707931252	0.251489999999985
0.830099999999925	0.18660397360827	0.251719999999993
0.832099999999925	0.186841749539871	0.251959999999993
0.834099999999924	0.187079850095405	0.252189999999992
0.836099999999924	0.187317548658163	0.252429999999992
0.838099999999924	0.187555977223961	0.252659999999992
0.840099999999924	0.187794566289875	0.252899999999985
0.842099999999924	0.188033783484712	0.253129999999992
0.844099999999923	0.188272384848474	0.253359999999992
0.846099999999923	0.18851228949346	0.253589999999992
0.848099999999923	0.188748295357858	0.253819999999992
0.850099999999923	0.188985608691512	0.254049999999992
0.852099999999922	0.189219534076577	0.254279999999992
0.854099999999922	0.189453871874113	0.254509999999992
0.856099999999922	0.189687560986746	0.254739999999992
0.858099999999922	0.18992137922776	0.254969999999992
0.860099999999922	0.190155241622981	0.255199999999992
0.862099999999921	0.190390183645463	0.255429999999984
0.864099999999921	0.190622330602536	0.255649999999992
0.866099999999921	0.190854139390998	0.255879999999992
0.868099999999921	0.191086598844571	0.256099999999992
0.87009999999992	0.191320667309482	0.256329999999992
0.87209999999992	0.191551170935908	0.256559999999984
0.87409999999992	0.191781726962588	0.256779999999992
0.87609999999992	0.192012437238096	0.256999999999992
0.87809999999992	0.192246181559466	0.257229999999992
0.880099999999919	0.192477565816169	0.257449999999992
0.882099999999919	0.192711690913936	0.257669999999992
0.884099999999919	0.192945449214483	0.257889999999992
0.886099999999919	0.193179856507659	0.258109999999992
0.888099999999919	0.193409967974028	0.258339999999984
0.890099999999918	0.193640922484954	0.258559999999992
0.892099999999918	0.193868611389963	0.258779999999992
0.894099999999918	0.194097020023516	0.258999999999984
0.896099999999918	0.1943287785124	0.259209999999992
0.898099999999917	0.19455882486769	0.259429999999992
0.900099999999917	0.194785164294585	0.259649999999992
0.902099999999917	0.19501024621375	0.259869999999992
0.904099999999917	0.195234779581167	0.260089999999992
0.906099999999917	0.195458914837254	0.260299999999992
0.908099999999916	0.195689388502027	0.260519999999992
0.910099999999916	0.195920805786001	0.260729999999992
0.912099999999916	0.196151568575718	0.260949999999992
0.914099999999916	0.196379130070023	0.261159999999992
0.916099999999915	0.196611599899591	0.261379999999992
0.918099999999915	0.196835834117848	0.261589999999992
0.920099999999915	0.197062028920121	0.261809999999991
0.922099999999915	0.197287691714846	0.262019999999991
0.924099999999915	0.197516973092019	0.262229999999991
0.926099999999914	0.197738117101439	0.262449999999983
0.928099999999914	0.197960392386631	0.262659999999991
0.930099999999914	0.198186814170102	0.262869999999991
0.932099999999914	0.198413097317145	0.263079999999991
0.934099999999913	0.198633247072091	0.263289999999991
0.936099999999913	0.198859256824795	0.263499999999991
0.938099999999913	0.19908261482042	0.263709999999991
0.940099999999913	0.199304701176312	0.263919999999991
0.942099999999913	0.199521741604358	0.264129999999991
0.944099999999912	0.199743609989824	0.264339999999991
0.946099999999912	0.199974823362722	0.264549999999982
0.948099999999912	0.200196114071937	0.264749999999991
0.950099999999912	0.200412759991238	0.264959999999991
0.952099999999911	0.200626138376925	0.265169999999991
0.954099999999911	0.200847711813129	0.265369999999991
0.956099999999911	0.201071545473839	0.265579999999991
0.958099999999911	0.201288549481471	0.265789999999991
0.960099999999911	0.201516462048376	0.265989999999991
0.96209999999991	0.201731194215273	0.266199999999991
0.96409999999991	0.201953609333197	0.266399999999991
0.96609999999991	0.202174692034976	0.266609999999991
0.96809999999991	0.2023938589935	0.266809999999991
0.970099999999909	0.202609561728096	0.267009999999991
0.972099999999909	0.202827624857933	0.267219999999991
0.974099999999909	0.203047357012832	0.267419999999991
0.976099999999909	0.203262929090823	0.267619999999991
0.978099999999909	0.203487108613631	0.267819999999991
0.980099999999908	0.203702680394443	0.268019999999991
0.982099999999908	0.20392046974377	0.268229999999991
0.984099999999908	0.204143793315275	0.268429999999991
0.986099999999908	0.204355264783137	0.268629999999991
0.988099999999908	0.204570926963489	0.268829999999991
0.990099999999907	0.204786187625329	0.269029999999991
0.992099999999907	0.204997925704394	0.269229999999991
0.994099999999907	0.2052169709054	0.269429999999991
0.996099999999907	0.205430659151644	0.26962
0.998099999999906	0.205643844780411	0.269819999999991
1.00009999999991	0.205859212687757	0.270019999999991
1.00209999999991	0.206070697301198	0.270219999999991
1.00409999999991	0.206281371908317	0.270419999999991
1.00609999999991	0.206496698599325	0.270609999999991
1.00809999999991	0.20671327260832	0.270809999999991
1.01009999999991	0.206935600106537	0.27100999999999
1.0120999999999	0.207154442128899	0.271199999999991
1.0140999999999	0.207362056004463	0.27139999999999
1.0160999999999	0.207580794460522	0.27158999999999
1.0180999999999	0.207792898588564	0.27178999999999
1.0200999999999	0.208007978280197	0.27197999999999
1.0220999999999	0.208219114123474	0.27217999999999
1.0240999999999	0.208429482710858	0.27236999999999
1.0260999999999	0.208640649738553	0.27256999999999
1.0280999999999	0.208848326615354	0.27275999999999
1.0300999999999	0.209055986299211	0.27294999999999
1.0320999999999	0.209265254542681	0.27314999999999
1.0340999999999	0.209490487775939	0.27333999999999
1.0360999999999	0.209705052105354	0.27352999999999
1.0380999999999	0.209920630576682	0.27371999999999
1.0400999999999	0.2101318839068	0.27390999999999
1.0420999999999	0.210339883188616	0.27409999999999
1.0440999999999	0.210546691971369	0.27429999999999
1.0460999999999	0.210755333881858	0.27448999999999
1.0480999999999	0.210965474413244	0.27467999999999
1.0500999999999	0.211179176122395	0.27486999999999
1.0520999999999	0.211392020253347	0.27505999999999
1.0540999999999	0.211596418253774	0.27524999999999
1.0560999999999	0.211815673650451	0.27542999999999
1.0580999999999	0.212024027391004	0.27561999999999
1.0600999999999	0.212239676765343	0.27580999999999
1.0620999999999	0.212456528342892	0.27599999999999
1.0640999999999	0.21266491409126	0.27618999999999
1.0660999999999	0.21287284378645	0.27637
1.0680999999999	0.213089482879686	0.27655999999999
1.0700999999999	0.213289963569231	0.27674999999999
1.0720999999999	0.213491401687194	0.27693999999999
1.0740999999999	0.213693618129437	0.27711999999999
1.0760999999999	0.213898647995503	0.27730999999999
1.0780999999999	0.214103669753709	0.27748999999999
1.0800999999999	0.214302163227965	0.27767999999999
1.0820999999999	0.214508711838819	0.27786
1.0840999999999	0.214730565227774	0.27804999999999
1.0860999999999	0.214935492070818	0.27823
1.0880999999999	0.215168395081647	0.27841999999999
1.0900999999999	0.215367782204973	0.27859999999999
1.0920999999999	0.215590450308142	0.27878999999999
1.0940999999999	0.215795538068631	0.27896999999999
1.0960999999999	0.216004461471918	0.27914999999999
1.0980999999999	0.21620447962124	0.27933999999999
1.1000999999999	0.216407016576365	0.27951999999999
1.1020999999999	0.216629391731463	0.27969999999999
1.10409999999989	0.216850549044866	0.27987999999999
1.10609999999989	0.217070446405653	0.280069999999989
1.10809999999989	0.217280850973865	0.280249999999989
1.11009999999989	0.217489277249896	0.280429999999989
1.11209999999989	0.217697097945717	0.280609999999989
1.11409999999989	0.217910087063027	0.280789999999989
1.11609999999989	0.21811395019006	0.280969999999989
1.11809999999989	0.218330675905149	0.281149999999989
1.12009999999989	0.218534523710448	0.281329999999989
1.12209999999989	0.218737974164364	0.281509999999989
1.12409999999989	0.218937246888152	0.281689999999989
1.12609999999989	0.219139482917938	0.281869999999989
1.12809999999989	0.219350606943507	0.282049999999989
1.13009999999989	0.219556530494781	0.282229999999989
1.13209999999989	0.219780761731524	0.282409999999989
1.13409999999989	0.21999162539875	0.28258
1.13609999999989	0.220191161511759	0.282759999999989
1.13809999999989	0.220392325989067	0.282939999999989
1.14009999999989	0.220599144123292	0.283119999999989
1.14209999999989	0.220795947538964	0.283299999999989
1.14409999999989	0.220996193615117	0.283469999999989
1.14609999999989	0.221211684588841	0.283649999999989
1.14809999999989	0.221417590951579	0.283829999999989
1.15009999999989	0.22161369555432	0.283999999999989
1.15209999999989	0.221810152206249	0.284179999999989
1.15409999999989	0.222010504589208	0.284349999999989
1.15609999999989	0.222215339311507	0.284529999999989
1.15809999999989	0.222420602387294	0.2847
1.16009999999989	0.222625037511948	0.284879999999989
1.16209999999989	0.222831426513326	0.285049999999989
1.16409999999989	0.223036522164007	0.285229999999989
1.16609999999989	0.223253128465983	0.285399999999989
1.16809999999989	0.223459101095025	0.285579999999989
1.17009999999989	0.223656198442053	0.285749999999989
1.17209999999989	0.22386113727987	0.28592
1.17409999999989	0.22405956099597	0.286099999999989
1.17609999999989	0.224261782138547	0.286269999999989
1.17809999999989	0.224451537650053	0.286439999999989
1.18009999999989	0.224644818371417	0.286619999999989
1.18209999999989	0.224835100142717	0.286789999999989
1.18409999999989	0.22503358198893	0.286959999999989
1.18609999999989	0.22522541628936	0.287129999999989
1.18809999999989	0.225425202827752	0.2873
1.19009999999989	0.225631510584127	0.287479999999989
1.19209999999989	0.225833480223215	0.287649999999989
1.19409999999988	0.226030899918793	0.287819999999989
1.19609999999988	0.226242107859882	0.287989999999989
1.19809999999988	0.226445208957898	0.288159999999988
1.20009999999988	0.226641097694238	0.288329999999988
1.20209999999988	0.226845429933798	0.288499999999988
1.20409999999988	0.227037775738693	0.288669999999988
1.20609999999988	0.227238221978996	0.288839999999988
1.20809999999988	0.227433699992605	0.289009999999988
1.21009999999988	0.227631306093474	0.289179999999988
1.21209999999988	0.227830332252984	0.289349999999988
1.21409999999988	0.228026183891002	0.289519999999988
1.21609999999988	0.228216165974997	0.28968
1.21809999999988	0.228410884789789	0.289849999999988
1.22009999999988	0.228607423694774	0.290019999999988
1.22209999999988	0.228820017510958	0.290189999999988
1.22409999999988	0.229024740485116	0.290359999999988
1.22609999999988	0.229247256051668	0.29052
1.22809999999988	0.229454295311087	0.290689999999988
1.23009999999988	0.229656125351287	0.290859999999988
1.23209999999988	0.229853093213185	0.291029999999988
1.23409999999988	0.230043713638121	0.291189999999988
1.23609999999988	0.230237410170451	0.291359999999988
1.23809999999988	0.230428458846891	0.29152
1.24009999999988	0.230616144939627	0.291689999999988
1.24209999999988	0.230813199068122	0.291859999999988
1.24409999999988	0.231000128305775	0.292019999999988
1.24609999999988	0.231197379783843	0.292189999999988
1.24809999999988	0.231412703916707	0.292349999999988
1.25009999999988	0.231606638200344	0.292519999999988
1.25209999999988	0.231822112135814	0.292679999999988
1.25409999999988	0.23204605926445	0.292849999999988
1.25609999999988	0.232255073506594	0.293009999999988
1.25809999999988	0.232460958946423	0.293179999999988
1.26009999999988	0.23265978891594	0.293339999999988
1.26209999999988	0.232862929853718	0.2935
1.26409999999988	0.233057077393982	0.293669999999988
1.26609999999988	0.233247103175122	0.293829999999988
1.26809999999988	0.233431186504239	0.29399
1.27009999999988	0.233629334286063	0.294159999999988
1.27209999999988	0.233826320886066	0.294319999999988
1.27409999999988	0.234031822476473	0.294479999999988
1.27609999999988	0.234231272328914	0.294649999999988
1.27809999999988	0.23443111674385	0.294809999999988
1.28009999999988	0.234660922700973	0.294969999999988
1.28209999999988	0.234871133777642	0.295129999999988
1.28409999999988	0.235085585525719	0.295289999999988
1.28609999999987	0.235302280614843	0.29545
1.28809999999987	0.235499039101213	0.295619999999987
1.29009999999987	0.235697173369745	0.295779999999987
1.29209999999987	0.235905093660554	0.295939999999987
1.29409999999987	0.23610186088113	0.296099999999987
1.29609999999987	0.236313750441852	0.296259999999987
1.29809999999987	0.236495591487183	0.296419999999987
1.30009999999987	0.236677445078947	0.296579999999987
1.30209999999987	0.236912760422185	0.296739999999987
1.30409999999987	0.237120279827625	0.296899999999987
1.30609999999987	0.23733928318206	0.297059999999987
1.30809999999987	0.237545855743209	0.297219999999987
1.31009999999987	0.237765173596197	0.297379999999987
1.31209999999987	0.237967587990255	0.297539999999987
1.31409999999987	0.238163689532823	0.29769
1.31609999999987	0.238350203088898	0.29785
1.31809999999987	0.238558568012513	0.298009999999987
1.32009999999987	0.238758532554942	0.298169999999987
1.32209999999987	0.238953433818922	0.298329999999987
1.32409999999987	0.239167543230273	0.298489999999987
1.32609999999987	0.239350125035557	0.29864
1.32809999999987	0.2395670607893	0.298799999999987
1.33009999999987	0.239777815379827	0.298959999999987
1.33209999999987	0.239960722607383	0.299119999999987
1.33409999999987	0.240168904872492	0.29927
1.33609999999987	0.24038305468953	0.299429999999987
1.33809999999987	0.240583526443129	0.299589999999987
1.34009999999987	0.240797363994701	0.29974
1.34209999999987	0.241009291241987	0.299899999999987
1.34409999999987	0.241198111847634	0.300059999999987
1.34609999999987	0.241379650163508	0.300209999999987
1.34809999999987	0.241561173365859	0.300369999999987
1.35009999999987	0.241761800487159	0.30052
1.35209999999987	0.241967271640757	0.300679999999987
1.35409999999987	0.24214866428465	0.30083
1.35609999999987	0.242358941256111	0.300989999999987
1.35809999999987	0.242547393706871	0.30114
1.36009999999987	0.242741520687141	0.301299999999987
1.36209999999987	0.242936034327224	0.30145
1.36409999999987	0.243128596378219	0.301609999999987
1.36609999999987	0.243315115328784	0.301759999999987
1.36809999999987	0.243517433074371	0.301919999999987
1.37009999999987	0.243703585702916	0.302069999999987
1.37209999999987	0.243911031905615	0.30222
1.37409999999987	0.24412869040861	0.302379999999986
1.37609999999986	0.244309138751563	0.302529999999987
1.37809999999986	0.244494960316904	0.30268
1.38009999999986	0.244688078062334	0.302839999999986
1.38209999999986	0.244871592891737	0.302989999999986
1.38409999999986	0.245051884858198	0.30314
1.38609999999986	0.24523223083156	0.303299999999986
1.38809999999986	0.24541887819668	0.303449999999986
1.39009999999986	0.245600047462656	0.303599999999986
1.39209999999986	0.245788673787696	0.30375
1.39409999999986	0.245970539569427	0.3039
1.39609999999986	0.24617469192262	0.304059999999986
1.39809999999986	0.246361423613876	0.304209999999986
1.40009999999986	0.246556858621092	0.304359999999986
1.40209999999986	0.246738817007134	0.304509999999986
1.40409999999986	0.246935178533739	0.304659999999986
1.40609999999986	0.247125429728205	0.30481
1.40809999999986	0.247309950712074	0.30496
1.41009999999986	0.2475033975186	0.30511
1.41209999999986	0.247709009590933	0.305269999999986
1.41409999999986	0.24790403702338	0.305419999999986
1.41609999999986	0.248084001454186	0.305569999999986
1.41809999999986	0.248270521786369	0.305719999999986
1.42009999999986	0.248457519182524	0.305869999999986
1.42209999999986	0.248638210180298	0.306019999999986
1.42409999999986	0.24883652158025	0.306169999999986
1.42609999999986	0.249017853980899	0.30631
1.42809999999986	0.249217832198824	0.30646
1.43009999999986	0.249399448862668	0.30661
1.43209999999986	0.24961406957537	0.306759999999986
1.43409999999986	0.249801484681699	0.306909999999986
1.43609999999986	0.249987558927845	0.307059999999986
1.43809999999986	0.250177380902336	0.307209999999986
1.44009999999986	0.250374610818316	0.307359999999986
1.44209999999986	0.250579724175079	0.307509999999986
1.44409999999986	0.250768190555374	0.30765
1.44609999999986	0.250969840820544	0.307799999999986
1.44809999999986	0.251164654173804	0.307949999999986
1.45009999999986	0.251350518132433	0.308099999999986
1.45209999999986	0.251529453263441	0.30824
1.45409999999986	0.251710021912023	0.308389999999986
1.45609999999986	0.25189909455893	0.308539999999986
1.45809999999986	0.252077629415197	0.308689999999986
1.46009999999986	0.252263734430115	0.30883
1.46209999999986	0.25244699278466	0.308979999999985
1.46409999999986	0.252643229574016	0.309129999999986
1.46609999999985	0.252830136392773	0.30927
1.46809999999985	0.253022644118348	0.309419999999985
1.47009999999985	0.253213549796978	0.309569999999985
1.47209999999985	0.253454136366138	0.309709999999985
1.47409999999985	0.253671206854662	0.309859999999985
1.47609999999985	0.253860149627733	0.31
1.47809999999985	0.25406624898551	0.310149999999985
1.48009999999985	0.254260870155907	0.31029
1.48209999999985	0.254438520782872	0.310439999999985
1.48409999999985	0.254630466992238	0.31058
1.48609999999985	0.254808028605236	0.310729999999985
1.48809999999985	0.254986145812439	0.31087
1.49009999999985	0.255186560750084	0.311019999999985
1.49209999999985	0.255364388162953	0.31116
1.49409999999985	0.255579476630728	0.311309999999985
1.49609999999985	0.255768304352789	0.31145
1.49809999999985	0.255982527952071	0.311599999999985
1.50009999999985	0.256177198622165	0.311739999999985
1.50209999999985	0.256367925587036	0.311889999999985
1.50409999999985	0.256582431237227	0.312029999999985
1.50609999999985	0.256816362364005	0.31217
1.50809999999985	0.257002554139112	0.312319999999985
1.51009999999985	0.257198399194862	0.312459999999985
1.51209999999985	0.257385712006528	0.3126
1.51409999999985	0.257582399297384	0.312749999999985
1.51609999999985	0.257776669286308	0.312889999999985
1.51809999999985	0.257984676691323	0.31303
1.52009999999985	0.258161817482201	0.313179999999985
1.52209999999985	0.25836463565712	0.313319999999985
1.52409999999985	0.258560961046756	0.313459999999985
1.52609999999985	0.258752683219886	0.3136
1.52809999999985	0.258966572474635	0.31374
1.53009999999985	0.259164058697603	0.313889999999985
1.53209999999985	0.259366927154779	0.314029999999985
1.53409999999985	0.259571497877818	0.314169999999985
1.53609999999985	0.259762845035982	0.31431
1.53809999999985	0.259957562970376	0.31445
1.54009999999985	0.260152263089089	0.314599999999985
1.54209999999985	0.260354627942834	0.314739999999985
1.54409999999985	0.260544260603414	0.314879999999985
1.54609999999985	0.260735680667649	0.315019999999985
1.54809999999985	0.260947805137344	0.315159999999985
1.55009999999985	0.261136409009589	0.315299999999985
1.55209999999985	0.261346064085185	0.315439999999985
1.55409999999985	0.26152596892602	0.315579999999985
1.55609999999985	0.261728455174128	0.315719999999985
1.55809999999984	0.261908267859632	0.31586
1.56009999999984	0.262102421414597	0.316
1.56209999999984	0.2622905346664	0.31614
1.56409999999984	0.262493933273552	0.31628
1.56609999999984	0.262703585952986	0.31642
1.56809999999984	0.262887645047143	0.316559999999984
1.57009999999984	0.263082712862913	0.316699999999984
1.57209999999984	0.263265110645819	0.316839999999984
1.57409999999984	0.263454472042988	0.316979999999984
1.57609999999984	0.263652577964693	0.317119999999984
1.57809999999984	0.263831139924656	0.317259999999984
1.58009999999984	0.26400960710075	0.317399999999984
1.58209999999984	0.26420877842033	0.317539999999984
1.58409999999984	0.264387042416085	0.31767
1.58609999999984	0.264571569996696	0.31781
1.58809999999984	0.26475560345875	0.317949999999984
1.59009999999984	0.264953191834581	0.318089999999984
1.59209999999984	0.265151115951033	0.318229999999984
1.59409999999984	0.26534547674716	0.318369999999984
1.59609999999984	0.265532239014568	0.3185
1.59809999999984	0.265726837486858	0.318639999999984
1.60009999999984	0.265920102969927	0.318779999999984
1.60209999999984	0.266097685340975	0.318919999999984
1.60409999999984	0.266281302518651	0.31905
1.60609999999984	0.266458825172492	0.319189999999984
1.60809999999984	0.266660318809321	0.319329999999984
1.61009999999984	0.266838542041806	0.319469999999984
1.61209999999984	0.267026440099038	0.3196
1.61409999999984	0.267206021148803	0.319739999999984
1.61609999999984	0.267379608090132	0.319879999999984
1.61809999999984	0.2675588156338	0.32001
1.62009999999984	0.267714639440876	0.320149999999984
1.62209999999984	0.267890045721196	0.320289999999984
1.62409999999984	0.268077533673926	0.32042
1.62609999999984	0.26825555054655	0.320559999999984
1.62809999999984	0.268439726397692	0.32069
1.63009999999984	0.268598389660097	0.320829999999984
1.63209999999984	0.268784929048465	0.320969999999984
1.63409999999984	0.268955984809602	0.3211
1.63609999999984	0.26911622350283	0.321239999999984
1.63809999999984	0.269312348187598	0.32137
1.64009999999984	0.269483315124752	0.321509999999984
1.64209999999984	0.269663818545665	0.32164
1.64409999999984	0.2698275583161	0.321779999999984
1.64609999999984	0.270014233795117	0.32191
1.64809999999983	0.270185974824854	0.322049999999984
1.65009999999983	0.270383492624074	0.32218
1.65209999999983	0.270574978847238	0.322319999999983
1.65409999999983	0.270720204105201	0.32245
1.65609999999983	0.270895135259515	0.322589999999983
1.65809999999983	0.271105306959486	0.322719999999983
1.66009999999983	0.271263499422654	0.322859999999983
1.66209999999983	0.271446635256835	0.322989999999983
1.66409999999983	0.271606221650499	0.32312
1.66609999999983	0.271805877689173	0.323259999999983
1.66809999999983	0.271979392695825	0.323389999999983
1.67009999999983	0.272150791346189	0.323529999999983
1.67209999999983	0.272347150115573	0.323659999999983
1.67409999999983	0.272530795796759	0.32379
1.67609999999983	0.272692741484069	0.323929999999983
1.67809999999983	0.272906794488668	0.324059999999983
1.68009999999983	0.27307454305678	0.32419
1.68209999999983	0.27325010514798	0.32432
1.68409999999983	0.273395173993558	0.324459999999983
1.68609999999983	0.273581027639719	0.324589999999983
1.68809999999983	0.273742564553457	0.32472
1.69009999999983	0.27391857425978	0.324859999999983
1.69209999999983	0.274092708067319	0.324989999999983
1.69409999999983	0.274277651323853	0.325119999999983
1.69609999999983	0.274465800357625	0.32525
1.69809999999983	0.274620768660228	0.325389999999983
1.70009999999983	0.274769313550749	0.325519999999983
1.70209999999983	0.274915618938692	0.325649999999983
1.70409999999983	0.275087919955733	0.325779999999983
1.70609999999983	0.275283828966417	0.32591
1.70809999999983	0.275435543366517	0.32604
1.71009999999983	0.275638152111939	0.326179999999983
1.71209999999983	0.275790760297492	0.326309999999983
1.71409999999983	0.275964127971417	0.326439999999983
1.71609999999983	0.276098228354087	0.326569999999983
1.71809999999983	0.27623592701433	0.326699999999983
1.72009999999983	0.276380123680091	0.32683
1.72209999999983	0.27656750733627	0.32696
1.72409999999983	0.276726553201711	0.32709
1.72609999999983	0.276893097707162	0.32722
1.72809999999983	0.277090768351653	0.327359999999983
1.73009999999983	0.277245977438132	0.327489999999983
1.73209999999983	0.277433107932425	0.327619999999983
1.73409999999983	0.277593574958562	0.327749999999983
1.73609999999983	0.277739766699425	0.327879999999983
1.73809999999983	0.27790698369811	0.328009999999983
1.74009999999982	0.278082098367413	0.328139999999982
1.74209999999982	0.278219615547589	0.328269999999982
1.74409999999982	0.27841312266436	0.328399999999982
1.74609999999982	0.278557374467284	0.328529999999982
1.74809999999982	0.278764762292585	0.328659999999982
1.75009999999982	0.278913217000554	0.328789999999982
1.75209999999982	0.27908470463222	0.32891
1.75409999999982	0.27926061353207	0.32904
1.75609999999982	0.2794797542785	0.32917
1.75809999999982	0.279647556403417	0.3293
1.76009999999982	0.279801185059655	0.32943
1.76209999999982	0.279955487557375	0.329559999999982
1.76409999999982	0.280112273658622	0.329689999999982
1.76609999999982	0.280241759832062	0.329819999999982
1.76809999999982	0.280403891796358	0.329949999999982
1.77009999999982	0.280532970724635	0.330079999999982
1.77209999999982	0.280681969378431	0.3302
1.77409999999982	0.280877777564315	0.33033
1.77609999999982	0.28104835114417	0.330459999999982
1.77809999999982	0.281217466442651	0.330589999999982
1.78009999999982	0.281417241988847	0.330719999999982
1.78209999999982	0.281569724370794	0.33084
1.78409999999982	0.281712779703965	0.33097
1.78609999999982	0.281905387306478	0.331099999999982
1.78809999999982	0.282077627542618	0.331229999999982
1.79009999999982	0.282265186369529	0.331359999999982
1.79209999999982	0.282397455572513	0.33148
1.79409999999982	0.28256595190072	0.331609999999982
1.79609999999982	0.282753823057247	0.331739999999982
1.79809999999982	0.282904345040022	0.33186
1.80009999999982	0.283077723145177	0.33199
1.80209999999982	0.283276639891099	0.332119999999982
1.80409999999982	0.283445884121641	0.332249999999982
1.80609999999982	0.283582783233195	0.33237
1.80809999999982	0.283741209227857	0.332499999999982
1.81009999999982	0.283946702755628	0.332629999999982
1.81209999999982	0.284110493190839	0.33275
1.81409999999982	0.28430486510352	0.332879999999982
1.81609999999982	0.284514732807145	0.333009999999982
1.81809999999982	0.284674767172783	0.33313
1.82009999999982	0.284862978515591	0.333259999999982
1.82209999999982	0.285002661449743	0.33338
1.82409999999982	0.285175904835493	0.333509999999982
1.82609999999982	0.285342316537061	0.333639999999982
1.82809999999982	0.28552905993782	0.33376
1.83009999999981	0.285678236661421	0.333889999999981
1.83209999999981	0.285873496798537	0.33401
1.83409999999981	0.286016073516884	0.334139999999981
1.83609999999981	0.286216055431762	0.33426
1.83809999999981	0.286377624938523	0.334389999999981
1.84009999999981	0.286534859650525	0.33451
1.84209999999981	0.28671504307682	0.334639999999981
1.84409999999981	0.286882253282389	0.33476
1.84609999999981	0.287035637825749	0.334889999999981
1.84809999999981	0.28721158994251	0.33501
1.85009999999981	0.287365586840428	0.335139999999981
1.85209999999981	0.287548487383867	0.33526
1.85409999999981	0.287688319673331	0.335389999999981
1.85609999999981	0.28789095072073	0.33551
1.85809999999981	0.288040457768598	0.335639999999981
1.86009999999981	0.288181807813893	0.33576
1.86209999999981	0.288386799969537	0.335889999999981
1.86409999999981	0.288535448166556	0.336009999999981
1.86609999999981	0.288720977893027	0.336139999999981
1.86809999999981	0.288896429252678	0.336259999999981
1.87009999999981	0.28904970869536	0.33638
1.87209999999981	0.289236963082165	0.336509999999981
1.87409999999981	0.289379325110143	0.336629999999981
1.87609999999981	0.289576852397858	0.33675
1.87809999999981	0.289720290164187	0.336879999999981
1.88009999999981	0.289898037316848	0.337
1.88209999999981	0.290065108709625	0.33712
1.88409999999981	0.290228878667208	0.337249999999981
1.88609999999981	0.29041499343566	0.33737
1.88809999999981	0.290559561731543	0.33749
1.89009999999981	0.290733355237566	0.337619999999981
1.89209999999981	0.290886884188459	0.337739999999981
1.89409999999981	0.291043863143443	0.33786
1.89609999999981	0.291212735208753	0.337989999999981
1.89809999999981	0.291369503210385	0.338109999999981
1.90009999999981	0.29153411000438	0.33823
1.90209999999981	0.291722635082324	0.33835
1.90409999999981	0.291896170138915	0.338479999999981
1.90609999999981	0.292038875836938	0.338599999999981
1.90809999999981	0.29219834804249	0.33872
1.91009999999981	0.292359208638665	0.33884
1.91209999999981	0.292496866958147	0.338969999999981
1.91409999999981	0.292639493810431	0.339089999999981
1.91609999999981	0.292806500356445	0.339209999999981
1.91809999999981	0.292955889649985	0.33933
1.9200999999998	0.293130927353615	0.33945
1.9220999999998	0.293305690151428	0.33957999999998
1.9240999999998	0.293455282049465	0.33969999999998
1.9260999999998	0.29365856799165	0.33981999999998
1.9280999999998	0.293823995172837	0.33994
1.9300999999998	0.293976041606941	0.34006
1.9320999999998	0.294163420166114	0.34018
1.9340999999998	0.294333020628615	0.34030999999998
1.9360999999998	0.294489500591353	0.34042999999998
1.9380999999998	0.294653493726942	0.34054999999998
1.9400999999998	0.294820036745884	0.34066999999998
1.9420999999998	0.294986609366196	0.34078999999998
1.9440999999998	0.295163186859185	0.34090999999998
1.9460999999998	0.295317133993614	0.34103
1.9480999999998	0.295463112027436	0.34115
1.9500999999998	0.295648799216529	0.34127
1.9520999999998	0.295795054058734	0.34139
1.9540999999998	0.295956775120201	0.34151
1.9560999999998	0.296106657761484	0.34163
1.9580999999998	0.296252986022704	0.34175
1.9600999999998	0.29641463185791	0.34187
1.9620999999998	0.29655433406075	0.34199999999998
1.9640999999998	0.296727932703982	0.34211999999998
1.9660999999998	0.296900054812524	0.34223999999998
1.9680999999998	0.297051019158057	0.34235999999998
1.9700999999998	0.297232538329549	0.34247999999998
1.9720999999998	0.29737659046807	0.34259
1.9740999999998	0.297579003415296	0.34271
1.9760999999998	0.297730617451909	0.34283
1.9780999999998	0.297876624627839	0.34295
1.9800999999998	0.29805508516675	0.34307
1.9820999999998	0.29820036934002	0.34319
1.9840999999998	0.298374094851903	0.34331
1.9860999999998	0.298523190466346	0.34343
1.9880999999998	0.298696558349908	0.34354999999998
1.9900999999998	0.298845868835575	0.34366999999998
1.9920999999998	0.299026397698505	0.34378999999998
1.9940999999998	0.299191229788263	0.34390999999998
1.9960999999998	0.299350348966958	0.34402999999998
1.9980999999998	0.299517162790723	0.34414999999998
