t	dT
0	0	0
0.000222653588022716	0.00202247191011563	0.00201999629949444
0.000456439855446567	0.00414606734796436	0.00414999857173469
0.000667960764068147	0.00606741544248671	0.00606999788078817
0.000890614352090863	0.00808988694504652	0.00809000316258747
0.00112440061951471	0.0102134818100541	0.0102320030975736
0.00134705420753743	0.0122359528846251	0.0122075962829117
0.00156970779556014	0.0142584237125902	0.0142570779556014
0.00179236138358286	0.0162808942640894	0.0163036138358286
0.00201501497160557	0.0183033645062786	0.0182750748580278
0.00223766855962828	0.0203258344039098	0.0203043541559111
0.002460322147651	0.0223483039197526	0.02235322147651
0.00268297573567371	0.0243707730149846	0.0243997573567371
0.00290562932369643	0.0263932416494759	0.0263681466184821
0.00312828291171914	0.0284157097819874	0.0284011120289105
0.00335093649974185	0.0304381773703656	0.0304493649974185
0.00357359008776457	0.032460644371619	0.0324959008776457
0.00379624367578729	0.0344831107420611	0.0344424367578729
0.00400776458440888	0.0364044531693074	0.0363776458440888
0.0042304181724316	0.03842691818157	0.038434181724316
0.00445307176045432	0.0404493824305289	0.0404807176045432
0.00467572534847705	0.0424718458701908	0.0424486267423852
0.00489837893649977	0.0444943084540693	0.0444737893649977
0.00512103252452249	0.0465167701352027	0.0465303252452249
0.00534368611254521	0.0485392308661646	0.0485768611254521
0.00556633970056793	0.0505616905990838	0.0505233970056793
0.00578899328859065	0.0525841492856497	0.0525699328859065
0.00601164687661338	0.0546066068771304	0.0546264687661338
0.0062343004646361	0.0566290633243927	0.0566515023231805
0.00645695405265882	0.0586515185778665	0.0586195405265882
0.00667960764068154	0.0606739725876037	0.0606660764068154
0.00690226122870426	0.062696425303245	0.0627226122870427
0.00712491481672699	0.0647188766740476	0.0647445740836349
0.00734756840474971	0.0667413266488857	0.0667156840474971
0.00757022199277243	0.0687637751762502	0.0687624419204967
0.00779287558079515	0.0707862222042514	0.0708187558079515
0.00801552916881788	0.0728086676806265	0.0727876458440894
0.0082381827568406	0.0748311002952699	0.0748118275684059
0.00846083634486332	0.0768534865994343	0.0768583634486332
0.00868348993288604	0.0788758624288154	0.0789148993288604
0.00890614352090876	0.0808982270780898	0.0808614352090876
0.00912879710893148	0.0829205797672918	0.0829079710893148
0.00935145069695421	0.0849429196390104	0.0849545069695421
0.00957410428497693	0.0869652457543406	0.0869905214248846
0.00979675787299965	0.0889875570878221	0.0889575787299965
0.0100194114610224	0.0910098525213869	0.0910041146102237
0.0102420650490451	0.0930321308375359	0.0930506504904509
0.0104647186370678	0.095054390711521	0.0950835931853391
0.0106873722250905	0.0970766307027716	0.0970537222509054
0.0109100258131133	0.099098851595354	0.0991002581311326
0.011132679401136	0.101121057159862	0.10114679401136
0.0113553329891587	0.103143259543964	0.103116664945793
0.0115779865771814	0.105165458533111	0.105149865771814
0.0118006401652041	0.107187653958268	0.107196401652041
0.0120232937532269	0.109209845613889	0.109242937532269
0.0122459473412496	0.111232033256645	0.111209736706248
0.0124686009292723	0.113253769509951	0.113236009292723
0.012691254517295	0.115275094266546	0.11529254517295
0.0129139081053178	0.117296417164773	0.117319540526589
0.0131365616933405	0.119317734801881	0.119285616933405
0.0133592152813632	0.121339043942069	0.121332152813632
0.0135818688693859	0.123360341454339	0.123378688693859
0.0138045224574086	0.125381624262287	0.125404873515748
0.0140271760454314	0.127402889301508	0.127378936499745
0.014249829633454	0.129424133482468	0.12942829633454
0.0144724832214767	0.131444362389349	0.131474832214767
0.0146951368094994	0.133464009498342	0.133445684047497
0.0149177903975221	0.135483610078565	0.135467903975221
0.0151404439855448	0.1375031552416	0.137514439855448
0.0153630975735675	0.139522698033217	0.139560975735675
0.0155857511615902	0.141542098210524	0.141528755807951
0.0158084047496129	0.143561413565432	0.143554047496129
0.0160310583376356	0.145580685900114	0.145600583376356
0.0162537119256583	0.147599809316599	0.147647119256583
0.016476365513681	0.149618825859582	0.149583655136809
0.0167101517811048	0.151738102636541	0.151741517811048
0.0169328053691275	0.153754146919623	0.153788053691275
0.0171554589571502	0.155770070104522	0.155747294785751
0.0173781125451728	0.157783933500593	0.157771125451729
0.0176007661331955	0.159795532919346	0.159807661331955
0.0178234197212182	0.161806943646328	0.161844197212182
0.0180460733092409	0.163817840856231	0.163808403200825
0.0182687268972636	0.165828468259263	0.1658259958699
0.0184913804852863	0.167838576176618	0.167853804852863
0.018714034073309	0.169845140791903	0.169870170366545
0.0189366876613317	0.17184902907351	0.171823564274649
0.0191593412493544	0.173852289374754	0.173853412493544
0.0193819948373771	0.175854890698827	0.175879948373771
0.0196046484253998	0.177856721489605	0.177883242126999
0.0198273020134225	0.179850799922758	0.179823020134225
0.0200499556014451	0.181842961911243	0.181839556014451
0.0202726091894678	0.183825719844029	0.183856091894678
0.0204952627774905	0.185807143929607	0.185786313887453
0.0207179163655132	0.187787301750238	0.187769163655132
0.0209405699535359	0.189765493445137	0.189775129581823
0.0211632235415586	0.191742936675794	0.191762235415586
0.0213858771295813	0.193709010221155	0.193679385647906
0.021608530717604	0.195671030621022	0.195636776458436
0.0218311843056267	0.197623727006188	0.197611843056267
0.0220538378936494	0.199566695666462	0.199578378936494
0.0222764914816721	0.201495000163142	0.20144491481672
0.0224991450696947	0.203415978962864	0.203391450696947
0.0227217986577174	0.205333230682269	0.205327986577174
0.0229444522457401	0.207247300175567	0.207232261228701
0.0231671058337628	0.209156294382323	0.209073952503865
0.0233897594217855	0.211042810183622	0.210977594217855
0.0236124130098082	0.212904880779584	0.212861717088274
0.0238350665978309	0.214758130141789	0.214657799690239
0.0240577201858536	0.216590747588084	0.216487201858536
0.0242803737738763	0.21840681291015	0.218313363964886
0.024503027361899	0.220217870058983	0.220127246257091
0.0247256809499217	0.222006420621488	0.221850564274647
0.0249483345379443	0.223756151823069	0.223595010841499
0.025170988125967	0.22548098701176	0.225328893133703
0.0253936417139897	0.227197718482506	0.227039133711918
0.0256162953020124	0.228876395281302	0.228636657718112
0.0258389488900351	0.230538231069776	0.230281591120281
0.0260616024780578	0.232158865264264	0.231892819824462
0.0262842560660805	0.233721903332613	0.233457024264322
0.0265069096541032	0.235264001240987	0.234935277232825
0.0267295632421259	0.23679477796624	0.236426942694881
0.0269522168301486	0.23827696653248	0.23788551781104
0.0271748704181713	0.239702972135082	0.239267046463599
0.0273975240061939	0.241070954279159	0.240572668043358
0.0276201775942166	0.242388695234828	0.2418810655653
0.0278428311822393	0.243687322153545	0.243126987093436
0.028065484770262	0.244942425811549	0.244276454310786
0.0282881383582847	0.246100261507618	0.245390691791424
0.0285107919463074	0.247221817045858	0.246463959731537
0.0287334455343301	0.248264172028454	0.24746722767165
0.0289560991223528	0.249289356165504	0.248372198244706
0.0291787527103755	0.250206814132525	0.249235010841502
0.0294014062983982	0.251042450164908	0.250035625193593
0.0296240598864209	0.251865517434435	0.250758119772842
0.0298467134744435	0.252591606192587	0.251390140423331
0.0300693670624662	0.253245945962178	0.251968101187399
0.0302920206504889	0.25377577733152	0.252474041300978
0.0305146742385116	0.254287482505162	0.252894674238512
0.0307373278265343	0.254764830623755	0.253234655653069
0.030959981414557	0.255122796387049	0.253499981414557
0.0311826350025797	0.255380929547436	0.2537
0.0314052885906024	0.255561544481616	0.25381
0.0316279421786251	0.25573682305779	0.25385
0.0318505957666478	0.255796495861131	0.25382
0.0320732493546705	0.25575173770792	0.25371
0.0322959029426931	0.255667117871806	0.253542048528653
0.0325185565307158	0.255520990248302	0.253291443469284
0.0327412101187385	0.25530490337809	0.252967579762523
0.0329638637067612	0.254952638860694	0.252582272586478
0.0331865172947839	0.254619771418549	0.252156965410432
0.0334091708828066	0.254212396827677	0.251651658234387
0.0336318244708293	0.253739224479991	0.251076351058341
0.033854478058852	0.253136273342902	0.250463282911722
0.0340771316468747	0.252531935015934	0.249811473412501
0.0342997852348974	0.251953875252984	0.249090859060411
0.0345224388229201	0.251277874740478	0.24832024470832
0.0347450924109428	0.25052052231872	0.247539815178115
0.0349677459989654	0.249708766567506	0.246699016004138
0.0351903995869881	0.248905173673009	0.245808401652047
0.0354130531750108	0.248092791106521	0.244894734124946
0.0356357067630335	0.247173209921436	0.243980733092416
0.0358583603510562	0.246255689994646	0.243016558595775
0.0360810139390789	0.245319567403513	0.242014930304606
0.0363036675271016	0.244376157308263	0.240991662364492
0.0365263211151243	0.243404340348086	0.239998394424379
0.036748974703147	0.242352661584353	0.238945126484265
0.0369716282911697	0.241326724882527	0.237880230252982
0.0371942818791923	0.240349500261486	0.236809295302019
0.037416935467215	0.239314975802464	0.23575838719671
0.0376395890552377	0.238265726876764	0.234662465668574
0.0378622426432604	0.237164033796747	0.233558786783698
0.0380848962312831	0.236083096126674	0.232467759421792
0.0383075498193058	0.235049798104264	0.231404701084165
0.0385302034073285	0.234040781539299	0.230298779556029
0.0387528569953512	0.23297711846185	0.229192858027893
0.0389755105833739	0.231900592593345	0.228131223541565
0.0391981641713966	0.230835395334887	0.227049179143017
0.0394208177594193	0.229775072706383	0.225955093443484
0.039643471347442	0.228761001612169	0.22486264326279
0.0398661249354646	0.22774605867628	0.223821625193606
0.0400887785234873	0.226694828990853	0.222757328859076
0.04031143211151	0.225653021332838	0.22169283944245
0.0405340856995327	0.224659203811644	0.220649785751168
0.0407567392875554	0.223666524538198	0.219646303562223
0.0409793928755781	0.222683910569259	0.218603642746531
0.0412020464636008	0.221725505597829	0.217579767681996
0.0414247000516235	0.220737523389422	0.216578249870941
0.0416473536396462	0.219742593603261	0.215613231801769
0.0418700072276689	0.21879034493278	0.214619963861656
0.0420926608156916	0.217888178737927	0.213636695921542
0.0423153144037142	0.217013133244147	0.212701713990714
0.0425379679917369	0.216117563531533	0.211758128033052
0.0427606215797596	0.21522565605312	0.210807513680962
0.0429832751677823	0.214342194190473	0.209876899328871
0.043205928755805	0.213443677260649	0.20899814248839
0.0434285823438277	0.212577579533105	0.208095670624689
0.0436512359318504	0.211749054640325	0.207195056272598
0.0438738895198731	0.210960166654592	0.206322220960254
0.0440965431078958	0.210172324584458	0.205483827568417
0.0443191966959185	0.209380626896293	0.204623213216326
0.0445418502839411	0.208571566082437	0.203780748580294
0.0447645038719638	0.207795433805987	0.202950992256072
0.0449871574599865	0.207046134862941	0.202161370160054
0.0452098110480092	0.206283499429321	0.201350755807963
0.0454324646360319	0.205552887724263	0.200550141455872
0.0456551182240546	0.204858653167009	0.199789763551891
0.0458777718120773	0.204162738051319	0.199018912751691
0.0461004254001	0.203469236075414	0.1982582983996
0.0463230789881227	0.202751341253075	0.197497684047509
0.0465457325761454	0.202065454040026	0.196786401135782
0.0467683861641681	0.201408348372742	0.196056455343328
0.0469910397521908	0.200784700899223	0.195336880743428
0.0472136933402134	0.200154130636627	0.194625226639146
0.0474363469282361	0.199531003550521	0.193960959215292
0.0476590005162588	0.198933953123913	0.193263997934965
0.0478816541042815	0.198326649206503	0.192585037687155
0.0481043076923042	0.197723564841032	0.191923538461544
0.0483269612803269	0.197101699371308	0.191289116159019
0.0485496148683496	0.196512502806749	0.190631155394951
0.0487722684563723	0.195945835563356	0.189993194630883
0.048994922044395	0.195404928220702	0.189362616933408
0.0492175756324177	0.194888991370924	0.188767273102747
0.0494402292204404	0.194389986940599	0.188149312338679
0.049662882808463	0.193867011752716	0.187541351574611
0.0498855363964857	0.193362660490059	0.186966695405271
0.0501081899845084	0.192837875786121	0.186385430046475
0.0503308435725311	0.192334889813233	0.185797469282407
0.0505534971605538	0.191847322610807	0.185229508518339
0.0507761507485765	0.191342277812885	0.184691547754271
0.0509988043365992	0.190860264869499	0.184132391326802
0.0512214579246219	0.190396786698702	0.183577084150756
0.0514441115126446	0.18995638412848	0.183043832731033
0.0516667651006673	0.189532001891956	0.182529704697998
0.05188941868869	0.189107314098855	0.18200174393393
0.0521120722767126	0.188675982173032	0.181483783169862
0.0523347258647353	0.188240271453799	0.180972911202897
0.052557379452758	0.187806721117984	0.180485241094484
0.0527800330407807	0.187388981420792	0.179979933918439
0.0530026866288034	0.186988819541156	0.17949194011359
0.0532253402168261	0.186605384267375	0.179024659783174
0.0534479938048488	0.186201951965471	0.178546018585454
0.0536706473928715	0.185812487701203	0.178068705214257
0.0538933009808942	0.185440180957117	0.177603398038212
0.0541159545689169	0.185082850018535	0.177164045431083
0.0543386081569396	0.184734051413185	0.176704175529181
0.0545612617449622	0.184367102656429	0.176257476510075
0.0547839153329849	0.184012043759911	0.175816084667015
0.0550065689210076	0.183639163537495	0.175396862157985
0.0552292225090303	0.183282190009621	0.174961554981939
0.055451876097053	0.182939511349327	0.174534371708841
0.0556745296850757	0.182609988878033	0.174115470314924
0.0558971832730984	0.18229347363503	0.173715633453803
0.0561198368611211	0.181992387214552	0.173300326277758
0.0563424904491438	0.18168456751369	0.172885019101712
0.0565651440371665	0.181372808207759	0.172504855962834
0.0567877976251892	0.181072452477455	0.172104404749622
0.0570104512132118	0.18078631544573	0.171719097573576
0.0572331048012345	0.180480785921012	0.171323790397531
0.0574557583892572	0.180183157489044	0.170954241610743
0.0576784119772799	0.179883222353418	0.17058317604544
0.0579010655653026	0.179580203163509	0.170207868869395
0.0581237191533253	0.179288249503903	0.169832561693349
0.058346372741348	0.179008085810154	0.169487254517304
0.0585690263293707	0.178737644511519	0.169121947341259
0.0587916799173934	0.178478840200594	0.168766640165213
0.0590143335054161	0.178231166372899	0.168415666494584
0.0592369870934388	0.177992650696887	0.168076025813123
0.0594596406814615	0.177762919932039	0.167730359318539
0.0596822942694841	0.17751379178404	0.167385411461032
0.0599049478575068	0.177273873136334	0.167047526071247
0.0601276014455295	0.177027347800458	0.166724797108941
0.0603502550335522	0.176777316441538	0.166389744966448
0.0605729086215749	0.176536903944087	0.16606418275685
0.0607955622095976	0.176307529607977	0.165754437790402
0.0610182157976203	0.176082279809394	0.165433568404759
0.061240869385643	0.17584215067388	0.165118261228714
0.0614635229736657	0.175612289068772	0.164802954052669
0.0616861765616884	0.175391564509321	0.164507646876623
0.061908830149711	0.175179646716489	0.164201169850289
0.0621314837377337	0.174975148578108	0.163897032524532
0.0623541373257564	0.174779818372826	0.163595862674244
0.0625767909137791	0.174591952313454	0.163306418172442
0.0627994445018018	0.174388460230396	0.163011110996396
0.0630220980898245	0.174189499867685	0.162717901910176
0.0632447516778472	0.173990878440287	0.162435248322153
0.0634674052658699	0.173782107243162	0.16215518946826
0.0636900588538926	0.173581657782912	0.161869941146107
0.0639127124419153	0.173388876470385	0.161587287558085
0.064135366029938	0.173201858768237	0.161322316985031
0.0643580196179607	0.173025116985198	0.161051980382039
0.0645806732059833	0.172854191015074	0.160778653588033
0.064803326794006	0.172678959692471	0.160506673205994
0.0650259803820287	0.172497944060174	0.160252009808986
0.0652486339700514	0.172322314940277	0.159982732059897
0.0654712875580741	0.172156116695333	0.159718712441926
0.0656939411460968	0.171994799725556	0.159466058853903
0.0659165947341195	0.171841744893243	0.159213405265881
0.0661392483221422	0.171679521157665	0.158960751677858
0.0663619019101649	0.171513930257658	0.158708098089835
0.0665845554981876	0.17135555501349	0.158457722250906
0.0668072090862103	0.17118177750685	0.15822279091379
0.0670298626742329	0.171015859919139	0.157970137325767
0.0672525162622556	0.170854005655546	0.157727483737744
0.0674751698502783	0.170698385092434	0.157492415074861
0.067697823438301	0.170549322701584	0.157254353123398
0.0679204770263237	0.170405443307458	0.157019522973676
0.0681431306143464	0.170268228186285	0.156786869385654
0.0683657842023691	0.170137697007568	0.156562107898815
0.0685884377903918	0.170011718118587	0.156331562209608
0.0688110913784145	0.169879842432212	0.156098908621585
0.0690337449664372	0.169741872567434	0.155876255033563
0.0692563985544599	0.169610586155366	0.15565360144554
0.0694790521424825	0.169484953994876	0.155430947857517
0.0697017057305052	0.169357623504344	0.155208294269495
0.0699243593185279	0.169220953931252	0.154997820340736
0.0701470129065506	0.169090391088278	0.154782987093449
0.0703696664945733	0.168964930527248	0.154570333505427
0.070592320082596	0.168833261200995	0.154355359834808
0.0708149736706187	0.16869886822311	0.154145026329381
0.0710376272586414	0.168568423268295	0.153942372741359
0.0712602808466641	0.168444083843724	0.153729719153336
0.0714829344346868	0.168325125722368	0.153524131130627
0.0717055880227095	0.168210122140424	0.153322205988645
0.0719282416107321	0.168100435337963	0.153121758389268
0.0721508951987548	0.167995639012813	0.152919104801245
0.0723735487867775	0.167893620955965	0.152716451213222
0.0725962023748002	0.16779769822383	0.1525237976252
0.0728188559628229	0.167704759245662	0.152331144037177
0.0730415095508456	0.167597577038248	0.152138490449154
0.0732641631388683	0.167495177449778	0.151937918430566
0.073486816726891	0.167396937999832	0.151753183273109
0.0737094703149137	0.167284852469797	0.151560529685086
0.0739321239029364	0.167177031051252	0.15137
0.0741547774909591	0.167073788199925	0.15118761125452
0.0743774310789817	0.166974025757833	0.151002568921018
0.0746000846670044	0.166878785936545	0.150819915332996
0.0748227382550271	0.166788849309239	0.150637261744973
0.0750453918430498	0.166692655405929	0.150462304078475
0.0752680454310725	0.166592357055358	0.150281954568927
0.0754906990190952	0.166496358802255	0.150099300980905
0.0757133526071179	0.166404752000946	0.149916647392882
0.0759360061951406	0.16631650590732	0.14975
0.0761586597831633	0.166232187668423	0.149571340216837
0.076381313371186	0.166151003527551	0.149398686628814
0.0766039669592087	0.166075064104929	0.149228016520396
0.0768266205472313	0.166002452284318	0.14906
0.077049274135254	0.165920199432104	0.148890725864746
0.0772719277232767	0.165837024077761	0.148718072276723
0.0774945813112994	0.165757391205785	0.14854770934435
0.0777172348993221	0.165675037822758	0.14839
0.0779398884873448	0.165586379581192	0.148220111512655
0.0781625420753675	0.165501455299082	0.148057457924632
0.0783851956633902	0.165420140612877	0.1479
0.0786078492514129	0.165342747882033	0.147732150748587
0.0788305028394356	0.165269155296722	0.14757
0.0790531564274583	0.165197981814661	0.147416843572542
0.079275810015481	0.165131011992742	0.14726209499226
0.0794984636035036	0.165067693072298	0.147101536396496
0.0797211171915263	0.165006505202223	0.146948882808474
0.079943770779549	0.164933273582428	0.146786229220451
0.0801664243675717	0.164862671095848	0.146643575632428
0.0803890779555944	0.164795630630137	0.14649
0.0806117315436171	0.164733037778055	0.14633
0.0808343851316398	0.164671992224242	0.14618
0.0810570387196625	0.164614807306491	0.146032961280337
0.0812796923076852	0.164557301719755	0.14589
0.0815023458957079	0.164490325719869	0.145737654104292
0.0817249994837305	0.164426407081687	0.145587500258135
0.0819476530717532	0.164366617698219	0.14545
0.0821703066597759	0.164299230235227	0.145299693340224
0.0823929602477986	0.164229836251806	0.145157039752201
0.0826156138358213	0.16416433653255	0.145012193082089
0.082838267423844	0.164102240950651	0.144871732576156
0.0830609210118667	0.164042898572711	0.14473
0.0832835745998894	0.163986408972308	0.14459
0.0835062281879121	0.16393305332655	0.144453771812088
0.0837288817759348	0.163881816207054	0.14432
0.0839515353639575	0.16383410627136	0.144178464636043
0.0841741889519801	0.163789076932453	0.14403790552401
0.0843968425400028	0.163747206678899	0.14391
0.0846194961280255	0.163707506797725	0.143770503871974
0.0848421497160482	0.163667953784816	0.143637850283952
0.0850648033040709	0.16361889705394	0.1435
0.0852874568920936	0.163572029925452	0.143372543107906
0.0855101104801163	0.163528187494779	0.143239889519884
0.085732764068139	0.163487273010253	0.143107235931861
0.0859554176561617	0.16344087422958	0.142982291171919
0.0861780712441844	0.163390958227898	0.142851928755816
0.0864007248322071	0.163343628328167	0.14272
0.0866233784202298	0.163299507061208	0.14259662157977
0.0868460320082524	0.163257807091788	0.142471983995874
0.0870686855962751	0.163217766664362	0.142341314403725
0.0872913391842978	0.163167911763218	0.142218660815702
0.0875139927723205	0.163119958767319	0.14209
0.0877366463603432	0.16307487585642	0.141973353639657
0.0879592999483659	0.16303308938516	0.14185
0.0881819535363886	0.162993998665703	0.141728046463611
0.0884046071244113	0.162956525636581	0.1416
0.088627260712434	0.162921463391773	0.141482739287566
0.0888499143004567	0.162888735882326	0.141360085699543
0.0890725678884794	0.162858774937785	0.141247432111521
0.089295221476502	0.162830367989868	0.14113
0.0895178750645247	0.162803962411933	0.14101
0.0897405286525474	0.162780632943303	0.14089
0.0899631822405701	0.162751714832541	0.14077681775943
0.0901858358285928	0.162719160879139	0.140662082085704
0.0904084894166155	0.162689034272052	0.14055
0.0906311430046382	0.162661282071884	0.14043
0.0908537965926609	0.162626596262997	0.140316203407339
0.0910764501806836	0.162591026921679	0.140203549819316
0.0912991037687063	0.162558298834652	0.140090896231294
0.0915217573567289	0.162527391146906	0.139978242643271
0.0917444109447517	0.162498418224704	0.139867794527624
0.0919670645327743	0.162471005232266	0.13976
0.092189718120797	0.162446663199063	0.13965
0.0924123717088197	0.162424230521504	0.13953762829118
0.0926350252968424	0.162403352933981	0.139432487351579
0.0928576788848651	0.162374566565146	0.139322321115135
0.0930803324728878	0.162346645795661	0.139219667527112
0.0933029860609105	0.162320886994856	0.13910701393909
0.0935256396489332	0.162296477638252	0.139002180175533
0.0937482932369559	0.162274579155848	0.1389
0.0939709468249786	0.162254684848779	0.13879
0.0941936004130012	0.162236594931349	0.138686399586999
0.0944162540010239	0.162220109428844	0.13859
0.0946389075890466	0.162206079661228	0.138481092410953
0.0948615611770693	0.162193705589138	0.138378438822931
0.095084214765092	0.162175376019428	0.138277892617454
0.0953068683531147	0.162154861418192	0.13818
0.0955295219411374	0.162136748898757	0.13808
0.0957521755291601	0.162120543952852	0.13797782447084
0.0959748291171828	0.162099548169224	0.137877585441409
0.0961974827052055	0.162076089661484	0.13778
0.0964201362932282	0.16205484116413	0.137679863706772
0.0966427898812508	0.162035457554934	0.13758
0.0968654434692735	0.162017749089465	0.137482278265363
0.0970880970572962	0.162001677715237	0.13739
0.0973107506453189	0.161987620559913	0.13729
0.0975334042333416	0.161975523804169	0.13719
0.0977560578213643	0.161964207560811	0.1371
0.097978711409387	0.161956019877106	0.137001288590613
0.0982013649974097	0.161949484373071	0.13691
0.0984240185854324	0.161944290835068	0.136817990707284
0.0986466721734551	0.161940020494584	0.136723327826545
0.0988693257614778	0.161927527137604	0.136630674238522
0.0990919793495005	0.161915989587628	0.1365380206505
0.0993146329375231	0.161907161245595	0.136447683531238
0.0995372865255458	0.161899072641178	0.13636
0.0997599401135685	0.161893467982453	0.13627
0.0999825937015912	0.161888810062242	0.136177406298409
0.100205247289614	0.161886418805495	0.13609
0.100427900877637	0.161880519156795	0.136
0.100650554465659	0.161871033172277	0.135909445534341
0.100873208053682	0.161862604422035	0.13582
0.101095861641705	0.161856400405765	0.135732069179148
0.101318515229727	0.161850540129653	0.13565
0.10154116881775	0.161837582043433	0.13556
0.101763822405773	0.161826162715348	0.13547
0.101986475993795	0.161816378448978	0.13539
0.102209129581818	0.161808578043946	0.135300870418182
0.102431783169841	0.161802330356443	0.135218216830159
0.102654436757864	0.16179734810031	0.13513
0.102877090345886	0.161794755248447	0.13505
0.103099743933909	0.161793083243844	0.13497
0.103322397521932	0.161792821697344	0.13488
0.103545051109954	0.161794564676563	0.134802474445023
0.103767704697977	0.161797257189816	0.13472
0.103990358286	0.16180162703775	0.13464
0.104213011874022	0.161807887947249	0.134556988125978
0.104435665462045	0.161814997316099	0.13448
0.104658319050068	0.161823439171792	0.1344
0.10488097263809	0.16183354639915	0.13431902736191
0.105103626226113	0.161838988721714	0.13424
0.105326279814136	0.161841702436959	0.13416
0.105548933402158	0.161846111194037	0.134081066597842
0.105771586990181	0.161851679534276	0.134
0.105994240578204	0.161858624543159	0.133927879710898
0.106216894166227	0.161859610860572	0.13385
0.106439547754249	0.161860843580299	0.133770452245751
0.106662201342272	0.161862970576488	0.133697798657728
0.106884854930295	0.161866571873744	0.13362
0.107107508518317	0.16187196460566	0.13355
0.10733016210634	0.161878515627739	0.13347
0.107552815694363	0.161886074540658	0.1334
0.107775469282385	0.161895091403668	0.13333
0.107998122870408	0.161896383154006	0.133251877129592
0.108220776458431	0.161899526905339	0.13318
0.108443430046453	0.161904241533883	0.133106569953547
0.108666083634476	0.161910017429118	0.133031958182762
0.108888737222499	0.161917412844	0.132961262777501
0.109111390810522	0.161926401301469	0.13289
0.109334044398544	0.161936144216285	0.13282
0.109556697986567	0.161947309089931	0.13275
0.10977935157459	0.161959741604873	0.13268
0.110002005162612	0.161973524245085	0.13261
0.110224658750635	0.16198829393521	0.13254
0.110447312338658	0.16200471231571	0.132472687661342
0.11066996592668	0.162021834062632	0.13241
0.110892619514703	0.162040661202835	0.132337380485297
0.111115273102726	0.162055165046286	0.13227
0.111337926690748	0.16206737113574	0.132202073309252
0.111560580278771	0.162080725919822	0.132139419721229
0.111783233866794	0.162095535927024	0.13207
0.112005887454817	0.162111112980376	0.13201
0.112228541042839	0.162121703553911	0.13194
0.112451194630862	0.162131841569906	0.131878805369138
0.112673848218885	0.162143528855702	0.13181
0.112896501806907	0.162156617603111	0.13175
0.11311915539493	0.16217086099507	0.13168084460507
0.113341808982953	0.162185807373306	0.13162
0.113564462570975	0.162201975307586	0.131557768714512
0.113787116158998	0.16221975926665	0.131492883841002
0.114009769747021	0.162238584941449	0.131430230252979
0.114232423335043	0.162258326277575	0.13137
0.114455076923066	0.162279277681982	0.13131
0.114677730511089	0.162301412375931	0.13125
0.114900384099112	0.16231738712003	0.13119
0.115123037687134	0.162334088131675	0.13113
0.115345691275157	0.162351670480034	0.13107
0.11556834486318	0.162370221392529	0.13101
0.115790998451202	0.162389711564716	0.13095
0.116013652039225	0.162411054653641	0.13089
0.116236305627248	0.162433076121513	0.13084
0.11645895921527	0.16245597569975	0.13078
0.116681612803293	0.162480247194401	0.13072
0.116904266391316	0.162505650850348	0.130667866804342
0.117126919979338	0.162532066286086	0.13061
0.117349573567361	0.16255688003985	0.130550426432639
0.117572227155384	0.162577556198306	0.1305
0.117794880743407	0.162598747876756	0.13044
0.118017534331429	0.162621353076947	0.13039
0.118240187919452	0.16264533799959	0.130339812080548
0.118462841507475	0.162668563422112	0.13028
0.118685495095497	0.162686899741842	0.13023
0.11890814868352	0.162706616060006	0.13018
0.119130802271543	0.162727387468624	0.13012
0.119353455859565	0.162749694411452	0.13007
0.119576109447588	0.162772622810357	0.13002
0.119798763035611	0.16279675162757	0.12997
0.120021416623633	0.162821948868988	0.12992
0.120244070211656	0.162848288779256	0.12987
0.120466723799679	0.162875459547874	0.12982
0.120689377387701	0.162903635127526	0.12977
0.120912030975724	0.162932598597658	0.12972
0.121134684563747	0.162962717792218	0.12967
0.12135733815177	0.162994062280854	0.12962266184823
0.121579991739792	0.163026516809981	0.12958
0.121802645327815	0.163059296678821	0.12953
0.122025298915838	0.163093165094572	0.12948
0.12224795250386	0.163122204114362	0.12944
0.122470606091883	0.163150809082744	0.12939
0.122693259679906	0.163180208242317	0.12934
0.122915913267928	0.16321086284625	0.1293
0.123138566855951	0.163242280494464	0.12926
0.123361220443974	0.163274811264408	0.12921
0.123583874031996	0.16330825445937	0.12917
0.123806527620019	0.163342412125985	0.129123472379981
0.124029181208042	0.163375137873424	0.12908
0.124251834796065	0.163404379299413	0.12904
0.124474488384087	0.163434341008882	0.129
0.12469714197211	0.163465198958665	0.12896
0.124919795560133	0.163497492249	0.12892
0.125142449148155	0.163530450557052	0.128877550851845
0.125365102736178	0.163563121655494	0.12884
0.125587756324201	0.163590859584505	0.1288
0.125810409912223	0.163620190735357	0.128759590087777
0.126033063500246	0.163650531471744	0.12872
0.126255717088269	0.163681498916255	0.12868
0.126478370676291	0.16371335355647	0.12864
0.126701024264314	0.163746711848816	0.128608975735686
0.126923677852337	0.163780827578426	0.12857
0.12714633144036	0.163815772179149	0.12853
0.127368985028382	0.16385171299169	0.1285
0.127591638616405	0.163888364375138	0.12846
0.127814292204428	0.163925801207942	0.12843
0.12803694579245	0.163963997863721	0.12839305420755
0.128259599380473	0.164003300454662	0.12836
0.128482252968496	0.164043423381106	0.12833
0.128704906556518	0.16408400144041	0.128297546721741
0.128927560144541	0.164125732408726	0.12826
0.129150213732564	0.164168413758854	0.12823
0.129372867320586	0.164211417376709	0.1282
0.129595520908609	0.164255602159176	0.12817
0.129818174496632	0.16429796693839	0.12814
0.130040828084655	0.164337075922046	0.12811
0.130263481672677	0.16437702565894	0.12808
0.1304861352607	0.1644181466265	0.1280538647393
0.130708788848723	0.164459740607429	0.12803
0.130931442436745	0.164501964590803	0.128
0.131154096024768	0.164540934274169	0.12797
0.131376749612791	0.164578910015418	0.12795
0.131599403200813	0.164617699788642	0.12792
0.131822056788836	0.164657113699576	0.1279
0.132044710376859	0.164697731788232	0.12787
0.132267363964881	0.16473903110314	0.12785
0.132490017552904	0.164780906567726	0.127829982447096
0.132712671140927	0.16482385016532	0.1278
0.13293532472895	0.164867672477891	0.12778
0.133157978316972	0.164912019969011	0.12776
0.133380631904995	0.164957303045992	0.12774
0.133603285493018	0.164998129848231	0.12772
0.13382593908104	0.165039491728506	0.1277
0.134048592669063	0.165081036808585	0.12768
0.134271246257086	0.165123831751349	0.12766
0.134493899845108	0.165167286606376	0.12765
0.134716553433131	0.165211460927926	0.12763
0.134939207021154	0.165256761152534	0.12761
0.135161860609176	0.16530227865566	0.1276
0.135384514197199	0.165348655307686	0.12758
0.135607167785222	0.165395708439948	0.12757
0.135829821373244	0.165443825573445	0.12756
0.136052474961267	0.165492352321717	0.12754
0.13627512854929	0.165541761388879	0.12753
0.136497782137313	0.16559203585541	0.12752
0.136720435725335	0.165642837268686	0.12751
0.136943089313358	0.165694553251682	0.1275
0.137165742901381	0.165746431651572	0.12749
0.137388396489403	0.165793713825512	0.12748
0.137611050077426	0.165841673090411	0.12748
0.137833703665449	0.165890615432634	0.12747
0.138056357253471	0.165939899604515	0.12746
0.138279010841494	0.165990062033594	0.12746
0.138501664429517	0.166040806895131	0.12745
0.138724318017539	0.166086625382944	0.12745
0.138946971605562	0.166133260054236	0.12745
0.139169625193585	0.166180615262136	0.127440374806415
0.139392278781608	0.166228992285315	0.12744
0.13961493236963	0.166278054504709	0.12744
0.139837585957653	0.166328260438872	0.12744
0.140060239545676	0.166378521814382	0.12745
0.140282893133698	0.166430060281614	0.12745
0.140505546721721	0.16648232070975	0.12745
0.140728200309744	0.16653489955631	0.127458200309744
0.140950853897766	0.166588403646651	0.12746
0.141173507485789	0.166642508712661	0.12747
0.141396161073812	0.166697054279002	0.12747
0.141618814661834	0.166752554392968	0.12748
0.141841468249857	0.166808771492255	0.12749
0.14206412183788	0.166865314771424	0.1275
0.142286775425903	0.166918023860147	0.12751
0.142509429013925	0.166970888697892	0.12752
0.142732082601948	0.167024242365374	0.12753
0.142954736189971	0.167078455809886	0.12755
0.143177389777993	0.16713313764917	0.12756
0.143400043366016	0.167188575507777	0.12758
0.143622696954039	0.167245127372673	0.127592696954039
0.143845350542061	0.16730183107167	0.12761
0.144068004130084	0.167359345817735	0.12763
0.144290657718107	0.167417653271813	0.12765
0.144513311306129	0.167476224459521	0.12767
0.144735964894152	0.167535712139875	0.12769
0.144958618482175	0.167595746033027	0.12772
0.145181272070197	0.16765317957823	0.12774
0.14540392565822	0.167709884097412	0.12777
0.145626579246243	0.167766482412295	0.127796579246243
0.145849232834266	0.167823910994925	0.12782
0.146071886422288	0.167882230474717	0.12785
0.146294540010311	0.167941199763562	0.12788
0.146517193598334	0.167999864468134	0.12791
0.146739847186356	0.168055109935126	0.12795
0.146962500774379	0.168110728819942	0.12798
0.147185154362402	0.168167275941917	0.12802
0.147407807950424	0.168224876964137	0.12805
0.147630461538447	0.168282885419371	0.12809
0.14785311512647	0.168341507883379	0.12813
0.148075768714492	0.168400740844339	0.12817
0.148298422302515	0.168460996950924	0.12821
0.148521075890538	0.168521410772254	0.12826
0.148743729478561	0.168582672398586	0.1283
0.148966383066583	0.168644704025962	0.128346383066583
0.149189036654606	0.168707351934881	0.12839
0.149411690242629	0.168770407440084	0.128441690242629
0.149634343830651	0.168834207426619	0.128492171915326
0.149856997418674	0.168898457950424	0.12854
0.150079651006697	0.16896356368542	0.1286
0.150302304594719	0.169028892924955	0.128652304594719
0.150524958182742	0.169095120877978	0.12871
0.150747611770765	0.169161909777121	0.128767611770765
0.150970265358787	0.169228982125992	0.128820265358787
0.15119291894681	0.169296598784962	0.12889
0.151415572534833	0.169364461775972	0.128947786267416
0.151638226122856	0.169428674366378	0.12901
0.151860879710878	0.169493296671393	0.12908
0.152083533298901	0.16955879706342	0.129143533298901
0.152306186886924	0.16962456230482	0.12921
0.152528840474946	0.169690987360119	0.12928
0.152751494062969	0.169758330742218	0.12935
0.152974147650992	0.169825972586518	0.129422073825496
0.153196801239014	0.169894249297817	0.129496801239014
0.153419454827037	0.169963087354101	0.12957
0.15364210841506	0.170029034964017	0.12965
0.153864762003082	0.170094688751998	0.12973
0.154087415591105	0.170160705364493	0.12981
0.154310069179128	0.17022753976925	0.129890069179128
0.154532722767151	0.170294785052356	0.129972722767151
0.154755376355173	0.170362765501655	0.13006
0.154978029943196	0.17043140872777	0.130148029943196
0.155200683531219	0.170500307774405	0.13024
0.155423337119241	0.170569984670644	0.13033
0.155645990707264	0.17063853395947	0.130417995353632
0.155868644295287	0.170704801769008	0.13051
0.156091297883309	0.170771775331127	0.130601297883309
0.156313951471332	0.170839380061109	0.130701975735666
0.156536605059355	0.170907678006842	0.130796605059355
0.156759258647377	0.170976329898517	0.130899258647377
0.1569819122354	0.171046035519265	0.131
0.157204565823423	0.171116072705169	0.131102282911711
0.157427219411445	0.171186761922259	0.131207219411446
0.157649872999468	0.171257967537429	0.13131
0.157872526587491	0.171329807045375	0.13142
0.158095180175514	0.171402341995599	0.131527590087757
0.158317833763536	0.171475056661196	0.131637833763536
0.158540487351559	0.171548640246175	0.13175
0.158763140939582	0.171622574863467	0.131863140939582
0.158985794527604	0.171697288486433	0.131977897263802
0.159208448115627	0.171772272862945	0.13209
0.15943110170365	0.171847903042855	0.13221110170365
0.159653755291672	0.171923925647212	0.132333755291672
0.159876408879695	0.172000268475892	0.132446408879695
0.160099062467718	0.172077362802136	0.13257
0.16032171605574	0.172154825214867	0.1327
0.160544369643763	0.172233079372845	0.132822184821882
0.160767023231786	0.172311630564925	0.132947023231786
0.160989676819809	0.172389561594858	0.133079676819809
0.161212330407831	0.172464973567049	0.133202330407831
0.161434983995854	0.17254086563721	0.133332491997927
0.161657637583877	0.172617482289218	0.133467637583877
0.161880291171899	0.172694446589575	0.133600291171899
0.162102944759922	0.172772122048799	0.133732944759922
0.162325598347945	0.172850015973558	0.133867799173972
0.162548251935967	0.172928673794845	0.134008251935967
0.16277090552399	0.17300417030604	0.13415
0.162993559112013	0.173079862523337	0.13429
0.163216212700035	0.173155884452325	0.134426212700035
0.163438866288058	0.17323295498482	0.134568866288058
0.163661519876081	0.173310103345054	0.134711519876081
0.163884173464104	0.173388110421344	0.13486
0.164106827052126	0.173466479645712	0.135
0.164329480640149	0.173545455222908	0.135149480640149
0.164552134228172	0.17362478754291	0.1353
0.164774787816194	0.173704762495063	0.13545
0.164997441404217	0.173785380514606	0.135597441404217
0.16522009499224	0.173866269363592	0.13575009499224
0.165442748580262	0.173947906501239	0.135902748580262
0.165665402168285	0.174029802765844	0.136057701084143
0.165888055756308	0.174112255219758	0.136208055756308
0.16611070934433	0.17419457253149	0.13637
0.166333362932353	0.174274263723258	0.136523362932353
0.166556016520376	0.174354323255173	0.136678008260188
0.166778670108399	0.174435222436849	0.136838670108399
0.167001323696421	0.174516477087983	0.137001323696421
0.167223977284444	0.174598432292878	0.137161988642222
0.167446630872467	0.174680679992462	0.137316630872467
0.167669284460489	0.174763675334262	0.137489284460489
0.167891938048512	0.174847127922105	0.137651938048512
0.168114591636535	0.174930976483744	0.137812295818267
0.168337245224557	0.175015441655831	0.137977245224557
0.16855989881258	0.175100403246356	0.13814989881258
0.168782552400603	0.175185571797921	0.138312552400603
0.169005205988625	0.175271628861108	0.138477602994313
0.169227859576648	0.175357828028934	0.138647859576648
0.169450513164671	0.175444390785341	0.138820513164671
0.169673166752694	0.175531710479536	0.138993166752694
0.169895820340716	0.175619374936015	0.139167910170358
0.170118473928739	0.175707561393816	0.139338473928739
0.170341127516762	0.175796264316498	0.139511127516762
0.170563781104784	0.175885423635888	0.13969
0.170786434692807	0.175973059597037	0.139856434692807
0.17100908828083	0.176059411549679	0.14003908828083
0.171231741868852	0.176146324000443	0.140211741868852
0.171454395456875	0.176233740994795	0.140392197728438
0.171677049044898	0.176321484361122	0.140567049044898
0.17189970263292	0.176410002974676	0.14074970263292
0.172122356220943	0.176499003766318	0.14093
0.172345009808966	0.176588483440976	0.141107504904483
0.172567663396988	0.176676622587557	0.141287663396988
0.172790316985011	0.176763517648787	0.141470316985011
0.173012970573034	0.176850508074724	0.141652970573034
0.173235624161057	0.176938535118404	0.141827812080528
0.173458277749079	0.177027031275457	0.142018277749079
0.173680931337102	0.177115995675764	0.142200931337102
0.173903584925125	0.17720541613617	0.142383584925125
0.174126238513147	0.177295341451569	0.142566238513147
0.17434889210117	0.177385604254913	0.14275889210117
0.174571545689193	0.177476483289352	0.142941545689193
0.174794199277215	0.177568019542482	0.143132099638608
0.175016852865238	0.177659942493893	0.143316852865238
0.175239506453261	0.177752182670461	0.143509506453261
0.175462160041283	0.177844955851789	0.143692160041283
0.175684813629306	0.177938362773784	0.143882406814653
0.175907467217329	0.178032074234204	0.144067467217329
0.176130120805352	0.178126305403737	0.144260120805352
0.176352774393374	0.178220984734028	0.144452774393374
0.176575427981397	0.17831600503027	0.144647713990698
0.17679808156942	0.178411522270166	0.14483808156942
0.177020735157442	0.178507743022	0.145030735157442
0.177243388745465	0.178604071452651	0.145223388745465
0.177466042333488	0.178701096632877	0.145418021166744
0.17768869592151	0.17879824836144	0.14560869592151
0.177911349509533	0.178892922881799	0.145801349509533
0.178134003097556	0.178987813997997	0.146002001548778
0.178356656685578	0.179083185561986	0.146186656685578
0.178579310273601	0.179179079468049	0.146389310273601
0.178801963861624	0.179275493040256	0.146581963861624
0.179024617449647	0.179372314141827	0.146782308724823
0.179247271037669	0.179469437770654	0.146977271037669
0.179469924625692	0.179567232092245	0.14717
0.179692578213715	0.179665528513473	0.147372578213715
0.179915231801737	0.179764067274544	0.147567615900869
0.18013788538976	0.179863111971829	0.14776788538976
0.180360538977783	0.17996265374756	0.147970538977783
0.180583192565805	0.180062373410644	0.148173192565805
0.180805846153828	0.180162904161079	0.148367923076914
0.181028499741851	0.180263607501839	0.148568499741851
0.181251153329873	0.180364795605479	0.148771153329873
0.181473806917896	0.180465374514326	0.148973806917896
0.181696460505919	0.180564236052921	0.149166460505919
0.181919114093942	0.180663894377475	0.149369114093942
0.182141767681964	0.180763718320633	0.149571767681964
0.182364421269987	0.180864175366543	0.149772210634993
0.18258707485801	0.180965052607554	0.14997707485801
0.182809728446032	0.181066344149983	0.150179728446032
0.183032382034055	0.181168147584849	0.150382382034055
0.183255035622078	0.18127040828458	0.150587517811039
0.1834776892101	0.181371951684356	0.1507876892101
0.183700342798123	0.181472049373637	0.150990342798123
0.183922996386146	0.181572649018261	0.151202996386146
0.184145649974168	0.181673591819403	0.151397824987084
0.184368303562191	0.181775328565081	0.151608303562191
0.184590957150214	0.181877243189424	0.151810957150214
0.184813610738236	0.181979886112072	0.152023610738236
0.185036264326259	0.182082853417413	0.152216264326259
0.185258917914282	0.182186495719437	0.152428917914282
0.185481571502305	0.182290300846765	0.152641571502305
0.185704225090327	0.182394829594067	0.152842112545164
0.18592687867835	0.182499763985063	0.15304687867835
0.186149532266373	0.182604957558731	0.153259532266373
0.186372185854395	0.182710814076155	0.153462185854395
0.186594839442418	0.182816914735711	0.153672419721209
0.186817493030441	0.182923564179562	0.153877493030441
0.187040146618463	0.183030696497898	0.154090146618463
0.187262800206486	0.183138273444594	0.154302800206486
0.187485453794509	0.183246282515719	0.154497726897254
0.187708107382531	0.183354524591627	0.154708107382531
0.187930760970554	0.183463447237418	0.154920760970554
0.188153414558577	0.183572495500602	0.155133414558577
0.1883760681466	0.183682362040196	0.1553380340733
0.188598721734622	0.18379248924386	0.155548721734622
0.188821375322645	0.183902926851414	0.155761375322645
0.189044028910668	0.184013874452488	0.155972014455334
0.18926668249869	0.184125126086086	0.15617668249869
0.189489336086713	0.184237072331182	0.156389336086713
0.189711989674736	0.184349077338771	0.156601989674736
0.189934643262758	0.184461587191433	0.156814643262758
0.190157296850781	0.18457454131489	0.157027296850781
0.190379950438804	0.18468789285619	0.157239950438804
0.190602604026826	0.184801386512286	0.157452604026826
0.190825257614849	0.184915614440958	0.157657628807425
0.191047911202872	0.185027976046934	0.157867911202872
0.191270564790895	0.185140194139353	0.158090564790895
0.191493218378917	0.18525274896801	0.158303218378917
0.19171587196694	0.185365749982065	0.15850793598347
0.191938525554963	0.185478986480389	0.158718525554963
0.192161179142985	0.185592994460723	0.158941179142985
0.192383832731008	0.185707129831417	0.159153832731008
0.192606486319031	0.185821835929578	0.159356486319031
0.192829139907053	0.185936954356086	0.159579139907053
0.193051793495076	0.186052587590267	0.159791793495076
0.193274447083099	0.186168386085882	0.160012223541549
0.193497100671121	0.186284747236036	0.160217100671121
0.193719754259144	0.186398929773861	0.160429754259144
0.193942407847167	0.18651361573851	0.160652407847167
0.19416506143519	0.186628514743829	0.160857530717595
0.194387715023212	0.186743963571271	0.161077715023212
0.194610368611235	0.186859957072651	0.161290368611235
0.194833022199258	0.186976201180389	0.161513022199258
0.19505567578728	0.187092986302071	0.16171783789364
0.195278329375303	0.187210150517353	0.161938329375303
0.195500982963326	0.187327943024086	0.162160982963326
0.195723636551348	0.187445972876792	0.162373636551348
0.195946290139371	0.187564435627396	0.162586290139371
0.196168943727394	0.187683373402489	0.162798943727394
0.196391597315416	0.187802779575638	0.163021597315416
0.196614250903439	0.187922509782699	0.16324212545172
0.196836904491462	0.188042606544422	0.163446904491462
0.197059558079484	0.188163266323073	0.163669558079484
0.197282211667507	0.188282324900627	0.163892211667507
0.19750486525553	0.188401231895346	0.164102432627765
0.197727518843553	0.188520594128436	0.164317518843553
0.197950172431575	0.18864036453891	0.164540172431575
0.198172826019598	0.188760673319215	0.164762826019598
0.198395479607621	0.188881102317221	0.16496773980381
0.198618133195643	0.189002351898026	0.165188133195643
0.198840786783666	0.189124042789667	0.165410786783666
0.199063440371689	0.189245800298532	0.165633440371689
0.199286093959711	0.189368321486105	0.165848046979856
0.199508747547734	0.189491269118542	0.166058747547734
0.199731401135757	0.189614502770421	0.166281401135757
0.199954054723779	0.189738355873957	0.16650202736189
0.200176708311802	0.189862455353127	0.166716708311802
0.200399361899825	0.189987072055854	0.166939361899825
0.200622015487848	0.190112118202514	0.167162015487848
0.20084466907587	0.190237500987111	0.167382334537935
0.201067322663893	0.190363209732406	0.167597322663893
0.201289976251916	0.190489474173978	0.167819976251916
0.201512629839938	0.190616102522585	0.168042629839938
0.201735283427961	0.190743086547298	0.16825764171398
0.201957937015984	0.190870614545574	0.168477937015984
0.202180590604006	0.190998544646135	0.168700590604006
0.202403244192029	0.191126692417144	0.168923244192029
0.202625897780052	0.19125537391306	0.169137948890026
0.202848551368074	0.191384454040036	0.169358551368074
0.203071204956097	0.19151389078045	0.169581204956097
0.20329385854412	0.191643623161576	0.16980385854412
0.203516512132143	0.191773980229379	0.170016512132143
0.203739165720165	0.191904623154948	0.170239165720165
0.203961819308188	0.192035651925812	0.170461819308188
0.204184472896211	0.192167021759539	0.170682236448105
0.204407126484233	0.192298819553441	0.170897126484233
0.204629780072256	0.192430993142891	0.171119780072256
0.204852433660279	0.192563504773192	0.171352433660279
0.205075087248301	0.192696575146116	0.171567543624151
0.205297740836324	0.192828410377086	0.171787740836324
0.205520394424347	0.192959941430217	0.172010394424347
0.205743048012369	0.193091796583104	0.172233048012369
0.205965701600392	0.193223845789771	0.172455701600392
0.206188355188415	0.19335661985966	0.172678355188415
0.206411008776438	0.193489581353152	0.172901008776438
0.20663366236446	0.193622997641106	0.17312366236446
0.206856315952483	0.193756818413862	0.173342631904966
0.207078969540506	0.193891139122486	0.173568969540506
0.207301623128528	0.194025816412906	0.173791623128528
0.207524276716551	0.194160990536697	0.174012138358276
0.207746930304574	0.194296476256969	0.174236930304574
0.207969583892596	0.194431704204153	0.174459583892596
0.208192237480619	0.194565802407652	0.174682237480619
0.208414891068642	0.194700383414633	0.174912445534321
0.208637544656664	0.194835353667907	0.175127544656664
0.208860198244687	0.194970629880434	0.175350198244687
0.20908285183271	0.195106469156724	0.17558285183271
0.209305505420733	0.195242782610927	0.175797752710366
0.209528159008755	0.195379611747512	0.17602631801751
0.209750812596778	0.195516824578779	0.176250812596778
0.209973466184801	0.195654327111153	0.176473466184801
0.210196119772823	0.195792299934771	0.176698059886412
0.210418773360846	0.195930692797488	0.176918773360846
0.210641426948869	0.196069546206769	0.177151426948869
0.210864080536891	0.196208690949742	0.177372040268446
0.211086734124914	0.19634829757601	0.177593468249828
0.211309387712937	0.196488452795796	0.177819387712937
0.211532041300959	0.196628888479632	0.178052041300959
0.211754694888982	0.196769732999088	0.178272347444491
0.211977348477005	0.196910987024438	0.17849469695401
0.212200002065027	0.197052683302621	0.178720002065027
0.21242265565305	0.19719464838892	0.17895265565305
0.212645309241073	0.197337143015965	0.179167654620536
0.212867962829096	0.197480082093414	0.179397962829096
0.213090616417118	0.197623458346616	0.179620616417118
0.213313270005141	0.197767152333013	0.179853270005141
0.213535923593164	0.197911194694434	0.180067961796582
0.213758577181186	0.19805559094656	0.180298577181186
0.213981230769209	0.198200251479788	0.180531230769209
0.214203884357232	0.198345555152791	0.180751942178616
0.214426537945254	0.19849116474231	0.180976537945254
0.214649191533277	0.198637204323956	0.181208383066554
0.2148718451213	0.198782136992199	0.1814318451213
0.215094498709322	0.198927026212372	0.181662249354661
0.215317152297345	0.199072246404504	0.18188430459469
0.215539805885368	0.199217801691521	0.182109805885368
0.215762459473391	0.199363856337526	0.182342459473391
0.215985113061413	0.19951036758201	0.182567556530707
0.216207766649436	0.199657252340984	0.182787766649436
0.216430420237459	0.199804466859274	0.183020420237459
0.216653073825481	0.19995222031927	0.183253073825481
0.216875727413504	0.200100430444176	0.183475727413504
0.217098381001527	0.200248925766248	0.183698381001527
0.217321034589549	0.2003977886248	0.183931034589549
0.217543688177572	0.200547100869969	0.184163688177572
0.217766341765595	0.200696940241879	0.184386341765595
0.217988995353617	0.200847010060279	0.184608995353617
0.21821164894164	0.200997646894748	0.18484164894164
0.218434302529663	0.201148641793621	0.185072151264831
0.218656956117686	0.201300038481217	0.185296956117686
0.218879609705708	0.201451746158306	0.185529609705708
0.219102263293731	0.201603937244556	0.185762263293731
0.219324916881754	0.201756485465584	0.185984916881754
0.219547570469776	0.201909343212497	0.186207570469776
0.219770224057799	0.202062762933294	0.186440224057799
0.219992877645822	0.202216416329896	0.186672877645822
0.220215531233844	0.202370546105881	0.186897765616922
0.220438184821867	0.202525106330553	0.187128184821867
0.22066083840989	0.202679893181322	0.18736083840989
0.220883491997912	0.202835231713699	0.187593491997912
0.221106145585935	0.202990916080598	0.187816145585935
0.221328799173958	0.203146907505074	0.188048799173958
0.221551452761981	0.203303372237182	0.188281452761981
0.221774106350003	0.203460137452909	0.188512053175002
0.221996759938026	0.203617411814415	0.188733519876052
0.222219413526049	0.203775073179749	0.188968827052097
0.222442067114071	0.203932993950009	0.189202067114071
