t	fd_A	fd_V
0	0	0	0
0.002	0	0	0
0.0041	0	0	2.01948391736579E-27
0.006	0	0	2.01827999999995E-13
0.00800000000000001	0	0	4.06885999999968E-13
0.0101	0	0	3.87740912134232E-26
0.0121	0	0	1.80945758995975E-25
0.0141	0	0	4.9113848870336E-25
0.0161	0	0	8.78879400837592E-25
0.0180999999999999	0	0	1.55096364853693E-24
0.0200999999999999	0	0	2.58493941422821E-24
0.0220999999999999	0	0	3.92910790962688E-24
0.0240999999999999	0	0	5.37667398159468E-24
0.0260999999999999	0	0	7.85821581925376E-24
0.0280999999999999	0	0	9.92616735063633E-24
0.0300999999999999	0	0	1.32348898008484E-23
0.0320999999999999	0	0	1.32348898008484E-23
0.0341	0	0	7.44462551297725E-24
0.036	0	0	1.7524799999998E-11
0.0380000000000001	0	0	2.0420599999988E-11
0.0400000000000001	0	0	2.3697099999972E-11
0.0420000000000002	0	0	2.74074999999521E-11
0.0440000000000002	0	0	3.16142999999249E-11
0.0460000000000003	0	0	3.6390599999894E-11
0.0480000000000003	0	0	4.18221999998553E-11
0.0500000000000004	0	0	4.80091999998092E-11
0.0520000000000005	0	0	5.50684999997417E-11
0.0540000000000005	0	0	6.313669999967E-11
0.0560000000000006	0	0	7.237249999958E-11
0.0580000000000006	0	0	8.29611999994796E-11
0.0600000000000007	0	0	9.51178999993429E-11
0.0620000000000007	0	0	1.09091999999174E-10
0.0640000000000008	0	0	1.2517499999899E-10
0.0660000000000009	0	0	1.43700999998774E-10
0.0680000000000009	0	0	1.65060999998489E-10
0.070000000000001	0	0	1.89702999998185E-10
0.072000000000001	0	0	2.18148999997717E-10
0.0740000000000011	0	1.56253729146504E-10	2.50995999997253E-10
0.0760000000000012	0	1.55873836720615E-10	2.88934999996704E-10
0.0780000000000012	0	1.55495681690051E-10	3.3276099999599E-10
0.0800000000000013	0	1.5511925253841E-10	2.51894000000404E-10
0.0820000000000013	0	1.5474453786356E-10	1.31880000000105E-09
0.0840000000000014	0	1.54371526376563E-10	3.46596000000193E-09
0.0860000000000014	0	1.54000206901355E-10	7.00827000000318E-09
0.0880000000000015	0	1.53630568373945E-10	1.23276000000047E-08
0.0900000000000016	0	1.53262599842404E-10	1.98842000000069E-08
0.0920000000000016	0	1.52896290466402E-10	3.02296000000097E-08
0.0940000000000017	0	1.52531629517507E-10	4.40218000000132E-08
0.0960000000000017	0	1.52168606379238E-10	6.20415000000176E-08
0.0980000000000018	0	3.39720717708305E-10	8.52113000000235E-08
0.100000000000002	6.21423790286237E-11	8.86365583359201E-10	1.1461700000003E-07
0.102000000000002	1.37829685772717E-07	3.95711971554455E-09	1.51532000000039E-07
0.104000000000002	5.54910966862079E-07	1.11944063047008E-08	1.9744200000005E-07
0.106000000000002	1.2781537582936E-06	2.32098398183529E-08	2.54080000000063E-07
0.108000000000002	2.33628926502496E-06	4.06949651961973E-08	3.2345200000008E-07
0.110000000000002	3.76007170093549E-06	6.44313942795568E-08	4.07882000000099E-07
0.112000000000002	5.90972989804275E-06	7.20842477053302E-08	5.10049000000122E-07
0.114000000000002	9.01690393510707E-06	7.26629039558936E-08	6.33034000000151E-07
0.116000000000002	1.30897457037442E-05	9.50631658226102E-08	7.80371000000186E-07
0.118000000000002	1.81953171800183E-05	1.42202506104438E-07	9.56103000000226E-07
0.120000000000002	2.44081685015972E-05	2.17456679894037E-07	1.16484000000028E-06
0.122000000000002	3.18103757273727E-05	3.2470433566717E-07	1.41184000000034E-06
0.124000000000003	4.04916679313539E-05	4.68378187812302E-07	1.7030700000004E-06
0.126000000000002	5.05496197087828E-05	6.53522720782234E-07	2.04529000000046E-06
0.128000000000002	6.20898974448834E-05	8.85858659039787E-07	2.44615000000048E-06
0.130000000000002	7.69185644240562E-05	1.1487079619548E-06	2.9142900000005E-06
0.132000000000002	9.47707692254547E-05	1.47964749317775E-06	3.45942000000053E-06
0.134000000000002	0.00011523004433287	1.91462646773277E-06	4.09250000000053E-06
0.136000000000001	0.000138490459244232	2.46812943191508E-06	4.82578000000052E-06
0.138000000000001	0.000158444780429841	2.98711213882848E-06	5.6730300000005E-06
0.140000000000001	0.00017915861814695	3.56536098851387E-06	6.64963000000047E-06
0.142000000000001	0.000202884674477445	4.27637044567595E-06	7.77275000000042E-06
0.144	0.00022700026306224	5.0518310750532E-06	9.06154000000032E-06
0.146	0.000248234838861268	5.78077591229398E-06	1.05373000000002E-05
0.148	0.000272641579811692	6.65935442438139E-06	1.22237E-05
0.1501	0.000303264669517317	7.78323764420544E-06	1.42499999999998E-05
0.1521	0.000340313328518548	9.10268182551679E-06	1.64534999999995E-05
0.154099999999999	0.000380069696301125	1.0626929824595E-05	1.89570999999991E-05
0.156099999999999	0.000419779948108363	1.21464760103764E-05	2.17962999999987E-05
0.158099999999999	0.000468407799030857	1.40400089498157E-05	2.50108999999981E-05
0.160099999999999	0.000517573149087196	1.61106941823403E-05	2.86441999999974E-05
0.162099999999998	0.000570804349432423	1.85050893495549E-05	3.27440999999967E-05
0.164099999999998	0.000629746752412046	2.13408015726441E-05	3.73632999999957E-05
0.166099999999998	0.000690181525643228	2.44239309233973E-05	4.25594999999946E-05
0.168099999999998	0.000763037966955547	2.81759030913281E-05	4.83961999999932E-05
0.170099999999998	0.000838393292202866	3.21978190585418E-05	5.49425999999916E-05
0.172099999999997	0.000918775830962495	3.67666808164266E-05	6.22746999999898E-05
0.174099999999997	0.000991982077285672	4.11851608065964E-05	7.04752999999877E-05
0.176099999999997	0.00107107970888692	4.62087679537247E-05	7.96349999999851E-05
0.178099999999997	0.00116573209279356	5.2133589211749E-05	8.98521999999821E-05
0.180099999999996	0.00126981735636524	5.89983246534043E-05	0.000101233999999979
0.182099999999996	0.00138923460321547	6.68742676670631E-05	0.000113897999999975
0.184099999999996	0.0015069822071259	7.51375794249565E-05	0.000127969999999971
0.186099999999996	0.0016345139123109	8.46425226248584E-05	0.000143587999999966
0.188099999999996	0.00176753188827947	9.50961843110023E-05	0.00016090099999996
0.190099999999995	0.00190178358665949	0.000106264180884316	0.000180069999999954
0.192099999999995	0.00205703449607284	0.000119272271133473	0.000201269999999946
0.194099999999995	0.0022098821658464	0.000132684772214064	0.000224686999999938
0.196099999999995	0.00237060879412998	0.000147126375935817	0.000250526999999929
0.198099999999995	0.00254970838615194	0.000163677843867025	0.000279005999999918
0.200099999999994	0.00275547361181565	0.000183061415788835	0.000310359999999906
0.202099999999994	0.0029700881732961	0.000204216982931236	0.000344840999999893
0.204099999999994	0.00318914492816554	0.000226990554367697	0.000382718999999878
0.206099999999994	0.00341263708287393	0.00025145925054822	0.000424285999999862
0.208099999999993	0.00364670734938631	0.000278260046083758	0.000469849999999843
0.210099999999993	0.00389397394831365	0.000306926680390868	0.000519741999999822
0.212099999999993	0.00416311963740348	0.000338561044757103	0.000574316999999799
0.214099999999993	0.00444868215863952	0.000373666901674132	0.000633947999999773
0.216099999999993	0.00476077593323915	0.000413100448208788	0.000699035999999747
0.218099999999992	0.00508324345147517	0.000455353196911951	0.000770002999999716
0.220099999999992	0.00540702655403521	0.00049997031227612	0.000847298999999682
0.222099999999992	0.00575701587601119	0.000549540858466942	0.000931395999999644
0.224099999999992	0.00612944258010865	0.000603026194305089	0.00102
0.226099999999991	0.00652105313873265	0.000661093256097183	0.00112
0.228099999999991	0.00693321026500309	0.00072518325574737	0.00122999999999912
0.230099999999991	0.0073687113135938	0.000794406568043865	0.0013499999999991
0.232099999999991	0.0078090785839015	0.000867309245666997	0.00147
0.234099999999991	0.00827962934246928	0.00094693603185962	0.00160999999999905
0.23609999999999	0.00879275382986756	0.00103506273608152	0.00175999999999903
0.23809999999999	0.00931269409761133	0.00112805912152692	0.00191
0.24009999999999	0.00985022394806095	0.00122856164978836	0.00208999999999899
0.24209999999999	0.010413884002154	0.0013364496564321	0.00226999999999896
0.244099999999989	0.0109952918310111	0.00145012833258515	0.00246999999999895
0.246099999999989	0.011623261253376	0.0015756707246916	0.00267999999999892
0.248099999999989	0.0122802830538324	0.00171071781286736	0.00290999999999781
0.250099999999989	0.012940278457541	0.00185199584341167	0.00314999999999888
0.252099999999989	0.013631838171703	0.00200442685443345	0.00340999999999885
0.254099999999988	0.0143548159425086	0.00216556137664055	0.00368999999999767
0.256099999999988	0.015109945402665	0.00233961343760251	0.00397999999999881
0.258099999999988	0.0159019509656626	0.00252582968907608	0.00429999999999758
0.260099999999988	0.0166966797484198	0.00272012950156106	0.00462999999999754
0.262099999999987	0.0175501036282424	0.00293129335389096	0.0049899999999975
0.264099999999987	0.0184146212103116	0.00314975029965175	0.00535999999999744
0.266099999999987	0.0193040469885228	0.0033832565835549	0.00575999999999741
0.268099999999987	0.0202324335487473	0.00363112146645071	0.00617999999999735
0.270099999999987	0.0211815958223854	0.00389047564572164	0.00662999999999597
0.272099999999986	0.0221873728419929	0.00416856477916793	0.0070999999999959
0.274099999999986	0.0232025018428235	0.00445911061459829	0.00758999999999584
0.276099999999986	0.024233114674631	0.00476298511666161	0.00810999999999577
0.278099999999986	0.0252960259905699	0.00508038312209247	0.00864999999999572
0.280099999999985	0.0264061481832101	0.00541744066815725	0.00921999999999563
0.282099999999985	0.0275388879856264	0.00576851981963211	0.00981999999999557
0.284099999999985	0.0286830411159241	0.00613464323148346	0.0104399999999955
0.286099999999985	0.0298603885873175	0.00651626710355803	0.0110899999999939
0.288099999999985	0.0310637044969506	0.00691199947153943	0.0117599999999954
0.290099999999984	0.0323050450241537	0.00733010927100053	0.0124599999999953
0.292099999999984	0.0335502996532917	0.007757976946838	0.0131899999999937
0.294099999999984	0.0348221828839157	0.00820282662306971	0.0139499999999936
0.296099999999984	0.0361372162892043	0.00866653031837496	0.0147299999999935
0.298099999999983	0.0374502212091517	0.00914297215761543	0.0155299999999934
0.300099999999983	0.0387804858082792	0.00963302216485304	0.0163699999999933
0.302099999999983	0.0401362930715491	0.0101402982033443	0.0172299999999915
0.304099999999983	0.0415434206143873	0.010670528324201	0.0181099999999931
0.306099999999983	0.0429324753503135	0.0112056411905254	0.0190199999999913
0.308099999999982	0.0443308410087605	0.0117576642187791	0.019949999999993
0.310099999999982	0.0457560409042949	0.0123253363042474	0.0209099999999911
0.312099999999982	0.0471967653587716	0.0129050811630628	0.021889999999991
0.314099999999982	0.0486694591876942	0.0135053382215526	0.0228899999999909
0.316099999999982	0.0501326770039314	0.0141131943817262	0.0239199999999908
0.318099999999981	0.051595187550286	0.0147307917086143	0.0249699999999888
0.320099999999981	0.053081694716785	0.0153615256292493	0.0260299999999905
0.322099999999981	0.0545770322063638	0.0160063412323454	0.0271199999999904
0.324099999999981	0.0560863302367057	0.0166659411316744	0.0282299999999884
0.32609999999998	0.0575869315258185	0.0173308644730216	0.0293499999999902
0.32809999999998	0.0590977717123553	0.0180077516958133	0.0304899999999901
0.33009999999998	0.0606362366518269	0.0187005488137931	0.0316599999999879
0.33209999999998	0.0621579977083805	0.0193964730151041	0.0328299999999878
0.33409999999998	0.0636784528801277	0.0201040710750217	0.0340199999999877
0.336099999999979	0.0652071823675755	0.0208197632052793	0.0352299999999876
0.338099999999979	0.0667323646547043	0.0215408065593139	0.0364599999999854
0.340099999999979	0.0682857786293323	0.0222793124460507	0.0376899999999873
0.342099999999979	0.0698312222268214	0.0230232673227475	0.0389399999999872
0.344099999999978	0.0713546625731113	0.0237676013465112	0.0401999999999871
0.346099999999978	0.0728679203429054	0.0245160280983644	0.0414799999999847
0.348099999999978	0.0743982672896096	0.0252756957006164	0.0427699999999846
0.350099999999978	0.0759318844648451	0.0260427348364434	0.0440599999999866
0.352099999999978	0.0774713416701606	0.0268203047013657	0.0453699999999843
0.354099999999977	0.0790020277569716	0.0276001714539915	0.0466899999999841
0.356099999999977	0.0805179890077854	0.0283824288769926	0.0480099999999862
0.358099999999977	0.0820284617205101	0.0291678102686338	0.0493499999999838
0.360099999999977	0.083549564551741	0.0299615812181348	0.050689999999986
0.362099999999976	0.0850583688275308	0.0307551661530489	0.0520499999999835
0.364099999999976	0.0865635466331397	0.0315564018364033	0.0534099999999834
0.366099999999976	0.0880698387966512	0.0323637659647013	0.0547699999999856
0.368099999999976	0.0895632445978548	0.0331701720302081	0.056149999999983
0.370099999999976	0.091043567644637	0.0339765637035019	0.0575299999999829
0.372099999999975	0.0925385084814949	0.0347933031473928	0.0589099999999828
0.374099999999975	0.0940348487160542	0.0356149122768457	0.0603099999999826
0.376099999999975	0.0955089657520759	0.0364324954382458	0.0616999999999824
0.378099999999975	0.0969766796364427	0.0372555939678508	0.0631099999999822
0.380099999999974	0.0984247883983228	0.038074496621357	0.0645099999999821
0.382099999999974	0.0998809414145604	0.0389004320314439	0.065929999999982
0.384099999999974	0.101326893899017	0.039724991029735	0.0673399999999818
0.386099999999974	0.10277259943499	0.0405542397002097	0.0687599999999816
0.388099999999974	0.10423166277495	0.041393843636231	0.0701899999999815
0.390099999999973	0.105668391159522	0.0422272787920226	0.0716199999999814
0.392099999999973	0.107092356809994	0.0430606118478224	0.0730499999999812
0.394099999999973	0.108495276268172	0.0438890214752938	0.074479999999981
0.396099999999973	0.109904012529756	0.0447247337476688	0.0759199999999809
0.398099999999972	0.111309022676625	0.0455613837840604	0.0773599999999807
0.400099999999972	0.112714179902392	0.0463997755342374	0.0787999999999806
0.402099999999972	0.1141117529685	0.0472402776613461	0.0802499999999804
0.404099999999972	0.115499166280948	0.0480806786743922	0.0816999999999802
0.406099999999972	0.11689119371565	0.0489258077306063	0.0831499999999801
0.408099999999971	0.118269090066099	0.0497687427632122	0.08459999999998
0.410099999999971	0.119626481510983	0.0506058946129277	0.0860599999999769
0.412099999999971	0.120980290579208	0.0514437313821242	0.0875099999999797
0.414099999999971	0.122339420916141	0.0522882262110254	0.0889699999999795
0.41609999999997	0.123700641600744	0.0531343153462369	0.0904299999999794
0.41809999999997	0.125044264787685	0.0539755587178218	0.0918899999999792
0.42009999999997	0.126379751893141	0.0548176191706304	0.093359999999976
0.42209999999997	0.127709972748601	0.0556628962700108	0.0948199999999789
0.42409999999997	0.129033730977149	0.056506069389906	0.0962899999999757
0.426099999999969	0.130356417781635	0.0573521402004223	0.0977599999999755
0.428099999999969	0.131656501040266	0.0581891288289592	0.0992199999999784
0.430099999999969	0.132961224025436	0.0590306317550161	0.100689999999978
0.432099999999969	0.134267947961016	0.0598765326927494	0.102159999999978
0.434099999999969	0.135589087701789	0.0607323079105438	0.103639999999975
0.436099999999968	0.136889006154646	0.0615803624216849	0.105109999999975
0.438099999999968	0.138175811522416	0.0624248344531521	0.106579999999978
0.440099999999968	0.139452153464371	0.0632678660423212	0.108059999999974
0.442099999999968	0.14071450382332	0.0641069703761237	0.109529999999977
0.444099999999967	0.141964613527544	0.0649423198021627	0.111009999999974
0.446099999999967	0.143222247609559	0.0657822391726012	0.112479999999977
0.448099999999967	0.144476558661607	0.0666245528487912	0.113959999999977
0.450099999999967	0.145731918705148	0.0674673252284329	0.115439999999973
0.452099999999967	0.146982907292008	0.0683120933807022	0.116919999999973
0.454099999999966	0.148234647457767	0.0691616311358313	0.118389999999976
0.456099999999966	0.149485214751326	0.0700103585976956	0.119869999999976
0.458099999999966	0.150724381042301	0.070856313755419	0.121349999999976
0.460099999999966	0.15195174798942	0.0716986244284595	0.122829999999976
0.462099999999965	0.153167676316008	0.0725381086618731	0.124319999999972
0.464099999999965	0.154371394079324	0.0733732830445005	0.125799999999972
0.466099999999965	0.155580328480175	0.0742142779713584	0.127279999999972
0.468099999999965	0.156789975226656	0.0750570192027154	0.128759999999975
0.470099999999965	0.157995495923687	0.0758983195198922	0.130239999999975
0.472099999999964	0.159199401177988	0.0767407644346475	0.131729999999971
0.474099999999964	0.160390991239631	0.0775785429866107	0.133209999999971
0.476099999999964	0.161581343077975	0.0784198444405343	0.134689999999975
0.478099999999964	0.16276399960915	0.0792599395747883	0.136179999999971
0.480099999999963	0.163956953430565	0.0801067169891532	0.137659999999974
0.482099999999963	0.165142083951131	0.0809517445602044	0.139149999999971
0.484099999999963	0.166313371786406	0.0817910775683582	0.140629999999974
0.486099999999963	0.167475757317557	0.0826279798167645	0.14211999999997
0.488099999999963	0.168626118692759	0.0834592325431739	0.143599999999974
0.490099999999962	0.169787555429596	0.0842979089130221	0.14508999999997
0.492099999999962	0.170946833149343	0.0851385824292302	0.146569999999973
0.494099999999962	0.172112579045825	0.08598327496366	0.14805999999997
0.496099999999962	0.17326327759161	0.0868209393684767	0.149549999999969
0.498099999999961	0.174411521938323	0.0876606800696144	0.151029999999973
0.500099999999961	0.175551405059714	0.0884979458848751	0.152519999999973
0.502099999999961	0.17669236032082	0.0893397883783078	0.154009999999969
0.504099999999961	0.177817913460756	0.090174233140308	0.155489999999973
0.506099999999961	0.178944355037661	0.0910101667454385	0.156979999999972
0.50809999999996	0.180074767326616	0.0918502757769604	0.158469999999972
0.51009999999996	0.181195770391931	0.0926867700999125	0.159959999999968
0.51209999999996	0.182304129268174	0.0935176064585477	0.161449999999968
0.51409999999996	0.183423506239203	0.0943555678272808	0.162939999999968
0.516099999999959	0.184538334225113	0.0951929771048451	0.164419999999972
0.518099999999959	0.185660572645684	0.0960373977432965	0.165909999999971
0.520099999999959	0.186783884209407	0.0968838259841885	0.167399999999971
0.522099999999959	0.187895712486115	0.0977248310518787	0.168889999999971
0.524099999999959	0.188996672218083	0.0985609761164648	0.170379999999971
0.526099999999958	0.190092888376884	0.0993966510604348	0.171869999999971
0.528099999999958	0.191184288277364	0.100232118254005	0.173359999999971
0.530099999999958	0.192265261689868	0.101062937336968	0.174849999999971
0.532099999999958	0.193339510862053	0.101891656601225	0.17633999999997
0.534099999999958	0.194411069757331	0.102721370124197	0.17782999999997
0.536099999999957	0.195494555735912	0.103558897675334	0.179329999999966
0.538099999999957	0.196567750629324	0.104391472356221	0.180819999999966
0.540099999999957	0.197643750183119	0.105226748684981	0.182309999999965
0.542099999999957	0.198718611301955	0.106062079622116	0.18379999999997
0.544099999999956	0.199790377950538	0.106898121527477	0.185289999999969
0.546099999999956	0.200858519723411	0.107734713555087	0.186779999999969
0.548099999999956	0.201923584104612	0.108571131685572	0.188279999999965
0.550099999999956	0.202995951069161	0.109412361838333	0.189769999999969
0.552099999999956	0.204064698107961	0.110253987693905	0.191259999999969
0.554099999999955	0.20512208473049	0.111089616416887	0.192759999999964
0.556099999999955	0.206173530102099	0.111923517942596	0.194249999999964
0.558099999999955	0.207218982216759	0.112755407715051	0.195739999999968
0.560099999999955	0.208253304667766	0.113581433149921	0.197239999999964
0.562099999999954	0.209285431486224	0.114408507830511	0.198729999999968
0.564099999999954	0.21032728355441	0.115242204112577	0.200229999999963
0.566099999999954	0.211367911729258	0.11607718533412	0.201719999999968
0.568099999999954	0.212404429537318	0.11691035015691	0.203219999999963
0.570099999999954	0.213445289282581	0.117746650759048	0.204709999999967
0.572099999999953	0.214481812774195	0.118582323863317	0.206209999999963
0.574099999999953	0.215510764147761	0.11941460257072	0.207699999999967
0.576099999999953	0.216540942649513	0.120250369636205	0.209199999999962
0.578099999999953	0.217565684517746	0.121084990130165	0.210689999999967
0.580099999999952	0.218586574858443	0.121918958888432	0.212189999999967
0.582099999999952	0.219609527858434	0.122755286419481	0.213689999999962
0.584099999999952	0.220630920964286	0.123590648081621	0.215179999999966
0.586099999999952	0.221650489372688	0.124426896593242	0.216679999999966
0.588099999999952	0.222661369390241	0.125259087522242	0.218179999999961
0.590099999999951	0.223665444692125	0.126087918080668	0.219679999999961
0.592099999999951	0.224666879038684	0.126917503907926	0.221179999999961
0.594099999999951	0.225668265501193	0.127746689781041	0.222669999999966
0.596099999999951	0.226674623273559	0.128580746375968	0.224169999999965
0.59809999999995	0.227681014682451	0.129417579382049	0.225669999999965
0.60009999999995	0.228693942380291	0.130258274408736	0.227169999999965
0.60209999999995	0.229701774707785	0.131097512199312	0.228669999999965
0.60409999999995	0.230696487675198	0.131927752339295	0.230169999999965
0.60609999999995	0.231691225084745	0.132760531515521	0.231669999999965
0.608099999999949	0.232684906663773	0.133595022361054	0.233169999999965
0.610099999999949	0.233672994792214	0.134427102975717	0.234669999999964
0.612099999999949	0.234661971982098	0.135262599445391	0.236169999999964
0.614099999999949	0.235643357556804	0.136094291448348	0.237669999999964
0.616099999999948	0.23661707170583	0.136921666197136	0.239179999999959
0.618099999999948	0.237599249797978	0.137756444492564	0.240679999999959
0.620099999999948	0.23858418649196	0.138593664825297	0.242179999999964
0.622099999999948	0.239562252082136	0.139427626136899	0.243679999999963
0.624099999999948	0.24053251074281	0.140257302542049	0.245189999999958
0.626099999999947	0.241499768893254	0.141085315648786	0.246689999999958
0.628099999999947	0.242474733157811	0.141919313839642	0.248189999999963
0.630099999999947	0.243446855861576	0.142753353460112	0.249699999999958
0.632099999999947	0.244416340362096	0.143587413935005	0.251199999999963
0.634099999999946	0.24539213603444	0.144426920635291	0.252709999999957
0.636099999999946	0.246368548621454	0.145267611884213	0.254209999999957
0.638099999999946	0.247340510993617	0.146106468846344	0.255709999999962
0.640099999999946	0.248308979998221	0.146944785240842	0.257219999999957
0.642099999999946	0.249270317426423	0.147779219087588	0.258729999999956
0.644099999999945	0.250226917759637	0.148611557684575	0.260229999999962
0.646099999999945	0.251180656576745	0.1494437405785	0.261739999999956
0.648099999999945	0.252125882801979	0.150270693529217	0.263239999999961
0.650099999999945	0.253067680211137	0.151096433417157	0.264749999999961
0.652099999999945	0.254009224399174	0.151924488502999	0.266259999999956
0.654099999999944	0.254946705854928	0.152750823750718	0.267769999999955
0.656099999999944	0.255897043699496	0.153586666715499	0.269269999999961
0.658099999999944	0.256840355491407	0.154418506588795	0.270779999999961
0.660099999999944	0.257777654928797	0.155247095970308	0.272289999999961
0.662099999999943	0.258728766803299	0.15608610110124	0.273799999999955
0.664099999999943	0.259674874128675	0.156922736080026	0.275309999999955
0.666099999999943	0.260616588410656	0.157757613880697	0.276819999999954
0.668099999999943	0.261557681221036	0.158593874642947	0.278329999999954
0.670099999999943	0.262495460822377	0.159429345053454	0.279839999999954
0.672099999999942	0.263427525364978	0.160262039889733	0.281349999999954
0.674099999999942	0.264365874314979	0.161100141462891	0.282859999999954
0.676099999999942	0.265307936053418	0.161941794361321	0.284369999999953
0.678099999999942	0.266245399240635	0.162781415971925	0.285879999999959
0.680099999999941	0.267177659980991	0.163618475638204	0.287389999999959
0.682099999999941	0.268104638997943	0.164452656200079	0.288909999999953
0.684099999999941	0.269027065146437	0.165284741374511	0.290419999999953
0.686099999999941	0.26994568403457	0.166115222834935	0.291929999999953
0.688099999999941	0.270859641648771	0.16694380655705	0.293439999999958
0.69009999999994	0.271769637389944	0.16777068535096	0.294959999999952
0.69209999999994	0.27268814746937	0.168604204699856	0.296469999999952
0.69409999999994	0.273607132850609	0.169439041285642	0.297979999999958
0.69609999999994	0.27452337715702	0.170273305394566	0.299499999999952
0.698099999999939	0.275440898800149	0.17110919040968	0.301009999999958
0.700099999999939	0.276359861080199	0.17194595429372	0.302529999999951
0.702099999999939	0.277275797138418	0.172781883811197	0.304039999999957
0.704099999999939	0.27818827149238	0.17361654900999	0.305559999999951
0.706099999999939	0.279096774370738	0.174449553482398	0.307069999999957
0.708099999999938	0.280005446949478	0.175284704600642	0.308589999999951
0.710099999999938	0.280911999291878	0.176119559948772	0.310109999999951
0.712099999999938	0.281816995371898	0.176955078853968	0.311619999999957
0.714099999999938	0.282719549356907	0.177790312671432	0.313139999999956
0.716099999999937	0.283619008718715	0.178624284508831	0.31465999999995
0.718099999999937	0.284525546646842	0.179462949881496	0.31617999999995
0.720099999999937	0.285430538226189	0.180301875725861	0.317689999999956
0.722099999999937	0.286333548207008	0.181140890547085	0.319209999999956
0.724099999999937	0.287228180197845	0.181974220809696	0.320729999999949
0.726099999999936	0.288119475327598	0.182805860682764	0.322249999999949
0.728099999999936	0.289007709036422	0.183636639552829	0.323769999999949
0.730099999999936	0.289895893536906	0.184468338208738	0.325289999999949
0.732099999999936	0.290790158988754	0.185304389188917	0.326809999999949
0.734099999999935	0.291683450135115	0.186141313654338	0.328329999999948
0.736099999999935	0.29257519875838	0.18697885530187	0.329849999999948
0.738099999999935	0.293472817343801	0.187821015795636	0.331369999999948
0.740099999999935	0.294370963293421	0.188664152544071	0.332889999999948
0.742099999999935	0.295265544709156	0.189505906515939	0.334409999999954
0.744099999999934	0.296150515320762	0.190340400065511	0.335929999999954
0.746099999999934	0.297033739066537	0.19117492857309	0.337449999999954
0.748099999999934	0.297916527199634	0.192010774171287	0.338979999999947
0.750099999999934	0.298796113378557	0.192845377738173	0.340499999999947
0.752099999999933	0.299672370511969	0.193678352993572	0.342019999999953
0.754099999999933	0.300548331432639	0.194512969952289	0.343549999999947
0.756099999999933	0.301421872035236	0.195346982589672	0.345069999999946
0.758099999999933	0.302288700164922	0.19617639573072	0.346589999999953
0.760099999999933	0.303153940555319	0.197005861123891	0.348119999999946
0.762099999999932	0.304021448053039	0.197838554748381	0.349639999999946
0.764099999999932	0.304896029209415	0.198676504998213	0.351159999999953
0.766099999999932	0.305765428208418	0.199511018617455	0.352689999999946
0.768099999999932	0.306634117189688	0.200346632351382	0.354209999999952
0.770099999999932	0.307497285256255	0.201178672865171	0.355739999999945
0.772099999999931	0.308362517872595	0.202012183623373	0.357259999999952
0.774099999999931	0.309230997672965	0.202848817570996	0.358789999999945
0.776099999999931	0.310098844463924	0.203686481574791	0.360319999999945
0.778099999999931	0.310962035731677	0.204521439002416	0.361839999999944
0.78009999999993	0.311825256216028	0.205358035047439	0.363369999999944
0.78209999999993	0.312687737255707	0.20619532257414	0.364889999999951
0.78409999999993	0.313558924921592	0.207039314121249	0.366419999999944
0.78609999999993	0.314424782778346	0.207879546911816	0.367949999999944
0.78809999999993	0.315289528596776	0.208720408848466	0.369479999999944
0.790099999999929	0.316153340984698	0.20956220356333	0.370999999999951
0.792099999999929	0.317010011512054	0.210398675928771	0.372529999999943
0.794099999999929	0.317863456656804	0.211233358847254	0.374059999999943
0.796099999999929	0.318717442126567	0.212070176151357	0.375589999999943
0.798099999999928	0.319568868109351	0.2129060644699	0.377119999999943
0.800099999999928	0.320414449956614	0.213737903105443	0.37863999999995
0.802099999999928	0.321257430522196	0.214568541665421	0.38016999999995
0.804099999999928	0.322099964147508	0.215400235853545	0.381699999999949
0.806099999999928	0.322940050575912	0.216231315205483	0.383229999999942
0.808099999999927	0.323783921253304	0.217065463811639	0.384759999999942
0.810099999999927	0.32463157398692	0.217903219409697	0.386289999999942
0.812099999999927	0.325475441504912	0.218738818792563	0.387819999999941
0.814099999999927	0.326315947286849	0.219572663021896	0.389349999999941
0.816099999999926	0.327162315259426	0.220411211084551	0.390879999999941
0.818099999999926	0.328010782365291	0.221252459704388	0.392409999999941
0.820099999999926	0.328854216798867	0.22209038959407	0.393939999999941
0.822099999999926	0.32969230724083	0.222924384177834	0.395469999999948
0.824099999999926	0.330530281048894	0.223759700026448	0.396999999999948
0.826099999999925	0.331368981549281	0.224597081759827	0.398529999999948
0.828099999999925	0.332204531636484	0.225433089999588	0.400059999999948
0.830099999999925	0.333035198747061	0.226265642483384	0.40159999999994
0.832099999999925	0.333866454030083	0.227100129327627	0.40312999999994
0.834099999999924	0.33470651015581	0.227941972186371	0.40465999999994
0.836099999999924	0.335543772138097	0.228782113411408	0.406189999999939
0.838099999999924	0.336375859410586	0.229618538733339	0.407719999999947
0.840099999999924	0.337209287187924	0.230457581432726	0.409259999999939
0.842099999999924	0.338038641710603	0.231294122895536	0.410789999999939
0.844099999999923	0.338864982702097	0.232129078310172	0.412319999999939
0.846099999999923	0.339688633563569	0.23296271301323	0.413849999999946
0.848099999999923	0.340511371802918	0.23379677111956	0.415389999999938
0.850099999999923	0.341329649147123	0.234627904178212	0.416919999999938
0.852099999999922	0.342144296692194	0.235456710245588	0.418449999999938
0.854099999999922	0.34296360352802	0.236289267094102	0.419979999999946
0.856099999999922	0.343787605188203	0.237126758527649	0.421519999999938
0.858099999999922	0.344610232254311	0.237964423214207	0.423049999999937
0.860099999999922	0.34542943135208	0.238800014622794	0.424579999999945
0.862099999999921	0.346254052080122	0.239640482606608	0.426119999999937
0.864099999999921	0.347079111871919	0.240481430717101	0.427649999999937
0.866099999999921	0.347899358696909	0.241318941579186	0.429179999999945
0.868099999999921	0.348715760020195	0.242153893996869	0.430719999999937
0.87009999999992	0.349529900518529	0.242987852376692	0.432249999999936
0.87209999999992	0.35034319154947	0.243822256584009	0.433779999999944
0.87409999999992	0.351155440967534	0.244657030665722	0.435319999999936
0.87609999999992	0.3519662945818	0.245491798109599	0.436849999999936
0.87809999999992	0.352777169867589	0.246327657061829	0.438379999999944
0.880099999999919	0.353587961868598	0.247165240595465	0.439919999999935
0.882099999999919	0.354395509088986	0.248000826789884	0.441449999999944
0.884099999999919	0.355199309080773	0.24883379157704	0.442989999999935
0.886099999999919	0.355999094209549	0.249663711260131	0.444519999999935
0.888099999999919	0.356809169452709	0.250502439412784	0.446049999999943
0.890099999999918	0.357616307878892	0.251339224783914	0.447589999999935
0.892099999999918	0.358420761719612	0.252174884595793	0.449119999999934
0.894099999999918	0.359224070566289	0.253010392663042	0.450649999999942
0.896099999999918	0.360021770845455	0.25384165478148	0.452189999999934
0.898099999999917	0.360817084969615	0.254671529168611	0.453719999999942
0.900099999999917	0.361608082614258	0.255498420551359	0.455259999999934
0.902099999999917	0.362402690399543	0.256328705582754	0.456789999999934
0.904099999999917	0.363201100966905	0.257162534357612	0.458319999999942
0.906099999999917	0.363999136967784	0.25799708573086	0.459859999999933
0.908099999999916	0.364795727664663	0.258831620374019	0.461389999999933
0.910099999999916	0.365593906362363	0.259668705751286	0.462919999999941
0.912099999999916	0.366400318554588	0.260512808328826	0.464459999999933
0.914099999999916	0.367203812970503	0.261355111242384	0.465989999999932
0.916099999999915	0.368004760449334	0.262196033056802	0.467519999999941
0.918099999999915	0.36880278186203	0.26303528910242	0.469059999999932
0.920099999999915	0.369595750573724	0.263870489039417	0.470589999999932
0.922099999999915	0.370387164199421	0.264705221233958	0.472119999999932
0.924099999999915	0.371176623623537	0.265539438669189	0.47364999999994
0.926099999999914	0.371964689660314	0.266373249302291	0.475189999999931
0.928099999999914	0.372750947247704	0.267206375958516	0.476719999999931
0.930099999999914	0.373535490071034	0.268039117451779	0.478249999999931
0.932099999999914	0.374318453062659	0.268871266116768	0.47977999999994
0.934099999999913	0.37509929790267	0.269702493215894	0.481309999999939
0.936099999999913	0.375877301458812	0.270532100593427	0.48284999999993
0.938099999999913	0.376653079989582	0.271360393136634	0.48437999999993
0.940099999999913	0.377427147299131	0.272188076350307	0.48590999999993
0.942099999999913	0.378200049968993	0.273015846644699	0.48743999999993
0.944099999999912	0.378976046895409	0.27384604746568	0.48896999999993
0.946099999999912	0.379752242970319	0.274676234707907	0.490499999999938
0.948099999999912	0.380527251835106	0.275506464444265	0.492029999999938
0.950099999999912	0.381301595732768	0.276337117925453	0.493559999999938
0.952099999999911	0.382074125248197	0.277167039710072	0.495089999999938
0.954099999999911	0.38285051546551	0.277999702442407	0.496619999999938
0.956099999999911	0.383625639911518	0.278831788517871	0.498149999999929
0.958099999999911	0.384399120838044	0.279663129334748	0.499679999999929
0.960099999999911	0.385172002411548	0.280495048558976	0.501209999999929
0.96209999999991	0.385942743215697	0.281326001432034	0.502739999999928
0.96409999999991	0.386713179540739	0.282157747724012	0.504269999999928
0.96609999999991	0.387483414965773	0.282990351530906	0.505789999999937
0.96809999999991	0.388252681193269	0.283823141753349	0.507319999999928
0.970099999999909	0.389027971068751	0.284660352630503	0.508849999999928
0.972099999999909	0.389800471626502	0.285495895825145	0.510369999999937
0.974099999999909	0.390571514805407	0.286331115237343	0.511899999999927
0.976099999999909	0.391342138882641	0.287166959402777	0.513429999999927
0.978099999999909	0.392108927006456	0.28799992109412	0.514949999999936
0.980099999999908	0.392869334045347	0.288827217182433	0.516479999999927
0.982099999999908	0.393630357957453	0.289656147305105	0.517999999999936
0.984099999999908	0.394390554220945	0.2904853822227	0.519529999999926
0.986099999999908	0.395151240828344	0.291316307852587	0.521049999999926
0.988099999999908	0.395908453151876	0.29214463679277	0.522569999999935
0.990099999999907	0.396662087650065	0.292970120685303	0.524099999999926
0.992099999999907	0.397413974729329	0.293794986824602	0.525619999999926
0.994099999999907	0.398163734666832	0.29461848486055	0.527139999999935
0.996099999999907	0.398912178309503	0.295441857630585	0.528659999999935
0.998099999999906	0.399663308728889	0.296267241789664	0.530179999999934
1.00009999999991	0.400417417576493	0.297095700737726	0.531699999999934
1.00209999999991	0.401171726508016	0.297925476888116	0.533219999999934
1.00409999999991	0.401923458106712	0.298753636281204	0.534739999999934
1.00609999999991	0.402671150152538	0.29957831779745	0.536259999999934
1.00809999999991	0.403424035887985	0.300407470464292	0.537779999999924
1.01009999999991	0.404176935283385	0.301237105747343	0.539299999999924
1.0120999999999	0.404929231887333	0.302067301448516	0.540819999999924
1.0140999999999	0.40567855619806	0.302895394119538	0.542329999999933
1.0160999999999	0.406423612288929	0.303719858934019	0.543849999999924
1.0180999999999	0.407168377793212	0.304544916485642	0.545359999999933
1.0200999999999	0.407913077031337	0.30537100932177	0.546879999999923
1.0220999999999	0.408658369493037	0.306199019514726	0.548389999999923
1.0240999999999	0.409401740332011	0.307025957246938	0.549899999999933
1.0260999999999	0.410142652747926	0.307851178395307	0.551409999999932
1.0280999999999	0.410883410299871	0.308677346087799	0.552929999999923
1.0300999999999	0.411622683678947	0.309502979044833	0.554439999999922
1.0320999999999	0.412367215022946	0.31033270884777	0.555949999999922
1.0340999999999	0.413108837127001	0.311160108995906	0.557459999999922
1.0360999999999	0.41384702504548	0.311984658946509	0.558959999999932
1.0380999999999	0.414586127876216	0.312811233963417	0.560469999999931
1.0400999999999	0.415324913615446	0.313638456234425	0.561979999999922
1.0420999999999	0.416059423626654	0.314462254616696	0.563479999999931
1.0440999999999	0.416791677795323	0.315284435500178	0.564989999999921
1.0460999999999	0.417521601201132	0.316104985616656	0.566489999999931
1.0480999999999	0.418250760999063	0.316925844283963	0.567989999999931
1.0500999999999	0.41897863735147	0.317746342698573	0.569499999999921
1.0520999999999	0.419701813329774	0.318562603235049	0.57099999999992
1.0540999999999	0.420425961473384	0.319379936668092	0.57249999999992
1.0560999999999	0.421155037705065	0.320201760384692	0.57399999999992
1.0580999999999	0.421885211043846	0.321025636335142	0.57548999999993
1.0600999999999	0.422615095264751	0.32185035550492	0.57698999999993
1.0620999999999	0.423342305939745	0.322673225337783	0.578489999999919
1.0640999999999	0.42407086287133	0.323497914495613	0.579979999999929
1.0660999999999	0.424804576301586	0.324327042518474	0.581469999999929
1.0680999999999	0.425537340987176	0.325156246250079	0.582969999999919
1.0700999999999	0.426264488428943	0.325980127145254	0.584459999999919
1.0720999999999	0.426987816035408	0.326800892923776	0.585949999999919
1.0740999999999	0.427708440804494	0.327619444219223	0.587439999999918
1.0760999999999	0.428429964419604	0.328440081160856	0.588919999999929
1.0780999999999	0.429151196864329	0.329261412061576	0.590409999999928
1.0800999999999	0.429869137394689	0.330080066760806	0.591889999999928
1.0820999999999	0.430585349768686	0.33089769218675	0.593379999999918
1.0840999999999	0.431300860010181	0.331715521783972	0.594859999999928
1.0860999999999	0.432016637109093	0.332534574922714	0.596339999999928
1.0880999999999	0.432731370553825	0.333353509336884	0.597819999999928
1.0900999999999	0.433443399589476	0.334170463716903	0.599299999999917
1.0920999999999	0.434153043447689	0.334985751946566	0.600779999999917
1.0940999999999	0.434858555477409	0.335797070096213	0.602249999999927
1.0960999999999	0.435563793874173	0.336609111935947	0.603719999999927
1.0980999999999	0.436276518610995	0.337428274990496	0.605199999999916
1.1000999999999	0.436990030593234	0.338248730397993	0.606669999999916
1.1020999999999	0.437702315930105	0.339068696296792	0.608129999999926
1.10409999999989	0.438410201645057	0.339884721884231	0.609599999999926
1.10609999999989	0.439118362198244	0.34070195908618	0.611069999999916
1.10809999999989	0.439824449864875	0.341517862535159	0.612529999999926
1.11009999999989	0.44052762348019	0.34233138263833	0.613989999999926
1.11209999999989	0.441226191189267	0.343140491166595	0.615449999999926
1.11409999999989	0.441926628847188	0.343951694164193	0.616909999999925
1.11609999999989	0.44263160886416	0.344767193340686	0.618369999999925
1.11809999999989	0.443336101082356	0.34558299206768	0.619819999999925
1.12009999999989	0.44403698056292	0.346395561561558	0.621279999999914
1.12209999999989	0.444736439469041	0.347207641177073	0.622729999999914
1.12409999999989	0.445435509266425	0.348020111557895	0.624179999999914
1.12609999999989	0.446136740579275	0.348835508744953	0.625619999999925
1.12809999999989	0.446842906642499	0.349655020595595	0.627069999999925
1.13009999999989	0.447547286177799	0.35047367276959	0.628509999999924
1.13209999999989	0.448250423234237	0.351291859726657	0.629949999999924
1.13409999999989	0.448950081320976	0.352106833954692	0.631389999999924
1.13609999999989	0.449649089921762	0.352921976245808	0.632829999999913
1.13809999999989	0.450345154604861	0.353734878294197	0.634259999999924
1.14009999999989	0.451040231387725	0.35454750185114	0.635689999999924
1.14209999999989	0.451732323358391	0.355357558531866	0.637119999999924
1.14409999999989	0.452422311489484	0.356166134827279	0.638549999999923
1.14609999999989	0.453111612011877	0.356974759113931	0.639969999999923
1.14809999999989	0.453802303671405	0.357785883510969	0.641389999999923
1.15009999999989	0.454489731772607	0.358594083621461	0.642809999999923
1.15209999999989	0.455174608008693	0.359400324976616	0.644229999999923
1.15409999999989	0.455859127863007	0.360207048546397	0.645639999999923
1.15609999999989	0.456539587442665	0.36100978040282	0.647059999999922
1.15809999999989	0.457219790484561	0.361813243317497	0.648469999999911
1.16009999999989	0.457898875077365	0.362616351082186	0.649869999999922
1.16209999999989	0.458577303003565	0.363419385067719	0.651269999999922
1.16409999999989	0.459252225783593	0.364219366206412	0.652669999999922
1.16609999999989	0.459930414132041	0.365022899813849	0.654069999999922
1.16809999999989	0.46061257814276	0.365830163147326	0.655469999999922
1.17009999999989	0.461292206889052	0.366635345901966	0.656859999999921
1.17209999999989	0.461968461941865	0.36743759832726	0.658249999999921
1.17409999999989	0.462644781842622	0.368240661645985	0.659629999999921
1.17609999999989	0.463319647256157	0.369042818999138	0.661009999999921
1.17809999999989	0.463998436730637	0.369848621873849	0.662389999999921
1.18009999999989	0.464676205043721	0.370653267426555	0.66376999999992
1.18209999999989	0.465352842372929	0.371457441319655	0.66513999999992
1.18409999999989	0.466026967164055	0.372259434521442	0.66650999999992
1.18609999999989	0.46669849059251	0.373059385473231	0.66786999999992
1.18809999999989	0.467369377136205	0.373859387841624	0.669229999999931
1.19009999999989	0.468041431255552	0.374661533162035	0.67058999999992
1.19209999999989	0.468710532118425	0.375461162054789	0.671939999999931
1.19409999999988	0.469379428658788	0.376261444630446	0.673289999999931
1.19609999999988	0.470048074706214	0.3770621791772	0.674639999999919
1.19809999999988	0.470712663567001	0.377859029677275	0.675979999999931
1.20009999999988	0.471383435125634	0.378661646694403	0.677319999999919
1.20209999999988	0.47205491005711	0.379465803261181	0.67864999999993
1.20409999999988	0.47272401398492	0.38026773207684	0.67997999999993
1.20609999999988	0.473390297605691	0.381067353672439	0.681309999999918
1.20809999999988	0.47405618627253	0.381867293802491	0.682629999999918
1.21009999999988	0.474719356941536	0.382664818506546	0.683949999999918
1.21209999999988	0.475378536446431	0.383458580042931	0.685259999999918
1.21409999999988	0.47603768045183	0.384252891650597	0.686569999999918
1.21609999999988	0.476695512783762	0.385046511210088	0.687869999999918
1.21809999999988	0.477352422336469	0.385839825119249	0.689169999999918
1.22009999999988	0.478008755972784	0.386633416096077	0.690459999999929
1.22209999999988	0.478662668896319	0.387424797110158	0.691749999999917
1.22409999999988	0.479313822290987	0.388213764297612	0.693029999999929
1.22609999999988	0.479964969600654	0.389003600816123	0.694309999999929
1.22809999999988	0.480615075779222	0.389792925224656	0.695579999999929
1.23009999999988	0.481262307009617	0.39057970861424	0.696849999999929
1.23209999999988	0.481910070479774	0.391367685184727	0.698109999999929
1.23409999999988	0.482564343656976	0.392161755254136	0.699369999999928
1.23609999999988	0.483216090853066	0.392953580610693	0.700619999999928
1.23809999999988	0.483867498282611	0.3937459171492	0.701859999999928
1.24009999999988	0.484517836837096	0.394537608240497	0.703099999999928
1.24209999999988	0.485166261898895	0.39532787414095	0.704329999999928
1.24409999999988	0.485812712005428	0.396116498842399	0.705559999999928
1.24609999999988	0.486464726948738	0.396909915568121	0.706779999999928
1.24809999999988	0.487113070242211	0.397699737856663	0.707999999999927
1.25009999999988	0.487761584825548	0.398490552087883	0.709199999999927
1.25209999999988	0.488408514206819	0.399280374308314	0.710409999999927
1.25409999999988	0.489053599019407	0.400068744796209	0.711599999999927
1.25609999999988	0.489694152651062	0.400852617859222	0.712789999999927
1.25809999999988	0.490334462387847	0.401636684156953	0.713969999999927
1.26009999999988	0.490972388399576	0.402418899305161	0.715139999999927
1.26209999999988	0.491611192622045	0.403202962392613	0.716309999999927
1.26409999999988	0.492248781537089	0.403986166036483	0.717469999999926
1.26609999999988	0.492885266820882	0.404768912703602	0.718619999999926
1.26809999999988	0.493521266750557	0.405551809730539	0.719759999999926
1.27009999999988	0.494156447971038	0.406334381996725	0.720899999999926
1.27209999999988	0.494790160730482	0.407116071097317	0.722019999999938
1.27409999999988	0.495424253284307	0.407899014794257	0.723139999999938
1.27609999999988	0.496055646234357	0.408679299554347	0.724259999999926
1.27809999999988	0.496691813805815	0.409463913658181	0.725359999999925
1.28009999999988	0.497325488395869	0.410246006893201	0.726449999999938
1.28209999999988	0.497956910140388	0.411026030327984	0.727539999999938
1.28409999999988	0.498587077592804	0.411805362489914	0.728619999999925
1.28609999999987	0.499216916316266	0.412584957806474	0.729679999999937
1.28809999999987	0.499844201139543	0.413362231521517	0.730739999999937
1.29009999999987	0.500469215853392	0.414137688368675	0.731789999999937
1.29209999999987	0.501090661251964	0.414909301341214	0.732829999999937
1.29409999999987	0.501709983417683	0.415679128625096	0.733859999999937
1.29609999999987	0.502330549854482	0.416451281119754	0.734879999999937
1.29809999999987	0.50294923328355	0.417221698225879	0.735889999999937
1.30009999999987	0.503566905008289	0.417991738796909	0.736889999999937
1.30209999999987	0.504182749921202	0.41876023403382	0.737879999999949
1.30409999999987	0.504800910196642	0.4195306753956	0.738859999999949
1.30609999999987	0.505419422895805	0.420301554106393	0.739829999999936
1.30809999999987	0.506037500211026	0.42107227930312	0.740789999999936
1.31009999999987	0.506653812746467	0.421841644799743	0.741739999999936
1.31209999999987	0.507270732313495	0.422612591584755	0.742669999999949
1.31409999999987	0.50788620409687	0.423382489933118	0.743599999999936
1.31609999999987	0.508501116141802	0.424151943524209	0.744509999999948
1.31809999999987	0.509120980015469	0.424926140318472	0.745409999999949
1.32009999999987	0.50973877603394	0.425698379320812	0.746299999999948
1.32209999999987	0.510357521052961	0.426472634828721	0.747179999999948
1.32409999999987	0.510974027117625	0.427245037594752	0.748049999999935
1.32609999999987	0.511585392828057	0.428011704534743	0.748899999999948
1.32809999999987	0.512195893070074	0.428778001520511	0.749739999999948
1.33009999999987	0.512804013259238	0.429542053213105	0.750569999999948
1.33209999999987	0.513411900570879	0.430306701243166	0.751379999999948
1.33409999999987	0.514020524229238	0.431072750365823	0.752189999999948
1.33609999999987	0.514627419308069	0.431837472059127	0.752969999999948
1.33809999999987	0.515232721172524	0.432600995501096	0.753749999999948
1.34009999999987	0.515834302228322	0.433360613107709	0.754509999999948
1.34209999999987	0.516434752169451	0.434119430534227	0.755259999999947
1.34409999999987	0.517036663536835	0.434880820291915	0.755999999999947
1.34609999999987	0.517636363769014	0.435640094029632	0.756719999999947
1.34809999999987	0.518235920877224	0.436400004860178	0.757429999999947
1.35009999999987	0.518834480719076	0.437159201262122	0.758119999999947
1.35209999999987	0.519429811935821	0.437915221883914	0.75879999999996
1.35409999999987	0.520023120019137	0.438669400658055	0.75945999999996
1.35609999999987	0.520613495541198	0.439420473491746	0.76010999999996
1.35809999999987	0.521205112003754	0.440173757288624	0.76074999999996
1.36009999999987	0.521795795398831	0.440926388191836	0.76136999999996
1.36209999999987	0.522391577958394	0.441683824633318	0.76197999999996
1.36409999999987	0.522985679179626	0.442439756456484	0.762569999999973
1.36609999999987	0.523576106258465	0.443191911687803	0.76314999999996
1.36809999999987	0.52416535042256	0.443943109274247	0.76371999999996
1.37009999999987	0.524753528266121	0.444693679619738	0.76426999999996
1.37209999999987	0.525341182968755	0.445444421852249	0.76479999999996
1.37409999999987	0.52592766211196	0.446194233022166	0.76531999999996
1.37609999999986	0.526509903531703	0.446939432875789	0.765819999999973
1.37809999999986	0.527091475456144	0.447684449644288	0.766309999999973
1.38009999999986	0.527675145204943	0.448430915715013	0.766789999999973
1.38209999999986	0.528259778907493	0.449178750888495	0.767249999999973
1.38409999999986	0.528843884292719	0.449926472997331	0.767699999999973
1.38609999999986	0.52942645123795	0.45067302912101	0.768129999999973
1.38809999999986	0.530008132053688	0.451419045872714	0.768549999999973
1.39009999999986	0.530586285546415	0.452161355681696	0.768949999999973
1.39209999999986	0.531163027279818	0.45290257915388	0.769339999999973
1.39409999999986	0.53173928258816	0.453643688713149	0.769709999999973
1.39609999999986	0.532314338363845	0.454384031448485	0.770069999999986
1.39809999999986	0.532892532899518	0.455128066714611	0.770419999999972
1.40009999999986	0.533472235502554	0.455873093215205	0.770749999999986
1.40209999999986	0.534051444642363	0.456618198832341	0.771069999999972
1.40409999999986	0.534626733261641	0.457359026049232	0.771379999999972
1.40609999999986	0.535200737020695	0.458098923032437	0.771669999999972
1.40809999999986	0.535775395990967	0.458840180177997	0.771949999999972
1.41009999999986	0.53634872559061	0.459580625900606	0.772209999999986
1.41209999999986	0.536920710697998	0.460319897384218	0.772459999999986
1.41409999999986	0.537488997020274	0.461055166240391	0.772699999999986
1.41609999999986	0.538056629608347	0.46179021636985	0.772929999999986
1.41809999999986	0.538621188640228	0.462522040751875	0.773149999999986
1.42009999999986	0.539184464136678	0.463252929966879	0.773349999999986
1.42209999999986	0.539747021309606	0.463983353773427	0.773539999999986
1.42409999999986	0.540309363495238	0.464714278969407	0.773719999999986
1.42609999999986	0.54087163281349	0.46544564122727	0.773889999999986
1.42809999999986	0.541430569818092	0.466173510387064	0.774049999999986
1.43009999999986	0.541989406515027	0.466901742950089	0.774189999999986
1.43209999999986	0.54254448600699	0.467625870366428	0.774329999999986
1.43409999999986	0.54309935527664	0.468350274598752	0.774449999999986
1.43609999999986	0.543652651150306	0.469073189450553	0.774569999999986
1.43809999999986	0.544206233782943	0.469797185653349	0.774669999999986
1.44009999999986	0.544757993910194	0.470519396597026	0.77476
1.44209999999986	0.545307460668226	0.471239424261903	0.77485
1.44409999999986	0.545855177297138	0.471957719404034	0.774929999999986
1.44609999999986	0.546402636949411	0.472675663198189	0.77499
1.44809999999986	0.546954694532808	0.47339836800285	0.77505
1.45009999999986	0.547505117555139	0.474119562252989	0.7751
1.45209999999986	0.548054304379368	0.474839868782357	0.77514
1.45409999999986	0.548600887379655	0.475557358137305	0.77517
1.45609999999986	0.549146219340537	0.476273930384619	0.7752
1.45809999999986	0.54968927545228	0.476988035609263	0.77522
1.46009999999986	0.550231612152272	0.477701924382577	0.77523
1.46209999999986	0.550779290525741	0.478421175827278	0.77523
1.46409999999986	0.551325996346743	0.479139562827494	0.77522
1.46609999999985	0.551872045429016	0.479857596040145	0.77521
1.46809999999985	0.552414019827521	0.480571241925968	0.7752
1.47009999999985	0.552955992840327	0.481285247793953	0.77517
1.47209999999985	0.553494691415837	0.481995791685541	0.77514
1.47409999999985	0.55403238271367	0.48270554215619	0.77511
1.47609999999985	0.554567614371856	0.483412748289793	0.775060000000015
1.47809999999985	0.555103431808324	0.484121201292394	0.77502
1.48009999999985	0.555637684592671	0.484828278148497	0.774960000000015
1.48209999999985	0.556171046529008	0.485534841993138	0.77491
1.48409999999985	0.556702749279955	0.486239726126611	0.774840000000015
1.48609999999985	0.557232732032574	0.486943078511626	0.77478
1.48809999999985	0.55776087040444	0.487644503358225	0.774700000000015
1.49009999999985	0.558288346132718	0.488345663043901	0.77463
1.49209999999985	0.55881735499865	0.489048996676709	0.774540000000015
1.49409999999985	0.559349901025737	0.489755649928552	0.77446
1.49609999999985	0.559881438941018	0.490461495522986	0.77437
1.49809999999985	0.560410312327423	0.491164619923359	0.77428
1.50009999999985	0.560938277489883	0.491867056358797	0.77418
1.50209999999985	0.561463227021181	0.492566247661314	0.77408
1.50409999999985	0.561987233633728	0.493264669451772	0.773970000000015
1.50609999999985	0.562508748274651	0.493960539744129	0.77387
1.50809999999985	0.563029257872728	0.494655637300579	0.77376
1.51009999999985	0.563547123747346	0.495347807856091	0.773640000000015
1.51209999999985	0.56406466536966	0.496040163172105	0.773520000000015
1.51409999999985	0.564578688496121	0.496728503574672	0.77341
1.51609999999985	0.565093239938549	0.49741793081587	0.773280000000015
1.51809999999985	0.565604604270818	0.498103958268932	0.77316
1.52009999999985	0.566115716858765	0.498790026656634	0.773030000000015
1.52209999999985	0.56662548834053	0.499474830907663	0.772900000000015
1.52409999999985	0.567134946723958	0.500159897241715	0.77277
1.52609999999985	0.567640972553169	0.500840972174764	0.772630000000015
1.52809999999985	0.568146326058068	0.50152172342092	0.772490000000015
1.53009999999985	0.568648999053398	0.502199534301318	0.772350000000015
1.53209999999985	0.569151104840611	0.502877123042234	0.772210000000015
1.53409999999985	0.569654298221978	0.503555490392461	0.772070000000015
1.53609999999985	0.57016057945803	0.504237366017127	0.771920000000015
1.53809999999985	0.570664722222389	0.504917016047699	0.77178
1.54009999999985	0.571167477740434	0.50559538788292	0.771630000000015
1.54209999999985	0.571668601412531	0.506272075887784	0.771480000000015
1.54409999999985	0.572169276492918	0.506948840357203	0.77133
1.54609999999985	0.572667192325993	0.50762252200578	0.771170000000015
1.54809999999985	0.573165200134918	0.50829684095809	0.771020000000015
1.55009999999985	0.573664120370439	0.508971804276882	0.770860000000015
1.55209999999985	0.574163449647822	0.509646772333066	0.770700000000015
1.55409999999985	0.574660649978288	0.51031927120259	0.770540000000015
1.55609999999985	0.575157022828131	0.510991465242486	0.770380000000016
1.55809999999984	0.575650442197032	0.511660291884217	0.770220000000016
1.56009999999984	0.576143745997353	0.512329463232152	0.770060000000016
1.56209999999984	0.576634112695577	0.512995278800048	0.769890000000016
1.56409999999984	0.57712427676656	0.513661345088819	0.769730000000016
1.56609999999984	0.577611702039672	0.514324251825098	0.769560000000016
1.56809999999984	0.578098031836724	0.514986286040698	0.7694
1.57009999999984	0.578581545474337	0.515645210510529	0.769230000000016
1.57209999999984	0.579065221937909	0.516304798351694	0.769060000000016
1.57409999999984	0.579546412028067	0.516961539355822	0.768890000000016
1.57609999999984	0.580027884665231	0.517619176154032	0.768720000000016
1.57809999999984	0.580506723739231	0.51827392361575	0.76855
1.58009999999984	0.580984499976149	0.51892768394336	0.768370000000016
1.58209999999984	0.581461484031981	0.519580916370726	0.768200000000016
1.58409999999984	0.581939394309786	0.520235853036405	0.76803
1.58609999999984	0.582414788239171	0.520887904797071	0.767850000000016
1.58809999999984	0.582889651594881	0.521539763541104	0.76768
1.59009999999984	0.583362130911509	0.522189086651513	0.767500000000016
1.59209999999984	0.583833470544674	0.522837222121212	0.767320000000016
1.59409999999984	0.584303962802059	0.523484841050683	0.76715
1.59609999999984	0.584772132103958	0.524129705812931	0.766970000000016
1.59809999999984	0.58524424962573	0.524778441974765	0.766790000000016
1.60009999999984	0.585714868619789	0.525425554086411	0.766610000000016
1.60209999999984	0.586184770914625	0.526072203321401	0.766430000000016
1.60409999999984	0.58665207025208	0.526715917756723	0.766250000000016
1.60609999999984	0.587119173407795	0.527359876226961	0.766070000000016
1.60809999999984	0.587583695161166	0.528000867356705	0.765890000000016
1.61009999999984	0.588047633886058	0.528641480818261	0.765710000000016
1.61209999999984	0.588509436110986	0.529279837801035	0.76553
1.61409999999984	0.588968300817358	0.52991479359413	0.765340000000016
1.61609999999984	0.589424131115343	0.530546086725073	0.765160000000016
1.61809999999984	0.589879972666025	0.531177880588804	0.764980000000016
1.62009999999984	0.590332963919318	0.531806375685991	0.764790000000016
1.62209999999984	0.590784852799056	0.53243373372265	0.764610000000016
1.62409999999984	0.591235645466912	0.533060267128516	0.764430000000016
1.62609999999984	0.591684215108844	0.533684168626177	0.764240000000016
1.62809999999984	0.592132787924165	0.534308545804168	0.764060000000016
1.63009999999984	0.592580652239269	0.534931765004505	0.763870000000016
1.63209999999984	0.593030373581062	0.53555658288339	0.763690000000016
1.63409999999984	0.593476918103632	0.536177789130773	0.763500000000016
1.63609999999984	0.593923218501613	0.536798975697173	0.763310000000016
1.63809999999984	0.594367376007947	0.537417841532918	0.763130000000016
1.64009999999984	0.594810630427884	0.538035931577229	0.762940000000016
1.64209999999984	0.595252905329049	0.538653140828017	0.76276
1.64409999999984	0.595692675805687	0.539267483705346	0.762570000000016
1.64609999999984	0.596132626374142	0.539882510413839	0.762380000000016
1.64809999999983	0.596573228419245	0.540498121855543	0.762190000000017
1.65009999999983	0.59701559391857	0.541115330852448	0.762010000000017
1.65209999999983	0.597455469055541	0.541729674730873	0.761820000000017
1.65409999999983	0.597896222886	0.542345573430276	0.761630000000017
1.65609999999983	0.598334141996713	0.542958288401197	0.761440000000017
1.65809999999983	0.598771236712405	0.543570201644074	0.761250000000017
1.66009999999983	0.599207090837119	0.544181027353599	0.761060000000017
1.66209999999983	0.599640339458761	0.544788737605343	0.760880000000017
1.66409999999983	0.600070775734794	0.545393224478761	0.760690000000017
1.66609999999983	0.6004992921394	0.545995430351748	0.760500000000017
1.66809999999983	0.600927327554192	0.54659755096393	0.760310000000017
1.67009999999983	0.601352909122069	0.547196790988486	0.760120000000017
1.67209999999983	0.60177734978499	0.547794833079021	0.759930000000017
1.67409999999983	0.60220036165916	0.548391484970377	0.759740000000017
1.67609999999983	0.602621467332855	0.548985905713772	0.759550000000017
1.67809999999983	0.603042398638233	0.549580562649188	0.759360000000017
1.68009999999983	0.603461459122914	0.550173150292854	0.759170000000017
1.68209999999983	0.603877934020467	0.550762682296715	0.758980000000017
1.68409999999983	0.60429220769572	0.551349669740743	0.758790000000017
1.68609999999983	0.604706551901885	0.551937065676633	0.758600000000017
1.68809999999983	0.605118773251763	0.552522136555211	0.758410000000017
1.69009999999983	0.605529776333651	0.553105829998944	0.758220000000017
1.69209999999983	0.605940401311543	0.553689609126516	0.758030000000017
1.69409999999983	0.606348684480078	0.554270564060673	0.75784
1.69609999999983	0.606756397201063	0.554851100392572	0.757640000000017
1.69809999999983	0.607162899136827	0.555430448691878	0.757450000000017
1.70009999999983	0.607566980840453	0.55600688144487	0.757260000000017
1.70209999999983	0.607968733835614	0.556580707203777	0.757070000000017
1.70409999999983	0.608368148342198	0.557151601962655	0.756880000000017
1.70609999999983	0.608767180418845	0.557722413902387	0.756690000000017
1.70809999999983	0.609163936033986	0.558290560545711	0.756500000000017
1.71009999999983	0.609559464022824	0.558857430850993	0.756300000000017
1.71209999999983	0.609954594731537	0.559424025297333	0.756110000000017
1.71409999999983	0.610347276908912	0.559987852891681	0.755920000000017
1.71609999999983	0.610742925576494	0.560554632181557	0.755730000000017
1.71809999999983	0.611137135505473	0.561119478261425	0.755540000000017
1.72009999999983	0.611528720255034	0.56168111815944	0.755350000000017
1.72209999999983	0.611918048368724	0.56224009496678	0.755150000000017
1.72409999999983	0.612306647496507	0.562798377332481	0.754960000000017
1.72609999999983	0.612694799584224	0.5633566009523	0.754770000000017
1.72809999999983	0.613080737237926	0.563912066894571	0.754580000000017
1.73009999999983	0.613466052559222	0.564467138078409	0.754380000000017
1.73209999999983	0.613850214045562	0.56502102071026	0.754190000000017
1.73409999999983	0.614231741169616	0.5655717523564	0.754000000000017
1.73609999999983	0.614611512328557	0.566120358248151	0.753810000000017
1.73809999999983	0.61498920444225	0.566666582543988	0.753620000000017
1.74009999999982	0.615370240104659	0.567216047734901	0.753420000000018
1.74209999999982	0.615748988269003	0.567762777113112	0.753230000000018
1.74409999999982	0.616125623065596	0.568306904447891	0.753040000000018
1.74609999999982	0.616501843739553	0.568850895156897	0.752850000000018
1.74809999999982	0.616875632001563	0.569392003927855	0.752650000000018
1.75009999999982	0.61724833055626	0.569931914238239	0.752460000000018
1.75209999999982	0.617620643851058	0.570471718803927	0.752270000000018
1.75409999999982	0.617990936529055	0.571009121272307	0.752070000000018
1.75609999999982	0.61835869332676	0.571543531560543	0.751880000000018
1.75809999999982	0.618724228850665	0.572075192230282	0.751690000000018
1.76009999999982	0.619088488028305	0.572605477476194	0.751500000000018
1.76209999999982	0.619451432722814	0.573134354754834	0.751300000000018
1.76409999999982	0.619812455212209	0.573660992791686	0.751110000000018
1.76609999999982	0.620173131725067	0.574187468933251	0.750920000000018
1.76809999999982	0.620532243952731	0.57471214225966	0.750720000000018
1.77009999999982	0.620888976228903	0.575233988102054	0.750530000000018
1.77209999999982	0.621248124498253	0.57575818657177	0.750340000000018
1.77409999999982	0.621606321284739	0.576281030711704	0.750150000000018
1.77609999999982	0.621962511161673	0.576801499023115	0.749950000000018
1.77809999999982	0.622316913839973	0.577319866118939	0.749760000000018
1.78009999999982	0.622668471800581	0.57783475050856	0.749570000000018
1.78209999999982	0.623019499405978	0.578349111541283	0.749370000000018
1.78409999999982	0.623368704051119	0.578861511318571	0.749180000000018
1.78609999999982	0.623715076466358	0.579370389647285	0.748990000000018
1.78809999999982	0.624061560241552	0.579879593287135	0.748790000000018
1.79009999999982	0.624406320297433	0.580386938661763	0.748600000000018
1.79209999999982	0.624748775929009	0.580891473569435	0.748410000000018
1.79409999999982	0.625089017402641	0.581393253142132	0.748210000000018
1.79609999999982	0.625426521212254	0.581891710312879	0.748020000000018
1.79809999999982	0.625761390999419	0.582386810076486	0.747830000000018
1.80009999999982	0.626094570252945	0.582879970814342	0.747630000000018
1.80209999999982	0.626425332456092	0.583370151223222	0.747440000000018
1.80409999999982	0.626756027486213	0.583860526776683	0.747250000000018
1.80609999999982	0.627085537246271	0.584349561563807	0.747050000000018
1.80809999999982	0.627413180814857	0.584836426075279	0.746860000000018
1.81009999999982	0.627740536667276	0.585323197145865	0.746670000000018
1.81209999999982	0.628066634608495	0.585808540451301	0.746470000000018
1.81409999999982	0.628390236275629	0.586290838600482	0.746280000000018
1.81609999999982	0.628712281392284	0.586771314972455	0.746090000000018
1.81809999999982	0.629032681795678	0.587249761599766	0.745890000000018
1.82009999999982	0.629351289471378	0.587726119805693	0.745700000000018
1.82209999999982	0.629667880269038	0.588200015432505	0.745510000000018
1.82409999999982	0.629982432198043	0.588671395307163	0.745310000000018
1.82609999999982	0.630295930717236	0.589141589878802	0.745120000000018
1.82809999999982	0.630608883834703	0.589611442485768	0.744930000000018
1.83009999999981	0.630919526319026	0.590078373976623	0.744730000000019
1.83209999999981	0.631227901017549	0.590542483282238	0.744540000000019
1.83409999999981	0.631536278455193	0.591006873480663	0.744350000000019
1.83609999999981	0.63184241518555	0.591468493697576	0.744150000000019
1.83809999999981	0.632146459618864	0.591927524566286	0.743960000000019
1.84009999999981	0.632448740029306	0.592384395931489	0.743770000000019
1.84209999999981	0.632748685324695	0.592838419905933	0.743570000000019
1.84409999999981	0.633049621213132	0.59329305607935	0.743380000000019
1.84609999999981	0.633350308122231	0.5937471355198	0.743190000000019
1.84809999999981	0.63364891983291	0.594198612531769	0.742990000000019
1.85009999999981	0.633946199259728	0.594648449691114	0.742800000000019
1.85209999999981	0.634242548831577	0.595097444087896	0.742610000000019
1.85409999999981	0.634536599312006	0.595543458170165	0.742410000000019
1.85609999999981	0.634829292802477	0.595987912626584	0.742220000000019
1.85809999999981	0.635119781706532	0.596429613067922	0.742030000000019
1.86009999999981	0.635408207254346	0.596868792822227	0.741830000000019
1.86209999999981	0.635694468750159	0.597305248692037	0.741640000000019
1.86409999999981	0.635978907591704	0.5977395107126	0.741450000000019
1.86609999999981	0.636261577774901	0.598171570200445	0.741250000000019
1.86809999999981	0.636543660680325	0.598602667548126	0.741060000000019
1.87009999999981	0.636827254349093	0.599035080828695	0.740870000000019
1.87209999999981	0.63710826847893	0.599464239480536	0.740670000000019
1.87409999999981	0.637386864545967	0.59989032368807	0.740480000000019
1.87609999999981	0.637664874858055	0.600315829286731	0.740290000000019
1.87809999999981	0.637941221088924	0.60073937866796	0.740090000000019
1.88009999999981	0.638215353650863	0.601160167552472	0.739900000000019
1.88209999999981	0.638487304394072	0.601578256672525	0.739710000000019
1.88409999999981	0.638756967843059	0.601993437784437	0.739510000000019
1.88609999999981	0.639024526363791	0.60240592171511	0.739320000000019
1.88809999999981	0.639290069688104	0.602815909246657	0.739130000000019
1.89009999999981	0.639553796682516	0.603223653520834	0.738930000000019
1.89209999999981	0.63981485932865	0.603627994238171	0.738740000000019
1.89409999999981	0.640074298227698	0.604030296308803	0.738550000000019
1.89609999999981	0.640332815991516	0.604431610196786	0.738350000000019
1.89809999999981	0.640589546796445	0.60483076938675	0.738160000000019
1.90009999999981	0.640844335080301	0.605227438929338	0.737970000000019
1.90209999999981	0.641098541769032	0.605623565696432	0.737770000000019
1.90409999999981	0.641351399220664	0.606018080301553	0.737580000000019
1.90609999999981	0.641602091581773	0.606409864447322	0.737390000000019
1.90809999999981	0.64185113128883	0.606799552379091	0.737190000000019
1.91009999999981	0.642098101095651	0.607186675364819	0.737000000000019
1.91209999999981	0.64234302672042	0.607571228662098	0.736810000000019
1.91409999999981	0.642585820463917	0.607953087112984	0.736610000000019
1.91609999999981	0.642826648998941	0.6083324247487	0.736420000000019
1.91809999999981	0.643065709122344	0.608709531283619	0.736230000000019
1.9200999999998	0.643303055196431	0.609084480898943	0.736030000000019
1.9220999999998	0.643539726305254	0.609458681657001	0.73584000000002
1.9240999999998	0.643774993763738	0.609831282918113	0.73565000000002
1.9260999999998	0.644008037579362	0.610200991123472	0.73545000000002
1.9280999999998	0.644238886329763	0.610567899338005	0.73526000000002
1.9300999999998	0.644471109494821	0.61093595191732	0.73507000000002
1.9320999999998	0.64470225921995	0.611302418895259	0.73487000000002
1.9340999999998	0.644931307658784	0.611666169282067	0.73468000000002
1.9360999999998	0.64515856252979	0.612027630758963	0.73449000000002
1.9380999999998	0.645383800693735	0.612386562857952	0.73429000000002
1.9400999999998	0.645606822387839	0.612742665588511	0.73410000000002
1.9420999999998	0.645827630945318	0.613095904734939	0.73391000000002
1.9440999999998	0.646046502381751	0.613446645428172	0.73371000000002
1.9460999999998	0.64626304298834	0.613794426101087	0.73352000000002
1.9480999999998	0.646477314157992	0.614139293598709	0.73333000000002
1.9500999999998	0.646690068062878	0.614482224476058	0.73313000000002
1.9520999999998	0.646902242674901	0.614824564172117	0.73294000000002
1.9540999999998	0.647112367936114	0.615164290970696	0.73275000000002
1.9560999999998	0.647320475343493	0.61550148166062	0.73255000000002
1.9580999999998	0.647527000883312	0.615836618588676	0.73236000000002
1.9600999999998	0.647731185506959	0.616168780400647	0.73217000000002
1.9620999999998	0.64793338363156	0.6164983716853	0.73197000000002
1.9640999999998	0.648133578431918	0.616825384735774	0.73178000000002
1.9660999999998	0.648331892273863	0.61714995301561	0.73159000000002
1.9680999999998	0.648527997723996	0.617471686862929	0.73139000000002
1.9700999999998	0.648722351306113	0.617791170718404	0.73120000000002
1.9720999999998	0.648914799301354	0.618108169389683	0.73101000000002
1.9740999999998	0.649104950400839	0.61842223749233	0.73082
1.9760999999998	0.6492933964404	0.618734063199148	0.73062000000002
1.9780999999998	0.649479724230576	0.61904316937087	0.73043000000002
1.9800999999998	0.649664125929857	0.619349805386599	0.73024000000002
1.9820999999998	0.649847340127781	0.619654919347897	0.73004000000002
1.9840999999998	0.650029094970049	0.619958265246516	0.72985000000002
1.9860999999998	0.650208482407344	0.620258481006473	0.72966000000002
1.9880999999998	0.650385796353641	0.620555960417554	0.72946000000002
1.9900999999998	0.650561327579567	0.620851178173275	0.72927000000002
1.9920999999998	0.650734892715987	0.621143806192306	0.72908000000002
1.9940999999998	0.650906234651506	0.621433566537808	0.72888000000002
1.9960999999998	0.651075798115237	0.621721030976329	0.72869000000002
1.9980999999998	0.651243434095573	0.622005937498561	0.72850000000002
