t	fsi_A	fsi_V
0	0	0	0
0.002	0	0	0
0.0041	1	0.0134630433407637	1
0.006	1	0.0547838114677927	0.999962034279249
0.00800000000000001	1	0.122815389999267	0.999922217226418
0.0101	1	0.211953290528327	1
0.0121	1	0.304150238656688	1
0.0141	1	0.395675006398793	1
0.0161	1	0.481275890019299	1
0.0180999999999999	1	0.558060806318994	1
0.0200999999999999	1	0.624972717885841	0.999999999999999
0.0220999999999999	1	0.682154548135176	0.999999999999999
0.0240999999999999	1	0.73041146438912	0.999999999999999
0.0260999999999999	1	0.770833774910382	0.999999999999999
0.0280999999999999	1	0.804566414228514	0.999999999999999
0.0300999999999999	1	0.832685574587895	0.999999999999998
0.0320999999999999	1	0.856143891639553	0.999999999999997
0.0341	1	0.875755180459822	0.999999999999998
0.036	1	0.891443581642917	0.997153279334465
0.0380000000000001	1	0.905401059293239	0.996782524158645
0.0400000000000001	1	0.917191363122009	0.996394139296732
0.0420000000000002	1	0.927192759859904	0.995987335209822
0.0440000000000002	1	0.93571315630255	0.995564654180545
0.0460000000000003	1	0.943003236512832	0.995128905308825
0.0480000000000003	1	0.949267394254457	0.994682075045945
0.0500000000000004	1	0.954672670627936	0.99422934535946
0.0520000000000005	1	0.95935598248316	0.993770587490074
0.0540000000000005	1	0.963429931808978	0.993309477463231
0.0560000000000006	1	0.966987459428876	0.992846839370088
0.0580000000000006	1	0.970105568502713	0.992398331117374
0.0600000000000007	1	0.972848304606472	0.991943613767921
0.0620000000000007	1	0.975269143976607	0.991499738992965
0.0640000000000008	1	0.977412911409908	0.991075123064921
0.0660000000000009	1	0.979317324443034	0.990652807410187
0.0680000000000009	1	0.981014240318725	0.990254735312794
0.070000000000001	1	0.982530666184318	0.989866994284593
0.072000000000001	1	0.983889580249549	0.989503421855707
0.0740000000000011	1	0.981672611552334	0.989155090842436
0.0760000000000012	1	0.984819507572253	0.988827722711165
0.0780000000000012	1	0.987204895822215	0.988528693781429
0.0800000000000013	1	0.989060044789553	0.992943957826201
0.0820000000000013	1	0.990533509756505	0.970584102299854
0.0840000000000014	1	0.991724561884772	0.93824168775166
0.0860000000000014	1	0.992701758426133	0.899919887928752
0.0880000000000015	1	0.993513782559394	0.858456542980492
0.0900000000000016	1	0.994196040048727	0.815840364542297
0.0920000000000016	1	0.994774819000575	0.773427370093577
0.0940000000000017	1	0.995269994770252	0.732144812899267
0.0960000000000017	1	0.995696836640605	0.692574129865978
0.0980000000000018	1	0.995318831113367	0.655065071750934
0.100000000000002	0.999998552181898	0.993772939864281	0.619811327013243
0.102000000000002	0.997016331049815	0.984546586457406	0.586887891692036
0.104000000000002	0.988854120024527	0.965486620010411	0.556286925899845
0.106000000000002	0.976209015559428	0.938595416256161	0.527953449313676
0.108000000000002	0.959746628292504	0.905664860249153	0.501792887596396
0.110000000000002	0.940092920887365	0.868271642233709	0.477692422940521
0.112000000000002	0.915610065563041	0.874944524553256	0.455528998835348
0.114000000000002	0.887031611696802	0.896126807301254	0.435174345979492
0.116000000000002	0.855506380753363	0.887839477299016	0.416499925228034
0.118000000000002	0.822368178910306	0.86098782043706	0.399383115455389
0.120000000000002	0.788559234556126	0.822883522296788	0.383704307247862
0.122000000000002	0.754745642292672	0.778448961444162	0.369349312773858
0.124000000000003	0.721396043871168	0.730995704022574	0.356214183110289
0.126000000000002	0.688836323578542	0.682737488319902	0.344199796714716
0.128000000000002	0.657288262887104	0.635133791642319	0.333216121769174
0.130000000000002	0.625978756962751	0.608899871687243	0.323177359121556
0.132000000000002	0.595948383623766	0.586482341762726	0.314008042895435
0.134000000000002	0.567210739095111	0.557688774673911	0.305638032542114
0.136000000000001	0.539859925081648	0.525721468142917	0.298001992915689
0.138000000000001	0.523526982758253	0.505856753525218	0.291039264375626
0.140000000000001	0.509538013304764	0.487815701645553	0.284697593115501
0.142000000000001	0.494524781902532	0.466741359808703	0.278926470861085
0.144	0.481868348585281	0.447691847801571	0.273679063802499
0.146	0.474569258678208	0.435693736009764	0.268916903138073
0.148	0.465767378943084	0.42106469651477	0.264600918065925
0.1501	0.455106726526879	0.405933187368871	0.260510324284773
0.1521	0.444408781901737	0.398266587109482	0.257003644179925
0.154099999999999	0.434140323343785	0.388255053799697	0.253846274954343
0.156099999999999	0.427929289517843	0.38768731333267	0.251011992715028
0.158099999999999	0.420352438804614	0.387572490890737	0.248475069260402
0.160099999999999	0.414219152145844	0.385356452594225	0.246215039841687
0.162099999999998	0.40795430790339	0.380645562916377	0.244209369799398
0.164099999999998	0.40090499507081	0.372620583352109	0.242441814491686
0.166099999999998	0.394980499706927	0.36492316193112	0.240894100272363
0.168099999999998	0.388133364221269	0.359035916159661	0.239548470021088
0.170099999999998	0.383195397998042	0.356341324692477	0.23839135461227
0.172099999999997	0.378237714416531	0.351601701535435	0.237409076437022
0.174099999999997	0.37621039883696	0.349436980861186	0.236588515150072
0.176099999999997	0.373675435819876	0.345485699353848	0.235920094412942
0.178099999999997	0.37096416559431	0.345433197400048	0.235388123968209
0.180099999999996	0.367668881903279	0.343314227858402	0.234989042545153
0.182099999999996	0.364674274314332	0.344905332824314	0.23470671235638
0.184099999999996	0.36292071361809	0.345826170744825	0.234538222275392
0.186099999999996	0.360517872633267	0.34393457593634	0.234471415547511
0.188099999999996	0.358313052146976	0.341152966038203	0.234499574196802
0.190099999999995	0.356610321348704	0.337737902845475	0.234616692452862
0.192099999999995	0.35461001923288	0.336139893131113	0.234814890850612
0.194099999999995	0.35388226836082	0.335658030339509	0.235088836159499
0.196099999999995	0.353743561034133	0.336779799917713	0.235431576184648
0.198099999999995	0.353186263110274	0.33768065427015	0.235838121792097
0.200099999999994	0.351977324474826	0.338802975889559	0.236303707513207
0.202099999999994	0.351059569988035	0.339481631437818	0.236823002425593
0.204099999999994	0.350441335659082	0.339219350647392	0.237389758774462
0.206099999999994	0.350036227365633	0.338102612522397	0.238000308904715
0.208099999999993	0.349540418942909	0.336188703153521	0.238651886396521
0.210099999999993	0.349783084929881	0.33680582952152	0.239339243088818
0.212099999999993	0.350175553566002	0.338838644200613	0.240057056886189
0.214099999999993	0.350271306923183	0.33955674611212	0.240803568755424
0.216099999999993	0.350085911069637	0.340189476913357	0.241574752575147
0.218099999999992	0.350251103819309	0.341057867669017	0.24149313725499
0.220099999999992	0.35070050569473	0.341191444465972	0.243075892857219
0.222099999999992	0.350917032679379	0.341230377306956	0.244394308942992
0.224099999999992	0.351494313137073	0.342870082271503	0.245625925925826
0.226099999999991	0.352116143979798	0.344452644425049	0.245247651006751
0.228099999999991	0.352347396602837	0.344419300959981	0.246803680981625
0.230099999999991	0.352764046529419	0.345195065658881	0.247167597765382
0.232099999999991	0.353473582331058	0.345799903981792	0.247996428571439
0.234099999999991	0.354122629948298	0.346746436006903	0.249280841121497
0.23609999999999	0.35461455986744	0.34828498062457	0.249934615384609
0.23809999999999	0.355326167960728	0.349459382712931	0.251171372549005
0.24009999999999	0.355842876435368	0.349488015075348	0.251129032258134
0.24209999999999	0.35644311714802	0.34994723163595	0.252675577557727
0.244099999999989	0.357344506559959	0.351225345749188	0.253222727272692
0.246099999999989	0.357925737730178	0.352294151028292	0.253764066852403
0.248099999999989	0.358470563653316	0.353284469827948	0.254364871794897
0.250099999999989	0.359180747486121	0.353832257331476	0.255319148936041
0.252099999999989	0.359729314619616	0.354024543211192	0.25545851528397
0.254099999999988	0.360503839361255	0.355327877816534	0.256048387096895
0.256099999999988	0.361040931442944	0.355886338587579	0.257462686567057
0.258099999999988	0.361547712207684	0.356690415912672	0.257340241796308
0.260099999999988	0.362146231436339	0.356987321912211	0.258012820512922
0.262099999999987	0.362537719634246	0.357592640715499	0.258543833580939
0.264099999999987	0.363200608477458	0.35876005300684	0.259668508287254
0.266099999999987	0.363620937608595	0.358915178904377	0.259640102827727
0.268099999999987	0.364005468052153	0.359346762534839	0.259880239520923
0.270099999999987	0.364443542236134	0.359874302199568	0.26004464285711
0.272099999999986	0.364717276941451	0.360643112679681	0.260688216892565
0.274099999999986	0.364966163665848	0.360852374094225	0.260233918128625
0.276099999999986	0.365180705654792	0.360714676083297	0.260711030082047
0.278099999999986	0.365439718378048	0.361036058078711	0.260683760683734
0.280099999999985	0.365536186009846	0.361308858457805	0.260625501202892
0.282099999999985	0.365628885971283	0.361591194413833	0.260542168674703
0.284099999999985	0.3656409691695	0.361313819139869	0.260623229461761
0.286099999999985	0.365640835273058	0.361315321552904	0.260840560373587
0.288099999999985	0.365645344619716	0.361523604682536	0.26037735849057
0.290099999999984	0.365439245402494	0.361248169444192	0.259940652819019
0.292099999999984	0.365313915684505	0.361068498455317	0.259820426487097
0.294099999999984	0.365115977819635	0.360813421930396	0.259554140127414
0.296099999999984	0.364835519224495	0.360789468423338	0.259557344064329
0.298099999999983	0.364532826334998	0.360351527981828	0.259064885496128
0.300099999999983	0.364219694527452	0.359979736070198	0.2587222473946
0.302099999999983	0.363831159360807	0.359545233983083	0.257967269595216
0.304099999999983	0.363296402488906	0.35920602796786	0.257482574825787
0.306099999999983	0.362854280471284	0.358804288074755	0.257031249999968
0.308099999999982	0.362324945466803	0.358006879072435	0.256429370108058
0.310099999999982	0.361750927471585	0.357348902288131	0.255516014234926
0.312099999999982	0.3611666383429	0.356820069867663	0.254848587955135
0.314099999999982	0.360465473224752	0.356171321544381	0.254397394136779
0.316099999999982	0.35979402250313	0.355427047626699	0.253666146645853
0.318099999999981	0.359124428105944	0.354618861049215	0.252842609216081
0.320099999999981	0.358418697116169	0.353998927114084	0.252226371732248
0.322099999999981	0.357661662039331	0.353220007482219	0.251449075351919
0.324099999999981	0.356850353653735	0.352348878504522	0.250663834306944
0.32609999999998	0.356070642522513	0.351491559567148	0.249744376278106
0.32809999999998	0.355258507575536	0.350617560037887	0.249014778325111
0.33009999999998	0.354375918864456	0.349809966068877	0.24798099762475
0.33209999999998	0.353532271484752	0.348959899051928	0.247191011235989
0.33409999999998	0.352659901497517	0.347921740435607	0.246290143964606
0.336099999999979	0.351779298996726	0.346992291430023	0.245396145610321
0.338099999999979	0.350909119910101	0.346098236221811	0.244716121011188
0.340099999999979	0.349956613416633	0.345193776970795	0.243780096308184
0.342099999999979	0.349013857495389	0.344249095253003	0.242854365156521
0.344099999999978	0.348116205290531	0.343262473120297	0.241892911010596
0.346099999999978	0.347234682628934	0.342248411308955	0.241126966703263
0.348099999999978	0.346312477304324	0.341294836335942	0.240227434257282
0.350099999999978	0.345376735680133	0.340354518211684	0.239295580110494
0.352099999999978	0.344413343504456	0.339357273683298	0.238375020983751
0.354099999999977	0.343467605705871	0.338386362837306	0.237628613424788
0.356099999999977	0.342544496274636	0.337368696847756	0.236724960254368
0.358099999999977	0.341631523993607	0.336380310041308	0.235831526788484
0.360099999999977	0.340692497495578	0.335437488174931	0.234983398732263
0.362099999999976	0.339777318272181	0.334527306574108	0.233995584988993
0.364099999999976	0.338854793452489	0.333532432625441	0.233165829145732
0.366099999999976	0.337924650633279	0.332540338657223	0.232375613174487
0.368099999999976	0.337020200297685	0.331585301446449	0.23145359978103
0.370099999999976	0.33613878588526	0.330638049281677	0.230676651511102
0.372099999999975	0.335221750465938	0.329708526520775	0.229833965224207
0.374099999999975	0.334297347169158	0.328798745310688	0.228969572999267
0.376099999999975	0.333413988740074	0.327893836964075	0.228142589118232
0.378099999999975	0.3325340625338	0.32692681237867	0.227350636630787
0.380099999999974	0.331691940194735	0.325987607488906	0.22659153578707
0.382099999999974	0.330830690764975	0.325072283303187	0.22583675866118
0.384099999999974	0.329987783951719	0.324195651248939	0.224971231300376
0.386099999999974	0.329140352310085	0.323316749076807	0.224277978339351
0.388099999999974	0.328262147725633	0.322434645227687	0.223476048235425
0.390099999999973	0.327424684770195	0.321578445761693	0.222704579986976
0.392099999999973	0.326607339099409	0.320709576835677	0.221961870273724
0.394099999999973	0.325827153495914	0.319850039986525	0.221246340443329
0.396099999999973	0.325032568438252	0.318983636455389	0.22053388090349
0.398099999999972	0.324242970806764	0.318146797685289	0.219768028240061
0.400099999999972	0.323450881579948	0.317349251381117	0.21910613417897
0.402099999999972	0.322669020371261	0.316532763642025	0.218369533456705
0.404099999999972	0.321903177209234	0.315714675418666	0.217657761179764
0.406099999999972	0.321126645122412	0.314916068169031	0.216969582823261
0.408099999999971	0.320373308729399	0.314119006470071	0.216283808818106
0.410099999999971	0.319654777015403	0.313334025336849	0.215639810426565
0.412099999999971	0.318940739997415	0.312571721855219	0.21501614639397
0.414099999999971	0.318215012989745	0.311802513725626	0.214304635761613
0.41609999999997	0.317483439866041	0.31107366375274	0.213720546039473
0.41809999999997	0.316780429789127	0.310354371096998	0.213050179825336
0.42009999999997	0.316089595489679	0.309625003336592	0.212417749282966
0.42209999999997	0.315406542697237	0.308872305954845	0.211869337544674
0.42409999999997	0.314733025856682	0.30815494744454	0.211272220856878
0.426099999999969	0.314059840260844	0.307439653068656	0.2105943152455
0.428099999999969	0.313423084274133	0.306753226898165	0.210015126184243
0.430099999999969	0.3127768356676	0.306077927522064	0.209468477663497
0.432099999999969	0.312125857330296	0.305401029490264	0.208843115998163
0.434099999999969	0.311449481153447	0.304723730812165	0.208326967150489
0.436099999999968	0.310806780783656	0.30406224137541	0.207733474033337
0.438099999999968	0.310184332959737	0.303410373279831	0.207229991074082
0.440099999999968	0.309578226194014	0.302757758909421	0.206681350954475
0.442099999999968	0.308993892542151	0.302113171424036	0.2061317677756
0.444099999999967	0.308428154864353	0.301482268798454	0.205610820868815
0.446099999999967	0.307848513504039	0.300871281371592	0.205088339222611
0.448099999999967	0.307273976454819	0.300252059720178	0.204523244450668
0.450099999999967	0.306695233783532	0.299662163057073	0.204026753085588
0.452099999999967	0.306123357674407	0.299062488303281	0.203556100551805
0.454099999999966	0.305550795228993	0.298449961931901	0.20301561658591
0.456099999999966	0.304977540096285	0.297867231506189	0.202501330494963
0.458099999999966	0.304421485922311	0.297288036409214	0.202064702788002
0.460099999999966	0.303882813400451	0.296718121161699	0.201573062922531
0.462099999999965	0.303361389413393	0.296151326881877	0.201079622132272
0.464099999999965	0.302857603569886	0.295596925149438	0.200610027324158
0.466099999999965	0.302346062280268	0.295038072228409	0.200150820084226
0.468099999999965	0.301832205567491	0.29449090085203	0.199701659518943
0.470099999999965	0.301322700372903	0.293962162790104	0.199262219489715
0.472099999999964	0.300814663888909	0.293439612266107	0.198832187823116
0.474099999999964	0.300323810408256	0.29292890480915	0.198411265571394
0.476099999999964	0.299835860566535	0.292406750592069	0.197939617697863
0.478099999999964	0.299359333746554	0.291886434203982	0.197536684542392
0.480099999999963	0.29886665834208	0.291372863677267	0.197083697871112
0.482099999999963	0.298385156202091	0.29086422405152	0.196697650251135
0.484099999999963	0.297922844468874	0.29036810413119	0.196262216379967
0.486099999999963	0.297473124367618	0.289877386222321	0.195835455214185
0.488099999999963	0.29703903528445	0.289404087350207	0.195473135749897
0.490099999999962	0.296588248048376	0.288933400552808	0.195073235685743
0.492099999999962	0.296141184963248	0.288458786530392	0.194670329670325
0.494099999999962	0.295683168062752	0.287994818274861	0.194275141488893
0.496099999999962	0.295244980489914	0.287545635619033	0.193897903077992
0.498099999999961	0.294811203499536	0.287090518954639	0.193517381321082
0.500099999999961	0.294388835297239	0.286640865767933	0.193143945405486
0.502099999999961	0.293966785348459	0.286180461469495	0.192735087535396
0.504099999999961	0.293564877526944	0.285735208275224	0.192375610262817
0.506099999999961	0.293160674044459	0.285298402982637	0.192032528694235
0.50809999999996	0.292750896783348	0.284862183128633	0.191644562334228
0.51009999999996	0.292353370976479	0.284434355521125	0.191304347826102
0.51209999999996	0.291972179257922	0.28401740576777	0.190979704334744
0.51409999999996	0.291575035305172	0.283603594198178	0.190601559783433
0.516099999999959	0.291183875177769	0.283193085600536	0.190288584654776
0.518099999999959	0.290783719271888	0.282775832424728	0.189932132220117
0.520099999999959	0.290381490870641	0.282362985071569	0.189572541995464
0.522099999999959	0.289993458312154	0.281961634091764	0.189276113671269
0.524099999999959	0.289618993548408	0.281569872510088	0.188937020993016
0.526099999999958	0.289251026614856	0.28117967863805	0.188603531300174
0.528099999999958	0.28889002265541	0.280789386864949	0.188275506859588
0.530099999999958	0.288541945681966	0.280408136502375	0.187944085821775
0.532099999999958	0.288202444829819	0.280031735556987	0.187626681407789
0.534099999999958	0.287867194547315	0.279654189926928	0.187314353607837
0.536099999999957	0.287515730546765	0.279277829679388	0.187006981593993
0.538099999999957	0.287176506690479	0.278911616114042	0.186704448342567
0.540099999999957	0.286832903543683	0.278549271776593	0.186406640485554
0.542099999999957	0.286489478872858	0.27819407076306	0.18611344816899
0.544099999999956	0.286150748647328	0.277837580358208	0.185824764917844
0.546099999999956	0.285817595952901	0.27747936858456	0.185540487507095
0.548099999999956	0.285488202742572	0.277124465751415	0.185260515838661
0.550099999999956	0.285148335310359	0.276773674469241	0.184941803032264
0.552099999999956	0.284813895654064	0.276421819453693	0.184670474891304
0.554099999999955	0.284492404380713	0.276081004357467	0.184403165065791
0.556099999999955	0.284178348901084	0.275743503079749	0.184097782258077
0.558099999999955	0.283871510592264	0.275410443464391	0.183838552307897
0.560099999999955	0.283577240877725	0.275087588512013	0.183541683914244
0.562099999999954	0.283286454522142	0.274763510023818	0.183290182057301
0.564099999999954	0.28298293589881	0.274440215913223	0.183001468908124
0.566099999999954	0.282681341525022	0.274116817231103	0.182757363367512
0.568099999999954	0.282383597652479	0.273800676025927	0.182476466328759
0.570099999999954	0.282079340386753	0.273488455760966	0.182239443934001
0.572099999999953	0.281780692819977	0.27317734673554	0.181966042526194
0.574099999999953	0.281490587530467	0.272872233335093	0.18170356945868
0.576099999999953	0.281200378956171	0.272562550029838	0.181476699143082
0.578099999999953	0.280917316611905	0.272253812414795	0.181214052541591
0.580099999999952	0.280638999444367	0.271947320300113	0.180954954259478
0.582099999999952	0.280357794751792	0.27164298603316	0.180699332873257
0.584099999999952	0.280076620402492	0.271346800823532	0.180447118863553
0.586099999999952	0.279798140558344	0.271050416576055	0.180236077481833
0.588099999999952	0.279529503308764	0.270759741566479	0.179990228135446
0.590099999999951	0.279267964744483	0.27047566632242	0.179747591666056
0.592099999999951	0.279010519663719	0.270190094838492	0.179514764801907
0.594099999999951	0.27875097426011	0.269912840408649	0.179278316317136
0.596099999999951	0.278486065830396	0.269633033625471	0.179044898557101
0.59809999999995	0.278222629879126	0.26934912552721	0.178814453622514
0.60009999999995	0.277949789562408	0.269069771266873	0.17858692507956
0.60209999999995	0.27768304012793	0.268792446502414	0.178362257913848
0.60409999999995	0.277428491226118	0.268530023322828	0.17814039848605
0.60609999999995	0.277175157477737	0.268264176613245	0.177921294489188
0.608099999999949	0.276924116714867	0.267996046339541	0.177704894907596
0.610099999999949	0.276678984973402	0.267732291167395	0.177456100382051
0.612099999999949	0.276434571936954	0.267463737235425	0.177245175224702
0.614099999999949	0.2761981584498	0.267200857233422	0.177036806204782
0.616099999999948	0.275969270422942	0.266945188139789	0.176837033212879
0.618099999999948	0.275731809554966	0.266684439173997	0.176633595620927
0.620099999999948	0.275490508685454	0.266425810053582	0.176398571671492
0.622099999999948	0.275256468541893	0.266171831436186	0.176200135226512
0.624099999999948	0.275030201033358	0.265924272010932	0.176004032935648
0.626099999999947	0.274805909436804	0.265682474073505	0.175776812562653
0.628099999999947	0.274572837282025	0.265439027171704	0.175585450921781
0.630099999999947	0.274343440604849	0.265195667383578	0.175396301188893
0.632099999999947	0.274117336633628	0.264952834803381	0.175176489903143
0.634099999999946	0.273884482630941	0.264707868394591	0.174991838067261
0.636099999999946	0.273650314688878	0.264465103178168	0.174809284207099
0.638099999999946	0.273420591823657	0.264225804327842	0.174590878280246
0.640099999999946	0.273195082881491	0.263987321817295	0.17441263320066
0.642099999999946	0.272976519818877	0.263754321467849	0.174204462034417
0.644099999999945	0.272762617196531	0.263524939837686	0.174030343426641
0.646099999999945	0.272552226581535	0.263296049539137	0.173826583756836
0.648099999999945	0.272349697673405	0.26307435529575	0.173656454043187
0.650099999999945	0.272150472429226	0.262855412076391	0.173456963566555
0.652099999999945	0.271952907210877	0.262633369032333	0.173259641060679
0.654099999999944	0.271759220652387	0.262414610951733	0.173089988265095
0.656099999999944	0.271551869827648	0.262191661303833	0.172896765672522
0.658099999999944	0.271351089171755	0.26197414721036	0.172736160332389
0.660099999999944	0.271155912836161	0.261761275811316	0.172546874525187
0.662099999999943	0.270946461043626	0.261542980795529	0.172359591318548
0.664099999999943	0.270741812060779	0.261328176227797	0.172199170124491
0.666099999999943	0.270541574754331	0.261115931661368	0.172015673137329
0.668099999999943	0.270342620771072	0.260902800792469	0.171834087122123
0.670099999999943	0.270147273692023	0.260691033449347	0.171683983068397
0.672099999999942	0.26995753851885	0.260482698399181	0.171500927589161
0.674099999999942	0.269761401614832	0.260272279745681	0.171324778812923
0.676099999999942	0.269561317415967	0.260061229002736	0.171150427001668
0.678099999999942	0.2693657071424	0.259853048950334	0.171001884877475
0.680099999999941	0.269175031905387	0.259648280400296	0.170830929024822
0.682099999999941	0.268989062146054	0.259447614458491	0.170656791824558
0.684099999999941	0.268807397367336	0.259249865824896	0.170489274799358
0.686099999999941	0.268629278731107	0.259054706950303	0.170323424089132
0.688099999999941	0.268455877132871	0.258861669649206	0.170182681974993
0.69009999999994	0.268286177112602	0.258671188636094	0.170019979176622
0.69209999999994	0.268107665354873	0.25847839193176	0.16985411474814
0.69409999999994	0.267928466166219	0.25828623371896	0.16969460543915
0.69609999999994	0.267752108328148	0.258095244874308	0.169531943212076
0.698099999999939	0.267574011663851	0.257905172316376	0.169375534645002
0.700099999999939	0.267393030055527	0.257718097744822	0.169215982424834
0.702099999999939	0.267215085142807	0.257532354125326	0.169057965073387
0.704099999999939	0.267040455178328	0.257348436976938	0.16890605450689
0.706099999999939	0.266869584184311	0.25716664280825	0.168751015104767
0.708099999999938	0.266699544318472	0.256982833199399	0.16860198830725
0.710099999999938	0.266531585759227	0.256800162507529	0.168449843134109
0.712099999999938	0.26636581087253	0.256616966658317	0.168299127278559
0.714099999999938	0.266202698904361	0.256434459612032	0.168149820693328
0.716099999999937	0.266042288043455	0.256254190881709	0.168006345848766
0.718099999999937	0.265873580587212	0.256074617610711	0.167859774713136
0.720099999999937	0.265706591028915	0.255895465612872	0.167714555171338
0.722099999999937	0.265541885879294	0.255716595428891	0.167575038464553
0.724099999999937	0.265384061597366	0.255543740848026	0.167432442956164
0.726099999999936	0.26522886990963	0.255373624548716	0.167291144474026
0.728099999999936	0.265076758972289	0.255204579803915	0.167151125401938
0.730099999999936	0.264924524024695	0.255036140879672	0.167012368441277
0.732099999999936	0.26476542479283	0.254867801990802	0.166874856603878
0.734099999999935	0.264607749009865	0.254699005278987	0.166738573205078
0.736099999999935	0.26445219262338	0.254529667078497	0.166607711354782
0.738099999999935	0.264290473558099	0.254359575129167	0.16644865925442
0.740099999999935	0.264127719230321	0.254190595318574	0.166316053092921
0.742099999999935	0.263968334246867	0.254023167375965	0.166184610781437
0.744099999999934	0.263816144316028	0.253863274326859	0.166054317064702
0.746099999999934	0.263665777375556	0.253703792001051	0.165925156952897
0.748099999999934	0.263516418590114	0.25354341936811	0.165797115715895
0.750099999999934	0.263369962664386	0.253384590045298	0.165645675079645
0.752099999999933	0.263226202638394	0.253227981068967	0.165519933635881
0.754099999999933	0.263083581745031	0.2530699397529	0.16539526747972
0.756099999999933	0.262943244538491	0.252912924267032	0.165271662876761
0.758099999999933	0.262808082070053	0.252760616621947	0.165121040587747
0.760099999999933	0.262674510186062	0.252608802654957	0.164999640210125
0.762099999999932	0.262539492535241	0.252455075915046	0.16487926051545
0.764099999999932	0.262397123921168	0.252300528084736	0.164759888685385
0.766099999999932	0.262258608041048	0.252149787494316	0.164617826097263
0.768099999999932	0.262121350626847	0.251998277930352	0.164500530722968
0.770099999999932	0.261988365183481	0.251850415901446	0.164380343888009
0.772099999999931	0.261852376894669	0.251704016688038	0.164241601946298
0.774099999999931	0.261713193166763	0.251556934516595	0.164127294753525
0.776099999999931	0.261575067050989	0.251409268676636	0.164013921113694
0.778099999999931	0.261440693038601	0.251264276155518	0.16389768237169
0.78009999999993	0.261306932386007	0.251118178905065	0.163763146388059
0.78209999999993	0.261174055340556	0.250972083450929	0.163652616379022
0.78409999999993	0.261032770353553	0.250823957731485	0.163516413276728
0.78609999999993	0.260895230797791	0.25067980744883	0.163407757719074
0.78809999999993	0.260759128648775	0.250535346835798	0.163299968295673
0.790099999999929	0.260624496984434	0.250390182179394	0.163166798240675
0.792099999999929	0.260494943182764	0.250250076435693	0.163060816427407
0.794099999999929	0.260367749961641	0.250112143202454	0.162955669434052
0.796099999999929	0.26024087190602	0.24997265490026	0.162825427960064
0.798099999999928	0.260116174447544	0.249834350214136	0.162722024866792
0.800099999999928	0.259995758089294	0.249699824101633	0.162593714753308
0.802099999999928	0.259877301906193	0.24956689176046	0.162492014187217
0.804099999999928	0.259759651819853	0.249433444519253	0.162365591397857
0.806099999999928	0.259644328034955	0.249300626547645	0.162265553272425
0.808099999999927	0.259524996332949	0.249167731679606	0.162162750691366
0.810099999999927	0.259402229915466	0.249033748056864	0.162042560576159
0.812099999999927	0.259282360554637	0.248901897007127	0.161941395107607
0.814099999999927	0.259165115793066	0.248771825670574	0.161822957030921
0.816099999999926	0.259042206943904	0.248640662116021	0.161723391022745
0.818099999999926	0.258917678702314	0.248508416464182	0.161606665954499
0.820099999999926	0.25879686106151	0.248379120481769	0.161508662892163
0.822099999999926	0.258679615295479	0.248253538638214	0.161393612960692
0.824099999999926	0.258562929376035	0.248127211878538	0.16129713742473
0.826099999999925	0.25844621608894	0.247999635188009	0.161183725874013
0.828099999999925	0.258332183150207	0.247873250971293	0.161088743499404
0.830099999999925	0.258221475240266	0.247750079150544	0.160973571503193
0.832099999999925	0.258110833767422	0.247625757098394	0.160883412085502
0.834099999999924	0.257992605646862	0.247498457406284	0.160769836990343
0.836099999999924	0.257876143859074	0.247373200647818	0.16065709267487
0.838099999999924	0.257763207692625	0.247251243580555	0.160569063844688
0.840099999999924	0.257649840559647	0.247127654436395	0.160457864938056
0.842099999999924	0.257539478916124	0.247006255426069	0.160371187965011
0.844099999999923	0.257431360843979	0.246886423921717	0.160261501802414
0.846099999999923	0.257325240623754	0.246767983582524	0.160172896627289
0.848099999999923	0.257220060285765	0.246649585831343	0.160067941925834
0.850099999999923	0.257118068769712	0.246533654472357	0.159960508553129
0.852099999999922	0.257018550277765	0.246419901723867	0.15987391583682
0.854099999999922	0.25691447476981	0.246305542396826	0.159771126760568
0.856099999999922	0.256806993866824	0.2461886665062	0.159685811686361
0.858099999999922	0.25670093829115	0.246071810783937	0.159581230879263
0.860099999999922	0.256597295436196	0.24595684910067	0.159477382955565
0.862099999999921	0.256489054694492	0.245840133437926	0.159397131640716
0.864099999999921	0.256379670951289	0.245724469133814	0.159294644963442
0.866099999999921	0.256273514903441	0.245611641025253	0.159192869037131
0.868099999999921	0.256169941696828	0.245501034207024	0.159114425723815
0.87009999999992	0.25606802248074	0.245391480757366	0.159013969415159
0.87209999999992	0.255966978342328	0.245281885805702	0.158914202617554
0.87409999999992	0.255867036829242	0.24517221080226	0.158837510386261
0.87609999999992	0.25576838064313	0.245062754151474	0.158739023262986
0.87809999999992	0.255669886272134	0.244952989625828	0.158641205258619
0.880099999999919	0.255572344068305	0.244841851382686	0.158566209521612
0.882099999999919	0.255477010649146	0.244732501639761	0.158469632849143
0.884099999999919	0.255384052314447	0.24462546266753	0.158373705709135
0.886099999999919	0.255293464967483	0.244521128468034	0.158281418643847
0.888099999999919	0.255194652327571	0.244413026585847	0.158205631463734
0.890099999999918	0.255097623837932	0.244306803422165	0.158111539546701
0.892099999999918	0.255002787996015	0.244201403840966	0.158021034476298
0.894099999999918	0.254908716676078	0.244096598142474	0.157946859000701
0.896099999999918	0.254818310027997	0.243994923084359	0.157854548840681
0.898099999999917	0.254729379392205	0.243894655513253	0.157765773792956
0.900099999999917	0.254643347020083	0.243796606759507	0.157674659561877
0.902099999999917	0.254554190804377	0.243697587210568	0.157602581834938
0.904099999999917	0.254461757480381	0.243597520747781	0.157515486847675
0.906099999999917	0.254369758030057	0.243497300845426	0.157426069112103
0.908099999999916	0.25427912109444	0.243397171214217	0.157340103006179
0.910099999999916	0.254187677048413	0.243295767190197	0.157270029673582
0.912099999999916	0.254089533243197	0.243191748398717	0.157185112599129
0.914099999999916	0.253993293817563	0.243089268750553	0.157097894508363
0.916099999999915	0.253898794570286	0.242987995494738	0.157014064190411
0.918099999999915	0.253806341225977	0.242888031508167	0.156927943634638
0.920099999999915	0.253716883740389	0.242791131549298	0.156863096411219
0.922099999999915	0.253628530459487	0.242694841443843	0.156777996070733
0.924099999999915	0.25354184291215	0.242598920426718	0.156696221913619
0.926099999999914	0.253456075568576	0.242503638300776	0.156612178975212
0.928099999999914	0.253371594504907	0.242409063634641	0.15653143190786
0.930099999999914	0.253288541760687	0.242314844706126	0.156448426696775
0.932099999999914	0.253206518865482	0.242221367623921	0.156386270924172
0.934099999999913	0.253126027483477	0.242128678285524	0.156306969569492
0.936099999999913	0.253047498151276	0.242037192291894	0.156225425950203
0.938099999999913	0.252970292804843	0.241946934612204	0.156147105451131
0.940099999999913	0.252894301671053	0.241857305666767	0.156069263768525
0.942099999999913	0.252819358312155	0.241767754669146	0.15599189652486
0.944099999999912	0.252741258247916	0.241678175870319	0.155929570170887
0.946099999999912	0.252662056611521	0.241589755586829	0.155853096065817
0.948099999999912	0.252583895699775	0.24150142986751	0.15577708383378
0.950099999999912	0.252506353302242	0.241413067886772	0.155701529303095
0.952099999999911	0.25243006997474	0.241325383729155	0.155626428352157
0.954099999999911	0.252349786132228	0.241237756767271	0.155551776908695
0.956099999999911	0.252270082763258	0.241150955501917	0.155477570949042
0.958099999999911	0.252191373736303	0.241064935830481	0.155403806497418
0.960099999999911	0.252113333165325	0.240978696264844	0.155330479625202
0.96209999999991	0.252036822570381	0.240893171483349	0.155274389219334
0.96409999999991	0.251960744495581	0.240807356849017	0.15520187636119
0.96609999999991	0.251885006818173	0.240721247611247	0.155129789864036
0.96809999999991	0.251810128643026	0.240635178158274	0.155058125978488
0.970099999999909	0.251729639469659	0.240548479074464	0.154986880999043
0.972099999999909	0.251650997749255	0.240462923688693	0.154918616395944
0.974099999999909	0.251573471259489	0.240377706507443	0.154848189667988
0.976099999999909	0.251496400155559	0.240292334162158	0.15477817104289
0.978099999999909	0.251421609744666	0.240208907486697	0.15471109652003
0.980099999999908	0.251350301421784	0.240129172184014	0.154641875081844
0.982099999999908	0.251278848059922	0.240048681141245	0.154575574088887
0.984099999999908	0.25120816035248	0.239968129961927	0.15450713623123
0.986099999999908	0.251137567442284	0.239886685516236	0.154441595534066
0.988099999999908	0.251068986329304	0.239807013276376	0.154373927958839
0.990099999999907	0.251002344494576	0.239729330402972	0.154309134623148
0.992099999999907	0.250936979064697	0.239652094318357	0.154244706185239
0.994099999999907	0.250872771183371	0.239575969101207	0.154178165714658
0.996099999999907	0.250809656294887	0.239499962875562	0.154114465831459
0.998099999999906	0.250743719544185	0.239424057035302	0.154051121677256
1.00009999999991	0.250675501343012	0.239347166408949	0.153988130280519
1.00209999999991	0.250607471703069	0.239269637689856	0.153925488702722
1.00409999999991	0.25054103316177	0.239193198339319	0.153863194037886
1.00609999999991	0.250476642699895	0.239119115209678	0.153801243412131
1.00809999999991	0.250408011258882	0.23904377536962	0.153742053251089
1.01009999999991	0.25033909219086	0.238968639908736	0.153680774602583
1.0120999999999	0.250270851080093	0.238893238105449	0.153619831606629
1.0140999999999	0.250204341397017	0.238819201761153	0.153561618179551
1.0160999999999	0.250140079144747	0.238747483069571	0.153501330801444
1.0180999999999	0.250076078031472	0.238675638377526	0.153443752813527
1.0200999999999	0.250012406920153	0.238603297322275	0.153384110471242
1.0220999999999	0.249948897465935	0.238529858848047	0.153327157634713
1.0240999999999	0.249886525341864	0.238457220101048	0.15327050997783
1.0260999999999	0.24982549384169	0.238385780214917	0.153214165054213
1.0280999999999	0.249764845314082	0.238313902077023	0.153155774738492
1.0300999999999	0.249705182198804	0.238242463536321	0.15310003513221
1.0320999999999	0.249640916531395	0.238170264759515	0.153046922608169
1.0340999999999	0.249578097517562	0.238099646393137	0.152991764670134
1.0360999999999	0.249517023130043	0.238030865880905	0.152936897617739
1.0380999999999	0.2494557533023	0.237961063892238	0.152882319156002
1.0400999999999	0.249394842365856	0.237891051553663	0.152815255898096
1.0420999999999	0.249336372953997	0.237822991451539	0.152761280428218
1.0440999999999	0.249279049965945	0.237756067015848	0.152709876728358
1.0460999999999	0.249222967810911	0.237690236050672	0.152658739062153
1.0480999999999	0.249167584505953	0.237624281380602	0.1526078653697
1.0500999999999	0.249113059441758	0.237558633496419	0.15255498348264
1.0520999999999	0.249060876271903	0.237495518160978	0.152504638218929
1.0540999999999	0.249007597682069	0.237432427895461	0.152456807852313
1.0560999999999	0.248950582151988	0.23736793823909	0.152406969875948
1.0580999999999	0.248893148995952	0.237302508181302	0.152342656827661
1.0600999999999	0.248836209931957	0.237236646640133	0.152295599794317
1.0620999999999	0.248780811743768	0.237171873421394	0.152246548843758
1.0640999999999	0.248724444870237	0.237106551998263	0.152199970764514
1.0660999999999	0.248663995169124	0.237040042548976	0.152153626315946
1.0680999999999	0.248604313417361	0.236973546689235	0.152107513744658
1.0700999999999	0.248547340556953	0.236910121855956	0.152061631314732
1.0720999999999	0.24849243791856	0.236848427931053	0.152001505108689
1.0740999999999	0.248438812761291	0.236788133035436	0.151956113757765
1.0760999999999	0.24838508190479	0.236726747528877	0.151913134891494
1.0780999999999	0.248331728354354	0.236665069361517	0.151868185540063
1.0800999999999	0.248280083903901	0.236604930495479	0.151825633383014
1.0820999999999	0.248229364113214	0.236545480391701	0.151783289257368
1.0840999999999	0.248179182518535	0.236486008663284	0.151726891595132
1.0860999999999	0.248129053422411	0.23642600400604	0.151684993669719
1.0880999999999	0.248079665989566	0.236366126588079	0.151643299086115
1.0900999999999	0.248031760265464	0.23630736714319	0.151601806367593
1.0920999999999	0.247985157599818	0.236249569933099	0.151562654464816
1.0940999999999	0.247940351015774	0.236194115210514	0.151509601431412
1.0960999999999	0.247895927307663	0.236138324341009	0.151470856934043
1.0980999999999	0.247846509069166	0.236079907444813	0.151432297143822
1.1000999999999	0.247796485591891	0.23602115818508	0.15139392074304
1.1020999999999	0.247747154069964	0.235962794015309	0.151341771445323
1.10409999999989	0.247700012367675	0.23590655474417	0.151305897421621
1.10609999999989	0.247652910144747	0.235849791825846	0.151268090780305
1.10809999999989	0.247606963331606	0.235793786341129	0.15123255781729
1.11009999999989	0.247562458821044	0.235739122537328	0.151183366511839
1.11209999999989	0.247520042008227	0.235686892022858	0.15115028136379
1.11409999999989	0.247476205674751	0.235634071204066	0.151115269770069
1.11609999999989	0.24742911017575	0.235579897888435	0.151082494748825
1.11809999999989	0.247382351950766	0.235525682482741	0.15103410491714
1.12009999999989	0.247337299206606	0.235473226470582	0.151001667167733
1.12209999999989	0.247293205433249	0.235420996764654	0.1509714363624
1.12409999999989	0.247249391547	0.235368678684072	0.150925686613255
1.12609999999989	0.247204459273385	0.23531514054828	0.150895765472316
1.12809999999989	0.247155602192628	0.235260635891956	0.15086393673492
1.13009999999989	0.247107902016382	0.235206526935078	0.150834290346542
1.13209999999989	0.247060945723824	0.235152715670014	0.150793329828396
1.13409999999989	0.24701553477205	0.235100673013893	0.150763974821115
1.13609999999989	0.246970580678297	0.235048616144693	0.150736774297436
1.13809999999989	0.246927232067492	0.234997656761332	0.15069630423139
1.14009999999989	0.246884437671814	0.234946927850411	0.150669374448871
1.14209999999989	0.246843045338697	0.234897572056928	0.15064256385644
1.14409999999989	0.246802742468421	0.234849001027731	0.150604573207234
1.14609999999989	0.246762854631062	0.234800491460728	0.15058002176741
1.14809999999989	0.24672255653197	0.23475079833374	0.150555577628553
1.15009999999989	0.246683751669759	0.234702651639562	0.150518025161227
1.15209999999989	0.246646256210781	0.23465549577487	0.150495806740865
1.15409999999989	0.246609081189958	0.234608158003491	0.150460526315792
1.15609999999989	0.246573617608872	0.234562929735401	0.15043852738827
1.15809999999989	0.246538537692709	0.234517328619858	0.150418593682448
1.16009999999989	0.246504130773913	0.234471930904794	0.150385671329588
1.16209999999989	0.246470009183999	0.234426707710179	0.150365934797075
1.16409999999989	0.246437602355091	0.234382973368546	0.150346282024567
1.16609999999989	0.246403126401283	0.234338001445446	0.150315674608333
1.16809999999989	0.246365775119864	0.234291967319053	0.150298159191084
1.17009999999989	0.246329621849787	0.234247000237307	0.150267780911234
1.17209999999989	0.246295108083687	0.234203449447599	0.150252378554926
1.17409999999989	0.246260623016827	0.234159605700867	0.150222222222225
1.17609999999989	0.246226830411777	0.23411627770296	0.150208909172723
1.17809999999989	0.246190174894983	0.234071933958065	0.150193723860097
1.18009999999989	0.246153438871545	0.234028510782426	0.150167720789699
1.18209999999989	0.246117309058315	0.233985356864524	0.150154600976161
1.18409999999989	0.24608227513939	0.233943326011636	0.150130698119225
1.18609999999989	0.246048559521556	0.233902243640357	0.150119617224883
1.18809999999989	0.246015209625299	0.233861190331224	0.150095881538679
1.19009999999989	0.24598148069436	0.233819183999156	0.150086817657574
1.19209999999989	0.24594916635179	0.233778369181985	0.150065141223646
1.19409999999988	0.245917118278121	0.233737261445542	0.150058069076957
1.19609999999988	0.245885243918943	0.23369601914863	0.150038426165072
1.19809999999988	0.24585517545757	0.233656627615456	0.15003143467874
1.20009999999988	0.245820955858657	0.233615432359272	0.150013804181415
1.20209999999988	0.24578649587923	0.233573589544504	0.150008767315451
1.20409999999988	0.245752922094614	0.233532936551739	0.149991249781247
1.20609999999988	0.245720753850936	0.233493321795679	0.149988147667589
1.20809999999988	0.245688848730095	0.233453607838904	0.149974472960019
1.21009999999988	0.24565813766833	0.233415063572402	0.149973278979865
1.21209999999988	0.245629242818753	0.233378241506524	0.149959684922164
1.21409999999988	0.245600325516456	0.233341275398303	0.14994799920761
1.21609999999988	0.24557209169108	0.23330463535643	0.149948715413802
1.21809999999988	0.245544333466205	0.233268170779686	0.149938943914746
1.22009999999988	0.245517042590256	0.233231546149646	0.149941520467839
1.22209999999988	0.245490722429173	0.233196019587345	0.149933641368465
1.22409999999988	0.245465654178391	0.233161599122685	0.149938057330689
1.22609999999988	0.245440768009577	0.233126771695459	0.149932049414159
1.22809999999988	0.24541635818795	0.233092229585671	0.149926063524267
1.23009999999988	0.245393254712838	0.233058835158251	0.149934127061582
1.23209999999988	0.245369886608452	0.233025000391273	0.149931810433004
1.23409999999988	0.245342243558206	0.23298928102586	0.149929502139246
1.23609999999988	0.245315685369319	0.232954611780661	0.14993933511284
1.23809999999988	0.245289471843052	0.232919685207272	0.149940653537777
1.24009999999988	0.245263675856842	0.232885131879406	0.149940154510177
1.24209999999988	0.245238793619127	0.232851213870691	0.149955345289532
1.24409999999988	0.245214742657993	0.232818072941361	0.149958435237281
1.24609999999988	0.245186672376878	0.232783708969339	0.149961514408046
1.24809999999988	0.245160148486367	0.232750959946899	0.149980189936488
1.25009999999988	0.245133679769091	0.232717776338325	0.149986815926362
1.25209999999988	0.245108030113258	0.232684999024833	0.149993419242137
1.25409999999988	0.245083192262892	0.232652885110915	0.150003583458755
1.25609999999988	0.245060326246996	0.232622712558773	0.15002563827377
1.25809999999988	0.245037458852654	0.232592560608229	0.150035714285715
1.26009999999988	0.24501579046438	0.232563139004918	0.150049323143846
1.26209999999988	0.244993914156434	0.232532895362625	0.150062887111702
1.26409999999988	0.244972493901384	0.232503095241642	0.150090030326005
1.26609999999988	0.244951680291192	0.232473461346917	0.150105258178206
1.26809999999988	0.244931140111933	0.23244377732781	0.15012398157988
1.27009999999988	0.244910948051537	0.232414277680175	0.150142644943768
1.27209999999988	0.244891512798864	0.232385124056416	0.150163015972035
1.27409999999988	0.244872067500287	0.23235541737909	0.150196838827194
1.27609999999988	0.244853639472044	0.232326930766059	0.150220584784342
1.27809999999988	0.244831895267791	0.232297272663713	0.150244256744884
1.28009999999988	0.244811009104857	0.23226879675709	0.150271370420623
1.28209999999988	0.244791008963308	0.23224124777958	0.150298401130536
1.28409999999988	0.244771639590795	0.232213964990055	0.150327102258814
1.28609999999987	0.244752435708725	0.232186595972051	0.150357467222469
1.28809999999987	0.244734313011226	0.232160210671295	0.150389489594234
1.29009999999987	0.244717278980527	0.232134529965878	0.150434772513538
1.29209999999987	0.244701502332118	0.232110570913427	0.15047007407579
1.29409999999987	0.244686656065892	0.232087338238107	0.150507014863174
1.29609999999987	0.244671496451377	0.232063071542691	0.150545589051228
1.29809999999987	0.244657009444702	0.232039593250829	0.150585790962081
1.30009999999987	0.244643080496861	0.232016218232136	0.15062761506276
1.30209999999987	0.244629889118849	0.231993500538219	0.150671055963534
1.30409999999987	0.244614776127116	0.231970440804485	0.150716108416284
1.30609999999987	0.244599101992198	0.23194739151034	0.150762767312923
1.30809999999987	0.244583439498959	0.231924506559681	0.150811027683841
1.31009999999987	0.244568571725029	0.231902150157165	0.150860884696399
1.31209999999987	0.244553653027816	0.231879070555035	0.150914059016542
1.31409999999987	0.244539360434094	0.231856414946277	0.150968817437554
1.31609999999987	0.244525021807364	0.231834073629889	0.151023433491061
1.31809999999987	0.244507496165419	0.231810347016636	0.151069960253737
1.32009999999987	0.244490722557969	0.231787467119375	0.15112946154371
1.32209999999987	0.24447378687173	0.231763685502888	0.151192247833048
1.32409999999987	0.244457884955797	0.231740600356764	0.151254878823635
1.32609999999987	0.244443856163814	0.231719920865912	0.151320784651472
1.32809999999987	0.244430220139275	0.231699374758731	0.151388244349114
1.33009999999987	0.244417519775606	0.231679738911204	0.151458966908962
1.33209999999987	0.244405111357648	0.231659770631464	0.151518231195726
1.33409999999987	0.244392377615261	0.231639269937127	0.151592054952116
1.33609999999987	0.244380424371747	0.231619260331208	0.151669126511111
1.33809999999987	0.244369176952097	0.231599697648341	0.151746024600768
1.34009999999987	0.244359349423573	0.231581714225132	0.151814921816155
1.34209999999987	0.244349944441463	0.231564059840634	0.151898307749314
1.34409999999987	0.24434014287151	0.231545302573038	0.151981514094378
1.34609999999987	0.24433116746826	0.231527406893377	0.152069653302236
1.34809999999987	0.244322406995846	0.231509185546408	0.152146415178818
1.35009999999987	0.244313969786287	0.231491284173449	0.152237604276158
1.35209999999987	0.244306861473206	0.231474600622275	0.152332011394718
1.35409999999987	0.244300541791823	0.231458637559887	0.152415070755766
1.35609999999987	0.244295245174847	0.231443943894479	0.152514215631614
1.35809999999987	0.244289574178895	0.231428326041063	0.152602031723397
1.36009999999987	0.244284190520673	0.23141298794389	0.152705905919268
1.36209999999987	0.244275529988782	0.231396304038592	0.152809588401394
1.36409999999987	0.244267481378936	0.23138022107737	0.152905368628011
1.36609999999987	0.244260892222536	0.231365578756103	0.153015471354681
1.36809999999987	0.24425469019848	0.231351330274548	0.153115990241733
1.37009999999987	0.244248958412551	0.231337283708939	0.15323081014004
1.37209999999987	0.244243585922402	0.231323081275479	0.153336064031168
1.37409999999987	0.244238611914677	0.231309253607046	0.153453901885952
1.37609999999986	0.244235211864722	0.231297213764347	0.153563889165196
1.37809999999986	0.244232109770096	0.2312852047768	0.153677095872856
1.38009999999986	0.244227080492725	0.231273080060515	0.153802860421993
1.38209999999986	0.244221435474989	0.231260495981242	0.153920801032159
1.38409999999986	0.244215970272047	0.231247945540463	0.154051284311665
1.38609999999986	0.244211179543017	0.231235778178528	0.154172264188333
1.38809999999986	0.244206709704077	0.231223803847594	0.15429646665272
1.39009999999986	0.244203579701662	0.231213220054743	0.154433191479995
1.39209999999986	0.244201029212749	0.231203001780698	0.154562138045465
1.39409999999986	0.244198612241273	0.231192824572602	0.15469261349908
1.39609999999986	0.244196736406914	0.231182868848943	0.154837293530146
1.39809999999986	0.24419322298508	0.231171664590714	0.154972524157893
1.40009999999986	0.244188195876077	0.231160435819038	0.15511098931213
1.40209999999986	0.244183439083311	0.23114911200322	0.155250991476578
1.40409999999986	0.244180113696794	0.231139397277987	0.155403481878875
1.40609999999986	0.244177325403817	0.231129976100977	0.155548260013122
1.40809999999986	0.244174303203145	0.231120008141126	0.155694582681633
1.41009999999986	0.244171948178168	0.231110236592741	0.155842452201089
1.41209999999986	0.244170043196849	0.231100902614503	0.155991870984652
1.41409999999986	0.244169493711784	0.231093048803128	0.156144546735241
1.41609999999986	0.244169211283878	0.231085231224668	0.156300484652655
1.41809999999986	0.24417006235589	0.231078588255044	0.156456276253331
1.42009999999986	0.244171449331381	0.231072227114837	0.156626243238502
1.42209999999986	0.24417302090522	0.231066038915999	0.156785157569999
1.42409999999986	0.244174816658913	0.231059556697593	0.156947350069725
1.42609999999986	0.244176631532508	0.231052878824548	0.15711282715954
1.42809999999986	0.244179710382245	0.231047444201034	0.157278170930855
1.43009999999986	0.244182794248612	0.231041850435874	0.157445095009022
1.43209999999986	0.244187241420379	0.231037743637047	0.157615317667524
1.43409999999986	0.244191765735884	0.231033489964337	0.157785414446343
1.43609999999986	0.244196810367074	0.231029768998694	0.157947948600864
1.43809999999986	0.244201873991928	0.231025546445947	0.158122955540811
1.44009999999986	0.244207556800666	0.231021959930114	0.158297844602805
1.44209999999986	0.244214147074239	0.231019098020084	0.15847605808181
1.44409999999986	0.244221308322349	0.231016855950656	0.158654159338143
1.44609999999986	0.244228191394918	0.231014838133609	0.15883559636611
1.44809999999986	0.244232444910614	0.231011386321635	0.159016927083323
1.45009999999986	0.244237279881221	0.231008445031778	0.159199878506487
1.45209999999986	0.244242634175011	0.231005745411256	0.159375338900323
1.45409999999986	0.244248854192754	0.23100405863524	0.159559820024926
1.45609999999986	0.244255592976262	0.23100262178117	0.159747664159193
1.45809999999986	0.244263045122692	0.231002078139933	0.159937147810997
1.46009999999986	0.244270851119942	0.231001512518759	0.16012654113669
1.46209999999986	0.244275562340468	0.23099938767576	0.160306749130756
1.46409999999986	0.244280503120846	0.230997563084094	0.160499442296642
1.46609999999985	0.244285642518504	0.230995830183628	0.160692052012156
1.46809999999985	0.244292341580355	0.230995582023142	0.16087549522633
1.47009999999985	0.244298942385401	0.230995191220991	0.161071428571415
1.47209999999985	0.244306773335847	0.230995961413083	0.161267285593702
1.47409999999985	0.24431492900218	0.23099697246709	0.161453994698964
1.47609999999985	0.244323964552099	0.230998833803617	0.161653200073537
1.47809999999985	0.244332791128738	0.231000184242545	0.161852336509225
1.48009999999985	0.244342212233048	0.231001948637515	0.162040591243783
1.48209999999985	0.244352001690757	0.231003809357438	0.162241345758814
1.48409999999985	0.244362305926281	0.231006242034641	0.162443791075739
1.48609999999985	0.244373284534136	0.231009126396507	0.162635367356189
1.48809999999985	0.244384835068021	0.231012669977692	0.1628394514745
1.49009999999985	0.244396652092104	0.231016225668949	0.16303267352406
1.49209999999985	0.244407759020715	0.231018999475266	0.163238408020381
1.49409999999985	0.24441657187069	0.231020910272809	0.163433287245058
1.49609999999985	0.244425707996006	0.231023059201454	0.163638916490244
1.49809999999985	0.244435851509736	0.231026074857648	0.163835462585973
1.50009999999985	0.24444628081411	0.231029283300275	0.164042759961114
1.50209999999985	0.244457791921112	0.231033560362144	0.164240984668522
1.50409999999985	0.244469578754938	0.231038063799261	0.164449962215249
1.50609999999985	0.244482286252923	0.231043373574028	0.164648100172695
1.50809999999985	0.244495337896127	0.231048885703038	0.164858768038495
1.51009999999985	0.244509252184717	0.231055380033615	0.165058602603105
1.51209999999985	0.244523334514596	0.231061709056744	0.165269189679158
1.51409999999985	0.244538595445525	0.231069391306278	0.165468945573814
1.51609999999985	0.244553623368102	0.231076636866699	0.165681239480371
1.51809999999985	0.244569834575166	0.231084958847723	0.165882708324329
1.52009999999985	0.244586048240099	0.231093224641005	0.16608593404458
1.52209999999985	0.244602686636814	0.231101869885284	0.166298122040393
1.52409999999985	0.244619529383281	0.23111029967197	0.166501283517039
1.52609999999985	0.244637474404396	0.231120077520548	0.166715199361495
1.52809999999985	0.244655670319435	0.231129875527016	0.166920098784588
1.53009999999985	0.244674768219448	0.23114062025453	0.167123169495533
1.53209999999985	0.244694062667631	0.231151355168972	0.167338796635739
1.53409999999985	0.244712296835003	0.231161982962488	0.167543613740738
1.53609999999985	0.244728898756439	0.231171511053586	0.167748404347062
1.53809999999985	0.244746234948126	0.231181724338591	0.167965759996534
1.54009999999985	0.244764043190478	0.231192294295215	0.168170499013602
1.54209999999985	0.244782352259386	0.231203384843519	0.168377026560867
1.54409999999985	0.244800907670866	0.231214319168804	0.168583531846534
1.54609999999985	0.244820372333751	0.231226241719457	0.168800793291496
1.54809999999985	0.244839823878118	0.231237848141355	0.169007253483919
1.55009999999985	0.24485833993621	0.231249369757938	0.16921551510447
1.55209999999985	0.244876091034251	0.231261017665834	0.169432709716338
1.55409999999985	0.244894426848304	0.231273482426641	0.169640932798811
1.55609999999985	0.244913200868076	0.231285888077479	0.169849137931018
1.55809999999984	0.244932932841247	0.231299371185487	0.17005732511528
1.56009999999984	0.244952708688307	0.231312639553354	0.170276269287114
1.56209999999984	0.24497343314048	0.231326978141451	0.170484420118071
1.56409999999984	0.244994242776335	0.231341128316528	0.170692553008085
1.56609999999984	0.2450159014707	0.231356291017537	0.170900667959478
1.56809999999984	0.245037959662605	0.231371637561019	0.171121381554107
1.57009999999984	0.245060981331055	0.231387933700279	0.171331308038679
1.57209999999984	0.245083933136904	0.231403910353925	0.171539373047489
1.57409999999984	0.245107645365182	0.23142078509925	0.171749270194849
1.57609999999984	0.245131294637234	0.231437241525289	0.171959153776535
1.57809999999984	0.245155839922968	0.231454567610124	0.172169023793863
1.58009999999984	0.245180686326045	0.231472149423384	0.172389651235415
1.58209999999984	0.245205807433443	0.231489801907496	0.172599493779939
1.58409999999984	0.245230639788311	0.231506770469385	0.172809322764073
1.58609999999984	0.245256246438491	0.231524638409355	0.173021001615492
1.58809999999984	0.245282040529104	0.23154246475673	0.173230805682083
1.59009999999984	0.245308668959158	0.231561022193291	0.173442464056846
1.59209999999984	0.245335569481062	0.231579923459368	0.173663012341407
1.59409999999984	0.245362813253193	0.231598866083302	0.173874650010752
1.59609999999984	0.245390700740347	0.231618680415978	0.174084403906813
1.59809999999984	0.245416238787095	0.231637438886049	0.174296021105889
1.60009999999984	0.245442186105118	0.231656673465354	0.174507629190115
1.60209999999984	0.245468369100059	0.231675957034896	0.174719228160079
1.60409999999984	0.245495397154352	0.231696119663865	0.174930818016371
1.60609999999984	0.245522508215641	0.231716085619515	0.175142398759579
1.60809999999984	0.245550423913904	0.231736952183859	0.175364737550454
1.61009999999984	0.245578483060036	0.231757857034346	0.175576299837402
1.61209999999984	0.245607276521567	0.231779386897833	0.175787853013043
1.61409999999984	0.245637010222555	0.231801944988404	0.175999397077964
1.61609999999984	0.245667640135028	0.23182564742693	0.176210932032755
1.61809999999984	0.245698279900059	0.231849062330968	0.176422457878004
1.62009999999984	0.245729827007603	0.23187346420281	0.176633974614302
1.62209999999984	0.245761644895551	0.231898165601349	0.176847386099371
1.62409999999984	0.245793902434444	0.231922984023209	0.177058886855403
1.62609999999984	0.245826779362153	0.231948600080717	0.177272286873845
1.62809999999984	0.2458596626983	0.231973937105091	0.177483771651237
1.63009999999984	0.245892365952713	0.231999672943213	0.177695247322228
1.63209999999984	0.245923703840623	0.232025023485443	0.177908629004461
1.63409999999984	0.245956123665173	0.232051417093504	0.178120088699419
1.63609999999984	0.245988536394078	0.232077734318926	0.17834422329625
1.63809999999984	0.24602166162442	0.232104682060097	0.178557588805149
1.64009999999984	0.246055053825216	0.232131772239105	0.178769025424623
1.64209999999984	0.246088735587569	0.23215903990317	0.178982379471044
1.64409999999984	0.246123208887007	0.232187129159577	0.179195728924464
1.64609999999984	0.246157621800659	0.232214871671176	0.17940714270336
1.64809999999983	0.246191400209348	0.232242442281146	0.179620480695732
1.65009999999983	0.246223920659617	0.232269595108417	0.179833814095647
1.65209999999983	0.246257221054365	0.232297567170326	0.180045205037118
1.65409999999983	0.24629021149733	0.232324921516609	0.180258526977412
1.65609999999983	0.24632416799143	0.232353162824287	0.180471844325796
1.65809999999983	0.246358299494344	0.232381580257849	0.180685157082414
1.66009999999983	0.246392884709613	0.232410201388412	0.180898465247415
1.66209999999983	0.246428235499708	0.232439737812331	0.181111768820947
1.66409999999983	0.246464509524228	0.232470180373319	0.181325067803159
1.66609999999983	0.246501293389664	0.232501279230046	0.181536408446142
1.66809999999983	0.246538289259173	0.232532249055579	0.181749695971742
1.67009999999983	0.246576024540304	0.232564039676227	0.181962978906568
1.67209999999983	0.246614052055277	0.23259611776981	0.182176257250765
1.67409999999983	0.2466525663998	0.232628497381461	0.18238953100448
1.67609999999983	0.246691607029805	0.232661500594952	0.182602800167863
1.67809999999983	0.246730718188072	0.232694288147791	0.182816064741061
1.68009999999983	0.246770408026459	0.232727616733378	0.183029324724222
1.68209999999983	0.246810882041172	0.232761809132944	0.183242580117498
1.68409999999983	0.246852020570423	0.232796698825046	0.183457805135251
1.68609999999983	0.246893071509249	0.232831351609454	0.183671053622718
1.68809999999983	0.246934825054829	0.232866599490529	0.183884297520643
1.69009999999983	0.246976859460399	0.232902199767995	0.184086775925707
1.69209999999983	0.247019096045731	0.232937598330668	0.184300010760769
1.69409999999983	0.247061994603284	0.23297379908539	0.18451324100675
1.69609999999983	0.24710502370991	0.233010019228989	0.184726466663779
1.69809999999983	0.2471484293492	0.233046483083592	0.184939687732004
1.70009999999983	0.247192530582376	0.233083769384434	0.185154896538348
1.70209999999983	0.247237399081732	0.23312173137834	0.1853681107022
1.70409999999983	0.247282872519593	0.233160545145151	0.185581320277595
1.70609999999983	0.247328464946628	0.23319924350471	0.18579452526468
1.70809999999983	0.247374741716614	0.233238661071743	0.186007725663603
1.71009999999983	0.247421368656557	0.233278356903601	0.18622292520738
1.71209999999983	0.247468029191462	0.233318039962564	0.186436118702773
1.71409999999983	0.247515497305652	0.233358437683123	0.18664930761035
1.71609999999983	0.247561221845099	0.233398023187055	0.186862491930259
1.71809999999983	0.247607150433057	0.233438157674105	0.187077684527634
1.72009999999983	0.247653836752597	0.233479189994391	0.187290861944656
1.72209999999983	0.24770119222591	0.233520932385521	0.187504034774357
1.72409999999983	0.247748701509266	0.233562781147565	0.187706443734313
1.72609999999983	0.247796412430664	0.233604472541473	0.187921629385734
1.72809999999983	0.247844702536664	0.233646937851653	0.188134790841779
1.73009999999983	0.247893196447589	0.233689374772136	0.188347947710993
1.73209999999983	0.247942017727347	0.233732053193661	0.188563128732027
1.73409999999983	0.247991639157199	0.233775582362878	0.188776278699441
1.73609999999983	0.248041708997679	0.233819675704349	0.188989424080371
1.73809999999983	0.248092420370638	0.233864367442221	0.189204600471217
1.74009999999982	0.24814115933535	0.233908192248747	0.189417738950792
1.74209999999982	0.248190561495979	0.23395273348872	0.189630872844229
1.74409999999982	0.24824052755821	0.233997980288352	0.189846044605087
1.74609999999982	0.248290625397773	0.234043115836126	0.190048413125317
1.74809999999982	0.248341464440811	0.234089005486681	0.190261535647796
1.75009999999982	0.248392566152997	0.234135151178639	0.190476702778865
1.75209999999982	0.248443787480244	0.234181176001407	0.190689818400876
1.75409999999982	0.248495586418548	0.234227819940431	0.190902929437442
1.75609999999982	0.248548175785612	0.234275238651233	0.191118091938918
1.75809999999982	0.248601366145264	0.234323398436195	0.191331196075459
1.76009999999982	0.2486549178974	0.234371844973153	0.191546356262218
1.76209999999982	0.248708853104026	0.234420583135678	0.191759453498986
1.76409999999982	0.248763353966285	0.234469873175291	0.191961788372975
1.76609999999982	0.248817909680813	0.234519080689234	0.192176943930443
1.76809999999982	0.248872897821135	0.234568713797431	0.192390029798705
1.77009999999982	0.248928608912147	0.234619069449431	0.192605183041602
1.77209999999982	0.248982852221609	0.23466877270878	0.192818262010781
1.77409999999982	0.24903712662607	0.234718818191154	0.193033412939158
1.77609999999982	0.249091984852466	0.234769455490536	0.193246485009501
1.77809999999982	0.24914734844889	0.234820603168367	0.193459552495678
1.78009999999982	0.24920356843795	0.234872675285323	0.193663941480187
1.78209999999982	0.249259847071736	0.234924796867878	0.193877002183692
1.78409999999982	0.24931673952306	0.234977336442537	0.194092146168804
1.78609999999982	0.249374457872402	0.235030819543618	0.194305199974164
1.78809999999982	0.249432029378696	0.235084093053354	0.194520341644954
1.79009999999982	0.249490169679834	0.235137756751964	0.194733388552415
1.79209999999982	0.249548974249767	0.23519214216611	0.194948527908934
1.79409999999982	0.249608382358797	0.235247246367563	0.195161567918745
1.79609999999982	0.249668626422176	0.235303206402853	0.195363846608923
1.79809999999982	0.24972958742913	0.235360072680875	0.195578981337043
1.80009999999982	0.249791047252506	0.235417375567276	0.195792009982124
1.80209999999982	0.249853200625834	0.235475445312947	0.196007142396125
1.80409999999982	0.249915322201618	0.235533311493585	0.196220164144247
1.80609999999982	0.249977745623907	0.235591449124404	0.196435294244175
1.80809999999982	0.250040726984174	0.235650087972023	0.196648309095583
1.81009999999982	0.250103750962261	0.235708609082663	0.196852680492193
1.81209999999982	0.250167106544831	0.235767424093483	0.197065688562835
1.81409999999982	0.250231204827586	0.235827009018528	0.197280814034766
1.81609999999982	0.250295732809888	0.235887002266353	0.197493815209188
1.81809999999982	0.250360674370211	0.23594748719712	0.197708938367195
1.82009999999982	0.25042614607836	0.236008446426021	0.197921932645644
1.82209999999982	0.250492182454609	0.236070008661495	0.198126297447571
1.82409999999982	0.25055877924704	0.236132193778883	0.198339284945985
1.82609999999982	0.250625631943442	0.236194600009111	0.198554403476296
1.82809999999982	0.250692659782317	0.236256933156826	0.198767384079229
1.83009999999981	0.250760316152207	0.236320019151912	0.198982500295765
1.83209999999981	0.250828608248898	0.236383815639133	0.199195474003465
1.83409999999981	0.250896849237304	0.236447378465292	0.199399832211136
1.83609999999981	0.250965726154494	0.236511630118432	0.199612799139534
1.83809999999981	0.251035184327984	0.236576520056399	0.199827910728671
1.84009999999981	0.251105115349552	0.236641920311302	0.200040870762327
1.84209999999981	0.251175738316037	0.236708015883912	0.200255980037839
1.84409999999981	0.251245469011803	0.23677394592064	0.200468933177002
1.84609999999981	0.251314958269154	0.236839965950625	0.200673284790842
1.84809999999981	0.251385009198055	0.236906630454028	0.200886231151435
1.85009999999981	0.251455371211276	0.23697365980992	0.201101335799846
1.85209999999981	0.251526042753092	0.237040754141537	0.201314275266438
1.85409999999981	0.251597310781317	0.23710862055213	0.201529377601374
1.85609999999981	0.251668954396116	0.237176797893912	0.201731555173139
1.85809999999981	0.251741214489721	0.237245653574834	0.201946655194645
1.86009999999981	0.251814067910182	0.237315105653018	0.202161755216155
1.86209999999981	0.251887514840919	0.237385230283001	0.202374678697778
1.86409999999981	0.251961482236152	0.237455850977014	0.202589776405912
1.86609999999981	0.252035914960974	0.237526989571536	0.202802692994323
1.86809999999981	0.252110253400259	0.237598330930794	0.20300703361939
1.87009999999981	0.252183540951704	0.237669278954375	0.203219943430499
1.87209999999981	0.2522575695536	0.237741043767785	0.20343503651203
1.87409999999981	0.25233227168807	0.237813579826026	0.203647939430419
1.87609999999981	0.252407085300815	0.237886141294118	0.203863030198723
1.87809999999981	0.252482385632396	0.237959116730739	0.204065171801883
1.88009999999981	0.252558315340932	0.238032757793116	0.20428026025701
1.88209999999981	0.252634873681109	0.238107040956869	0.204493149506357
1.88409999999981	0.252712062987926	0.238182042246187	0.204708235648357
1.88609999999981	0.252789810518897	0.238257707256845	0.204923321790356
1.88809999999981	0.252868126394887	0.238333955620391	0.205125447643198
1.89009999999981	0.252946941969746	0.23841071583592	0.205340531472121
1.89209999999981	0.253026516526268	0.238488332167813	0.205553404740376
1.89409999999981	0.253106505505971	0.238566411077179	0.20576848625627
1.89609999999981	0.253186737341905	0.238644618350668	0.205981352633086
1.89809999999981	0.253267484925752	0.238723295337846	0.206185677875857
1.90009999999981	0.253348739153842	0.238802570472999	0.206398537477127
1.90209999999981	0.253430125138989	0.238881845182899	0.206613614367116
1.90409999999981	0.253511868357808	0.238961440464644	0.206826467077438
1.90609999999981	0.253594218140336	0.239041688074765	0.207030787925692
1.90809999999981	0.253676987320121	0.239122415437722	0.207245862502802
1.91009999999981	0.253760351686348	0.239203735241511	0.207458706125237
1.91209999999981	0.253844285246201	0.239285657307655	0.207673778389518
1.91409999999981	0.253928813476525	0.239368219346744	0.207886615121547
1.91609999999981	0.254013860413105	0.239451381201124	0.208090931575474
1.91809999999981	0.254099376729859	0.239535052452203	0.208303761532981
1.9200999999998	0.254185346012518	0.239619209931499	0.208518829171754
1.9220999999998	0.25427144443726	0.239703441600786	0.208731652239347
1.9240999999998	0.254357963501813	0.239787962277362	0.208935964299135
1.9260999999998	0.254445075222695	0.239873193518476	0.209151029625228
1.9280999999998	0.254532796849736	0.239959094006789	0.209363843606156
1.9300999999998	0.254619543678162	0.240044645451162	0.209578906619618
1.9320999999998	0.254706387886481	0.240130552438299	0.209791713711174
1.9340999999998	0.254793794803174	0.240217113267598	0.209996021377013
1.9360999999998	0.254881673556955	0.240304199446509	0.210208821695069
1.9380999999998	0.254970123416556	0.240391865279818	0.210423880083422
1.9400999999998	0.255059194106057	0.240480204240038	0.210636673512597
1.9420999999998	0.255148867472516	0.240569234664004	0.210840976784675
1.9440999999998	0.255239053829675	0.240658851838081	0.211056032860547
1.9460999999998	0.255329910300468	0.240749171212739	0.21126881720428
1.9480999999998	0.255421401606477	0.240840186910163	0.211483870967721
1.9500999999998	0.255513273241346	0.240931625578791	0.211685895850561
1.9520999999998	0.255605265359059	0.241023078241898	0.211900947301621
1.9540999999998	0.255697826150843	0.241115137965777	0.212113717984538
1.9560999999998	0.25579096217065	0.241207773593125	0.212328767123266
1.9580999999998	0.255884488113028	0.241300871999309	0.212530778577014
1.9600999999998	0.255978691523293	0.241394672177358	0.21274582540346
1.9620999999998	0.25607342750354	0.241489075047659	0.212960872229907
1.9640999999998	0.256168708776351	0.24158407812897	0.213173626940755
1.9660999999998	0.256264483402856	0.241679650842492	0.21337791922928
1.9680999999998	0.256360879095618	0.241775890955244	0.21359066716841
1.9700999999998	0.256457737655884	0.241872637664937	0.213805709370442
1.9720999999998	0.256555096364424	0.241969965467313	0.214018450422532
1.9740999999998	0.256653116999147	0.242067980459417	0.214222738317936
1.9760999999998	0.256751562756729	0.242166511845182	0.214437778207836
1.9780999999998	0.256850601843953	0.242265676167558	0.214650510176632
1.9800999999998	0.256950169716585	0.242365403994125	0.214865547754448
1.9820999999998	0.257050010591796	0.242465434949223	0.215067521073434
1.9840999999998	0.257150265354842	0.242565808820845	0.215282556339218
1.9860999999998	0.257251162236498	0.242666950148065	0.215495274650819
1.9880999999998	0.257352607346815	0.242768745978765	0.215710307604619
1.9900999999998	0.257454545421481	0.242871038655199	0.215914588910729
1.9920999999998	0.257557000149892	0.242973942834161	0.216127298139963
1.9940999999998	0.257660084448037	0.24307751949707	0.21634232878183
1.9960999999998	0.257763644909633	0.243181611674293	0.216555031125329
1.9980999999998	0.257867703037924	0.243286309801592	0.216759308038812
