t	La
0	0	0
0.002	0	0
0.0041	2.03893141077457	3.48096
0.006	2.06823170401155	3.48123
0.00800000000000001	2.12041119853374	3.48188
0.0101	2.19760247873688	3.48324
0.0121	2.29079751197499	3.48528
0.0141	2.40125858192884	3.48832
0.0161	2.52697490316018	3.49259
0.0180999999999999	2.66598313130649	3.49835
0.0200999999999999	2.81646596041535	3.50588
0.0220999999999999	2.9768024831941	3.51546
0.0240999999999999	3.14558330624857	3.52739
0.0260999999999999	3.32160360831733	3.54197
0.0280999999999999	3.50384451960521	3.55954
0.0300999999999999	3.69144981819527	3.58043
0.0320999999999999	3.88370211476693	3.60499
0.0341	4.0800007119655	3.63357
0.036	4.26977269162093	3.66305
0.0380000000000001	4.47258676962127	3.70032
0.0400000000000001	4.67818048139481	3.74272000000001
0.0420000000000002	4.88624974695272	3.79067000000001
0.0440000000000002	5.09653637106572	3.84457000000001
0.0460000000000003	5.30882018770683	3.90485000000002
0.0480000000000003	5.52291263839253	3.97194000000002
0.0500000000000004	5.7386515218322	4.04629000000003
0.0520000000000005	5.95589669547484	4.12835000000004
0.0540000000000005	6.17452654871893	4.21860000000005
0.0560000000000006	6.39443510127756	4.31751000000006
0.0580000000000006	6.61552960834785	4.42557000000007
0.0600000000000007	6.83772857729766	4.54327000000009
0.0620000000000007	7.06096011925652	4.6711200000001
0.0640000000000008	7.28516057400559	4.80964000000012
0.0660000000000009	7.51027335857707	4.95935000000013
0.0680000000000009	7.73624799957158	5.12080000000015
0.070000000000001	7.96303931686726	5.29453000000017
0.072000000000001	8.19060673251903	5.4810900000002
0.0740000000000011	8.51836916319019	5.68106000000023
0.0760000000000012	9.13580282739944	5.89501000000026
0.0780000000000012	9.7418269029458	6.12353000000029
0.0800000000000013	10.3396467778655	6.58791000000032
0.0820000000000013	10.9318260425199	7.10762000000036
0.0840000000000014	11.5204707737123	7.66014000000039
0.0860000000000014	12.1073523059481	8.24670000000044
0.0880000000000015	12.6939918491578	8.86860000000048
0.0900000000000016	13.2817205151387	9.52712000000053
0.0920000000000016	13.8717229702479	10.2235700000006
0.0940000000000017	14.4650698775076	10.9592700000006
0.0960000000000017	15.0627424752424	11.7355900000007
0.0980000000000018	15.6578755902975	12.5538900000007
0.100000000000002	15.6578755902975	13.4155600000008
0.102000000000002	15.6578755902975	14.3220100000009
0.104000000000002	15.6578755902975	15.274670000001
0.106000000000002	15.6578755902975	16.274990000001
0.108000000000002	15.6578755902975	17.3244200000011
0.110000000000002	15.6578755902975	18.4244700000012
0.112000000000002	31.315751180595	19.5766300000013
0.114000000000002	31.315751180595	20.7824300000014
0.116000000000002	31.315751180595	22.0434300000015
0.118000000000002	31.315751180595	23.3611700000016
0.120000000000002	31.315751180595	24.7372500000017
0.122000000000002	31.315751180595	26.1732800000018
0.124000000000003	31.315751180595	27.6708700000019
0.126000000000002	31.315751180595	29.231660000002
0.128000000000002	31.315751180595	30.8573200000018
0.130000000000002	46.9736267708925	32.5495300000017
0.132000000000002	46.9736267708925	34.3099900000016
0.134000000000002	46.9736267708925	36.1404100000015
0.136000000000001	46.9736267708925	38.0425300000013
0.138000000000001	46.9736267708925	40.0181200000011
0.140000000000001	46.9736267708925	42.0689300000009
0.142000000000001	46.9736267708925	44.1967700000007
0.144	46.9736267708925	46.4034300000005
0.146	46.9736267708925	48.6907500000003
0.148	46.9736267708925	51.06058
0.1501	62.63150236119	53.6397099999997
0.1521	62.63150236119	56.1844899999994
0.154099999999999	62.63150236119	58.8174799999991
0.156099999999999	78.2893779514875	61.5405999999988
0.158099999999999	78.2893779514875	64.3557499999985
0.160099999999999	78.2893779514875	67.2648799999981
0.162099999999998	78.2893779514875	70.2699299999977
0.164099999999998	78.2893779514875	73.3728399999972
0.166099999999998	78.2893779514875	76.5755799999968
0.168099999999998	93.947253541785	79.8801099999964
0.170099999999998	93.947253541785	83.2884199999959
0.172099999999997	93.947253541785	86.8024899999953
0.174099999999997	93.947253541785	90.4242799999947
0.176099999999997	93.947253541785	94.1557899999941
0.178099999999997	109.605129132083	97.9989799999936
0.180099999999996	125.26300472238	101.955839999993
0.182099999999996	125.26300472238	106.028319999992
0.184099999999996	125.26300472238	110.218359999992
0.186099999999996	125.26300472238	114.527909999991
0.188099999999996	125.26300472238	118.95886999999
0.190099999999995	125.26300472238	123.513129999989
0.192099999999995	140.920880312678	128.192539999989
0.194099999999995	140.920880312678	132.998909999988
0.196099999999995	156.578755902975	137.934019999987
0.198099999999995	156.578755902975	142.999599999986
0.200099999999994	172.236631493273	148.197309999985
0.202099999999994	172.236631493273	153.528739999984
0.204099999999994	172.236631493273	158.995439999983
0.206099999999994	172.236631493273	164.598839999982
0.208099999999993	187.89450708357	170.340289999981
0.210099999999993	187.89450708357	176.22103999998
0.212099999999993	203.552382673868	182.242229999979
0.214099999999993	203.552382673868	188.404839999977
0.216099999999993	219.210258264165	194.709749999976
0.218099999999992	219.210258264165	201.157659999975
0.220099999999992	219.210258264165	207.749119999974
0.222099999999992	234.868133854463	214.484469999972
0.224099999999992	250.52600944476	221.363889999971
0.226099999999991	250.52600944476	228.38729999997
0.228099999999991	250.52600944476	235.554419999968
0.230099999999991	266.183885035058	242.864709999967
0.232099999999991	266.183885035058	250.317379999965
0.234099999999991	281.841760625355	257.911349999964
0.23609999999999	297.499636215653	265.645219999962
0.23809999999999	297.499636215653	273.517329999961
0.24009999999999	297.499636215653	281.525649999959
0.24209999999999	313.15751180595	289.667809999958
0.244099999999989	328.815387396248	297.941119999956
0.246099999999989	344.473262986545	306.342499999954
0.248099999999989	344.473262986545	314.868499999953
0.250099999999989	344.473262986545	323.515289999951
0.252099999999989	360.131138576843	332.27867999995
0.254099999999988	375.78901416714	341.154069999948
0.256099999999988	391.446889757437	350.136479999946
0.258099999999988	391.446889757437	359.220589999945
0.260099999999988	407.104765347735	368.400679999943
0.262099999999987	422.762640938032	377.670709999942
0.264099999999987	422.762640938032	387.02427999994
0.266099999999987	438.420516528329	396.454699999938
0.268099999999987	438.420516528329	405.954999999937
0.270099999999987	454.078392118627	415.517949999936
0.272099999999986	469.736267708924	425.136109999934
0.274099999999986	469.736267708924	434.801839999933
0.276099999999986	485.394143299222	444.507369999931
0.278099999999986	501.052018889519	454.24483999993
0.280099999999985	516.709894479816	464.006299999929
0.282099999999985	516.709894479816	473.783819999928
0.284099999999985	516.709894479816	483.569479999927
0.286099999999985	548.025645660411	493.355449999926
0.288099999999985	548.025645660411	503.134009999925
0.290099999999984	563.683521250709	512.897599999924
0.292099999999984	563.683521250709	522.638869999923
0.294099999999984	594.999272431303	532.350699999922
0.296099999999984	594.999272431303	542.026229999922
0.298099999999983	594.999272431303	551.658909999921
0.300099999999983	610.657148021601	561.24252999992
0.302099999999983	626.315023611898	570.77120999992
0.304099999999983	641.972899202196	580.239419999919
0.306099999999983	641.972899202196	589.642039999919
0.308099999999982	641.972899202196	598.974319999918
0.310099999999982	673.28865038279	608.231899999918
0.312099999999982	673.28865038279	617.410809999918
0.314099999999982	688.946525973088	626.507459999917
0.316099999999982	688.946525973088	635.518669999917
0.318099999999981	704.604401563385	644.441619999917
0.320099999999981	720.262277153683	653.273849999917
0.322099999999981	720.262277153683	662.013239999917
0.324099999999981	735.92015274398	670.658029999917
0.32609999999998	735.92015274398	679.206769999917
0.32809999999998	751.578028334277	687.658309999917
0.33009999999998	767.235903924575	696.011759999917
0.33209999999998	767.235903924575	704.266539999917
0.33409999999998	782.893779514872	712.422289999917
0.336099999999979	782.893779514872	720.478859999917
0.338099999999979	798.55165510517	728.436359999917
0.340099999999979	814.209530695467	736.295029999917
0.342099999999979	814.209530695467	744.055339999918
0.344099999999978	814.209530695467	751.717869999918
0.346099999999978	829.867406285764	759.283369999918
0.348099999999978	845.525281876062	766.752719999918
0.350099999999978	845.525281876062	774.126869999919
0.352099999999978	861.183157466359	781.406929999918
0.354099999999977	861.183157466359	788.594029999919
0.356099999999977	861.183157466359	795.689429999919
0.358099999999977	876.841033056656	802.69441999992
0.360099999999977	892.498908646954	809.61034999992
0.362099999999976	892.498908646954	816.43861999992
0.364099999999976	892.498908646954	823.18064999992
0.366099999999976	908.156784237251	829.837899999921
0.368099999999976	908.156784237251	836.411859999921
0.370099999999976	923.814659827549	842.904009999921
0.372099999999975	939.472535417846	849.315859999922
0.374099999999975	939.472535417846	855.648919999922
0.376099999999975	939.472535417846	861.904689999922
0.378099999999975	939.472535417846	868.084669999922
0.380099999999974	955.130411008143	874.190349999922
0.382099999999974	955.130411008143	880.223219999923
0.384099999999974	970.788286598441	886.184749999923
0.386099999999974	970.788286598441	892.076379999923
0.388099999999974	986.446162188738	897.899559999924
0.390099999999973	986.446162188738	903.655679999924
0.392099999999973	986.446162188738	909.346159999924
0.394099999999973	986.446162188738	914.972359999924
0.396099999999973	1002.10403777904	920.535619999924
0.398099999999972	1017.76191336933	926.037259999925
0.400099999999972	1017.76191336933	931.478579999925
0.402099999999972	1017.76191336933	936.860859999925
0.404099999999972	1033.41978895963	942.185339999925
0.406099999999972	1033.41978895963	947.453239999925
0.408099999999971	1033.41978895963	952.665739999926
0.410099999999971	1033.41978895963	957.824019999926
0.412099999999971	1049.07766454993	962.929219999926
0.414099999999971	1064.73554014023	967.982449999926
0.41609999999997	1064.73554014023	972.984799999927
0.41809999999997	1064.73554014023	977.937319999927
0.42009999999997	1064.73554014023	982.841069999927
0.42209999999997	1064.73554014023	987.697039999927
0.42409999999997	1080.39341573052	992.506239999927
0.426099999999969	1080.39341573052	997.269609999927
0.428099999999969	1080.39341573052	1001.98809999993
0.430099999999969	1096.05129132082	1006.66262999993
0.432099999999969	1111.70916691112	1011.29407999993
0.434099999999969	1111.70916691112	1015.88333999993
0.436099999999968	1111.70916691112	1020.43123999993
0.438099999999968	1111.70916691112	1024.93860999993
0.440099999999968	1111.70916691112	1029.40626999993
0.442099999999968	1111.70916691112	1033.83498999993
0.444099999999967	1127.36704250141	1038.22554999993
0.446099999999967	1127.36704250141	1042.57867999993
0.448099999999967	1143.02491809171	1046.89511999993
0.450099999999967	1143.02491809171	1051.17556999993
0.452099999999967	1143.02491809171	1055.42072999993
0.454099999999966	1158.68279368201	1059.63125999993
0.456099999999966	1158.68279368201	1063.80782999993
0.458099999999966	1158.68279368201	1067.95107999993
0.460099999999966	1158.68279368201	1072.06161999993
0.462099999999965	1158.68279368201	1076.14005999993
0.464099999999965	1158.68279368201	1080.18699999993
0.466099999999965	1174.34066927231	1084.20300999993
0.468099999999965	1174.34066927231	1088.18865999993
0.470099999999965	1189.9985448626	1092.14449999993
0.472099999999964	1189.9985448626	1096.07104999993
0.474099999999964	1189.9985448626	1099.96884999993
0.476099999999964	1189.9985448626	1103.83838999993
0.478099999999964	1197.82748265775	1107.68018999993
0.480099999999963	1205.6564204529	1111.49470999993
0.482099999999963	1205.6564204529	1115.28243999993
0.484099999999963	1205.6564204529	1119.04382999993
0.486099999999963	1205.6564204529	1122.77933999993
0.488099999999963	1221.3142960432	1126.48939999993
0.490099999999962	1221.3142960432	1130.17443999993
0.492099999999962	1236.9721716335	1133.83486999993
0.494099999999962	1236.9721716335	1137.47110999993
0.496099999999962	1236.9721716335	1141.08355999993
0.498099999999961	1236.9721716335	1144.67258999993
0.500099999999961	1236.9721716335	1148.23859999993
0.502099999999961	1236.9721716335	1151.78195999993
0.504099999999961	1236.9721716335	1155.30300999993
0.506099999999961	1252.63004722379	1158.80212999993
0.50809999999996	1252.63004722379	1162.27964999993
0.51009999999996	1252.63004722379	1165.73590999993
0.51209999999996	1252.63004722379	1169.17123999993
0.51409999999996	1268.28792281409	1172.58596999993
0.516099999999959	1268.28792281409	1175.98039999993
0.518099999999959	1283.94579840439	1179.35484999993
0.520099999999959	1283.94579840439	1182.70960999993
0.522099999999959	1283.94579840439	1186.04498999993
0.524099999999959	1283.94579840439	1189.36125999993
0.526099999999958	1283.94579840439	1192.65871999993
0.528099999999958	1283.94579840439	1195.93762999993
0.530099999999958	1283.94579840439	1199.19826999993
0.532099999999958	1283.94579840439	1202.44088999993
0.534099999999958	1299.60367399469	1205.66575999993
0.536099999999957	1299.60367399469	1208.87312999993
0.538099999999957	1299.60367399469	1212.06323999993
0.540099999999957	1315.26154958499	1215.23633999993
0.542099999999957	1315.26154958499	1218.39265999993
0.544099999999956	1315.26154958499	1221.53242999993
0.546099999999956	1315.26154958499	1224.65587999993
0.548099999999956	1330.91942517528	1227.76322999993
0.550099999999956	1330.91942517528	1230.85470999993
0.552099999999956	1330.91942517528	1233.93050999993
0.554099999999955	1330.91942517528	1236.99085999993
0.556099999999955	1330.91942517528	1240.03594999993
0.558099999999955	1330.91942517528	1243.06597999993
0.560099999999955	1330.91942517528	1246.08114999993
0.562099999999954	1330.91942517528	1249.08165999993
0.564099999999954	1346.57730076558	1252.06767999993
0.566099999999954	1346.57730076558	1255.03940999993
0.568099999999954	1362.23517635588	1257.99702999993
0.570099999999954	1362.23517635588	1260.94070999993
0.572099999999953	1362.23517635588	1263.87061999993
0.574099999999953	1362.23517635588	1266.78693999993
0.576099999999953	1362.23517635588	1269.68983999993
0.578099999999953	1362.23517635588	1272.57946999993
0.580099999999952	1362.23517635588	1275.45600999993
0.582099999999952	1377.89305194618	1278.31959999993
0.584099999999952	1377.89305194618	1281.17039999993
0.586099999999952	1377.89305194618	1284.00855999993
0.588099999999952	1377.89305194618	1286.83423999993
0.590099999999951	1377.89305194618	1289.64756999993
0.592099999999951	1377.89305194618	1292.44870999993
0.594099999999951	1393.55092753648	1295.23778999993
0.596099999999951	1393.55092753648	1298.01494999993
0.59809999999995	1393.55092753648	1300.78032999993
0.60009999999995	1409.20880312677	1303.53404999993
0.60209999999995	1409.20880312677	1306.27625999993
0.60409999999995	1409.20880312677	1309.00707999993
0.60609999999995	1409.20880312677	1311.72662999993
0.608099999999949	1409.20880312677	1314.43503999993
0.610099999999949	1409.20880312677	1317.13242999993
0.612099999999949	1409.20880312677	1319.81892999993
0.614099999999949	1409.20880312677	1322.49463999993
0.616099999999948	1409.20880312677	1325.15968999993
0.618099999999948	1424.86667871707	1327.81417999993
0.620099999999948	1424.86667871707	1330.45822999993
0.622099999999948	1424.86667871707	1333.09194999993
0.624099999999948	1424.86667871707	1335.71544999993
0.626099999999947	1440.52455430737	1338.32882999993
0.628099999999947	1440.52455430737	1340.93219999993
0.630099999999947	1440.52455430737	1343.52564999993
0.632099999999947	1440.52455430737	1346.10929999993
0.634099999999946	1456.18242989767	1348.68322999993
0.636099999999946	1456.18242989767	1351.24754999993
0.638099999999946	1456.18242989767	1353.80234999993
0.640099999999946	1456.18242989767	1356.34771999993
0.642099999999946	1456.18242989767	1358.88376999993
0.644099999999945	1456.18242989767	1361.41056999993
0.646099999999945	1456.18242989767	1363.92821999993
0.648099999999945	1456.18242989767	1366.43680999993
0.650099999999945	1456.18242989767	1368.93641999993
0.652099999999945	1456.18242989767	1371.42713999993
0.654099999999944	1471.84030548797	1373.90904999993
0.656099999999944	1471.84030548797	1376.38223999993
0.658099999999944	1471.84030548797	1378.84678999993
0.660099999999944	1471.84030548797	1381.30276999993
0.662099999999943	1487.49818107826	1383.75026999993
0.664099999999943	1487.49818107826	1386.18936999993
0.666099999999943	1487.49818107826	1388.62012999993
0.668099999999943	1487.49818107826	1391.04263999993
0.670099999999943	1487.49818107826	1393.45696999993
0.672099999999942	1487.49818107826	1395.86318999993
0.674099999999942	1503.15605666856	1398.26136999993
0.676099999999942	1503.15605666856	1400.65158999993
0.678099999999942	1503.15605666856	1403.03390999993
0.680099999999941	1503.15605666856	1405.40840999993
0.682099999999941	1503.15605666856	1407.77514999993
0.684099999999941	1503.15605666856	1410.13418999993
0.686099999999941	1503.15605666856	1412.48560999993
0.688099999999941	1503.15605666856	1414.82945999993
0.69009999999994	1503.15605666856	1417.16581999993
0.69209999999994	1518.81393225886	1419.49472999993
0.69409999999994	1518.81393225886	1421.81627999993
0.69609999999994	1518.81393225886	1424.13050999993
0.698099999999939	1534.47180784916	1426.43747999993
0.700099999999939	1534.47180784916	1428.73726999993
0.702099999999939	1534.47180784916	1431.02990999993
0.704099999999939	1534.47180784916	1433.31547999993
0.706099999999939	1534.47180784916	1435.59402999993
0.708099999999938	1534.47180784916	1437.86560999993
0.710099999999938	1534.47180784916	1440.13026999993
0.712099999999938	1534.47180784916	1442.38807999993
0.714099999999938	1534.47180784916	1444.63908999993
0.716099999999937	1550.12968343945	1446.88334999993
0.718099999999937	1550.12968343945	1449.12090999993
0.720099999999937	1550.12968343945	1451.35181999993
0.722099999999937	1550.12968343945	1453.57612999993
0.724099999999937	1550.12968343945	1455.79389999993
0.726099999999936	1550.12968343945	1458.00515999993
0.728099999999936	1550.12968343945	1460.20997999993
0.730099999999936	1565.78755902975	1462.40839999993
0.732099999999936	1565.78755902975	1464.60045999993
0.734099999999935	1565.78755902975	1466.78621999993
0.736099999999935	1565.78755902975	1468.96570999993
0.738099999999935	1581.44543462005	1471.13898999993
0.740099999999935	1581.44543462005	1473.30608999993
0.742099999999935	1581.44543462005	1475.46705999993
0.744099999999934	1581.44543462005	1477.62194999993
0.746099999999934	1581.44543462005	1479.77079999993
0.748099999999934	1581.44543462005	1481.91364999993
0.750099999999934	1581.44543462005	1484.05053999993
0.752099999999933	1581.44543462005	1486.18151999993
0.754099999999933	1581.44543462005	1488.30661999993
0.756099999999933	1581.44543462005	1490.42587999993
0.758099999999933	1581.44543462005	1492.53933999993
0.760099999999933	1581.44543462005	1494.64704999993
0.762099999999932	1597.10331021035	1496.74903999993
0.764099999999932	1597.10331021035	1498.84534999993
0.766099999999932	1597.10331021035	1500.93601999993
0.768099999999932	1597.10331021035	1503.02106999993
0.770099999999932	1597.10331021035	1505.10055999993
0.772099999999931	1612.76118580065	1507.17451999993
0.774099999999931	1612.76118580065	1509.24296999993
0.776099999999931	1612.76118580065	1511.30596999993
0.778099999999931	1612.76118580065	1513.36352999993
0.78009999999993	1612.76118580065	1515.41569999993
0.78209999999993	1620.5901235958	1517.46250999993
0.78409999999993	1628.41906139094	1519.50399999993
0.78609999999993	1628.41906139094	1521.54017999993
0.78809999999993	1628.41906139094	1523.57110999993
0.790099999999929	1628.41906139094	1525.59680999993
0.792099999999929	1628.41906139094	1527.61730999993
0.794099999999929	1628.41906139094	1529.63263999993
0.796099999999929	1628.41906139094	1531.64282999993
0.798099999999928	1628.41906139094	1533.64791999993
0.800099999999928	1628.41906139094	1535.64793999993
0.802099999999928	1628.41906139094	1537.64290999993
0.804099999999928	1628.41906139094	1539.63285999993
0.806099999999928	1628.41906139094	1541.61781999993
0.808099999999927	1644.07693698124	1543.59782999993
0.810099999999927	1644.07693698124	1545.57289999993
0.812099999999927	1644.07693698124	1547.54306999993
0.814099999999927	1644.07693698124	1549.50835999993
0.816099999999926	1659.73481257154	1551.46880999993
0.818099999999926	1659.73481257154	1553.42442999993
0.820099999999926	1659.73481257154	1555.37525999993
0.822099999999926	1659.73481257154	1557.32131999993
0.824099999999926	1659.73481257154	1559.26262999993
0.826099999999925	1659.73481257154	1561.19922999993
0.828099999999925	1659.73481257154	1563.13112999993
0.830099999999925	1659.73481257154	1565.05836999993
0.832099999999925	1659.73481257154	1566.98094999993
0.834099999999924	1675.39268816184	1568.89891999993
0.836099999999924	1675.39268816184	1570.81229999993
0.838099999999924	1675.39268816184	1572.72109999993
0.840099999999924	1675.39268816184	1574.62534999993
0.842099999999924	1675.39268816184	1576.52506999993
0.844099999999923	1675.39268816184	1578.42028999993
0.846099999999923	1675.39268816184	1580.31102999993
0.848099999999923	1675.39268816184	1582.19729999993
0.850099999999923	1675.39268816184	1584.07913999993
0.852099999999922	1675.39268816184	1585.95656999993
0.854099999999922	1691.05056375214	1587.82958999993
0.856099999999922	1691.05056375214	1589.69823999993
0.858099999999922	1691.05056375214	1591.56253999993
0.860099999999922	1691.05056375214	1593.42249999993
0.862099999999921	1706.70843934243	1595.27814999993
0.864099999999921	1706.70843934243	1597.12950999993
0.866099999999921	1706.70843934243	1598.97658999993
0.868099999999921	1706.70843934243	1600.81940999993
0.87009999999992	1706.70843934243	1602.65799999993
0.87209999999992	1706.70843934243	1604.49236999993
0.87409999999992	1706.70843934243	1606.32253999993
0.87609999999992	1706.70843934243	1608.14851999993
0.87809999999992	1706.70843934243	1609.97034999993
0.880099999999919	1706.70843934243	1611.78802999993
0.882099999999919	1706.70843934243	1613.60157999993
0.884099999999919	1706.70843934243	1615.41101999993
0.886099999999919	1722.36631493273	1617.21635999993
0.888099999999919	1722.36631493273	1619.01762999993
0.890099999999918	1722.36631493273	1620.81483999993
0.892099999999918	1722.36631493273	1622.60799999993
0.894099999999918	1722.36631493273	1624.39712999993
0.896099999999918	1722.36631493273	1626.18224999993
0.898099999999917	1722.36631493273	1627.96336999993
0.900099999999917	1722.36631493273	1629.74050999993
0.902099999999917	1738.02419052303	1631.51367999993
0.904099999999917	1738.02419052303	1633.28288999993
0.906099999999917	1738.02419052303	1635.04816999993
0.908099999999916	1738.02419052303	1636.80952999993
0.910099999999916	1753.68206611333	1638.56697999993
0.912099999999916	1753.68206611333	1640.32052999993
0.914099999999916	1753.68206611333	1642.07018999993
0.916099999999915	1753.68206611333	1643.81598999993
0.918099999999915	1753.68206611333	1645.55792999993
0.920099999999915	1753.68206611333	1647.29602999993
0.922099999999915	1753.68206611333	1649.03029999993
0.924099999999915	1753.68206611333	1650.76075999993
0.926099999999914	1753.68206611333	1652.48739999993
0.928099999999914	1753.68206611333	1654.21025999993
0.930099999999914	1753.68206611333	1655.92932999993
0.932099999999914	1753.68206611333	1657.64462999993
0.934099999999913	1753.68206611333	1659.35617999993
0.936099999999913	1753.68206611333	1661.06397999993
0.938099999999913	1753.68206611333	1662.76803999993
0.940099999999913	1753.68206611333	1664.46837999993
0.942099999999913	1753.68206611333	1666.16499999993
0.944099999999912	1769.33994170363	1667.85791999993
0.946099999999912	1769.33994170363	1669.54713999993
0.948099999999912	1769.33994170363	1671.23268999993
0.950099999999912	1769.33994170363	1672.91454999993
0.952099999999911	1769.33994170363	1674.59275999993
0.954099999999911	1784.99781729392	1676.26729999993
0.956099999999911	1784.99781729392	1677.93819999993
0.958099999999911	1784.99781729392	1679.60546999993
0.960099999999911	1784.99781729392	1681.26909999993
0.96209999999991	1784.99781729392	1682.92910999993
0.96409999999991	1784.99781729392	1684.58551999993
0.96609999999991	1784.99781729392	1686.23830999993
0.96809999999991	1800.65569288422	1687.88750999993
0.970099999999909	1800.65569288422	1689.53312999993
0.972099999999909	1800.65569288422	1691.17515999993
0.974099999999909	1800.65569288422	1692.81361999993
0.976099999999909	1800.65569288422	1694.44850999993
0.978099999999909	1800.65569288422	1696.07983999993
0.980099999999908	1800.65569288422	1697.70760999993
0.982099999999908	1800.65569288422	1699.33183999993
0.984099999999908	1800.65569288422	1700.95252999993
0.986099999999908	1800.65569288422	1702.56967999993
0.988099999999908	1800.65569288422	1704.18329999993
0.990099999999907	1800.65569288422	1705.79339999993
0.992099999999907	1800.65569288422	1707.39997999993
0.994099999999907	1800.65569288422	1709.00303999993
0.996099999999907	1800.65569288422	1710.60259999993
0.998099999999906	1816.31356847452	1712.19864999993
1.00009999999991	1816.31356847452	1713.79119999993
1.00209999999991	1816.31356847452	1715.38024999993
1.00409999999991	1816.31356847452	1716.96580999993
1.00609999999991	1816.31356847452	1718.54787999993
1.00809999999991	1831.97144406482	1720.12646999993
1.01009999999991	1831.97144406482	1721.70157999993
1.0120999999999	1831.97144406482	1723.27319999993
1.0140999999999	1831.97144406482	1724.84134999993
1.0160999999999	1831.97144406482	1726.40602999993
1.0180999999999	1831.97144406482	1727.96722999993
1.0200999999999	1831.97144406482	1729.52496999993
1.0220999999999	1831.97144406482	1731.07922999993
1.0240999999999	1831.97144406482	1732.63002999993
1.0260999999999	1831.97144406482	1734.17736999993
1.0280999999999	1831.97144406482	1735.72123999993
1.0300999999999	1831.97144406482	1737.26164999993
1.0320999999999	1847.62931965512	1738.79858999993
1.0340999999999	1847.62931965512	1740.33207999993
1.0360999999999	1847.62931965512	1741.86209999993
1.0380999999999	1847.62931965512	1743.38865999993
1.0400999999999	1847.62931965512	1744.91175999993
1.0420999999999	1847.62931965512	1746.43138999993
1.0440999999999	1847.62931965512	1747.94755999993
1.0460999999999	1847.62931965512	1749.46026999993
1.0480999999999	1847.62931965512	1750.96949999993
1.0500999999999	1847.62931965512	1752.47526999993
1.0520999999999	1847.62931965512	1753.97756999993
1.0540999999999	1863.28719524541	1755.47638999993
1.0560999999999	1863.28719524541	1756.97173999993
1.0580999999999	1863.28719524541	1758.46360999993
1.0600999999999	1863.28719524541	1759.95199999993
1.0620999999999	1863.28719524541	1761.43689999993
1.0640999999999	1878.94507083571	1762.91830999993
1.0660999999999	1878.94507083571	1764.39622999993
1.0680999999999	1878.94507083571	1765.87064999993
1.0700999999999	1878.94507083571	1767.34156999993
1.0720999999999	1878.94507083571	1768.80897999993
1.0740999999999	1878.94507083571	1770.27287999993
1.0760999999999	1878.94507083571	1771.73325999993
1.0780999999999	1878.94507083571	1773.19010999993
1.0800999999999	1878.94507083571	1774.64343999993
1.0820999999999	1878.94507083571	1776.09322999993
1.0840999999999	1878.94507083571	1777.53946999993
1.0860999999999	1878.94507083571	1778.98215999993
1.0880999999999	1878.94507083571	1780.42128999993
1.0900999999999	1878.94507083571	1781.85684999993
1.0920999999999	1878.94507083571	1783.28883999993
1.0940999999999	1878.94507083571	1784.71724999993
1.0960999999999	1878.94507083571	1786.14205999993
1.0980999999999	1894.60294642601	1787.56325999993
1.1000999999999	1894.60294642601	1788.98084999993
1.1020999999999	1894.60294642601	1790.39481999993
1.10409999999989	1894.60294642601	1791.80515999993
1.10609999999989	1894.60294642601	1793.21184999993
1.10809999999989	1894.60294642601	1794.61487999993
1.11009999999989	1894.60294642601	1796.01424999993
1.11209999999989	1894.60294642601	1797.40992999993
1.11409999999989	1910.26082201631	1798.80191999993
1.11609999999989	1910.26082201631	1800.19020999993
1.11809999999989	1910.26082201631	1801.57476999993
1.12009999999989	1910.26082201631	1802.95559999993
1.12209999999989	1910.26082201631	1804.33267999993
1.12409999999989	1910.26082201631	1805.70598999993
1.12609999999989	1925.91869760661	1807.07551999993
1.12809999999989	1925.91869760661	1808.44125999993
1.13009999999989	1925.91869760661	1809.80318999993
1.13209999999989	1925.91869760661	1811.16128999993
1.13409999999989	1925.91869760661	1812.51553999993
1.13609999999989	1925.91869760661	1813.86591999993
1.13809999999989	1925.91869760661	1815.21241999993
1.14009999999989	1925.91869760661	1816.55501999993
1.14209999999989	1925.91869760661	1817.89369999993
1.14409999999989	1925.91869760661	1819.22843999993
1.14609999999989	1925.91869760661	1820.55920999993
1.14809999999989	1925.91869760661	1821.88598999993
1.15009999999989	1925.91869760661	1823.20876999993
1.15209999999989	1925.91869760661	1824.52751999993
1.15409999999989	1925.91869760661	1825.84221999993
1.15609999999989	1925.91869760661	1827.15283999993
1.15809999999989	1925.91869760661	1828.45935999993
1.16009999999989	1925.91869760661	1829.76175999993
1.16209999999989	1925.91869760661	1831.05999999993
1.16409999999989	1925.91869760661	1832.35405999993
1.16609999999989	1941.5765731969	1833.64391999993
1.16809999999989	1941.5765731969	1834.92954999993
1.17009999999989	1941.5765731969	1836.21090999993
1.17209999999989	1941.5765731969	1837.48797999993
1.17409999999989	1941.5765731969	1838.76072999993
1.17609999999989	1941.5765731969	1840.02912999993
1.17809999999989	1957.2344487872	1841.29313999993
1.18009999999989	1957.2344487872	1842.55273999993
1.18209999999989	1957.2344487872	1843.80788999993
1.18409999999989	1957.2344487872	1845.05854999993
1.18609999999989	1957.2344487872	1846.30468999993
1.18809999999989	1957.2344487872	1847.54627999993
1.19009999999989	1957.2344487872	1848.78327999993
1.19209999999989	1957.2344487872	1850.01563999993
1.19409999999988	1957.2344487872	1851.24333999993
1.19609999999988	1957.2344487872	1852.46633999993
1.19809999999988	1957.2344487872	1853.68457999993
1.20009999999988	1972.8923243775	1854.89803999993
1.20209999999988	1972.8923243775	1856.10665999993
1.20409999999988	1972.8923243775	1857.31040999993
1.20609999999988	1972.8923243775	1858.50923999993
1.20809999999988	1972.8923243775	1859.70310999993
1.21009999999988	1972.8923243775	1860.89196999993
1.21209999999988	1972.8923243775	1862.07576999993
1.21409999999988	1972.8923243775	1863.25445999993
1.21609999999988	1972.8923243775	1864.42798999993
1.21809999999988	1972.8923243775	1865.59631999993
1.22009999999988	1972.8923243775	1866.75938999993
1.22209999999988	1972.8923243775	1867.91714999993
1.22409999999988	1972.8923243775	1869.06953999993
1.22609999999988	1972.8923243775	1870.21649999993
1.22809999999988	1972.8923243775	1871.35798999993
1.23009999999988	1972.8923243775	1872.49393999993
1.23209999999988	1988.5501999678	1873.62428999993
1.23409999999988	1988.5501999678	1874.74898999993
1.23609999999988	1988.5501999678	1875.86796999993
1.23809999999988	1988.5501999678	1876.98116999993
1.24009999999988	1988.5501999678	1878.08851999993
1.24209999999988	1988.5501999678	1879.18994999993
1.24409999999988	2004.2080755581	1880.28540999993
1.24609999999988	2004.2080755581	1881.37481999993
1.24809999999988	2004.2080755581	1882.45811999993
1.25009999999988	2004.2080755581	1883.53521999993
1.25209999999988	2004.2080755581	1884.60606999994
1.25409999999988	2004.2080755581	1885.67057999994
1.25609999999988	2004.2080755581	1886.72866999994
1.25809999999988	2004.2080755581	1887.78028999994
1.26009999999988	2004.2080755581	1888.82532999994
1.26209999999988	2004.2080755581	1889.86373999994
1.26409999999988	2004.2080755581	1890.89540999994
1.26609999999988	2004.2080755581	1891.92027999994
1.26809999999988	2004.2080755581	1892.93825999994
1.27009999999988	2004.2080755581	1893.94925999994
1.27209999999988	2004.2080755581	1894.95319999994
1.27409999999988	2004.2080755581	1895.94998999994
1.27609999999988	2004.2080755581	1896.93953999994
1.27809999999988	2019.86595114839	1897.92175999994
1.28009999999988	2019.86595114839	1898.89655999994
1.28209999999988	2019.86595114839	1899.86383999994
1.28409999999988	2019.86595114839	1900.82351999994
1.28609999999987	2019.86595114839	1901.77549999994
1.28809999999987	2019.86595114839	1902.71968999994
1.29009999999987	2019.86595114839	1903.65596999994
1.29209999999987	2019.86595114839	1904.58426999994
1.29409999999987	2019.86595114839	1905.50447999994
1.29609999999987	2019.86595114839	1906.41648999994
1.29809999999987	2019.86595114839	1907.32021999994
1.30009999999987	2019.86595114839	1908.21555999994
1.30209999999987	2019.86595114839	1909.10240999994
1.30409999999987	2035.52382673869	1909.98066999994
1.30609999999987	2035.52382673869	1910.85022999994
1.30809999999987	2035.52382673869	1911.71099999995
1.31009999999987	2035.52382673869	1912.56286999995
1.31209999999987	2035.52382673869	1913.40573999995
1.31409999999987	2035.52382673869	1914.23951999995
1.31609999999987	2051.18170232899	1915.06408999995
1.31809999999987	2051.18170232899	1915.87936999995
1.32009999999987	2051.18170232899	1916.68524999995
1.32209999999987	2051.18170232899	1917.48162999995
1.32409999999987	2051.18170232899	1918.26841999995
1.32609999999987	2051.18170232899	1919.04551999995
1.32809999999987	2051.18170232899	1919.81283999995
1.33009999999987	2051.18170232899	1920.57027999995
1.33209999999987	2051.18170232899	1921.31775999995
1.33409999999987	2051.18170232899	1922.05518999995
1.33609999999987	2051.18170232899	1922.78247999995
1.33809999999987	2051.18170232899	1923.49955999995
1.34009999999987	2051.18170232899	1924.20633999995
1.34209999999987	2051.18170232899	1924.90273999995
1.34409999999987	2051.18170232899	1925.58869999996
1.34609999999987	2051.18170232899	1926.26414999996
1.34809999999987	2051.18170232899	1926.92902999996
1.35009999999987	2051.18170232899	1927.58326999996
1.35209999999987	2051.18170232899	1928.22681999996
1.35409999999987	2051.18170232899	1928.85962999996
1.35609999999987	2051.18170232899	1929.48164999996
1.35809999999987	2051.18170232899	1930.09285999996
1.36009999999987	2066.83957791929	1930.69319999996
1.36209999999987	2066.83957791929	1931.28265999996
1.36409999999987	2066.83957791929	1931.86121999996
1.36609999999987	2066.83957791929	1932.42884999996
1.36809999999987	2066.83957791929	1932.98554999996
1.37009999999987	2066.83957791929	1933.53131999996
1.37209999999987	2066.83957791929	1934.06615999996
1.37409999999987	2066.83957791929	1934.59008999996
1.37609999999986	2066.83957791929	1935.10311999997
1.37809999999986	2066.83957791929	1935.60527999997
1.38009999999986	2082.49745350958	1936.09659999997
1.38209999999986	2082.49745350958	1936.57712999997
1.38409999999986	2082.49745350958	1937.04690999997
1.38609999999986	2082.49745350958	1937.50598999997
1.38809999999986	2082.49745350958	1937.95444999997
1.39009999999986	2082.49745350958	1938.39233999997
1.39209999999986	2082.49745350958	1938.81974999997
1.39409999999986	2082.49745350958	1939.23675999997
1.39609999999986	2082.49745350958	1939.64346999997
1.39809999999986	2098.15532909988	1940.03995999997
1.40009999999986	2098.15532909988	1940.42634999997
1.40209999999986	2098.15532909988	1940.80274999997
1.40409999999986	2098.15532909988	1941.16926999998
1.40609999999986	2098.15532909988	1941.52602999998
1.40809999999986	2098.15532909988	1941.87317999998
1.41009999999986	2098.15532909988	1942.21082999998
1.41209999999986	2098.15532909988	1942.53912999998
1.41409999999986	2098.15532909988	1942.85821999998
1.41609999999986	2098.15532909988	1943.16825999998
1.41809999999986	2098.15532909988	1943.46938999998
1.42009999999986	2098.15532909988	1943.76176999998
1.42209999999986	2098.15532909988	1944.04556999998
1.42409999999986	2098.15532909988	1944.32093999998
1.42609999999986	2098.15532909988	1944.58804999998
1.42809999999986	2098.15532909988	1944.84706999998
1.43009999999986	2098.15532909988	1945.09815999998
1.43209999999986	2098.15532909988	1945.34150999998
1.43409999999986	2098.15532909988	1945.57727999998
1.43609999999986	2098.15532909988	1945.80564999998
1.43809999999986	2098.15532909988	1946.02678999998
1.44009999999986	2098.15532909988	1946.24087999999
1.44209999999986	2098.15532909988	1946.44807999999
1.44409999999986	2098.15532909988	1946.64858999999
1.44609999999986	2113.81320469018	1946.84255999999
1.44809999999986	2113.81320469018	1947.03017999999
1.45009999999986	2113.81320469018	1947.21160999999
1.45209999999986	2113.81320469018	1947.38702999999
1.45409999999986	2113.81320469018	1947.55659999999
1.45609999999986	2113.81320469018	1947.72048999999
1.45809999999986	2113.81320469018	1947.87886999999
1.46009999999986	2113.81320469018	1948.03189999999
1.46209999999986	2129.47108028048	1948.17972999999
1.46409999999986	2129.47108028048	1948.32253999999
1.46609999999985	2129.47108028048	1948.46045999999
1.46809999999985	2129.47108028048	1948.59365999999
1.47009999999985	2129.47108028048	1948.72227999999
1.47209999999985	2129.47108028048	1948.84646999999
1.47409999999985	2129.47108028048	1948.96636999999
1.47609999999985	2129.47108028048	1949.08212999999
1.47809999999985	2129.47108028048	1949.19387999999
1.48009999999985	2129.47108028048	1949.30174999999
1.48209999999985	2129.47108028048	1949.40586999999
1.48409999999985	2129.47108028048	1949.50636999999
1.48609999999985	2129.47108028048	1949.60337999999
1.48809999999985	2129.47108028048	1949.69701999999
1.49009999999985	2129.47108028048	1949.78738999999
1.49209999999985	2145.12895587078	1949.87462999999
1.49409999999985	2145.12895587078	1949.95881999999
1.49609999999985	2145.12895587078	1950.04009999999
1.49809999999985	2145.12895587078	1950.11854999999
1.50009999999985	2145.12895587078	1950.19427999999
1.50209999999985	2145.12895587078	1950.26738999999
1.50409999999985	2145.12895587078	1950.33795999999
1.50609999999985	2145.12895587078	1950.40609999999
1.50809999999985	2145.12895587078	1950.4719
1.51009999999985	2145.12895587078	1950.53543
1.51209999999985	2145.12895587078	1950.59678
1.51409999999985	2145.12895587078	1950.65603
1.51609999999985	2145.12895587078	1950.71326
1.51809999999985	2145.12895587078	1950.76854
1.52009999999985	2145.12895587078	1950.82195
1.52209999999985	2145.12895587078	1950.87355
1.52409999999985	2145.12895587078	1950.92341
1.52609999999985	2145.12895587078	1950.9716
1.52809999999985	2145.12895587078	1951.01818
1.53009999999985	2145.12895587078	1951.06321
1.53209999999985	2145.12895587078	1951.10675
1.53409999999985	2160.78683146107	1951.14885
1.53609999999985	2160.78683146107	1951.18956
1.53809999999985	2160.78683146107	1951.22895
1.54009999999985	2160.78683146107	1951.26705
1.54209999999985	2160.78683146107	1951.30392
1.54409999999985	2160.78683146107	1951.3396
1.54609999999985	2160.78683146107	1951.37414
1.54809999999985	2160.78683146107	1951.40758
1.55009999999985	2176.44470705137	1951.43996
1.55209999999985	2176.44470705137	1951.47132
1.55409999999985	2176.44470705137	1951.5017
1.55609999999985	2176.44470705137	1951.53114
1.55809999999984	2176.44470705137	1951.55966
1.56009999999984	2176.44470705137	1951.58732
1.56209999999984	2176.44470705137	1951.61412
1.56409999999984	2176.44470705137	1951.64012
1.56609999999984	2176.44470705137	1951.66534
1.56809999999984	2176.44470705137	1951.6898
1.57009999999984	2176.44470705137	1951.71354
1.57209999999984	2176.44470705137	1951.73658
1.57409999999984	2176.44470705137	1951.75895
1.57609999999984	2176.44470705137	1951.78067
1.57809999999984	2176.44470705137	1951.80177
1.58009999999984	2176.44470705137	1951.82227
1.58209999999984	2176.44470705137	1951.84218
1.58409999999984	2176.44470705137	1951.86154
1.58609999999984	2176.44470705137	1951.88037
1.58809999999984	2176.44470705137	1951.89867
1.59009999999984	2176.44470705137	1951.91647
1.59209999999984	2176.44470705137	1951.9338
1.59409999999984	2176.44470705137	1951.95066
1.59609999999984	2192.10258264167	1951.96707
1.59809999999984	2192.10258264167	1951.98305
1.60009999999984	2192.10258264167	1951.99861
1.60209999999984	2192.10258264167	1952.01377
1.60409999999984	2192.10258264167	1952.02855
1.60609999999984	2192.10258264167	1952.04295
1.60809999999984	2192.10258264167	1952.05699
1.61009999999984	2192.10258264167	1952.07068
1.61209999999984	2192.10258264167	1952.08404
1.61409999999984	2192.10258264167	1952.09707
1.61609999999984	2192.10258264167	1952.10979
1.61809999999984	2192.10258264167	1952.12221
1.62009999999984	2192.10258264167	1952.13434
1.62209999999984	2192.10258264167	1952.14618
1.62409999999984	2192.10258264167	1952.15776
1.62609999999984	2192.10258264167	1952.16907
1.62809999999984	2192.10258264167	1952.18012
1.63009999999984	2207.76045823197	1952.19094
1.63209999999984	2207.76045823197	1952.20151
1.63409999999984	2207.76045823197	1952.21186
1.63609999999984	2207.76045823197	1952.22198
1.63809999999984	2207.76045823197	1952.23189
1.64009999999984	2207.76045823197	1952.2416
1.64209999999984	2207.76045823197	1952.2511
1.64409999999984	2207.76045823197	1952.26041
1.64609999999984	2207.76045823197	1952.26953
1.64809999999983	2223.41833382227	1952.27848
1.65009999999983	2223.41833382227	1952.28724
1.65209999999983	2223.41833382227	1952.29584
1.65409999999983	2223.41833382227	1952.30428
1.65609999999983	2223.41833382227	1952.31255
1.65809999999983	2223.41833382227	1952.32067
1.66009999999983	2223.41833382227	1952.32865
1.66209999999983	2223.41833382227	1952.33648
1.66409999999983	2223.41833382227	1952.34417
1.66609999999983	2223.41833382227	1952.35172
1.66809999999983	2223.41833382227	1952.35915
1.67009999999983	2223.41833382227	1952.36644
1.67209999999983	2223.41833382227	1952.37362
1.67409999999983	2223.41833382227	1952.38067
1.67609999999983	2223.41833382227	1952.38762
1.67809999999983	2223.41833382227	1952.39444
1.68009999999983	2223.41833382227	1952.40117
1.68209999999983	2223.41833382227	1952.40778
1.68409999999983	2223.41833382227	1952.4143
1.68609999999983	2223.41833382227	1952.42071
1.68809999999983	2223.41833382227	1952.42703
1.69009999999983	2223.41833382227	1952.43326
1.69209999999983	2223.41833382227	1952.4394
1.69409999999983	2223.41833382227	1952.44545
1.69609999999983	2223.41833382227	1952.45141
1.69809999999983	2223.41833382227	1952.45729
1.70009999999983	2223.41833382227	1952.4631
1.70209999999983	2223.41833382227	1952.46882
1.70409999999983	2223.41833382227	1952.47447
1.70609999999983	2223.41833382227	1952.48005
1.70809999999983	2223.41833382227	1952.48556
1.71009999999983	2223.41833382227	1952.491
1.71209999999983	2223.41833382227	1952.49637
1.71409999999983	2223.41833382227	1952.50167
1.71609999999983	2239.07620941256	1952.50692
1.71809999999983	2239.07620941256	1952.5121
1.72009999999983	2239.07620941256	1952.51722
1.72209999999983	2239.07620941256	1952.52229
1.72409999999983	2239.07620941256	1952.52729
1.72609999999983	2239.07620941256	1952.53225
1.72809999999983	2239.07620941256	1952.53715
1.73009999999983	2239.07620941256	1952.542
1.73209999999983	2239.07620941256	1952.5468
1.73409999999983	2239.07620941256	1952.55155
1.73609999999983	2239.07620941256	1952.55625
1.73809999999983	2239.07620941256	1952.56091
1.74009999999982	2254.73408500286	1952.56552
1.74209999999982	2254.73408500286	1952.57009
1.74409999999982	2254.73408500286	1952.57462
1.74609999999982	2254.73408500286	1952.57911
1.74809999999982	2254.73408500286	1952.58355
1.75009999999982	2254.73408500286	1952.58796
1.75209999999982	2254.73408500286	1952.59233
1.75409999999982	2254.73408500286	1952.59666
1.75609999999982	2254.73408500286	1952.60096
1.75809999999982	2254.73408500286	1952.60522
1.76009999999982	2254.73408500286	1952.60944
1.76209999999982	2254.73408500286	1952.61364
1.76409999999982	2254.73408500286	1952.6178
1.76609999999982	2254.73408500286	1952.62193
1.76809999999982	2254.73408500286	1952.62603
1.77009999999982	2254.73408500286	1952.6301
1.77209999999982	2270.39196059316	1952.63415
1.77409999999982	2270.39196059316	1952.63816
1.77609999999982	2270.39196059316	1952.64215
1.77809999999982	2270.39196059316	1952.64611
1.78009999999982	2270.39196059316	1952.65004
1.78209999999982	2270.39196059316	1952.65395
1.78409999999982	2270.39196059316	1952.65783
1.78609999999982	2270.39196059316	1952.6617
1.78809999999982	2270.39196059316	1952.66553
1.79009999999982	2270.39196059316	1952.66935
1.79209999999982	2270.39196059316	1952.67314
1.79409999999982	2270.39196059316	1952.67691
1.79609999999982	2270.39196059316	1952.68066
1.79809999999982	2270.39196059316	1952.68439
1.80009999999982	2270.39196059316	1952.6881
1.80209999999982	2270.39196059316	1952.69179
1.80409999999982	2270.39196059316	1952.69546
1.80609999999982	2270.39196059316	1952.69911
1.80809999999982	2270.39196059316	1952.70275
1.81009999999982	2270.39196059316	1952.70637
1.81209999999982	2270.39196059316	1952.70997
1.81409999999982	2270.39196059316	1952.71355
1.81609999999982	2270.39196059316	1952.71712
1.81809999999982	2270.39196059316	1952.72067
1.82009999999982	2270.39196059316	1952.72421
1.82209999999982	2270.39196059316	1952.72773
1.82409999999982	2270.39196059316	1952.73124
1.82609999999982	2270.39196059316	1952.73473
1.82809999999982	2270.39196059316	1952.73821
1.83009999999981	2270.39196059316	1952.74168
1.83209999999981	2270.39196059316	1952.74513
1.83409999999981	2270.39196059316	1952.74857
1.83609999999981	2270.39196059316	1952.752
1.83809999999981	2270.39196059316	1952.75542
1.84009999999981	2270.39196059316	1952.75882
1.84209999999981	2270.39196059316	1952.76222
1.84409999999981	2286.04983618346	1952.7656
1.84609999999981	2286.04983618346	1952.76897
1.84809999999981	2286.04983618346	1952.77233
1.85009999999981	2286.04983618346	1952.77568
1.85209999999981	2286.04983618346	1952.77902
1.85409999999981	2286.04983618346	1952.78235
1.85609999999981	2286.04983618346	1952.78567
1.85809999999981	2286.04983618346	1952.78898
1.86009999999981	2286.04983618346	1952.79228
1.86209999999981	2286.04983618346	1952.79558
1.86409999999981	2286.04983618346	1952.79886
1.86609999999981	2286.04983618346	1952.80214
1.86809999999981	2301.70771177376	1952.80541
1.87009999999981	2301.70771177376	1952.80867
1.87209999999981	2301.70771177376	1952.81192
1.87409999999981	2301.70771177376	1952.81517
1.87609999999981	2301.70771177376	1952.8184
1.87809999999981	2301.70771177376	1952.82163
1.88009999999981	2301.70771177376	1952.82486
1.88209999999981	2301.70771177376	1952.82808
1.88409999999981	2301.70771177376	1952.83129
1.88609999999981	2301.70771177376	1952.83449
1.88809999999981	2301.70771177376	1952.83769
1.89009999999981	2301.70771177376	1952.84088
1.89209999999981	2301.70771177376	1952.84407
1.89409999999981	2301.70771177376	1952.84725
1.89609999999981	2301.70771177376	1952.85042
1.89809999999981	2301.70771177376	1952.85359
1.90009999999981	2301.70771177376	1952.85676
1.90209999999981	2301.70771177376	1952.85992
1.90409999999981	2301.70771177376	1952.86307
1.90609999999981	2301.70771177376	1952.86622
1.90809999999981	2301.70771177376	1952.86937
1.91009999999981	2301.70771177376	1952.87251
1.91209999999981	2301.70771177376	1952.87564
1.91409999999981	2301.70771177376	1952.87877
1.91609999999981	2301.70771177376	1952.8819
1.91809999999981	2301.70771177376	1952.88502
1.9200999999998	2301.70771177376	1952.88814
1.9220999999998	2301.70771177376	1952.89126
1.9240999999998	2301.70771177376	1952.89437
1.9260999999998	2301.70771177376	1952.89748
1.9280999999998	2301.70771177376	1952.90058
1.9300999999998	2317.36558736405	1952.90368
1.9320999999998	2317.36558736405	1952.90678
1.9340999999998	2317.36558736405	1952.90988
1.9360999999998	2317.36558736405	1952.91297
1.9380999999998	2317.36558736405	1952.91606
1.9400999999998	2317.36558736405	1952.91914
1.9420999999998	2317.36558736405	1952.92222
1.9440999999998	2317.36558736405	1952.9253
1.9460999999998	2317.36558736405	1952.92838
1.9480999999998	2317.36558736405	1952.93146
1.9500999999998	2317.36558736405	1952.93453
1.9520999999998	2317.36558736405	1952.9376
1.9540999999998	2317.36558736405	1952.94067
1.9560999999998	2317.36558736405	1952.94373
1.9580999999998	2317.36558736405	1952.9468
1.9600999999998	2317.36558736405	1952.94986
1.9620999999998	2317.36558736405	1952.95292
1.9640999999998	2317.36558736405	1952.95597
1.9660999999998	2317.36558736405	1952.95903
1.9680999999998	2317.36558736405	1952.96208
1.9700999999998	2317.36558736405	1952.96513
1.9720999999998	2317.36558736405	1952.96818
1.9740999999998	2317.36558736405	1952.97123
1.9760999999998	2317.36558736405	1952.97428
1.9780999999998	2317.36558736405	1952.97732
1.9800999999998	2317.36558736405	1952.98037
1.9820999999998	2317.36558736405	1952.98341
1.9840999999998	2317.36558736405	1952.98645
1.9860999999998	2317.36558736405	1952.98949
1.9880999999998	2317.36558736405	1952.99253
1.9900999999998	2317.36558736405	1952.99557
1.9920999999998	2317.36558736405	1952.99861
1.9940999999998	2317.36558736405	1953.00164
1.9960999999998	2317.36558736405	1953.00468
1.9980999999998	2317.36558736405	1953.00771
