t	Sv
0	0	0
0.002	0	0
0.0041	0.00251219486812826	0.00908
0.006	0.00258491623094415	0.00909
0.00800000000000001	0.00271699143658952	0.00909
0.0101	0.00291841039626545	0.0091
0.0121	0.00317118440244466	0.00911
0.0141	0.00348438352183776	0.00912
0.0161	0.00385877937554444	0.00915
0.0180999999999999	0.00429499720441398	0.00918
0.0200999999999999	0.0047935482670894	0.00921
0.0220999999999999	0.0053548601095132	0.00926999999999999
0.0240999999999999	0.00597930179007752	0.00932999999999999
0.0260999999999999	0.00666720330562052	0.00940999999999999
0.0280999999999999	0.0074188697102096	0.00949999999999999
0.0300999999999999	0.00823459092183837	0.00960999999999999
0.0320999999999999	0.00911464827392597	0.00973999999999999
0.0341	0.0100593187288531	0.00989999999999999
0.036	0.0110168541955752	0.01006
0.0380000000000001	0.0120883114465464	0.01027
0.0400000000000001	0.0132251935442811	0.0105
0.0420000000000002	0.0144277767340139	0.0107700000000001
0.0440000000000002	0.015696338175385	0.0110800000000001
0.0460000000000003	0.0170311558392216	0.0114300000000001
0.0480000000000003	0.0184325083111575	0.0118300000000001
0.0500000000000004	0.0199006745511243	0.0122700000000002
0.0520000000000005	0.0214359336392705	0.0127800000000002
0.0540000000000005	0.0230385645267057	0.0133400000000003
0.0560000000000006	0.0247088458015576	0.0139800000000003
0.0580000000000006	0.0264470554757523	0.0146800000000005
0.0600000000000007	0.0282534707947405	0.0154800000000006
0.0620000000000007	0.0301283680704316	0.0163600000000007
0.0640000000000008	0.0320720225364468	0.0173400000000009
0.0660000000000009	0.0340847082241716	0.018440000000001
0.0680000000000009	0.036166697857788	0.0196600000000012
0.070000000000001	0.0383182627663671	0.0210200000000014
0.072000000000001	0.0405396728111371	0.0225200000000017
0.0740000000000011	0.0438491324991332	0.0242000000000019
0.0760000000000012	0.0504361034657744	0.0260500000000023
0.0780000000000012	0.0573494039292949	0.0281100000000027
0.0800000000000013	0.0646040131065359	0.0325400000000032
0.0820000000000013	0.0722160143178955	0.0378700000000038
0.0840000000000014	0.0802026178745049	0.0439900000000046
0.0860000000000014	0.0885821977486621	0.0509900000000053
0.0880000000000015	0.0973743387409871	0.0589700000000063
0.0900000000000016	0.106599892233923	0.0680500000000075
0.0920000000000016	0.116281039418562	0.0783600000000088
0.0940000000000017	0.126441361366216	0.0900500000000103
0.0960000000000017	0.137105915623935	0.103250000000012
0.0980000000000018	0.148154131629557	0.118160000000014
0.100000000000002	0.148154131629557	0.134930000000016
0.102000000000002	0.148154131629557	0.153780000000019
0.104000000000002	0.148154131629557	0.174920000000022
0.106000000000002	0.148154131629557	0.198580000000025
0.108000000000002	0.148154131629557	0.225020000000029
0.110000000000002	0.148154131629557	0.254500000000033
0.112000000000002	0.592616526518227	0.287330000000038
0.114000000000002	0.592616526518227	0.323810000000043
0.116000000000002	0.592616526518227	0.364300000000049
0.118000000000002	0.592616526518227	0.409160000000055
0.120000000000002	0.592616526518227	0.458780000000063
0.122000000000002	0.592616526518227	0.513590000000072
0.124000000000003	0.592616526518227	0.57404000000008
0.126000000000002	0.592616526518227	0.640630000000085
0.128000000000002	0.592616526518227	0.713860000000087
0.130000000000002	1.33338718466601	0.794310000000085
0.132000000000002	1.33338718466601	0.882550000000082
0.134000000000002	1.33338718466601	0.979230000000079
0.136000000000001	1.33338718466601	1.08502000000007
0.138000000000001	1.33338718466601	1.20064000000007
0.140000000000001	1.33338718466601	1.32685000000006
0.142000000000001	1.33338718466601	1.46447000000005
0.144	1.33338718466601	1.61436000000004
0.146	1.33338718466601	1.77743000000002
0.148	1.33338718466601	1.95466
0.1501	2.37046610607291	2.15710999999998
0.1521	2.37046610607291	2.36663999999995
0.154099999999999	2.37046610607291	2.59364999999993
0.156099999999999	3.70385329073892	2.83936999999989
0.158099999999999	3.70385329073892	3.10508999999985
0.160099999999999	3.70385329073892	3.39215999999981
0.162099999999998	3.70385329073892	3.70200999999976
0.164099999999998	3.70385329073892	4.0361699999997
0.166099999999998	3.70385329073892	4.39621999999963
0.168099999999998	5.33354873866404	4.78383999999956
0.170099999999998	5.33354873866405	5.20077999999948
0.172099999999997	5.33354873866405	5.64888999999939
0.174099999999997	5.33354873866405	6.13011999999929
0.176099999999997	5.33354873866405	6.64649999999917
0.178099999999997	7.25955244984829	7.20015999999906
0.180099999999996	9.48186442429165	7.79332999999892
0.182099999999996	9.48186442429165	8.42835999999877
0.184099999999996	9.48186442429165	9.1076599999986
0.186099999999996	9.48186442429165	9.83380999999845
0.188099999999996	9.48186442429165	10.6094499999982
0.190099999999995	9.48186442429165	11.437349999998
0.192099999999995	12.0004846619941	12.3203899999978
0.194099999999995	12.0004846619941	13.2615799999975
0.196099999999995	14.8154131629557	14.2640199999973
0.198099999999995	14.8154131629557	15.330939999997
0.200099999999994	17.9266499271764	16.4656799999967
0.202099999999994	17.9266499271764	17.6717099999963
0.204099999999994	17.9266499271764	18.9525799999959
0.206099999999994	17.9266499271764	20.3119999999955
0.208099999999993	21.3341949546562	21.7537399999951
0.210099999999993	21.3341949546562	23.2816999999946
0.212099999999993	25.0380482453952	24.8998699999941
0.214099999999993	25.0380482453952	26.6123499999936
0.216099999999993	29.0382097993932	28.423299999993
0.218099999999992	29.0382097993932	30.3369699999924
0.220099999999992	29.0382097993932	32.3576899999918
0.222099999999992	33.3346796166504	34.4898099999911
0.224099999999992	37.9274576971666	36.7377599999904
0.226099999999991	37.9274576971666	39.1059599999896
0.228099999999991	37.9274576971666	41.5988799999888
0.230099999999991	42.816544040942	44.2209399999879
0.232099999999991	42.816544040942	46.976549999987
0.234099999999991	48.0019386479765	49.870069999986
0.23609999999999	53.4836415182701	52.9057799999849
0.23809999999999	53.4836415182701	56.0878499999839
0.24009999999999	53.4836415182701	59.4203199999827
0.24209999999999	59.2616526518229	62.9070899999816
0.244099999999989	65.3359720486347	66.5518299999803
0.246099999999989	71.7065997087056	70.358019999979
0.248099999999989	71.7065997087056	74.3288699999778
0.250099999999989	71.7065997087056	78.4672999999763
0.252099999999989	78.3735356320356	82.7759299999749
0.254099999999988	85.3367798186247	87.2569799999733
0.256099999999988	92.5963322684729	91.9123399999719
0.258099999999988	92.5963322684729	96.7434399999703
0.260099999999988	100.15219298158	101.751299999969
0.262099999999987	108.004361957947	106.936429999967
0.264099999999987	108.004361957947	112.298899999965
0.266099999999987	116.152839197572	117.838239999964
0.268099999999987	116.152839197572	123.553449999962
0.270099999999987	124.597624700457	129.44302999996
0.272099999999986	133.338718466601	135.504919999958
0.274099999999986	133.338718466601	141.736539999956
0.276099999999986	142.376120496004	148.134779999954
0.278099999999986	151.709830788666	154.695999999952
0.280099999999985	161.339849344587	161.416099999951
0.282099999999985	161.339849344587	168.290479999949
0.284099999999985	161.339849344587	175.314109999947
0.286099999999985	181.488811246206	182.481549999945
0.288099999999985	181.488811246206	189.786989999943
0.290099999999984	192.007754591905	197.224299999941
0.292099999999984	192.007754591905	204.787059999939
0.294099999999984	213.934566073079	212.468589999938
0.296099999999984	213.934566073079	220.262059999936
0.298099999999983	213.934566073079	228.160449999934
0.300099999999983	225.342434208555	236.156679999933
0.302099999999983	237.046610607289	244.243609999931
0.304099999999983	249.047095269284	252.41406999993
0.306099999999983	249.047095269284	260.660949999928
0.308099999999982	249.047095269284	268.977219999927
0.310099999999982	273.936989383049	277.355949999925
0.312099999999982	273.936989383049	285.790339999924
0.314099999999982	286.82639883482	294.273789999922
0.316099999999982	286.82639883482	302.799899999921
0.318099999999981	300.012116549851	311.36246999992
0.320099999999981	313.49414252814	319.955539999919
0.322099999999981	313.49414252814	328.573429999917
0.324099999999981	327.272476769689	337.210709999916
0.32609999999998	327.272476769689	345.862209999915
0.32809999999998	341.347119274497	354.523049999914
0.33009999999998	355.718070042563	363.188639999913
0.33209999999998	355.718070042563	371.854639999912
0.33409999999998	370.385329073889	380.517019999911
0.336099999999979	370.385329073889	389.17199999991
0.338099999999979	385.348896368474	397.81606999991
0.340099999999979	400.608771926319	406.445979999909
0.342099999999979	400.608771926319	415.058739999908
0.344099999999978	400.608771926319	423.651589999907
0.346099999999978	416.164955747422	432.221999999907
0.348099999999978	432.017447831784	440.767679999906
0.350099999999978	432.017447831784	449.286509999905
0.352099999999978	448.166248179406	457.776619999905
0.354099999999977	448.166248179406	466.236279999904
0.356099999999977	448.166248179406	474.663979999904
0.358099999999977	464.611356790286	483.058339999903
0.360099999999977	481.352773664426	491.418159999903
0.362099999999976	481.352773664426	499.742369999902
0.364099999999976	481.352773664426	508.030039999902
0.366099999999976	498.390498801825	516.280389999901
0.368099999999976	498.390498801825	524.492709999901
0.370099999999976	515.724532202483	532.6664399999
0.372099999999975	533.3548738664	540.8010999999
0.374099999999975	533.3548738664	548.896309999899
0.376099999999975	533.3548738664	556.951759999899
0.378099999999975	533.3548738664	564.967239999899
0.380099999999974	551.281523793576	572.942589999898
0.382099999999974	551.281523793576	580.877739999898
0.384099999999974	569.504481984012	588.772659999898
0.386099999999974	569.504481984011	596.627369999897
0.388099999999974	588.023748437706	604.441959999897
0.390099999999973	588.023748437706	612.216549999897
0.392099999999973	588.023748437706	619.951289999896
0.394099999999973	588.023748437706	627.646399999896
0.396099999999973	606.83932315466	635.302089999896
0.398099999999972	625.951206134872	642.918639999895
0.400099999999972	625.951206134872	650.496319999895
0.402099999999972	625.951206134872	658.035449999895
0.404099999999972	645.359397378344	665.536349999895
0.406099999999972	645.359397378344	672.999379999894
0.408099999999971	645.359397378344	680.424889999894
0.410099999999971	645.359397378344	687.813259999893
0.412099999999971	665.063896885075	695.164879999893
0.414099999999971	685.064704655064	702.480149999893
0.41609999999997	685.064704655064	709.759479999893
0.41809999999997	685.064704655064	717.003269999892
0.42009999999997	685.064704655064	724.211949999892
0.42209999999997	685.064704655064	731.385929999892
0.42409999999997	705.361820688314	738.525649999892
0.426099999999969	705.361820688314	745.631519999891
0.428099999999969	705.361820688314	752.703989999891
0.430099999999969	725.955244984822	759.743479999891
0.432099999999969	746.844977544589	766.750419999891
0.434099999999969	746.844977544589	773.72523999989
0.436099999999968	746.844977544589	780.66836999989
0.438099999999968	746.844977544589	787.58021999989
0.440099999999968	746.844977544589	794.46122999989
0.442099999999968	746.844977544589	801.311819999889
0.444099999999967	768.031018367616	808.132389999889
0.446099999999967	768.031018367616	814.923369999889
0.448099999999967	789.513367453901	821.685159999889
0.450099999999967	789.513367453901	828.418159999888
0.452099999999967	789.513367453901	835.122779999888
0.454099999999966	811.292024803446	841.799419999888
0.456099999999966	811.292024803446	848.448449999888
0.458099999999966	811.292024803446	855.070269999887
0.460099999999966	811.292024803446	861.665269999887
0.462099999999965	811.292024803446	868.233799999887
0.464099999999965	811.292024803446	874.776249999886
0.466099999999965	833.366990416249	881.292979999886
0.468099999999965	833.366990416249	887.784349999886
0.470099999999965	855.738264292312	894.250719999886
0.472099999999964	855.738264292312	900.692419999885
0.474099999999964	855.738264292312	907.109809999885
0.476099999999964	855.738264292312	913.503229999885
0.478099999999964	867.035016829065	919.872999999884
0.480099999999963	878.405846431634	926.219449999884
0.482099999999963	878.405846431634	932.542909999884
0.484099999999963	878.405846431634	938.843689999884
0.486099999999963	878.405846431634	945.122099999883
0.488099999999963	901.369736834215	951.378449999883
0.490099999999962	901.369736834215	957.613039999883
0.492099999999962	924.629935500055	963.826169999883
0.494099999999962	924.629935500055	970.018119999882
0.496099999999962	924.629935500055	976.189179999882
0.498099999999961	924.629935500055	982.339629999882
0.500099999999961	924.629935500055	988.469749999881
0.502099999999961	924.629935500055	994.579799999881
0.504099999999961	924.629935500055	1000.67005999988
0.506099999999961	948.186442429155	1006.74077999988
0.50809999999996	948.186442429154	1012.79222999988
0.51009999999996	948.186442429154	1018.82464999988
0.51209999999996	948.186442429155	1024.83828999988
0.51409999999996	972.039257621514	1030.83338999988
0.516099999999959	972.039257621513	1036.81018999988
0.518099999999959	996.188381077132	1042.76893999988
0.520099999999959	996.188381077132	1048.70984999988
0.522099999999959	996.188381077132	1054.63314999988
0.524099999999959	996.188381077132	1060.53906999988
0.526099999999958	996.188381077132	1066.42782999988
0.528099999999958	996.188381077132	1072.29962999988
0.530099999999958	996.188381077132	1078.15469999988
0.532099999999958	996.188381077132	1083.99321999988
0.534099999999958	1020.63381279601	1089.81541999988
0.536099999999957	1020.63381279601	1095.62148999988
0.538099999999957	1020.63381279601	1101.41161999988
0.540099999999957	1045.37555277815	1107.18599999988
0.542099999999957	1045.37555277815	1112.94482999988
0.544099999999956	1045.37555277815	1118.68829999987
0.546099999999956	1045.37555277815	1124.41656999987
0.548099999999956	1070.41360102354	1130.12983999987
0.550099999999956	1070.41360102354	1135.82826999987
0.552099999999956	1070.41360102354	1141.51204999987
0.554099999999955	1070.41360102354	1147.18132999987
0.556099999999955	1070.41360102354	1152.83629999987
0.558099999999955	1070.41360102354	1158.47709999987
0.560099999999955	1070.41360102354	1164.10390999987
0.562099999999954	1070.41360102354	1169.71686999987
0.564099999999954	1095.7479575322	1175.31614999987
0.566099999999954	1095.7479575322	1180.90189999987
0.568099999999954	1121.37862230411	1186.47426999987
0.570099999999954	1121.37862230411	1192.03339999987
0.572099999999953	1121.37862230411	1197.57943999987
0.574099999999953	1121.37862230411	1203.11252999987
0.576099999999953	1121.37862230411	1208.63281999987
0.578099999999953	1121.37862230411	1214.14042999987
0.580099999999952	1121.37862230411	1219.63550999987
0.582099999999952	1147.30559533928	1225.11818999987
0.584099999999952	1147.30559533928	1230.58858999987
0.586099999999952	1147.30559533928	1236.04684999987
0.588099999999952	1147.30559533928	1241.49309999987
0.590099999999951	1147.30559533928	1246.92744999987
0.592099999999951	1147.30559533928	1252.35001999987
0.594099999999951	1173.52887663772	1257.76094999987
0.596099999999951	1173.52887663772	1263.16033999987
0.59809999999995	1173.52887663772	1268.54830999987
0.60009999999995	1200.04846619941	1273.92497999987
0.60209999999995	1200.04846619941	1279.29045999987
0.60409999999995	1200.04846619941	1284.64485999987
0.60609999999995	1200.04846619941	1289.98827999987
0.608099999999949	1200.04846619941	1295.32082999987
0.610099999999949	1200.04846619941	1300.64261999986
0.612099999999949	1200.04846619941	1305.95374999986
0.614099999999949	1200.04846619941	1311.25432999986
0.616099999999948	1200.04846619941	1316.54443999986
0.618099999999948	1226.86436402436	1321.82419999986
0.620099999999948	1226.86436402436	1327.09368999986
0.622099999999948	1226.86436402436	1332.35300999986
0.624099999999948	1226.86436402436	1337.60225999986
0.626099999999947	1253.97657011257	1342.84151999986
0.628099999999947	1253.97657011257	1348.07088999986
0.630099999999947	1253.97657011257	1353.29045999986
0.632099999999947	1253.97657011257	1358.50030999986
0.634099999999946	1281.38508446404	1363.70052999986
0.636099999999946	1281.38508446404	1368.89119999986
0.638099999999946	1281.38508446404	1374.07240999986
0.640099999999946	1281.38508446404	1379.24423999986
0.642099999999946	1281.38508446404	1384.40676999986
0.644099999999945	1281.38508446404	1389.56007999986
0.646099999999945	1281.38508446404	1394.70424999986
0.648099999999945	1281.38508446404	1399.83934999986
0.650099999999945	1281.38508446404	1404.96545999986
0.652099999999945	1281.38508446404	1410.08265999986
0.654099999999944	1309.08990707876	1415.19101999986
0.656099999999944	1309.08990707876	1420.29060999986
0.658099999999944	1309.08990707876	1425.38149999986
0.660099999999944	1309.08990707876	1430.46376999986
0.662099999999943	1337.09103795675	1435.53746999986
0.664099999999943	1337.09103795675	1440.60268999986
0.666099999999943	1337.09103795675	1445.65947999986
0.668099999999943	1337.09103795675	1450.70790999986
0.670099999999943	1337.09103795675	1455.74804999986
0.672099999999942	1337.09103795675	1460.77995999986
0.674099999999942	1365.388477098	1465.80369999985
0.676099999999942	1365.388477098	1470.81933999985
0.678099999999942	1365.388477098	1475.82692999985
0.680099999999941	1365.388477098	1480.82653999985
0.682099999999941	1365.388477098	1485.81821999985
0.684099999999941	1365.388477098	1490.80203999985
0.686099999999941	1365.388477098	1495.77804999985
0.688099999999941	1365.388477098	1500.74629999985
0.69009999999994	1365.388477098	1505.70685999985
0.69209999999994	1393.9822245025	1510.65976999985
0.69409999999994	1393.9822245025	1515.60509999985
0.69609999999994	1393.9822245025	1520.54288999985
0.698099999999939	1422.87228017027	1525.47318999985
0.700099999999939	1422.87228017027	1530.39605999985
0.702099999999939	1422.87228017027	1535.31154999985
0.704099999999939	1422.87228017027	1540.21970999985
0.706099999999939	1422.87228017027	1545.12057999985
0.708099999999938	1422.87228017027	1550.01421999985
0.710099999999938	1422.87228017027	1554.90067999985
0.712099999999938	1422.87228017027	1559.77998999985
0.714099999999938	1422.87228017027	1564.65220999985
0.716099999999937	1452.05864410129	1569.51737999985
0.718099999999937	1452.05864410129	1574.37554999985
0.720099999999937	1452.05864410129	1579.22675999985
0.722099999999937	1452.05864410129	1584.07104999985
0.724099999999937	1452.05864410129	1588.90846999985
0.726099999999936	1452.05864410129	1593.73905999985
0.728099999999936	1452.05864410129	1598.56285999985
0.730099999999936	1481.54131629557	1603.37990999985
0.732099999999936	1481.54131629557	1608.19025999985
0.734099999999935	1481.54131629557	1612.99392999985
0.736099999999935	1481.54131629557	1617.79097999984
0.738099999999935	1511.32029675312	1622.58142999984
0.740099999999935	1511.32029675312	1627.36532999984
0.742099999999935	1511.32029675311	1632.14271999984
0.744099999999934	1511.32029675311	1636.91361999984
0.746099999999934	1511.32029675312	1641.67808999984
0.748099999999934	1511.32029675312	1646.43613999984
0.750099999999934	1511.32029675312	1651.18781999984
0.752099999999933	1511.32029675312	1655.93316999984
0.754099999999933	1511.32029675311	1660.67220999984
0.756099999999933	1511.32029675311	1665.40497999984
0.758099999999933	1511.32029675312	1670.13150999984
0.760099999999933	1511.32029675312	1674.85182999984
0.762099999999932	1541.39558547392	1679.56598999984
0.764099999999932	1541.39558547392	1684.27399999984
0.766099999999932	1541.39558547392	1688.97588999984
0.768099999999932	1541.39558547392	1693.67170999984
0.770099999999932	1541.39558547392	1698.36146999984
0.772099999999931	1571.76718245798	1703.04521999984
0.774099999999931	1571.76718245798	1707.72296999984
0.776099999999931	1571.76718245798	1712.39474999984
0.778099999999931	1571.76718245798	1717.06059999984
0.78009999999993	1571.76718245798	1721.72053999984
0.78209999999993	1587.06409654873	1726.37458999984
0.78409999999993	1602.4350877053	1731.02278999984
0.78609999999993	1602.4350877053	1735.66515999984
0.78809999999993	1602.4350877053	1740.30172999984
0.790099999999929	1602.4350877053	1744.93251999984
0.792099999999929	1602.4350877053	1749.55754999984
0.794099999999929	1602.4350877053	1754.17685999984
0.796099999999929	1602.4350877053	1758.79044999984
0.798099999999928	1602.4350877053	1763.39836999984
0.800099999999928	1602.4350877053	1768.00062999983
0.802099999999928	1602.4350877053	1772.59724999983
0.804099999999928	1602.4350877053	1777.18825999983
0.806099999999928	1602.4350877053	1781.77366999983
0.808099999999927	1633.39930121587	1786.35351999983
0.810099999999927	1633.39930121587	1790.92781999983
0.812099999999927	1633.39930121587	1795.49657999983
0.814099999999927	1633.39930121587	1800.05983999983
0.816099999999926	1664.65982298971	1804.61760999983
0.818099999999926	1664.65982298971	1809.16990999983
0.820099999999926	1664.65982298971	1813.71675999983
0.822099999999926	1664.65982298971	1818.25817999983
0.824099999999926	1664.65982298971	1822.79418999983
0.826099999999925	1664.65982298971	1827.32480999983
0.828099999999925	1664.65982298971	1831.85003999983
0.830099999999925	1664.65982298971	1836.36991999983
0.832099999999925	1664.65982298971	1840.88444999983
0.834099999999924	1696.21665302681	1845.39365999983
0.836099999999924	1696.21665302681	1849.89754999983
0.838099999999924	1696.21665302681	1854.39615999983
0.840099999999924	1696.21665302681	1858.88947999983
0.842099999999924	1696.21665302681	1863.37753999983
0.844099999999923	1696.21665302681	1867.86034999983
0.846099999999923	1696.21665302681	1872.33792999983
0.848099999999923	1696.21665302681	1876.81027999983
0.850099999999923	1696.21665302681	1881.27742999983
0.852099999999922	1696.21665302681	1885.73938999983
0.854099999999922	1728.06979132716	1890.19615999983
0.856099999999922	1728.06979132716	1894.64776999983
0.858099999999922	1728.06979132716	1899.09421999983
0.860099999999922	1728.06979132716	1903.53551999983
0.862099999999921	1760.21923789078	1907.97169999983
0.864099999999921	1760.21923789078	1912.40274999983
0.866099999999921	1760.21923789078	1916.82868999983
0.868099999999921	1760.21923789078	1921.24953999982
0.87009999999992	1760.21923789078	1925.66528999982
0.87209999999992	1760.21923789078	1930.07596999982
0.87409999999992	1760.21923789078	1934.48157999982
0.87609999999992	1760.21923789078	1938.88211999982
0.87809999999992	1760.21923789078	1943.27761999982
0.880099999999919	1760.21923789078	1947.66806999982
0.882099999999919	1760.21923789078	1952.05348999982
0.884099999999919	1760.21923789078	1956.43387999982
0.886099999999919	1792.66499271765	1960.80924999982
0.888099999999919	1792.66499271765	1965.17960999982
0.890099999999918	1792.66499271765	1969.54495999982
0.892099999999918	1792.66499271765	1973.90531999982
0.894099999999918	1792.66499271765	1978.26067999982
0.896099999999918	1792.66499271765	1982.61105999982
0.898099999999917	1792.66499271765	1986.95645999982
0.900099999999917	1792.66499271765	1991.29687999982
0.902099999999917	1825.40705580778	1995.63232999982
0.904099999999917	1825.40705580779	1999.96280999982
0.906099999999917	1825.40705580779	2004.28833999982
0.908099999999916	1825.40705580779	2008.60889999982
0.910099999999916	1858.44542716118	2012.92450999982
0.912099999999916	1858.44542716118	2017.23516999982
0.914099999999916	1858.44542716118	2021.54087999982
0.916099999999915	1858.44542716118	2025.84164999982
0.918099999999915	1858.44542716118	2030.13746999982
0.920099999999915	1858.44542716118	2034.42834999982
0.922099999999915	1858.44542716118	2038.71428999982
0.924099999999915	1858.44542716118	2042.99528999982
0.926099999999914	1858.44542716118	2047.27134999982
0.928099999999914	1858.44542716118	2051.54246999982
0.930099999999914	1858.44542716118	2055.80865999982
0.932099999999914	1858.44542716118	2060.06989999982
0.934099999999913	1858.44542716118	2064.32620999982
0.936099999999913	1858.44542716118	2068.57757999982
0.938099999999913	1858.44542716118	2072.82400999982
0.940099999999913	1858.44542716118	2077.06548999981
0.942099999999913	1858.44542716118	2081.30202999981
0.944099999999912	1891.78010677783	2085.53362999981
0.946099999999912	1891.78010677783	2089.76026999981
0.948099999999912	1891.78010677783	2093.98195999981
0.950099999999912	1891.78010677783	2098.19868999981
0.952099999999911	1891.78010677783	2102.41045999981
0.954099999999911	1925.41109465774	2106.61726999981
0.956099999999911	1925.41109465774	2110.81910999981
0.958099999999911	1925.41109465774	2115.01596999981
0.960099999999911	1925.41109465774	2119.20785999981
0.96209999999991	1925.41109465774	2123.39474999981
0.96409999999991	1925.41109465774	2127.57665999981
0.96609999999991	1925.41109465774	2131.75356999981
0.96809999999991	1959.33839080091	2135.92546999981
0.970099999999909	1959.33839080091	2140.09235999981
0.972099999999909	1959.33839080091	2144.25422999981
0.974099999999909	1959.33839080091	2148.41105999981
0.976099999999909	1959.33839080091	2152.56286999981
0.978099999999909	1959.33839080091	2156.70961999981
0.980099999999908	1959.33839080091	2160.85131999981
0.982099999999908	1959.33839080091	2164.98794999981
0.984099999999908	1959.33839080091	2169.11950999981
0.986099999999908	1959.33839080091	2173.24596999981
0.988099999999908	1959.33839080091	2177.36733999981
0.990099999999907	1959.33839080091	2181.48359999981
0.992099999999907	1959.33839080091	2185.59473999981
0.994099999999907	1959.33839080091	2189.70073999981
0.996099999999907	1959.33839080091	2193.80158999981
0.998099999999906	1993.56199520734	2197.89728999981
1.00009999999991	1993.56199520734	2201.98779999981
1.00209999999991	1993.56199520734	2206.07312999981
1.00409999999991	1993.56199520734	2210.15324999981
1.00609999999991	1993.56199520734	2214.22814999981
1.00809999999991	2028.08190787703	2218.29781999981
1.01009999999991	2028.08190787703	2222.36222999981
1.0120999999999	2028.08190787703	2226.42136999981
1.0140999999999	2028.08190787703	2230.47522999981
1.0160999999999	2028.08190787703	2234.52377999981
1.0180999999999	2028.08190787703	2238.56699999981
1.0200999999999	2028.08190787703	2242.60488999981
1.0220999999999	2028.08190787703	2246.63740999981
1.0240999999999	2028.08190787703	2250.66453999981
1.0260999999999	2028.08190787703	2254.68627999981
1.0280999999999	2028.08190787703	2258.70258999981
1.0300999999999	2028.08190787703	2262.71344999981
1.0320999999999	2062.89812880997	2266.71883999981
1.0340999999999	2062.89812880997	2270.7187399998
1.0360999999999	2062.89812880997	2274.71312999981
1.0380999999999	2062.89812880997	2278.70196999981
1.0400999999999	2062.89812880997	2282.6852499998
1.0420999999999	2062.89812880997	2286.6629299998
1.0440999999999	2062.89812880997	2290.6349999998
1.0460999999999	2062.89812880997	2294.6014299998
1.0480999999999	2062.89812880997	2298.5621899998
1.0500999999999	2062.89812880997	2302.5172399998
1.0520999999999	2062.89812880997	2306.4665699998
1.0540999999999	2098.01065800618	2310.4101299998
1.0560999999999	2098.01065800618	2314.3479099998
1.0580999999999	2098.01065800618	2318.2798699998
1.0600999999999	2098.01065800618	2322.2059799998
1.0620999999999	2098.01065800618	2326.1261999998
1.0640999999999	2133.41949546564	2330.0405099998
1.0660999999999	2133.41949546564	2333.9488599998
1.0680999999999	2133.41949546565	2337.8512299998
1.0700999999999	2133.41949546565	2341.7475699998
1.0720999999999	2133.41949546565	2345.6378599998
1.0740999999999	2133.41949546565	2349.5220499998
1.0760999999999	2133.41949546565	2353.4001099998
1.0780999999999	2133.41949546565	2357.2719899998
1.0800999999999	2133.41949546564	2361.1376599998
1.0820999999999	2133.41949546564	2364.9970799998
1.0840999999999	2133.41949546564	2368.8501999998
1.0860999999999	2133.41949546565	2372.6969899998
1.0880999999999	2133.41949546565	2376.5373899998
1.0900999999999	2133.41949546565	2380.3713699998
1.0920999999999	2133.41949546565	2384.1988699998
1.0940999999999	2133.41949546564	2388.0198599998
1.0960999999999	2133.41949546564	2391.8342799998
1.0980999999999	2169.12464118837	2395.6420899998
1.1000999999999	2169.12464118837	2399.4432299998
1.1020999999999	2169.12464118837	2403.2376599998
1.10409999999989	2169.12464118837	2407.0253199998
1.10609999999989	2169.12464118837	2410.8061699998
1.10809999999989	2169.12464118837	2414.5801399998
1.11009999999989	2169.12464118837	2418.3471799998
1.11209999999989	2169.12464118837	2422.1072399998
1.11409999999989	2205.12609517435	2425.8602599998
1.11609999999989	2205.12609517435	2429.6061799998
1.11809999999989	2205.12609517435	2433.3449299998
1.12009999999989	2205.12609517435	2437.0764599998
1.12209999999989	2205.12609517435	2440.8007099998
1.12409999999989	2205.12609517435	2444.5176099998
1.12609999999989	2241.4238574236	2448.2270999998
1.12809999999989	2241.42385742359	2451.9291099998
1.13009999999989	2241.4238574236	2455.6235599998
1.13209999999989	2241.4238574236	2459.3103999998
1.13409999999989	2241.4238574236	2462.9895499998
1.13609999999989	2241.4238574236	2466.6609399998
1.13809999999989	2241.4238574236	2470.3244899998
1.14009999999989	2241.42385742359	2473.9801299998
1.14209999999989	2241.4238574236	2477.6277899998
1.14409999999989	2241.4238574236	2481.2673699998
1.14609999999989	2241.4238574236	2484.8988099998
1.14809999999989	2241.4238574236	2488.5220099998
1.15009999999989	2241.4238574236	2492.1369099998
1.15209999999989	2241.4238574236	2495.7433999998
1.15409999999989	2241.4238574236	2499.3414099998
1.15609999999989	2241.42385742359	2502.9308399998
1.15809999999989	2241.4238574236	2506.5115999998
1.16009999999989	2241.4238574236	2510.0835999998
1.16209999999989	2241.4238574236	2513.6467399998
1.16409999999989	2241.4238574236	2517.2009399998
1.16609999999989	2278.0179279361	2520.7460799998
1.16809999999989	2278.0179279361	2524.2820599998
1.17009999999989	2278.0179279361	2527.8087999998
1.17209999999989	2278.0179279361	2531.3261599998
1.17409999999989	2278.0179279361	2534.8340599998
1.17609999999989	2278.0179279361	2538.3323799998
1.17809999999989	2314.90830671186	2541.8210099998
1.18009999999989	2314.90830671186	2545.2998299998
1.18209999999989	2314.90830671186	2548.7687199998
1.18409999999989	2314.90830671186	2552.2275799998
1.18609999999989	2314.90830671186	2555.6762599998
1.18809999999989	2314.90830671186	2559.1146599998
1.19009999999989	2314.90830671186	2562.5426399998
1.19209999999989	2314.90830671186	2565.9600699998
1.19409999999988	2314.90830671186	2569.3668299998
1.19609999999988	2314.90830671186	2572.7627699998
1.19809999999988	2314.90830671186	2576.14774999981
1.20009999999988	2352.09499375088	2579.52164999981
1.20209999999988	2352.09499375088	2582.88429999981
1.20409999999988	2352.09499375088	2586.23556999981
1.20609999999988	2352.09499375088	2589.57529999981
1.20809999999988	2352.09499375088	2592.90334999981
1.21009999999988	2352.09499375088	2596.21954999981
1.21209999999988	2352.09499375088	2599.52374999981
1.21409999999988	2352.09499375088	2602.81577999981
1.21609999999988	2352.09499375088	2606.09547999981
1.21809999999988	2352.09499375088	2609.36267999981
1.22009999999988	2352.09499375088	2612.61720999981
1.22209999999988	2352.09499375088	2615.85887999981
1.22409999999988	2352.09499375088	2619.08751999981
1.22609999999988	2352.09499375088	2622.30294999981
1.22809999999988	2352.09499375088	2625.50496999981
1.23009999999988	2352.09499375088	2628.69339999981
1.23209999999988	2389.57798905316	2631.86803999981
1.23409999999988	2389.57798905316	2635.02869999981
1.23609999999988	2389.57798905316	2638.17516999981
1.23809999999988	2389.57798905316	2641.30723999981
1.24009999999988	2389.57798905316	2644.42470999981
1.24209999999988	2389.57798905316	2647.52735999981
1.24409999999988	2427.3572926187	2650.61496999981
1.24609999999988	2427.3572926187	2653.68731999981
1.24809999999988	2427.3572926187	2656.74417999982
1.25009999999988	2427.3572926187	2659.78531999982
1.25209999999988	2427.3572926187	2662.81050999982
1.25409999999988	2427.3572926187	2665.81950999982
1.25609999999988	2427.3572926187	2668.81206999982
1.25809999999988	2427.3572926187	2671.78794999982
1.26009999999988	2427.35729261869	2674.74688999982
1.26209999999988	2427.3572926187	2677.68863999982
1.26409999999988	2427.3572926187	2680.61293999982
1.26609999999988	2427.3572926187	2683.51951999982
1.26809999999988	2427.3572926187	2686.40811999982
1.27009999999988	2427.3572926187	2689.27845999982
1.27209999999988	2427.3572926187	2692.13025999982
1.27409999999988	2427.3572926187	2694.96324999982
1.27609999999988	2427.3572926187	2697.77713999983
1.27809999999988	2465.43290444749	2700.57163999983
1.28009999999988	2465.43290444749	2703.34644999983
1.28209999999988	2465.43290444749	2706.10128999983
1.28409999999988	2465.43290444749	2708.83585999983
1.28609999999987	2465.43290444749	2711.54983999983
1.28809999999987	2465.43290444749	2714.24292999983
1.29009999999987	2465.43290444749	2716.91483999983
1.29209999999987	2465.43290444749	2719.56522999983
1.29409999999987	2465.43290444749	2722.19379999983
1.29609999999987	2465.43290444749	2724.80022999984
1.29809999999987	2465.43290444749	2727.38419999984
1.30009999999987	2465.43290444749	2729.94538999984
1.30209999999987	2465.43290444749	2732.48347999984
1.30409999999987	2503.80482453955	2734.99813999984
1.30609999999987	2503.80482453955	2737.48904999984
1.30809999999987	2503.80482453955	2739.95587999984
1.31009999999987	2503.80482453955	2742.39831999984
1.31209999999987	2503.80482453955	2744.81601999985
1.31409999999987	2503.80482453955	2747.20866999985
1.31609999999987	2542.47305289487	2749.57594999985
1.31809999999987	2542.47305289487	2751.91753999985
1.32009999999987	2542.47305289487	2754.23310999985
1.32209999999987	2542.47305289487	2756.52234999985
1.32409999999987	2542.47305289487	2758.78494999985
1.32609999999987	2542.47305289487	2761.02058999986
1.32809999999987	2542.47305289487	2763.22898999986
1.33009999999987	2542.47305289487	2765.40982999986
1.33209999999987	2542.47305289487	2767.56281999986
1.33409999999987	2542.47305289487	2769.68768999986
1.33609999999987	2542.47305289487	2771.78414999986
1.33809999999987	2542.47305289487	2773.85192999987
1.34009999999987	2542.47305289487	2775.89077999987
1.34209999999987	2542.47305289487	2777.90042999987
1.34409999999987	2542.47305289487	2779.88065999987
1.34609999999987	2542.47305289487	2781.83123999987
1.34809999999987	2542.47305289487	2783.75193999987
1.35009999999987	2542.47305289487	2785.64255999988
1.35209999999987	2542.47305289487	2787.50291999988
1.35409999999987	2542.47305289487	2789.33283999988
1.35609999999987	2542.47305289487	2791.13215999988
1.35809999999987	2542.47305289487	2792.90072999988
1.36009999999987	2581.43758951344	2794.63843999989
1.36209999999987	2581.43758951344	2796.34515999989
1.36409999999987	2581.43758951344	2798.02081999989
1.36609999999987	2581.43758951344	2799.66531999989
1.36809999999987	2581.43758951344	2801.27863999989
1.37009999999987	2581.43758951344	2802.86071999989
1.37209999999987	2581.43758951344	2804.4115499999
1.37409999999987	2581.43758951344	2805.9311599999
1.37609999999986	2581.43758951344	2807.4195499999
1.37809999999986	2581.43758951344	2808.8767999999
1.38009999999986	2620.69843439527	2810.3029499999
1.38209999999986	2620.69843439527	2811.69811999991
1.38409999999986	2620.69843439527	2813.06241999991
1.38609999999986	2620.69843439527	2814.39597999991
1.38809999999986	2620.69843439527	2815.69896999991
1.39009999999986	2620.69843439527	2816.97156999991
1.39209999999986	2620.69843439527	2818.21397999992
1.39409999999986	2620.69843439527	2819.42641999992
1.39609999999986	2620.69843439527	2820.60914999992
1.39809999999986	2660.25558754037	2821.76241999992
1.40009999999986	2660.25558754037	2822.88652999992
1.40209999999986	2660.25558754037	2823.98177999993
1.40409999999986	2660.25558754037	2825.04849999993
1.40609999999986	2660.25558754037	2826.08701999993
1.40809999999986	2660.25558754037	2827.09770999993
1.41009999999986	2660.25558754037	2828.08093999993
1.41209999999986	2660.25558754037	2829.03710999993
1.41409999999986	2660.25558754037	2829.96661999994
1.41609999999986	2660.25558754037	2830.86988999994
1.41809999999986	2660.25558754037	2831.74734999994
1.42009999999986	2660.25558754037	2832.59945999994
1.42209999999986	2660.25558754037	2833.42664999994
1.42409999999986	2660.25558754037	2834.22940999994
1.42609999999986	2660.25558754037	2835.00818999995
1.42809999999986	2660.25558754037	2835.76347999995
1.43009999999986	2660.25558754037	2836.49576999995
1.43209999999986	2660.25558754037	2837.20555999995
1.43409999999986	2660.25558754037	2837.89331999995
1.43609999999986	2660.25558754037	2838.55956999995
1.43809999999986	2660.25558754037	2839.20480999995
1.44009999999986	2660.25558754037	2839.82953999996
1.44209999999986	2660.25558754037	2840.43425999996
1.44409999999986	2660.25558754037	2841.01947999996
1.44609999999986	2700.10904894872	2841.58569999996
1.44809999999986	2700.10904894872	2842.13340999996
1.45009999999986	2700.10904894872	2842.66311999996
1.45209999999986	2700.10904894872	2843.17530999996
1.45409999999986	2700.10904894872	2843.67047999997
1.45609999999986	2700.10904894872	2844.14910999997
1.45809999999986	2700.10904894872	2844.61166999997
1.46009999999986	2700.10904894872	2845.05862999997
1.46209999999986	2740.25881862033	2845.49046999997
1.46409999999986	2740.25881862033	2845.90763999997
1.46609999999985	2740.25881862033	2846.31057999997
1.46809999999985	2740.25881862033	2846.69974999997
1.47009999999985	2740.25881862033	2847.07555999997
1.47209999999985	2740.25881862033	2847.43845999997
1.47409999999985	2740.25881862033	2847.78884999997
1.47609999999985	2740.25881862033	2848.12713999998
1.47809999999985	2740.25881862033	2848.45372999998
1.48009999999985	2740.25881862033	2848.76900999998
1.48209999999985	2740.25881862033	2849.07335999998
1.48409999999985	2740.25881862033	2849.36713999998
1.48609999999985	2740.25881862033	2849.65071999998
1.48809999999985	2740.25881862033	2849.92444999998
1.49009999999985	2740.25881862033	2850.18866999998
1.49209999999985	2780.7048965552	2850.44370999998
1.49409999999985	2780.7048965552	2850.68988999998
1.49609999999985	2780.7048965552	2850.92751999998
1.49809999999985	2780.7048965552	2851.15691999998
1.50009999999985	2780.7048965552	2851.37835999998
1.50209999999985	2780.7048965552	2851.59213999998
1.50409999999985	2780.7048965552	2851.79853999998
1.50609999999985	2780.7048965552	2851.99780999999
1.50809999999985	2780.7048965552	2852.19022999999
1.51009999999985	2780.7048965552	2852.37602999999
1.51209999999985	2780.7048965552	2852.55546999999
1.51409999999985	2780.7048965552	2852.72876999999
1.51609999999985	2780.7048965552	2852.89615999999
1.51809999999985	2780.7048965552	2853.05786999999
1.52009999999985	2780.7048965552	2853.21408999999
1.52209999999985	2780.7048965552	2853.36502999999
1.52409999999985	2780.7048965552	2853.51089999999
1.52609999999985	2780.7048965552	2853.65186999999
1.52809999999985	2780.7048965552	2853.78812999999
1.53009999999985	2780.7048965552	2853.91985999999
1.53209999999985	2780.7048965552	2854.04722999999
1.53409999999985	2821.44728275333	2854.17038999999
1.53609999999985	2821.44728275333	2854.28950999999
1.53809999999985	2821.44728275333	2854.40473999999
1.54009999999985	2821.44728275333	2854.51621999999
1.54209999999985	2821.44728275333	2854.62408999999
1.54409999999985	2821.44728275333	2854.72848999999
1.54609999999985	2821.44728275333	2854.82954999999
1.54809999999985	2821.44728275333	2854.92738999999
1.55009999999985	2862.48597721472	2855.02213999999
1.55209999999985	2862.48597721472	2855.11390999999
1.55409999999985	2862.48597721472	2855.20280999999
1.55609999999985	2862.48597721472	2855.28893999999
1.55809999999984	2862.48597721472	2855.37241999999
1.56009999999984	2862.48597721472	2855.45332999999
1.56209999999984	2862.48597721472	2855.53177999999
1.56409999999984	2862.48597721472	2855.60785999999
1.56609999999984	2862.48597721472	2855.68164999999
1.56809999999984	2862.48597721472	2855.75323999999
1.57009999999984	2862.48597721472	2855.82270999999
1.57209999999984	2862.48597721472	2855.89013999999
1.57409999999984	2862.48597721472	2855.95561
1.57609999999984	2862.48597721472	2856.01917999999
1.57809999999984	2862.48597721472	2856.08091999999
1.58009999999984	2862.48597721472	2856.14091
1.58209999999984	2862.48597721472	2856.1992
1.58409999999984	2862.48597721472	2856.25586
1.58609999999984	2862.48597721472	2856.31095
1.58809999999984	2862.48597721472	2856.36452
1.59009999999984	2862.48597721472	2856.41663
1.59209999999984	2862.48597721472	2856.46733
1.59409999999984	2862.48597721472	2856.51667
1.59609999999984	2903.82097993937	2856.5647
1.59809999999984	2903.82097993937	2856.61147
1.60009999999984	2903.82097993937	2856.65703
1.60209999999984	2903.82097993937	2856.7014
1.60409999999984	2903.82097993937	2856.74465
1.60609999999984	2903.82097993937	2856.7868
1.60809999999984	2903.82097993937	2856.8279
1.61009999999984	2903.82097993937	2856.86797
1.61209999999984	2903.82097993937	2856.90707
1.61409999999984	2903.82097993937	2856.94522
1.61609999999984	2903.82097993937	2856.98245
1.61809999999984	2903.82097993937	2857.0188
1.62009999999984	2903.82097993937	2857.0543
1.62209999999984	2903.82097993937	2857.08897
1.62409999999984	2903.82097993937	2857.12285
1.62609999999984	2903.82097993937	2857.15596
1.62809999999984	2903.82097993937	2857.18832
1.63009999999984	2945.45229092728	2857.21997
1.63209999999984	2945.45229092728	2857.25093
1.63409999999984	2945.45229092728	2857.28121
1.63609999999984	2945.45229092727	2857.31085
1.63809999999984	2945.45229092728	2857.33986
1.64009999999984	2945.45229092728	2857.36827
1.64209999999984	2945.45229092727	2857.39609
1.64409999999984	2945.45229092728	2857.42334
1.64609999999984	2945.45229092727	2857.45005
1.64809999999983	2987.37991017844	2857.47623
1.65009999999983	2987.37991017844	2857.50189
1.65209999999983	2987.37991017844	2857.52706
1.65409999999983	2987.37991017844	2857.55175
1.65609999999983	2987.37991017844	2857.57598
1.65809999999983	2987.37991017844	2857.59975
1.66009999999983	2987.37991017844	2857.62309
1.66209999999983	2987.37991017844	2857.64601
1.66409999999983	2987.37991017844	2857.66852
1.66609999999983	2987.37991017844	2857.69064
1.66809999999983	2987.37991017844	2857.71238
1.67009999999983	2987.37991017844	2857.73374
1.67209999999983	2987.37991017844	2857.75474
1.67409999999983	2987.37991017844	2857.7754
1.67609999999983	2987.37991017844	2857.79572
1.67809999999983	2987.37991017844	2857.81571
1.68009999999983	2987.37991017844	2857.83539
1.68209999999983	2987.37991017844	2857.85476
1.68409999999983	2987.37991017844	2857.87383
1.68609999999983	2987.37991017844	2857.89261
1.68809999999983	2987.37991017844	2857.91111
1.69009999999983	2987.37991017844	2857.92934
1.69209999999983	2987.37991017844	2857.94731
1.69409999999983	2987.37991017844	2857.96502
1.69609999999983	2987.37991017844	2857.98248
1.69809999999983	2987.37991017844	2857.99971
1.70009999999983	2987.37991017844	2858.0167
1.70209999999983	2987.37991017844	2858.03346
1.70409999999983	2987.37991017844	2858.05
1.70609999999983	2987.37991017844	2858.06633
1.70809999999983	2987.37991017844	2858.08245
1.71009999999983	2987.37991017844	2858.09837
1.71209999999983	2987.37991017844	2858.1141
1.71409999999983	2987.37991017844	2858.12963
1.71609999999983	3029.60383769287	2858.14498
1.71809999999983	3029.60383769287	2858.16015
1.72009999999983	3029.60383769287	2858.17515
1.72209999999983	3029.60383769287	2858.18998
1.72409999999983	3029.60383769287	2858.20464
1.72609999999983	3029.60383769287	2858.21915
1.72809999999983	3029.60383769287	2858.2335
1.73009999999983	3029.60383769287	2858.2477
1.73209999999983	3029.60383769287	2858.26175
1.73409999999983	3029.60383769287	2858.27566
1.73609999999983	3029.60383769287	2858.28943
1.73809999999983	3029.60383769287	2858.30306
1.74009999999982	3072.12407347055	2858.31657
1.74209999999982	3072.12407347055	2858.32995
1.74409999999982	3072.12407347055	2858.3432
1.74609999999982	3072.12407347055	2858.35633
1.74809999999982	3072.12407347055	2858.36935
1.75009999999982	3072.12407347055	2858.38225
1.75209999999982	3072.12407347055	2858.39504
1.75409999999982	3072.12407347055	2858.40773
1.75609999999982	3072.12407347055	2858.42031
1.75809999999982	3072.12407347055	2858.43278
1.76009999999982	3072.12407347055	2858.44516
1.76209999999982	3072.12407347055	2858.45744
1.76409999999982	3072.12407347055	2858.46963
1.76609999999982	3072.12407347055	2858.48172
1.76809999999982	3072.12407347055	2858.49373
1.77009999999982	3072.12407347055	2858.50565
1.77209999999982	3114.94061751149	2858.51748
1.77409999999982	3114.94061751149	2858.52924
1.77609999999982	3114.94061751149	2858.54091
1.77809999999982	3114.94061751149	2858.5525
1.78009999999982	3114.94061751149	2858.56402
1.78209999999982	3114.94061751149	2858.57547
1.78409999999982	3114.94061751149	2858.58684
1.78609999999982	3114.94061751149	2858.59814
1.78809999999982	3114.94061751149	2858.60938
1.79009999999982	3114.94061751149	2858.62055
1.79209999999982	3114.94061751149	2858.63165
1.79409999999982	3114.94061751149	2858.64269
1.79609999999982	3114.94061751149	2858.65367
1.79809999999982	3114.94061751149	2858.66459
1.80009999999982	3114.94061751149	2858.67545
1.80209999999982	3114.94061751149	2858.68626
1.80409999999982	3114.94061751149	2858.69701
1.80609999999982	3114.94061751149	2858.7077
1.80809999999982	3114.94061751149	2858.71835
1.81009999999982	3114.94061751149	2858.72894
1.81209999999982	3114.94061751149	2858.73948
1.81409999999982	3114.94061751149	2858.74998
1.81609999999982	3114.94061751149	2858.76042
1.81809999999982	3114.94061751149	2858.77082
1.82009999999982	3114.94061751149	2858.78118
1.82209999999982	3114.94061751149	2858.79149
1.82409999999982	3114.94061751149	2858.80177
1.82609999999982	3114.94061751149	2858.81199
1.82809999999982	3114.94061751149	2858.82218
1.83009999999981	3114.94061751149	2858.83233
1.83209999999981	3114.94061751149	2858.84245
1.83409999999981	3114.94061751149	2858.85252
1.83609999999981	3114.94061751149	2858.86256
1.83809999999981	3114.94061751149	2858.87256
1.84009999999981	3114.94061751149	2858.88253
1.84209999999981	3114.94061751149	2858.89246
1.84409999999981	3158.0534698157	2858.90237
1.84609999999981	3158.0534698157	2858.91224
1.84809999999981	3158.0534698157	2858.92208
1.85009999999981	3158.0534698157	2858.93188
1.85209999999981	3158.0534698157	2858.94166
1.85409999999981	3158.0534698157	2858.95142
1.85609999999981	3158.0534698157	2858.96114
1.85809999999981	3158.0534698157	2858.97083
1.86009999999981	3158.0534698157	2858.9805
1.86209999999981	3158.0534698157	2858.99015
1.86409999999981	3158.0534698157	2858.99977
1.86609999999981	3158.0534698157	2859.00936
1.86809999999981	3201.46263038316	2859.01893
1.87009999999981	3201.46263038316	2859.02848
1.87209999999981	3201.46263038316	2859.038
1.87409999999981	3201.46263038316	2859.04751
1.87609999999981	3201.46263038316	2859.05699
1.87809999999981	3201.46263038316	2859.06645
1.88009999999981	3201.46263038316	2859.07589
1.88209999999981	3201.46263038316	2859.08531
1.88409999999981	3201.46263038316	2859.09471
1.88609999999981	3201.46263038316	2859.10409
1.88809999999981	3201.46263038316	2859.11346
1.89009999999981	3201.46263038316	2859.12281
1.89209999999981	3201.46263038316	2859.13214
1.89409999999981	3201.46263038316	2859.14145
1.89609999999981	3201.46263038316	2859.15075
1.89809999999981	3201.46263038316	2859.16003
1.90009999999981	3201.46263038316	2859.16929
1.90209999999981	3201.46263038316	2859.17854
1.90409999999981	3201.46263038316	2859.18778
1.90609999999981	3201.46263038316	2859.197
1.90809999999981	3201.46263038316	2859.20621
1.91009999999981	3201.46263038316	2859.21541
1.91209999999981	3201.46263038316	2859.22459
1.91409999999981	3201.46263038316	2859.23376
1.91609999999981	3201.46263038316	2859.24292
1.91809999999981	3201.46263038316	2859.25206
1.9200999999998	3201.46263038316	2859.26119
1.9220999999998	3201.46263038316	2859.27032
1.9240999999998	3201.46263038316	2859.27943
1.9260999999998	3201.46263038316	2859.28853
1.9280999999998	3201.46263038316	2859.29762
1.9300999999998	3245.16809921388	2859.3067
1.9320999999998	3245.16809921388	2859.31577
1.9340999999998	3245.16809921388	2859.32484
1.9360999999998	3245.16809921388	2859.33389
1.9380999999998	3245.16809921388	2859.34293
1.9400999999998	3245.16809921388	2859.35197
1.9420999999998	3245.16809921388	2859.361
1.9440999999998	3245.16809921388	2859.37002
1.9460999999998	3245.16809921388	2859.37903
1.9480999999998	3245.16809921388	2859.38803
1.9500999999998	3245.16809921388	2859.39703
1.9520999999998	3245.16809921388	2859.40602
1.9540999999998	3245.16809921388	2859.415
1.9560999999998	3245.16809921388	2859.42398
1.9580999999998	3245.16809921388	2859.43295
1.9600999999998	3245.16809921388	2859.44191
1.9620999999998	3245.16809921388	2859.45087
1.9640999999998	3245.16809921388	2859.45982
1.9660999999998	3245.16809921388	2859.46877
1.9680999999998	3245.16809921388	2859.47771
1.9700999999998	3245.16809921388	2859.48665
1.9720999999998	3245.16809921388	2859.49558
1.9740999999998	3245.16809921388	2859.50451
1.9760999999998	3245.16809921388	2859.51343
1.9780999999998	3245.16809921388	2859.52235
1.9800999999998	3245.16809921388	2859.53126
1.9820999999998	3245.16809921388	2859.54017
1.9840999999998	3245.16809921388	2859.54908
1.9860999999998	3245.16809921388	2859.55798
1.9880999999998	3245.16809921388	2859.56688
1.9900999999998	3245.16809921388	2859.57578
1.9920999999998	3245.16809921388	2859.58467
1.9940999999998	3245.16809921388	2859.59356
1.9960999999998	3245.16809921388	2859.60244
1.9980999999998	3245.16809921388	2859.61133
