t	Cd
0	0	0
0.002	0	0
0.0041	0	5.02338
0.006	0	5.02104
0.00800000000000001	0	5.03273
0.0101	0	5.05844
0.0121	0	5.07013
0.0141	0	5.08182
0.0161	0	5.09349999999999
0.0180999999999999	0	5.10518999999999
0.0200999999999999	0	5.11687999999999
0.0220999999999999	0	5.12855999999999
0.0240999999999999	0	5.14024999999999
0.0260999999999999	0	5.15192999999999
0.0280999999999999	0	5.16361999999998
0.0300999999999999	0	5.17529999999998
0.0320999999999999	0	5.18697999999999
0.0341	0	5.19865999999999
0.036	0	5.19698
0.0380000000000001	0	5.20879000000001
0.0400000000000001	0	5.22061000000001
0.0420000000000002	0	5.23244000000002
0.0440000000000002	0	5.24429000000003
0.0460000000000003	0	5.25614000000004
0.0480000000000003	0	5.26801000000004
0.0500000000000004	0	5.27990000000005
0.0520000000000005	0	5.29179000000005
0.0540000000000005	0	5.30369000000006
0.0560000000000006	0	5.31559000000007
0.0580000000000006	5.33613876459628	5.32750000000007
0.0600000000000007	0	5.33942000000008
0.0620000000000007	0	5.35133000000008
0.0640000000000008	0	5.36325000000008
0.0660000000000009	0	5.37516000000009
0.0680000000000009	5.39302398295582	5.38707000000009
0.070000000000001	5.40429063414605	5.39896000000009
0.072000000000001	5.4155543210594	5.4108400000001
0.0740000000000011	5.426725818565	5.4227100000001
0.0760000000000012	5.43769514386399	5.4345600000001
0.0780000000000012	5.44861853186761	5.4463800000001
0.0800000000000013	5.45950306423453	5.46544000000001
0.0820000000000013	5.47004815301922	5.47671000000001
0.0840000000000014	5.48054820672981	5.48793000000001
0.0860000000000014	5.49103374436057	5.49909000000001
0.0880000000000015	5.50152625999364	5.51018000000001
0.0900000000000016	5.5120001758321	5.52119000000001
0.0920000000000016	5.52238975488863	5.53211000000001
0.0940000000000017	5.53232946433453	5.54294000000001
0.0960000000000017	5.54224947693265	5.55365000000001
0.0980000000000018	5.55216467686618	5.56424000000001
0.100000000000002	5.56206500105899	5.57469000000001
0.102000000000002	5.57154916061551	5.58499000000001
0.104000000000002	5.58076858402815	5.59510000000001
0.106000000000002	5.58936851149439	5.60502000000001
0.108000000000002	5.59783401272831	5.61472000000001
0.110000000000002	5.60633456401135	5.62418000000001
0.112000000000002	5.61475532617956	5.63338000000001
0.114000000000002	5.62308952375814	5.64227000000001
0.116000000000002	5.63069302544555	5.65084000000001
0.118000000000002	5.63821464041727	5.65905000000001
0.120000000000002	5.64484101937854	5.66687000000001
0.122000000000002	5.65094815942129	5.67427000000001
0.124000000000003	5.65646897807987	5.68122000000001
0.126000000000002	5.66191990499811	5.68768000000001
0.128000000000002	5.6673704701394	5.69361000000001
0.130000000000002	5.67271191131879	5.69900000000001
0.132000000000002	5.67699226300787	5.7038
0.134000000000002	5.68018708960498	5.708
0.136000000000001	5.68332332366701	5.71158
0.138000000000001	5.68541696502027	5.71451
0.140000000000001	5.68736974143405	5.7168
0.142000000000001	5.68938444601017	5.71843
0.144	5.69056128751385	5.7194
0.146	5.69060270050189	5.71974
0.148	5.69021754967747	5.71945
0.1501	5.68994128496751	5.71849
0.1521	5.68886398077477	5.71698
0.154099999999999	5.68757883425966	5.71493
0.156099999999999	5.68597322737223	5.71237
0.158099999999999	5.68334176823205	5.70935
0.160099999999999	5.67994210411827	5.7059
0.162099999999998	5.67677768900921	5.70206
0.164099999999998	5.67392863397732	5.69789
0.166099999999998	5.67120544962996	5.69342
0.168099999999998	5.66765979587314	5.68870000000001
0.170099999999998	5.66368722518859	5.68377000000001
0.172099999999997	5.65947194016151	5.67866000000001
0.174099999999997	5.6545942784161	5.67341000000001
0.176099999999997	5.64985208234153	5.66806000000001
0.178099999999997	5.64555392842821	5.66263000000001
0.180099999999996	5.64156107582229	5.65716000000001
0.182099999999996	5.63785831209475	5.65166000000001
0.184099999999996	5.63339742091522	5.64615000000001
0.186099999999996	5.62848856532741	5.64067000000001
0.188099999999996	5.62367574427041	5.63521000000001
0.190099999999995	5.61923726991615	5.62981000000001
0.192099999999995	5.6147771320162	5.62446000000001
0.194099999999995	5.60996724461777	5.61918000000001
0.196099999999995	5.60556770540303	5.61398000000001
0.198099999999995	5.60155249579462	5.60887000000001
0.200099999999994	5.59785842131279	5.60384000000001
0.202099999999994	5.59357884500575	5.59891000000001
0.204099999999994	5.58944085858162	5.59407000000002
0.206099999999994	5.58481496870193	5.58934000000002
0.208099999999993	5.58051068295095	5.58471000000002
0.210099999999993	5.576546284663	5.58018000000002
0.212099999999993	5.57292564899005	5.57575000000002
0.214099999999993	5.56958281606776	5.57142000000002
0.216099999999993	5.56617094649773	5.56720000000001
0.218099999999992	5.5624549749672	5.56307000000002
0.220099999999992	5.55907600434505	5.55905000000002
0.222099999999992	5.55597218046571	5.55512000000002
0.224099999999992	5.55297355829982	5.55130000000002
0.226099999999991	5.54951858129328	5.54756000000002
0.228099999999991	5.54632257154494	5.54392000000002
0.230099999999991	5.54283632836195	5.54037000000002
0.232099999999991	5.53937785265695	5.53691000000002
0.234099999999991	5.53616318711867	5.53353000000002
0.23609999999999	5.53318119509244	5.53024000000002
0.23809999999999	5.53040476595837	5.52704000000002
0.24009999999999	5.52785336226319	5.52391000000002
0.24209999999999	5.52551072411046	5.52086000000002
0.244099999999989	5.52328908333587	5.51789000000002
0.246099999999989	5.52124872404652	5.51500000000001
0.248099999999989	5.51937827394468	5.51217000000002
0.250099999999989	5.51717425704191	5.50942000000002
0.252099999999989	5.51493618827016	5.50674000000001
0.254099999999988	5.51288704925148	5.50412000000002
0.256099999999988	5.51084544632999	5.50157000000002
0.258099999999988	5.50846545782188	5.49908000000001
0.260099999999988	5.50624143409893	5.49666000000002
0.262099999999987	5.50417730932177	5.49429000000002
0.264099999999987	5.50225374234885	5.49198000000002
0.266099999999987	5.50046349209328	5.48973000000001
0.268099999999987	5.49836857669924	5.48754000000002
0.270099999999987	5.49627799413599	5.48540000000001
0.272099999999986	5.49434308344718	5.48331000000001
0.274099999999986	5.4925314980341	5.48127000000001
0.276099999999986	5.49086306629511	5.47929000000001
0.278099999999986	5.48931451579414	5.47735000000001
0.280099999999985	5.48787856541204	5.47546000000001
0.282099999999985	5.48652721126863	5.47362000000001
0.284099999999985	5.48528890653459	5.47182000000001
0.286099999999985	5.48414388930478	5.47006000000001
0.288099999999985	5.48309366055426	5.46835000000001
0.290099999999984	5.48211866672944	5.46668000000001
0.292099999999984	5.48099781641847	5.46506000000001
0.294099999999984	5.47969501747436	5.46347000000001
0.296099999999984	5.47850143758036	5.46192000000001
0.298099999999983	5.47736990873016	5.46041000000001
0.300099999999983	5.47622728097789	5.45894000000001
0.302099999999983	5.4748609630011	5.45750000000001
0.304099999999983	5.47351546851344	5.45610000000001
0.306099999999983	5.47229287761111	5.45474000000001
0.308099999999982	5.4711470632476	5.45341000000001
0.310099999999982	5.47008025340891	5.45211000000001
0.312099999999982	5.46908773802895	5.45085000000001
0.314099999999982	5.46815880898502	5.44962000000001
0.316099999999982	5.46732806289626	5.44842000000001
0.318099999999981	5.46655319168323	5.44725000000001
0.320099999999981	5.46584348562386	5.44611000000001
0.322099999999981	5.46520159346504	5.44500000000001
0.324099999999981	5.46439628720677	5.44392000000001
0.32609999999998	5.46343636512943	5.44286000000001
0.32809999999998	5.46255518267863	5.44184000000001
0.33009999999998	5.46174956337153	5.44084000000001
0.33209999999998	5.46100392435178	5.43987000000001
0.33409999999998	5.46033317597404	5.43893000000001
0.336099999999979	5.45970972113663	5.43801000000001
0.338099999999979	5.45912670296631	5.43712000000001
0.340099999999979	5.4586143883194	5.43626000000001
0.342099999999979	5.45814193473493	5.43541000000001
0.344099999999978	5.45772458153235	5.43459000000001
0.346099999999978	5.45737671636451	5.43380000000001
0.348099999999978	5.45705587808767	5.43303000000001
0.350099999999978	5.45676145866557	5.43228000000001
0.352099999999978	5.45635213938638	5.43155000000001
0.354099999999977	5.45580028782313	5.43085000000001
0.356099999999977	5.45527101146875	5.43017000000001
0.358099999999977	5.45479910868648	5.42951000000001
0.360099999999977	5.45437053981994	5.42887000000001
0.362099999999976	5.45399433461707	5.42825000000001
0.364099999999976	5.45357307969108	5.42765000000001
0.366099999999976	5.45303982780669	5.42707000000001
0.368099999999976	5.45244421423419	5.42651000000001
0.370099999999976	5.45188657356908	5.42597000000001
0.372099999999975	5.45139260045477	5.42545000000001
0.374099999999975	5.45093777308626	5.42495
0.376099999999975	5.4505362961022	5.42447
0.378099999999975	5.45017009827405	5.424
0.380099999999974	5.44985323392412	5.42355
0.382099999999974	5.44959354769292	5.42312
0.384099999999974	5.44935785413756	5.42271000000001
0.386099999999974	5.44916084884081	5.42232000000001
0.388099999999974	5.44900051665356	5.42194000000001
0.390099999999973	5.44887578297759	5.42158
0.392099999999973	5.44877477105884	5.42123000000001
0.394099999999973	5.44872156671345	5.4209
0.396099999999973	5.4486893283812	5.42059
0.398099999999972	5.44870682336926	5.42029
0.400099999999972	5.44873283185081	5.42001
0.402099999999972	5.44879617498984	5.41974000000001
0.404099999999972	5.44886792001192	5.41949
0.406099999999972	5.4489882036329	5.41925000000001
0.408099999999971	5.44911826520244	5.41903
0.410099999999971	5.44926249141773	5.41882
0.412099999999971	5.44927863853786	5.41863
0.414099999999971	5.44921076545867	5.41845
0.41609999999997	5.44913006986252	5.41829
0.41809999999997	5.44907662210547	5.41813
0.42009999999997	5.44906351877146	5.41799
0.42209999999997	5.44907521582844	5.41787
0.42409999999997	5.44912008508728	5.41776
0.426099999999969	5.44917802943296	5.41766
0.428099999999969	5.44929077596987	5.41757
0.430099999999969	5.44939585007089	5.4175
0.432099999999969	5.44954429971044	5.41744
0.434099999999969	5.44971164187907	5.41739
0.436099999999968	5.44990148092517	5.41735
0.438099999999968	5.45011331783291	5.41733
0.440099999999968	5.4503295524951	5.41731
0.442099999999968	5.45044874048645	5.41731
0.444099999999967	5.45051413897535	5.41732
0.446099999999967	5.45052590799627	5.41734
0.448099999999967	5.45055748908312	5.41738
0.450099999999967	5.45061268745113	5.41742
0.452099999999967	5.45069968465827	5.41747
0.454099999999966	5.4508080736536	5.41754
0.456099999999966	5.45093731971073	5.41762
0.458099999999966	5.45109980432981	5.4177
0.460099999999966	5.45128095862072	5.4178
0.462099999999965	5.45142742124636	5.41791
0.464099999999965	5.45150488087485	5.41803
0.466099999999965	5.45151762954839	5.41815
0.468099999999965	5.45152235008175	5.41829
0.470099999999965	5.4515388578499	5.41844
0.472099999999964	5.45159756664854	5.41859
0.474099999999964	5.45167939685129	5.41876
0.476099999999964	5.45177908755412	5.41894
0.478099999999964	5.45191775845648	5.41912
0.480099999999963	5.45206805749055	5.41932
0.482099999999963	5.45223822050881	5.41952
0.484099999999963	5.45245711450124	5.41973
0.486099999999963	5.45267669649938	5.41995
0.488099999999963	5.45292618905321	5.42018
0.490099999999962	5.45319664497865	5.42042
0.492099999999962	5.45348279162148	5.42067
0.494099999999962	5.4537884449084	5.42092
0.496099999999962	5.4541128609233	5.42118999999999
0.498099999999961	5.45445256258637	5.42146
0.500099999999961	5.45480834569902	5.42174
0.502099999999961	5.45518946987045	5.42202999999999
0.504099999999961	5.4555825007248	5.42232
0.506099999999961	5.45598326420533	5.42262999999999
0.50809999999996	5.4564198085636	5.42293999999999
0.51009999999996	5.45685866086247	5.42325999999999
0.51209999999996	5.4573079715846	5.42358999999999
0.51409999999996	5.45777529899864	5.42391999999999
0.516099999999959	5.45825993031736	5.42426
0.518099999999959	5.45874933745895	5.42460999999999
0.520099999999959	5.45925146231878	5.42496999999999
0.522099999999959	5.45977056453275	5.42532999999999
0.524099999999959	5.46029718812327	5.42569999999999
0.526099999999958	5.4608425993466	5.42607999999999
0.528099999999958	5.46139511810311	5.42646
0.530099999999958	5.46195431268956	5.42685999999999
0.532099999999958	5.46252384714133	5.42724999999999
0.534099999999958	5.46311948925838	5.42765999999999
0.536099999999957	5.46371279615992	5.42806999999999
0.538099999999957	5.4643116207584	5.42848999999999
0.540099999999957	5.46493162621597	5.42890999999999
0.542099999999957	5.46555652576457	5.42933999999999
0.544099999999956	5.46617811333275	5.42977999999999
0.546099999999956	5.46681609877928	5.43021999999999
0.548099999999956	5.4674621685508	5.43066999999999
0.550099999999956	5.46811593038484	5.43112999999999
0.552099999999956	5.46876970584725	5.43158999999999
0.554099999999955	5.46933999130524	5.43204999999999
0.556099999999955	5.4698983793634	5.43252999999999
0.558099999999955	5.47040370710407	5.43299999999999
0.560099999999955	5.47085629090004	5.43348999999999
0.562099999999954	5.47133474402584	5.43397999999999
0.564099999999954	5.47181535219239	5.43446999999999
0.566099999999954	5.47230191803929	5.43497999999999
0.568099999999954	5.47281340179951	5.43547999999999
0.570099999999954	5.47333773341789	5.43598999999999
0.572099999999953	5.4738665401815	5.43650999999999
0.574099999999953	5.47440748962625	5.43702999999999
0.576099999999953	5.47496400166618	5.43755999999999
0.578099999999953	5.47553170956552	5.43808999999999
0.580099999999952	5.476102707398	5.43862999999999
0.582099999999952	5.47666275172525	5.43916999999999
0.584099999999952	5.47714891231617	5.43971999999999
0.586099999999952	5.47763738574267	5.44026999999999
0.588099999999952	5.47805351994419	5.44082999999999
0.590099999999951	5.47845718170871	5.44138999999999
0.592099999999951	5.47887395649184	5.44195999999999
0.594099999999951	5.47930704602167	5.44252999999999
0.596099999999951	5.47975220220788	5.44310999999998
0.59809999999995	5.48021283309717	5.44368999999999
0.60009999999995	5.48069206445812	5.44427999999998
0.60209999999995	5.48118941631706	5.44486999999999
0.60409999999995	5.48168941104443	5.44545999999998
0.60609999999995	5.48221410804443	5.44605999999999
0.608099999999949	5.4827482505233	5.44665999999998
0.610099999999949	5.4832912587181	5.44726999999998
0.612099999999949	5.48384655448546	5.44787999999998
0.614099999999949	5.48442134766727	5.44849999999999
0.616099999999948	5.48500733756801	5.44911999999998
0.618099999999948	5.48560080120786	5.44973999999998
0.620099999999948	5.48620145369948	5.45036999999999
0.622099999999948	5.48681272478906	5.45099999999998
0.624099999999948	5.48743790607074	5.45163999999999
0.626099999999947	5.48807668143235	5.45227999999998
0.628099999999947	5.48871391764553	5.45291999999998
0.630099999999947	5.48936776347757	5.45356999999998
0.632099999999947	5.49003070760265	5.45421999999999
0.634099999999946	5.49070234468382	5.45487999999998
0.636099999999946	5.49138589587533	5.45553999999998
0.638099999999946	5.4920668809706	5.45619999999998
0.640099999999946	5.49276315502425	5.45685999999998
0.642099999999946	5.49338758905126	5.45752999999998
0.644099999999945	5.49398373409224	5.45820999999998
0.646099999999945	5.49459452436501	5.45887999999998
0.648099999999945	5.49513157800521	5.45956999999998
0.650099999999945	5.49565865020602	5.46024999999998
0.652099999999945	5.49619589413292	5.46093999999998
0.654099999999944	5.49673568732981	5.46162999999998
0.656099999999944	5.497288754189	5.46231999999998
0.658099999999944	5.49786170320364	5.46301999999998
0.660099999999944	5.49844695556384	5.46371999999998
0.662099999999943	5.49904764305091	5.46441999999998
0.664099999999943	5.49964905678399	5.46512999999998
0.666099999999943	5.50026180619376	5.46583999999998
0.668099999999943	5.50089248376103	5.46654999999998
0.670099999999943	5.50153372212718	5.46726999999998
0.672099999999942	5.50217937719311	5.46798999999998
0.674099999999942	5.50283350544708	5.46870999999998
0.676099999999942	5.50349737294834	5.46943999999998
0.678099999999942	5.50417762705842	5.47015999999998
0.680099999999941	5.50487040713425	5.47089999999998
0.682099999999941	5.50556476605755	5.47162999999998
0.684099999999941	5.5062676322043	5.47236999999998
0.686099999999941	5.50698218627556	5.47310999999998
0.688099999999941	5.50771157449869	5.47384999999998
0.69009999999994	5.5084453399348	5.47458999999998
0.69209999999994	5.50917961044781	5.47533999999998
0.69409999999994	5.5099179272051	5.47608999999998
0.69609999999994	5.51066694069776	5.47684999999998
0.698099999999939	5.51142653222099	5.47759999999997
0.700099999999939	5.51218933316729	5.47835999999998
0.702099999999939	5.51296564482618	5.47911999999998
0.704099999999939	5.51373786039155	5.47988999999998
0.706099999999939	5.51451974754132	5.48064999999998
0.708099999999938	5.51530776574808	5.48141999999998
0.710099999999938	5.51610508576894	5.48218999999998
0.712099999999938	5.5169045169114	5.48296999999998
0.714099999999938	5.51770722995522	5.48374999999997
0.716099999999937	5.51851409436421	5.48451999999998
0.718099999999937	5.51933644735195	5.48530999999997
0.720099999999937	5.5201603418563	5.48608999999997
0.722099999999937	5.52098902927154	5.48687999999997
0.724099999999937	5.5218157651001	5.48765999999997
0.726099999999936	5.52265061362723	5.48845999999997
0.728099999999936	5.52349017438214	5.48924999999997
0.730099999999936	5.52433755275472	5.49003999999997
0.732099999999936	5.52518927350703	5.49083999999997
0.734099999999935	5.52604169406923	5.49163999999997
0.736099999999935	5.52689487907757	5.49243999999997
0.738099999999935	5.52775872842744	5.49324999999997
0.740099999999935	5.52862309977912	5.49404999999997
0.742099999999935	5.52949464234129	5.49485999999997
0.744099999999934	5.53036980869742	5.49566999999997
0.746099999999934	5.53124501460306	5.49648999999997
0.748099999999934	5.5321203869389	5.49729999999997
0.750099999999934	5.53300260334783	5.49811999999997
0.752099999999933	5.53388807377124	5.49893999999997
0.754099999999933	5.53478004498474	5.49975999999997
0.756099999999933	5.53567176082308	5.50057999999997
0.758099999999933	5.53656316890544	5.50140999999997
0.760099999999933	5.5374576418469	5.50222999999997
0.762099999999932	5.53830051718669	5.50305999999997
0.764099999999932	5.5391042403714	5.50388999999997
0.766099999999932	5.53991380924237	5.50472999999997
0.768099999999932	5.54071986498299	5.50555999999997
0.770099999999932	5.54144514724407	5.50639999999997
0.772099999999931	5.54216934903811	5.50723999999997
0.774099999999931	5.54290231097188	5.50807999999997
0.776099999999931	5.543640281104	5.50891999999997
0.778099999999931	5.54438978198718	5.50975999999997
0.78009999999993	5.54514049493732	5.51060999999997
0.78209999999993	5.5458990561828	5.51145999999997
0.78409999999993	5.54667180523677	5.51230999999996
0.78609999999993	5.54745193916064	5.51315999999997
0.78809999999993	5.54823228100495	5.51400999999997
0.790099999999929	5.54902952388764	5.51486999999996
0.792099999999929	5.54982658700297	5.51571999999997
0.794099999999929	5.55062689191845	5.51657999999997
0.796099999999929	5.55144021430631	5.51743999999997
0.798099999999928	5.55225622165983	5.51829999999997
0.800099999999928	5.55308144114246	5.51916999999996
0.802099999999928	5.553909141059	5.52002999999997
0.804099999999928	5.55474555964803	5.52089999999996
0.806099999999928	5.55558423660966	5.52175999999997
0.808099999999927	5.55636014837292	5.52262999999997
0.810099999999927	5.55711153082775	5.52350999999996
0.812099999999927	5.55787459676343	5.52437999999997
0.814099999999927	5.55863571952831	5.52524999999997
0.816099999999926	5.55933454431728	5.52612999999997
0.818099999999926	5.56001338613279	5.52700999999996
0.820099999999926	5.56070321121679	5.52788999999996
0.822099999999926	5.56140700087704	5.52876999999996
0.824099999999926	5.5621176560467	5.52964999999996
0.826099999999925	5.56284150691294	5.53052999999997
0.828099999999925	5.56356833394193	5.53141999999996
0.830099999999925	5.56430783466445	5.53229999999997
0.832099999999925	5.56505315089323	5.53318999999997
0.834099999999924	5.56581058611328	5.53407999999997
0.836099999999924	5.56657973647978	5.53496999999997
0.838099999999924	5.56734799611525	5.53585999999997
0.840099999999924	5.56812828841393	5.53675999999996
0.842099999999924	5.56891514617757	5.53764999999997
0.844099999999923	5.56971595357847	5.53854999999997
0.846099999999923	5.57051759799098	5.53944999999996
0.848099999999923	5.57132449899175	5.54034999999996
0.850099999999923	5.57213845058917	5.54124999999996
0.852099999999922	5.57296442379859	5.54214999999997
0.854099999999922	5.57379359497593	5.54304999999997
0.856099999999922	5.57463283326384	5.54395999999996
0.858099999999922	5.57547447432064	5.54485999999997
0.860099999999922	5.5763203225815	5.54576999999997
0.862099999999921	5.57717199081619	5.54667999999997
0.864099999999921	5.57802957693387	5.54758999999997
0.866099999999921	5.57889460398115	5.54849999999997
0.868099999999921	5.57976501054375	5.54941999999996
0.87009999999992	5.58064367892912	5.55032999999996
0.87209999999992	5.58152483276524	5.55123999999997
0.87409999999992	5.58240777346968	5.55215999999997
0.87609999999992	5.58329874734399	5.55307999999996
0.87809999999992	5.58418866680581	5.55399999999996
0.880099999999919	5.58508879071838	5.55491999999996
0.882099999999919	5.58599270621419	5.55583999999996
0.884099999999919	5.58690085326924	5.55675999999997
0.886099999999919	5.58781687270439	5.55768999999996
0.888099999999919	5.5887311005983	5.55860999999996
0.890099999999918	5.58965417212683	5.55953999999996
0.892099999999918	5.59058095065853	5.56045999999997
0.894099999999918	5.59151439592365	5.56138999999997
0.896099999999918	5.59244500835966	5.56231999999997
0.898099999999917	5.59337911622944	5.56324999999997
0.900099999999917	5.59431661095077	5.56418999999996
0.902099999999917	5.5952637076101	5.56511999999996
0.904099999999917	5.59621379029784	5.56604999999997
0.906099999999917	5.59716683406572	5.56698999999996
0.908099999999916	5.59811644853033	5.56792999999996
0.910099999999916	5.59907500522706	5.56885999999997
0.912099999999916	5.60003268313718	5.56979999999997
0.914099999999916	5.60099137129866	5.57073999999997
0.916099999999915	5.601951481357	5.57168999999996
0.918099999999915	5.60291247295701	5.57262999999996
0.920099999999915	5.60388112785648	5.57356999999996
0.922099999999915	5.60484912540058	5.57451999999996
0.924099999999915	5.60581964970628	5.57545999999996
0.926099999999914	5.60679564982329	5.57640999999996
0.928099999999914	5.60776904007935	5.57735999999996
0.930099999999914	5.60874964949256	5.57829999999997
0.932099999999914	5.6097268464355	5.57924999999997
0.934099999999913	5.61070875207177	5.58020999999996
0.936099999999913	5.6116928124408	5.58115999999996
0.938099999999913	5.61269115521756	5.58210999999996
0.940099999999913	5.61365972566201	5.58306999999996
0.942099999999913	5.61456494666303	5.58401999999996
0.944099999999912	5.61546222929337	5.58497999999996
0.946099999999912	5.6163620280345	5.58592999999996
0.948099999999912	5.61727281142776	5.58688999999996
0.950099999999912	5.61814361375604	5.58784999999996
0.952099999999911	5.61896294228894	5.58880999999996
0.954099999999911	5.61979004334533	5.58976999999996
0.956099999999911	5.6206277132181	5.59073999999996
0.958099999999911	5.62147133793683	5.59169999999996
0.960099999999911	5.62231752706013	5.59265999999996
0.96209999999991	5.62317120406903	5.59362999999995
0.96409999999991	5.62403637140643	5.59458999999996
0.96609999999991	5.6249049365479	5.59555999999995
0.96809999999991	5.62578283609706	5.59652999999995
0.970099999999909	5.62666219951723	5.59749999999995
0.972099999999909	5.62754868520946	5.59846999999995
0.974099999999909	5.6284409402976	5.59943999999996
0.976099999999909	5.62933631713736	5.60040999999995
0.978099999999909	5.63024573945202	5.60138999999995
0.980099999999908	5.63115444289819	5.60235999999995
0.982099999999908	5.6320680029457	5.60332999999996
0.984099999999908	5.63298342709826	5.60430999999995
0.986099999999908	5.63390665611074	5.60528999999995
0.988099999999908	5.63483394177091	5.60625999999996
0.990099999999907	5.63576577258442	5.60723999999995
0.992099999999907	5.63670030533401	5.60821999999995
0.994099999999907	5.63764048905536	5.60919999999995
0.996099999999907	5.63858424353816	5.61017999999996
0.998099999999906	5.63953207424436	5.61116999999995
1.00009999999991	5.64048483592013	5.61214999999995
1.00209999999991	5.64144327441638	5.61312999999995
1.00409999999991	5.64240159386788	5.61411999999995
1.00609999999991	5.6433617926439	5.61510999999995
1.00809999999991	5.64432726139681	5.61608999999995
1.01009999999991	5.64529916216246	5.61707999999995
1.0120999999999	5.64627419461804	5.61806999999995
1.0140999999999	5.64725330926631	5.61905999999995
1.0160999999999	5.64823423629343	5.62004999999995
1.0180999999999	5.64921514333162	5.62103999999995
1.0200999999999	5.65019910362328	5.62202999999995
1.0220999999999	5.65118602465177	5.62301999999995
1.0240999999999	5.65217582071839	5.62401999999995
1.0260999999999	5.65317150997786	5.62500999999995
1.0280999999999	5.65417270068301	5.62600999999995
1.0300999999999	5.65517641839938	5.62700999999995
1.0320999999999	5.65617637851365	5.62799999999995
1.0340999999999	5.65717692006799	5.62899999999995
1.0360999999999	5.65818166520653	5.62999999999995
1.0380999999999	5.65919191138136	5.63099999999995
1.0400999999999	5.66020129424339	5.63199999999995
1.0420999999999	5.66121595880612	5.63299999999995
1.0440999999999	5.66222957305836	5.63399999999995
1.0460999999999	5.66324837557937	5.63500999999995
1.0480999999999	5.6642722114479	5.63600999999995
1.0500999999999	5.66529181184442	5.63701999999995
1.0520999999999	5.66631340656214	5.63801999999995
1.0540999999999	5.66733694003392	5.63902999999995
1.0560999999999	5.66836235624075	5.64003999999995
1.0580999999999	5.66940151161091	5.64103999999995
1.0600999999999	5.67043597902281	5.64204999999995
1.0620999999999	5.67146360795604	5.64305999999995
1.0640999999999	5.67249591879259	5.64406999999995
1.0660999999999	5.67352929429266	5.64507999999995
1.0680999999999	5.67457111849856	5.64609999999995
1.0700999999999	5.67561228790724	5.64710999999995
1.0720999999999	5.67661924992558	5.64811999999995
1.0740999999999	5.67756134687648	5.64913999999995
1.0760999999999	5.67851065923941	5.65014999999995
1.0780999999999	5.67946461113535	5.65116999999995
1.0800999999999	5.68042597282502	5.65218999999995
1.0820999999999	5.68135496823284	5.65320999999994
1.0840999999999	5.68223075152766	5.65421999999995
1.0860999999999	5.68311078737088	5.65523999999995
1.0880999999999	5.68399375524024	5.65625999999995
1.0900999999999	5.68489090371674	5.65727999999995
1.0920999999999	5.68579142430863	5.65830999999994
1.0940999999999	5.68669850101147	5.65932999999995
1.0960999999999	5.68761493207371	5.66034999999995
1.0980999999999	5.68853505255656	5.66137999999994
1.1000999999999	5.68946046311418	5.66239999999995
1.1020999999999	5.69039443294063	5.66342999999995
1.10409999999989	5.69132850108859	5.66444999999995
1.10609999999989	5.69227635466828	5.66547999999995
1.10809999999989	5.69323214406223	5.66650999999995
1.11009999999989	5.69418351800802	5.66753999999995
1.11209999999989	5.69513976338832	5.66856999999994
1.11409999999989	5.69610082701255	5.66959999999994
1.11609999999989	5.69706215240384	5.67062999999995
1.11809999999989	5.69802773822784	5.67165999999995
1.12009999999989	5.69900259249094	5.67268999999995
1.12209999999989	5.69998329804444	5.67371999999995
1.12409999999989	5.70096783396902	5.67475999999995
1.12609999999989	5.70195893784176	5.67578999999995
1.12809999999989	5.70291616861031	5.67682999999995
1.13009999999989	5.70382019427996	5.67786999999994
1.13209999999989	5.70472356957097	5.67889999999995
1.13409999999989	5.70563619039239	5.67993999999995
1.13609999999989	5.70655532236909	5.68097999999995
1.13809999999989	5.70746713833598	5.68201999999995
1.14009999999989	5.70831537779264	5.68305999999995
1.14209999999989	5.70916222996477	5.68409999999994
1.14409999999989	5.71001883917633	5.68513999999994
1.14609999999989	5.71088124619751	5.68617999999995
1.14809999999989	5.7117600081255	5.68721999999994
1.15009999999989	5.71264123030287	5.68826999999995
1.15209999999989	5.71353050570656	5.68930999999994
1.15409999999989	5.71443615376109	5.69035999999993
1.15609999999989	5.71533718908457	5.69139999999994
1.15809999999989	5.71624829181251	5.69244999999994
1.16009999999989	5.71717183847402	5.69349999999993
1.16209999999989	5.71809607656431	5.69453999999994
1.16409999999989	5.71902727443851	5.69558999999994
1.16609999999989	5.71996726945555	5.69663999999994
1.16809999999989	5.72090680334613	5.69768999999994
1.17009999999989	5.72185529764681	5.69873999999994
1.17209999999989	5.7228067672781	5.69979999999993
1.17409999999989	5.72376416504033	5.70084999999993
1.17609999999989	5.72472867320845	5.70189999999994
1.17809999999989	5.72570147960421	5.70294999999994
1.18009999999989	5.72667908863815	5.70400999999994
1.18209999999989	5.72765836015654	5.70505999999994
1.18409999999989	5.72864289872382	5.70611999999994
1.18609999999989	5.72963373566997	5.70717999999993
1.18809999999989	5.73062371542697	5.70822999999994
1.19009999999989	5.73162340826578	5.70928999999994
1.19209999999989	5.73262440959344	5.71034999999994
1.19409999999988	5.73362961822023	5.71140999999994
1.19609999999988	5.73463889902844	5.71246999999994
1.19809999999988	5.73565533792866	5.71352999999994
1.20009999999988	5.73667178465613	5.71458999999994
1.20209999999988	5.73769195308783	5.71564999999994
1.20409999999988	5.73871335494712	5.71671999999993
1.20609999999988	5.73974035792116	5.71777999999994
1.20809999999988	5.74077647609668	5.71883999999994
1.21009999999988	5.74180926278584	5.71990999999993
1.21209999999988	5.74285075284679	5.72096999999994
1.21409999999988	5.74389176554594	5.72203999999994
1.21609999999988	5.74493709988675	5.72310999999993
1.21809999999988	5.74597745750966	5.72416999999994
1.22009999999988	5.74702308246211	5.72523999999994
1.22209999999988	5.74807450399997	5.72630999999994
1.22409999999988	5.74912857286056	5.72737999999994
1.22609999999988	5.75018517920879	5.72844999999994
1.22809999999988	5.7512415191886	5.72951999999994
1.23009999999988	5.75229975771106	5.73058999999994
1.23209999999988	5.75336037693526	5.73166999999993
1.23409999999988	5.7544232792727	5.73273999999994
1.23609999999988	5.75548857112497	5.73380999999994
1.23809999999988	5.75656188916992	5.73488999999993
1.24009999999988	5.7576315659125	5.73595999999994
1.24209999999988	5.75870628206544	5.73703999999993
1.24409999999988	5.75978020591309	5.73810999999994
1.24609999999988	5.76085868034292	5.73918999999994
1.24809999999988	5.76193630472619	5.74026999999994
1.25009999999988	5.76301590743182	5.74134999999993
1.25209999999988	5.7640974340976	5.74242999999993
1.25409999999988	5.76518657753236	5.74350999999993
1.25609999999988	5.76627444507746	5.74458999999993
1.25809999999988	5.76736117667878	5.74566999999993
1.26009999999988	5.76844965120252	5.74674999999994
1.26209999999988	5.7695455176752	5.74782999999994
1.26409999999988	5.77063714868873	5.74890999999994
1.26609999999988	5.77173037828791	5.74999999999993
1.26809999999988	5.77282515005726	5.75107999999994
1.27009999999988	5.77391950225677	5.75216999999993
1.27209999999988	5.77501880855331	5.75324999999994
1.27409999999988	5.77611425238041	5.75433999999994
1.27609999999988	5.77721360243929	5.75542999999993
1.27809999999988	5.77831234769202	5.75651999999993
1.28009999999988	5.77942194704517	5.75759999999994
1.28209999999988	5.7805232149105	5.75868999999994
1.28409999999988	5.78162590910384	5.75977999999994
1.28609999999987	5.78272775925176	5.76086999999994
1.28809999999987	5.78383249073217	5.76195999999994
1.29009999999987	5.7849385688176	5.76305999999992
1.29209999999987	5.78604584548942	5.76414999999992
1.29409999999987	5.78715701420875	5.76523999999994
1.29609999999987	5.7882664779084	5.76632999999994
1.29809999999987	5.78937717789044	5.76742999999992
1.30009999999987	5.79048714098202	5.76851999999994
1.30209999999987	5.79159954328995	5.76961999999992
1.30409999999987	5.79271068702791	5.77071999999992
1.30609999999987	5.79383051010294	5.77180999999994
1.30809999999987	5.79494843676981	5.77290999999992
1.31009999999987	5.79606451516178	5.77400999999992
1.31209999999987	5.79718169967538	5.77510999999992
1.31409999999987	5.79829981658291	5.77620999999992
1.31609999999987	5.79942178551067	5.77730999999992
1.31809999999987	5.80054201305252	5.77840999999992
1.32009999999987	5.80166479945564	5.77950999999992
1.32209999999987	5.80278562611241	5.78060999999994
1.32409999999987	5.80390559852969	5.78170999999994
1.32609999999987	5.80502796152551	5.78281999999992
1.32809999999987	5.8061541806346	5.78391999999992
1.33009999999987	5.80727841898416	5.78501999999993
1.33209999999987	5.80840361637539	5.78612999999992
1.33409999999987	5.80952975544248	5.78723999999992
1.33609999999987	5.81065681500065	5.78833999999993
1.33809999999987	5.81178477462937	5.78944999999992
1.34009999999987	5.81291648973752	5.79055999999992
1.34209999999987	5.814048235825	5.79166999999992
1.34409999999987	5.81519166435397	5.79276999999993
1.34609999999987	5.81632113937739	5.79387999999993
1.34809999999987	5.81745150968418	5.79498999999993
1.35009999999987	5.81858275774635	5.79610999999992
1.35209999999987	5.81971487038601	5.79721999999992
1.35409999999987	5.82084783273165	5.79832999999992
1.35609999999987	5.82198446241152	5.79943999999993
1.35809999999987	5.82311672111845	5.80055999999992
1.36009999999987	5.82425209082794	5.80166999999992
1.36209999999987	5.82539096892802	5.80278999999992
1.36409999999987	5.82652769916493	5.80389999999992
1.36609999999987	5.82766517483079	5.80501999999992
1.36809999999987	5.82875974802437	5.80612999999993
1.37009999999987	5.82981027876953	5.80724999999992
1.37209999999987	5.8308619963814	5.80836999999992
1.37409999999987	5.83191994414552	5.80948999999992
1.37609999999986	5.83298164646913	5.81060999999992
1.37809999999986	5.83403533773852	5.81172999999992
1.38009999999986	5.83503707607242	5.81284999999992
1.38209999999986	5.83602046761571	5.81396999999992
1.38409999999986	5.8370110977845	5.81508999999992
1.38609999999986	5.83800763370513	5.81620999999993
1.38809999999986	5.83901329853446	5.81732999999993
1.39009999999986	5.84002201952433	5.81845999999992
1.39209999999986	5.84103425268254	5.81957999999993
1.39409999999986	5.8420574877362	5.82070999999992
1.39609999999986	5.84308495767855	5.82182999999993
1.39809999999986	5.84411545208815	5.82295999999992
1.40009999999986	5.8451561491117	5.82408999999992
1.40209999999986	5.84619870010019	5.82520999999993
1.40409999999986	5.84724586036192	5.82633999999992
1.40609999999986	5.84829703285811	5.82746999999992
1.40809999999986	5.84935033188392	5.82859999999992
1.41009999999986	5.85040682918752	5.82972999999992
1.41209999999986	5.85146703943496	5.83085999999992
1.41409999999986	5.85253424037901	5.83198999999992
1.41609999999986	5.85360531998942	5.83311999999993
1.41809999999986	5.85467734506984	5.83424999999993
1.42009999999986	5.85575086795317	5.83538999999992
1.42209999999986	5.85683327020443	5.83651999999992
1.42409999999986	5.85791617549885	5.83764999999993
1.42609999999986	5.85900526669261	5.83878999999992
1.42809999999986	5.86009444056744	5.83992999999992
1.43009999999986	5.86118436476109	5.84105999999992
1.43209999999986	5.86228291932202	5.84219999999991
1.43409999999986	5.86338113262396	5.84333999999992
1.43609999999986	5.86448508220704	5.84446999999993
1.43809999999986	5.86558896000611	5.84560999999991
1.44009999999986	5.8667038560984	5.84674999999991
1.44209999999986	5.8678127908194	5.84788999999991
1.44409999999986	5.8689237938294	5.84902999999991
1.44609999999986	5.87003733807025	5.85016999999992
1.44809999999986	5.8711533453771	5.85130999999993
1.45009999999986	5.87227174211238	5.85245999999991
1.45209999999986	5.87339532987922	5.85359999999991
1.45409999999986	5.8745158087645	5.85473999999991
1.45609999999986	5.875640739571	5.85588999999991
1.45809999999986	5.87677065907262	5.85702999999991
1.46009999999986	5.87790814445883	5.85817999999991
1.46209999999986	5.87904163097005	5.85931999999991
1.46409999999986	5.88014570069643	5.86046999999991
1.46609999999985	5.88120251892637	5.86161999999991
1.46809999999985	5.8822535777595	5.86275999999993
1.47009999999985	5.88330822245117	5.86390999999991
1.47209999999985	5.88436786606348	5.86505999999991
1.47409999999985	5.88543447077821	5.86620999999991
1.47609999999985	5.88646454386304	5.86735999999991
1.47809999999985	5.8874475129228	5.86850999999991
1.48009999999985	5.88844129167933	5.86965999999991
1.48209999999985	5.88943982309558	5.87080999999993
1.48409999999985	5.8904486455629	5.87196999999991
1.48609999999985	5.89146163353901	5.87311999999991
1.48809999999985	5.89248144608621	5.87426999999993
1.49009999999985	5.89350516014233	5.87542999999991
1.49209999999985	5.89453751944413	5.87657999999993
1.49409999999985	5.89557607566086	5.87773999999991
1.49609999999985	5.89662060698315	5.87889999999991
1.49809999999985	5.89767368055267	5.88004999999991
1.50009999999985	5.89873205855747	5.88120999999991
1.50209999999985	5.89979601913839	5.88236999999991
1.50409999999985	5.90086170117958	5.88352999999991
1.50609999999985	5.90193222401662	5.88468999999991
1.50809999999985	5.90300707841359	5.88584999999991
1.51009999999985	5.90409228912391	5.88700999999991
1.51209999999985	5.90517884838652	5.88816999999991
1.51409999999985	5.90626673990287	5.88932999999991
1.51609999999985	5.90736172454663	5.89048999999991
1.51809999999985	5.90845823092658	5.89164999999992
1.52009999999985	5.90955809760764	5.89281999999991
1.52209999999985	5.91066142974649	5.89397999999991
1.52409999999985	5.91176779191292	5.89514999999991
1.52609999999985	5.91288062018174	5.89630999999991
1.52809999999985	5.91399721424346	5.89747999999991
1.53009999999985	5.91511075005236	5.89863999999992
1.53209999999985	5.91622953631865	5.89980999999991
1.53409999999985	5.91734636924503	5.90097999999991
1.53609999999985	5.9184700097352	5.90214999999991
1.53809999999985	5.91959672072867	5.90331999999991
1.54009999999985	5.92072640150977	5.90448999999991
1.54209999999985	5.92186157293253	5.90565999999991
1.54409999999985	5.92299642802201	5.90682999999991
1.54609999999985	5.9241007620387	5.90799999999991
1.54809999999985	5.92516095690984	5.90916999999991
1.55009999999985	5.92621919015205	5.91033999999991
1.55209999999985	5.92728286429407	5.91151999999991
1.55409999999985	5.92835123084254	5.91268999999991
1.55609999999985	5.92942284796759	5.91385999999992
1.55809999999984	5.93047514845879	5.91503999999991
1.56009999999984	5.93147887850773	5.91621999999991
1.56209999999984	5.9324839227099	5.91738999999991
1.56409999999984	5.93349726898845	5.91856999999991
1.56609999999984	5.93452074895988	5.91974999999991
1.56809999999984	5.93554328073088	5.92091999999992
1.57009999999984	5.93657734952781	5.92209999999991
1.57209999999984	5.93761532484218	5.92327999999991
1.57409999999984	5.93866227458544	5.92445999999991
1.57609999999984	5.93971825614238	5.92563999999991
1.57809999999984	5.94078339856947	5.92681999999991
1.58009999999984	5.94185101897072	5.92799999999992
1.58209999999984	5.94292267052357	5.92918999999991
1.58409999999984	5.94399728589473	5.9303699999999
1.58609999999984	5.94508044359354	5.9315499999999
1.58809999999984	5.94671341736704	5.9327399999999
1.59009999999984	5.94778535351203	5.9339199999999
1.59209999999984	5.94886220703775	5.9351099999999
1.59409999999984	5.95044007263524	5.9362899999999
1.59609999999984	5.95151073432717	5.9374799999999
1.59809999999984	5.95238522474103	5.9386699999999
1.60009999999984	5.95416612995794	5.93984999999992
1.60209999999984	5.95523173963769	5.9410399999999
1.60409999999984	5.95679283552608	5.9422299999999
1.60609999999984	5.95785263020078	5.9434199999999
1.60809999999984	5.95879949689329	5.9446099999999
1.61009999999984	5.96048133873717	5.9457999999999
1.61209999999984	5.96153889107149	5.9469899999999
1.61409999999984	5.96310266999959	5.94817999999992
1.61609999999984	5.964159377434	5.9493799999999
1.61809999999984	5.96573341304866	5.9505699999999
1.62009999999984	5.9667812465536	5.9517599999999
1.62209999999984	5.96748901866133	5.9529599999999
1.62409999999984	5.96939257409225	5.9541499999999
1.62609999999984	5.9704406347426	5.9553499999999
1.62809999999984	5.97199883900461	5.9565399999999
1.63009999999984	5.97304422049831	5.9577399999999
1.63209999999984	5.9730564926421	5.9589399999999
1.63409999999984	5.9756933291719	5.9601399999999
1.63609999999984	5.97700348724885	5.9613299999999
1.63809999999984	5.97775752670934	5.9625299999999
1.64009999999984	5.9794967385836	5.9637299999999
1.64209999999984	5.98086047884845	5.9649299999999
1.64409999999984	5.9804690397591	5.9661299999999
1.64609999999984	5.98294575224522	5.9673399999999
1.64809999999983	5.98475676426004	5.9685399999999
1.65009999999983	5.98542545341654	5.9697399999999
1.65209999999983	5.98736213221432	5.9709399999999
1.65409999999983	5.98837217827475	5.9721499999999
1.65609999999983	5.98933562056793	5.9733499999999
1.65809999999983	5.98979518904676	5.9745599999999
1.66009999999983	5.99046773260055	5.9757599999999
1.66209999999983	5.99046094793613	5.9769699999999
1.66409999999983	5.99298523973575	5.9781799999999
1.66609999999983	5.99421594076603	5.9793799999999
1.66809999999983	5.99668874987253	5.9805899999999
1.67009999999983	5.99658735715413	5.9817999999999
1.67209999999983	5.9991033738135	5.9830099999999
1.67409999999983	6.00187030078689	5.9842199999999
1.67609999999983	6.00288585802984	5.9854299999999
1.67809999999983	6.00447728493084	5.9866399999999
1.68009999999983	6.00548996172011	5.9878499999999
1.68209999999983	6.00705402811429	5.9890599999999
1.68409999999983	6.0080645111581	5.9902799999999
1.68609999999983	6.00864730916748	5.9914899999999
1.68809999999983	6.01087559896238	5.9926999999999
1.69009999999983	6.01188327033987	5.9939199999999
1.69209999999983	6.01345225693373	5.9951299999999
1.69409999999983	6.01441875822786	5.9963499999999
1.69609999999983	6.01603078931365	5.99756999999988
1.69809999999983	6.01659702836242	5.9987799999999
1.70009999999983	6.01865517263	5.9999999999999
1.70209999999983	6.01925076422771	6.0012199999999
1.70409999999983	6.02084085862133	6.0024399999999
1.70609999999983	6.02248026767946	6.0036599999999
1.70809999999983	6.02375452580491	6.00487999999988
1.71009999999983	6.0250446798671	6.0060999999999
1.71209999999983	6.0266655716195	6.0073199999999
1.71409999999983	6.02765483889708	6.0085399999999
1.71609999999983	6.02920128259789	6.0097599999999
1.71809999999983	6.0301900791019	6.0109799999999
1.72009999999983	6.0318117740851	6.0122099999999
1.72209999999983	6.03279477664568	6.0134299999999
1.72409999999983	6.03435063397365	6.0146599999999
1.72609999999983	6.03502441152631	6.0158799999999
1.72809999999983	6.03661635390646	6.01710999999989
1.73009999999983	6.03685373399259	6.01832999999989
1.73209999999983	6.03773465065804	6.0195599999999
1.73409999999983	6.04014379528306	6.0207899999999
1.73609999999983	6.04238726419339	6.0220199999999
1.73809999999983	6.04300973693936	6.0232499999999
1.74009999999982	6.04492720360822	6.02447999999988
1.74209999999982	6.04588955266434	6.02570999999988
1.74409999999982	6.04751368696726	6.02693999999989
1.74609999999982	6.0463335826875	6.02816999999989
1.74809999999982	6.04863249890996	6.02939999999989
1.75009999999982	6.0496734420492	6.03062999999989
1.75209999999982	6.04991034649049	6.03186999999988
1.75409999999982	6.05240759256801	6.03309999999989
1.75609999999982	6.05486946397407	6.03432999999989
1.75809999999982	6.05708710217253	6.03556999999989
1.76009999999982	6.05782783859343	6.03679999999989
1.76209999999982	6.05966735023235	6.03803999999989
1.76409999999982	6.06077769882707	6.03927999999988
1.76609999999982	6.06224602592767	6.04050999999989
1.76809999999982	6.06383441774527	6.04174999999989
1.77009999999982	6.06456281828359	6.04298999999989
1.77209999999982	6.06637743142147	6.04422999999989
1.77409999999982	6.06732076276602	6.04546999999989
1.77609999999982	6.06892499428319	6.04670999999989
1.77809999999982	6.07051559376167	6.04794999999989
1.78009999999982	6.0713584041276	6.04918999999989
1.78209999999982	6.07311166160633	6.05042999999989
1.78409999999982	6.07396540542416	6.05167999999987
1.78609999999982	6.07563270787095	6.05291999999989
1.78809999999982	6.07474862149396	6.05415999999989
1.79009999999982	6.07710797632435	6.05540999999987
1.79209999999982	6.07817989877393	6.05664999999989
1.79409999999982	6.07927939320347	6.05789999999989
1.79609999999982	6.08163167684422	6.05913999999989
1.79809999999982	6.08412848864064	6.06038999999989
1.80009999999982	6.08467854831788	6.06163999999989
1.80209999999982	6.08667612690441	6.06288999999987
1.80409999999982	6.08766342174154	6.06412999999989
1.80609999999982	6.08925958633702	6.06537999999989
1.80809999999982	6.09090029975063	6.06662999999989
1.81009999999982	6.09137422492992	6.06787999999989
1.81209999999982	6.09350191018252	6.06912999999989
1.81409999999982	6.09439315104752	6.07038999999987
1.81609999999982	6.09610458585099	6.07163999999989
1.81809999999982	6.09778159065763	6.07288999999989
1.82009999999982	6.09860451951762	6.07413999999989
1.82209999999982	6.10033502681359	6.07539999999989
1.82409999999982	6.10128326854617	6.07664999999989
1.82609999999982	6.10292471817792	6.07790999999989
1.82809999999982	6.10362989747777	6.07915999999989
1.83009999999981	6.10519972131956	6.08041999999989
1.83209999999981	6.10718868117777	6.08167999999987
1.83409999999981	6.10827288933272	6.08293999999987
1.83609999999981	6.10977355795414	6.08418999999989
1.83809999999981	6.11144367881418	6.08544999999989
1.84009999999981	6.11211017878889	6.08670999999989
1.84209999999981	6.11400586881904	6.08796999999989
1.84409999999981	6.11518682135808	6.08922999999989
1.84609999999981	6.11661544996263	6.09048999999989
1.84809999999981	6.11828140155457	6.09174999999989
1.85009999999981	6.11905570792666	6.09301999999987
1.85209999999981	6.12088455645886	6.09427999999989
1.85409999999981	6.12224312343659	6.09553999999989
1.85609999999981	6.12340212488934	6.09680999999987
1.85809999999981	6.12516519421048	6.09806999999989
1.86009999999981	6.12600825000876	6.09933999999987
1.86209999999981	6.1277489473394	6.10059999999989
1.86409999999981	6.12946175457447	6.10186999999989
1.86609999999981	6.12991134093845	6.10313999999987
1.86809999999981	6.13081682263143	6.10440999999987
1.87009999999981	6.13174764293308	6.10566999999989
1.87209999999981	6.13394195587271	6.10693999999989
1.87409999999981	6.13439218665778	6.10820999999989
1.87609999999981	6.13322412681007	6.10947999999989
1.87809999999981	6.13091220318407	6.11074999999989
1.88009999999981	6.13207337546413	6.11201999999989
1.88209999999981	6.13454322374078	6.11329999999987
1.88409999999981	6.13698830328996	6.11456999999989
1.88609999999981	6.13940432341584	6.11583999999989
1.88809999999981	6.14178746820724	6.11711999999987
1.89009999999981	6.14413452572026	6.11838999999989
1.89209999999981	6.14645019996345	6.11966999999987
1.89409999999981	6.14873524746494	6.12093999999988
1.89609999999981	6.15100197192048	6.12221999999987
1.89809999999981	6.15323869311287	6.12348999999988
1.90009999999981	6.15463981550932	6.12476999999988
1.90209999999981	6.15625573711002	6.12604999999988
1.90409999999981	6.15810018499455	6.12732999999986
1.90609999999981	6.15913390697822	6.12860999999987
1.90809999999981	6.16026163736777	6.12988999999986
1.91009999999981	6.16233685061221	6.13116999999986
1.91209999999981	6.16281890957586	6.13244999999986
1.91409999999981	6.16507903856229	6.13372999999988
1.91609999999981	6.16620839194435	6.13500999999988
1.91809999999981	6.16821157558584	6.13628999999988
1.9200999999998	6.16877794865276	6.13757999999986
1.9220999999998	6.17102156533643	6.13885999999988
1.9240999999998	6.17215245919255	6.14014999999986
1.9260999999998	6.17414074359588	6.14142999999988
1.9280999999998	6.17566283132052	6.14271999999986
1.9300999999998	6.17662609959089	6.14399999999988
1.9320999999998	6.17845997177183	6.14528999999988
1.9340999999998	6.18030716257678	6.14657999999986
1.9360999999998	6.18112359258327	6.14786999999986
1.9380999999998	6.18268009837261	6.14915999999986
1.9400999999998	6.1846192880626	6.15044999999986
1.9420999999998	6.18559296825476	6.15173999999986
1.9440999999998	6.18673757752707	6.15302999999986
1.9460999999998	6.18895252909303	6.15431999999986
1.9480999999998	6.19011640445066	6.15560999999986
1.9500999999998	6.19126563501746	6.15689999999988
1.9520999999998	6.19330996666539	6.15818999999988
1.9540999999998	6.19458073055149	6.15948999999986
1.9560999999998	6.19571624652357	6.16077999999988
1.9580999999998	6.19715469042947	6.16207999999986
1.9600999999998	6.19937387997833	6.16336999999988
1.9620999999998	6.20051380084482	6.16466999999986
1.9640999999998	6.20193532604298	6.16596999999986
1.9660999999998	6.20308478040143	6.16725999999988
1.9680999999998	6.20351592444406	6.16855999999988
1.9700999999998	6.20576156973214	6.16985999999986
1.9720999999998	6.20797057204513	6.17115999999986
1.9740999999998	6.20752768591297	6.17245999999986
1.9760999999998	6.20553012508277	6.17375999999986
1.9780999999998	6.20604699433135	6.17505999999986
1.9800999999998	6.20779101374521	6.17635999999988
1.9820999999998	6.21015869530965	6.17765999999988
1.9840999999998	6.21250577480958	6.17896999999986
1.9860999999998	6.21482199045046	6.18026999999986
1.9880999999998	6.21563194139957	6.18156999999988
1.9900999999998	6.21793125580497	6.18287999999986
1.9920999999998	6.219156709656	6.18417999999988
1.9940999999998	6.22146650160076	6.18548999999986
1.9960999999998	6.22375610495107	6.18678999999988
1.9980999999998	6.22602438816623	6.18809999999988
