t	Cl
0	5	5
0.002	5	5
0.0041	5.00000008697614	5.00003
0.006	5.0000002859715	5.00003
0.00800000000000001	5.00000068620948	5.00003
0.0101	5.00000134022848	5.00003
0.0121	5.00000221558071	5.00004
0.0141	5.00000337231912	5.00004
0.0161	5.00000484948915	5.00004
0.0180999999999999	5.00000668955116	5.00005
0.0200999999999999	5.00000893757919	5.00005
0.0220999999999999	5.00001164071544	5.00006
0.0240999999999999	5.00001484783552	5.00007
0.0260999999999999	5.00001867813333	5.00007
0.0280999999999999	5.00002281481299	5.00008
0.0300999999999999	5.00002698431331	5.00009
0.0320999999999999	5.00003117415168	5.0001
0.0341	5.00003859268375	5.00011
0.036	5.00005449477045	5.00012
0.0380000000000001	5.00007080790463	5.00013
0.0400000000000001	5.00008680076881	5.00014
0.0420000000000002	5.00010255383573	5.00016
0.0440000000000002	5.00011812393776	5.00017
0.0460000000000003	5.00013355262137	5.00019
0.0480000000000003	5.0001488710788	5.0002
0.0500000000000004	5.00017791787672	5.00022
0.0520000000000005	5.00021249483228	5.00024
0.0540000000000005	5.00024673671957	5.00026
0.0560000000000006	5.0002807404658	5.00028
0.0580000000000006	5.00031459287145	5.0003
0.0600000000000007	5.00034894289908	5.00032
0.0620000000000007	5.00038355270349	5.00035
0.0640000000000008	5.00041842031111	5.00037
0.0660000000000009	5.00045159519822	5.0004
0.0680000000000009	5.0004864510263	5.00043
0.070000000000001	5.00052109053727	5.00047
0.072000000000001	5.00055579810853	5.0005
0.0740000000000011	5.00059885608062	5.00054
0.0760000000000012	5.00065912251771	5.00058
0.0780000000000012	5.00072189270944	5.00062
0.0800000000000013	5.00078829201976	5.00066
0.0820000000000013	5.00088395790173	5.00069
0.0840000000000014	5.00098141840517	5.00073
0.0860000000000014	5.00107951448991	5.00078
0.0880000000000015	5.00117497961758	5.00082
0.0900000000000016	5.00127090026818	5.00088
0.0920000000000016	5.00137179334812	5.00093
0.0940000000000017	5.00151069810068	5.001
0.0960000000000017	5.00164267070304	5.00107
0.0980000000000018	5.00177801733266	5.00115
0.100000000000002	5.00190904393202	5.00124
0.102000000000002	5.00207710932027	5.00133
0.104000000000002	5.00225931654069	5.00144
0.106000000000002	5.00248870150589	5.00155
0.108000000000002	5.00272308018481	5.00168
0.110000000000002	5.00294855345744	5.00182
0.112000000000002	5.00316794712837	5.00197
0.114000000000002	5.0033924863283	5.00213
0.116000000000002	5.00367049833759	5.00231
0.118000000000002	5.00394946055681	5.0025
0.120000000000002	5.00429056711926	5.00271
0.122000000000002	5.00465556698294	5.00293
0.124000000000003	5.00505905786483	5.00317
0.126000000000002	5.00545205869255	5.00342
0.128000000000002	5.00583498459355	5.0037
0.130000000000002	5.00621559071179	5.00399
0.132000000000002	5.00666973612975	5.0043
0.134000000000002	5.00720187315637	5.00463
0.136000000000001	5.00771279202947	5.00498
0.138000000000001	5.00829440933253	5.00534
0.140000000000001	5.00886976837092	5.00573
0.142000000000001	5.00943085367193	5.00614
0.144	5.01003444443399	5.00657
0.146	5.01072366636241	5.00701
0.148	5.01143310389959	5.00748
0.1501	5.01214889206464	5.00798
0.1521	5.01288672696183	5.00849
0.154099999999999	5.01362257968675	5.00901
0.156099999999999	5.01438755397409	5.00954
0.158099999999999	5.01521424949494	5.0101
0.160099999999999	5.01609978006927	5.01067
0.162099999999998	5.01695822289148	5.01126
0.164099999999998	5.01778111833635	5.01186
0.166099999999998	5.01860176711788	5.01247
0.168099999999998	5.01948685996811	5.0131
0.170099999999998	5.02041524592673	5.01375
0.172099999999997	5.02134925978545	5.0144
0.174099999999997	5.02234257468811	5.01507
0.176099999999997	5.02332061468073	5.01575
0.178099999999997	5.02427024797279	5.01644
0.180099999999996	5.02519752991148	5.01714
0.182099999999996	5.02609549469815	5.01785
0.184099999999996	5.02706881874836	5.01858
0.186099999999996	5.02809921841412	5.01931
0.188099999999996	5.02912717383895	5.02005
0.190099999999995	5.03010478464535	5.02079
0.192099999999995	5.03110810376107	5.02155
0.194099999999995	5.03214821954294	5.02232
0.196099999999995	5.03315673091794	5.02309
0.198099999999995	5.03414797339174	5.02387
0.200099999999994	5.03511293652957	5.02466
0.202099999999994	5.03614186050391	5.02545
0.204099999999994	5.03716245654285	5.02625
0.206099999999994	5.03824764775308	5.02706
0.208099999999993	5.03931284141893	5.02788
0.210099999999993	5.04033582569095	5.0287
0.212099999999993	5.04134612188186	5.02953
0.214099999999993	5.04232613574621	5.03036
0.216099999999993	5.0433348395141	5.03121
0.218099999999992	5.0443769320308	5.03205
0.220099999999992	5.04539954935306	5.03291
0.222099999999992	5.04640618203916	5.03377
0.224099999999992	5.04740855914831	5.03463
0.226099999999991	5.04847039668771	5.0355
0.228099999999991	5.04950467825239	5.03638
0.230099999999991	5.05057422004684	5.03726
0.232099999999991	5.05166133408876	5.03815
0.234099999999991	5.05273134718046	5.03903999999999
0.23609999999999	5.05377664863121	5.03993999999999
0.23809999999999	5.05481189042756	5.04084
0.24009999999999	5.0558350499703	5.04175
0.24209999999999	5.05683607870463	5.04266
0.244099999999989	5.05783133654226	5.04358
0.246099999999989	5.0588127437268	5.0445
0.248099999999989	5.05977562363343	5.04543
0.250099999999989	5.06079258679272	5.04636999999999
0.252099999999989	5.061820431038	5.0473
0.254099999999988	5.06283055989572	5.04824999999999
0.256099999999988	5.06385152822468	5.04919
0.258099999999988	5.06492383252113	5.05013999999999
0.260099999999988	5.06598133507253	5.05109999999999
0.262099999999987	5.06702342200353	5.05205999999999
0.264099999999987	5.06804258853621	5.05301999999999
0.266099999999987	5.06906457915834	5.05398999999999
0.268099999999987	5.07013467091083	5.05496999999999
0.270099999999987	5.0712078096362	5.05593999999999
0.272099999999986	5.07225497371753	5.05691999999999
0.274099999999986	5.07330111644536	5.05790999999999
0.276099999999986	5.07434012748898	5.05889999999999
0.278099999999986	5.07536890967791	5.05988999999999
0.280099999999985	5.07638517981048	5.06087999999999
0.282099999999985	5.0773935829829	5.06187999999999
0.284099999999985	5.07839750513143	5.06288999999999
0.286099999999985	5.079394536298	5.06388999999999
0.288099999999985	5.08038087963937	5.06489999999999
0.290099999999984	5.08136058608483	5.06591999999999
0.292099999999984	5.08237013038763	5.06692999999999
0.294099999999984	5.08340522769593	5.06794999999999
0.296099999999984	5.08443140593019	5.06896999999999
0.298099999999983	5.08545521050482	5.06999999999999
0.300099999999983	5.0864880107629	5.07102999999999
0.302099999999983	5.0875581339724	5.07205999999999
0.304099999999983	5.08862874476064	5.07308999999999
0.306099999999983	5.08968855974575	5.07412999999999
0.308099999999982	5.09074272916204	5.07516999999999
0.310099999999982	5.09178971355436	5.07620999999999
0.312099999999982	5.09281762335621	5.07725999999999
0.314099999999982	5.09385099275192	5.07830999999999
0.316099999999982	5.09487404149948	5.07935999999999
0.318099999999981	5.0958919713899	5.08040999999999
0.320099999999981	5.09690322392515	5.08145999999999
0.322099999999981	5.09790801977111	5.08251999999999
0.324099999999981	5.09894228192661	5.08357999999999
0.32609999999998	5.09999869916541	5.08463999999999
0.32809999999998	5.10105147761188	5.08569999999999
0.33009999999998	5.10209861105583	5.08676999999999
0.33209999999998	5.10313974468148	5.08783999999999
0.33409999999998	5.10417325013182	5.08889999999999
0.336099999999979	5.10520245039978	5.08997999999999
0.338099999999979	5.10622758352311	5.09104999999999
0.340099999999979	5.10724787364186	5.09211999999999
0.342099999999979	5.10826535157807	5.09319999999999
0.344099999999978	5.10927806019675	5.09427999999999
0.346099999999978	5.11028256129215	5.09534999999999
0.348099999999978	5.11128502482968	5.09642999999999
0.350099999999978	5.1122869196729	5.09751999999999
0.352099999999978	5.11331072417303	5.09859999999999
0.354099999999977	5.11436055268845	5.09967999999999
0.356099999999977	5.11540908650005	5.10076999999999
0.358099999999977	5.1164504268529	5.10185999999999
0.360099999999977	5.11748693447412	5.10294999999999
0.362099999999976	5.11851793471265	5.10402999999999
0.364099999999976	5.11956045613127	5.10512999999999
0.366099999999976	5.12062522440763	5.10621999999999
0.368099999999976	5.12169444865017	5.10730999999999
0.370099999999976	5.12277069897687	5.10839999999999
0.372099999999975	5.12384053544606	5.10949999999998
0.374099999999975	5.12490598716437	5.11058999999999
0.376099999999975	5.1259658097852	5.11168999999999
0.378099999999975	5.12702206230074	5.11278999999999
0.380099999999974	5.1280721078811	5.11387999999999
0.382099999999974	5.12910711551157	5.11497999999999
0.384099999999974	5.13015146390864	5.11607999999999
0.386099999999974	5.13119022845196	5.11717999999999
0.388099999999974	5.13222505601105	5.11827999999999
0.390099999999973	5.13325566289166	5.11937999999999
0.392099999999973	5.13428397568577	5.12047999999999
0.394099999999973	5.13530588992853	5.12158999999998
0.396099999999973	5.13632600031417	5.12268999999998
0.398099999999972	5.13733963525297	5.12378999999999
0.400099999999972	5.13835349469904	5.12488999999999
0.402099999999972	5.13936208520891	5.12599999999998
0.404099999999972	5.1403706146952	5.12709999999999
0.406099999999972	5.14137461812173	5.12820999999998
0.408099999999971	5.14237849955507	5.12930999999999
0.410099999999971	5.14338384023485	5.13041999999998
0.412099999999971	5.14441175728738	5.13151999999999
0.414099999999971	5.14545961194752	5.13262999999998
0.41609999999997	5.14650931261318	5.13372999999998
0.41809999999997	5.14755527158845	5.13483999999998
0.42009999999997	5.14859638653273	5.13593999999998
0.42209999999997	5.14963427370613	5.13704999999999
0.42409999999997	5.15067075366244	5.13815999999998
0.426099999999969	5.1517063496547	5.13925999999999
0.428099999999969	5.15273622955506	5.14036999999998
0.430099999999969	5.15376820058539	5.14147999999998
0.432099999999969	5.15479445048324	5.14257999999998
0.434099999999969	5.15581897811097	5.14368999999998
0.436099999999968	5.15684032748611	5.14479999999998
0.438099999999968	5.15785940204401	5.14589999999998
0.440099999999968	5.15887949569071	5.14700999999998
0.442099999999968	5.15991990376169	5.14810999999998
0.444099999999967	5.16097262971574	5.14921999999998
0.446099999999967	5.16203655357013	5.15032999999998
0.448099999999967	5.16309987188703	5.15142999999998
0.450099999999967	5.16415961539504	5.15253999999998
0.452099999999967	5.16521514797939	5.15364999999998
0.454099999999966	5.16626796425585	5.15474999999998
0.456099999999966	5.16731786073219	5.15585999999998
0.458099999999966	5.16836318683422	5.15695999999998
0.460099999999966	5.16940593869137	5.15806999999998
0.462099999999965	5.17045859930611	5.15916999999998
0.464099999999965	5.17152439028516	5.16027999999998
0.466099999999965	5.17260471278098	5.16137999999998
0.468099999999965	5.17369003499147	5.16248999999998
0.470099999999965	5.17477300002605	5.16358999999998
0.472099999999964	5.17585014358316	5.16469999999998
0.474099999999964	5.17692493170994	5.16579999999998
0.476099999999964	5.17799770392411	5.16689999999998
0.478099999999964	5.17906507780296	5.16800999999998
0.480099999999963	5.18013154757089	5.16910999999998
0.482099999999963	5.18119505864431	5.17020999999998
0.484099999999963	5.18225197105012	5.17131999999998
0.486099999999963	5.18331132457259	5.17241999999998
0.488099999999963	5.18436632284449	5.17351999999998
0.490099999999962	5.18541872949878	5.17461999999998
0.492099999999962	5.18646918618888	5.17571999999998
0.494099999999962	5.18751659636035	5.17681999999998
0.496099999999962	5.18856151647033	5.17791999999998
0.498099999999961	5.18960298275448	5.17902999999998
0.500099999999961	5.19064452997175	5.18012999999998
0.502099999999961	5.19168262909425	5.18122999999998
0.504099999999961	5.19271948102908	5.18232999999998
0.506099999999961	5.19375548425376	5.18341999999998
0.50809999999996	5.19478855796325	5.18451999999998
0.51009999999996	5.19582134565091	5.18561999999998
0.51209999999996	5.19685240127611	5.18671999999998
0.51409999999996	5.19788095080856	5.18781999999998
0.516099999999959	5.19890739326822	5.18891999999998
0.518099999999959	5.19993294027203	5.19000999999998
0.520099999999959	5.20095650996217	5.19110999999998
0.522099999999959	5.20197810730614	5.19220999999998
0.524099999999959	5.2029990303224	5.19329999999998
0.526099999999958	5.20401827475898	5.19439999999998
0.528099999999958	5.20503692122233	5.19549999999998
0.530099999999958	5.20605525791921	5.19658999999998
0.532099999999958	5.20707279659585	5.19768999999997
0.534099999999958	5.20808743881286	5.19877999999998
0.536099999999957	5.20910331215457	5.19987999999997
0.538099999999957	5.21011743293728	5.20096999999998
0.540099999999957	5.21112995904014	5.20206999999997
0.542099999999957	5.21214150158678	5.20315999999997
0.544099999999956	5.21315371656779	5.20424999999998
0.546099999999956	5.21416331098719	5.20533999999998
0.548099999999956	5.21517188014179	5.20643999999997
0.550099999999956	5.21617969030273	5.20752999999998
0.552099999999956	5.21718765838908	5.20861999999998
0.554099999999955	5.21821538724303	5.20970999999998
0.556099999999955	5.21924706591606	5.21080999999997
0.558099999999955	5.22029119869969	5.21189999999997
0.560099999999955	5.22133738540748	5.21298999999997
0.562099999999954	5.22239056993561	5.21407999999997
0.564099999999954	5.22344335782323	5.21516999999997
0.566099999999954	5.22449505443779	5.21625999999997
0.568099999999954	5.22554306123163	5.21734999999997
0.570099999999954	5.22658936601245	5.21843999999997
0.572099999999953	5.22763532387943	5.21952999999997
0.574099999999953	5.22867914583415	5.22061999999997
0.576099999999953	5.22972017564142	5.22169999999998
0.578099999999953	5.23076109142287	5.22278999999998
0.580099999999952	5.23180115146819	5.22387999999998
0.582099999999952	5.23284529036909	5.22496999999997
0.584099999999952	5.23390725644463	5.22605999999997
0.586099999999952	5.2349688648329	5.22713999999998
0.588099999999952	5.23604755990949	5.22822999999998
0.590099999999951	5.23713072615668	5.22931999999997
0.592099999999951	5.23821146137609	5.23039999999998
0.594099999999951	5.23928984049435	5.23148999999998
0.596099999999951	5.24036597070785	5.23257999999997
0.59809999999995	5.24143995891506	5.23365999999998
0.60009999999995	5.24251107978488	5.23474999999997
0.60209999999995	5.24358003707852	5.23582999999998
0.60409999999995	5.24464873216508	5.23691999999997
0.60609999999995	5.24571358500088	5.23799999999997
0.608099999999949	5.24677713991937	5.23908999999997
0.610099999999949	5.24783963467713	5.24016999999997
0.612099999999949	5.24890078607435	5.24125999999997
0.614099999999949	5.2499582032502	5.24233999999997
0.616099999999948	5.25101555903565	5.24342999999997
0.618099999999948	5.25207274797696	5.24450999999997
0.620099999999948	5.25312787151972	5.24558999999997
0.622099999999948	5.25418163799633	5.24667999999997
0.624099999999948	5.2552332304411	5.24775999999997
0.626099999999947	5.25628303779412	5.24883999999997
0.628099999999947	5.2573331559464	5.24992999999997
0.630099999999947	5.25838057214205	5.25100999999997
0.632099999999947	5.25942692132902	5.25208999999997
0.634099999999946	5.26047217472778	5.25316999999997
0.636099999999946	5.26151630318362	5.25425999999997
0.638099999999946	5.26256113773458	5.25533999999997
0.640099999999946	5.2636038175311	5.25641999999997
0.642099999999946	5.26466450286451	5.25749999999997
0.644099999999945	5.26573073493492	5.25858999999997
0.646099999999945	5.26679505659793	5.25966999999997
0.648099999999945	5.267877714875	5.26074999999997
0.650099999999945	5.26896333044729	5.26182999999997
0.652099999999945	5.27004795048113	5.26290999999997
0.654099999999944	5.27113219398704	5.26398999999997
0.656099999999944	5.27221413556886	5.26506999999997
0.658099999999944	5.2732930337793	5.26615999999997
0.660099999999944	5.27436999378767	5.26723999999997
0.662099999999943	5.27544473130503	5.26831999999997
0.664099999999943	5.27651945875838	5.26939999999997
0.666099999999943	5.27759217376222	5.27047999999997
0.668099999999943	5.27866212882508	5.27155999999997
0.670099999999943	5.27973044140822	5.27263999999997
0.672099999999942	5.28079627497733	5.27371999999997
0.674099999999942	5.28186364802317	5.27479999999997
0.676099999999942	5.28292928342863	5.27587999999997
0.678099999999942	5.28399252949573	5.27695999999997
0.680099999999941	5.28505422272283	5.27803999999997
0.682099999999941	5.2861161146929	5.27911999999997
0.684099999999941	5.28717710136382	5.28019999999997
0.686099999999941	5.28823665736258	5.28127999999997
0.688099999999941	5.28929379750862	5.28235999999997
0.69009999999994	5.29035236714449	5.28343999999997
0.69209999999994	5.29141063937848	5.28451999999997
0.69409999999994	5.29246808117445	5.28560999999996
0.69609999999994	5.29352338658807	5.28668999999996
0.698099999999939	5.29457837420739	5.28776999999996
0.700099999999939	5.29563249443079	5.28884999999996
0.702099999999939	5.29668463850461	5.28992999999996
0.704099999999939	5.29773760733415	5.29100999999996
0.706099999999939	5.29878890416923	5.29208999999996
0.708099999999938	5.29983957411666	5.29316999999996
0.710099999999938	5.30088878063574	5.29424999999996
0.712099999999938	5.30193742223991	5.29532999999996
0.714099999999938	5.30298518368102	5.29640999999996
0.716099999999937	5.30403402738875	5.29748999999996
0.718099999999937	5.30508051351442	5.29856999999996
0.720099999999937	5.3061276445766	5.29964999999996
0.722099999999937	5.30717446013802	5.30072999999997
0.724099999999937	5.30822191942044	5.30180999999997
0.726099999999936	5.30926870670799	5.30288999999997
0.728099999999936	5.31031522371596	5.30396999999997
0.730099999999936	5.31136057400317	5.30504999999997
0.732099999999936	5.31240557907816	5.30612999999997
0.734099999999935	5.31345089396405	5.30720999999997
0.736099999999935	5.31449601494942	5.30828999999997
0.738099999999935	5.31553951864931	5.30936999999997
0.740099999999935	5.31658339444995	5.31045999999996
0.742099999999935	5.31762628702541	5.31153999999996
0.744099999999934	5.31866840988886	5.31261999999996
0.746099999999934	5.31971246845501	5.31369999999997
0.748099999999934	5.32075590528793	5.31477999999997
0.750099999999934	5.32179852712109	5.31585999999997
0.752099999999933	5.32284094517782	5.31693999999997
0.754099999999933	5.32388254888468	5.31802999999996
0.756099999999933	5.32492460061727	5.31910999999996
0.758099999999933	5.32596735234224	5.32018999999996
0.760099999999933	5.32700973263834	5.32126999999997
0.762099999999932	5.32806630019437	5.32234999999997
0.764099999999932	5.32913256656054	5.32342999999997
0.766099999999932	5.33019759266018	5.32451999999996
0.768099999999932	5.33126402072429	5.32559999999997
0.770099999999932	5.33234995296658	5.32667999999997
0.772099999999931	5.33343654590376	5.32775999999997
0.774099999999931	5.33452173071518	5.32884999999996
0.776099999999931	5.33560631546763	5.32992999999997
0.778099999999931	5.33668923782422	5.33100999999997
0.78009999999993	5.3377719480848	5.33209999999996
0.78209999999993	5.33885340624373	5.33317999999996
0.78409999999993	5.33993262889297	5.33425999999996
0.78609999999993	5.34101074299046	5.33534999999996
0.78809999999993	5.34208920873763	5.33642999999996
0.790099999999929	5.3431644660798	5.33750999999996
0.792099999999929	5.34424151274629	5.33859999999996
0.794099999999929	5.34531742647497	5.33967999999996
0.796099999999929	5.34639136813754	5.34076999999996
0.798099999999928	5.34746537910506	5.34184999999996
0.800099999999928	5.34853818937132	5.34293999999996
0.802099999999928	5.34961088603696	5.34401999999996
0.804099999999928	5.35068250435248	5.34510999999996
0.806099999999928	5.35175428183579	5.34618999999996
0.808099999999927	5.35284337262117	5.34727999999996
0.810099999999927	5.35393788888701	5.34835999999996
0.812099999999927	5.35503071220585	5.34944999999996
0.814099999999927	5.35612413254716	5.35053999999996
0.816099999999926	5.35723394038327	5.35161999999996
0.818099999999926	5.35834812537777	5.35270999999996
0.820099999999926	5.35946062878366	5.35378999999996
0.822099999999926	5.36057068240185	5.35487999999996
0.824099999999926	5.36167974160864	5.35596999999996
0.826099999999925	5.36278672159333	5.35705999999996
0.828099999999925	5.36389321927897	5.35813999999996
0.830099999999925	5.36499718180844	5.35922999999996
0.832099999999925	5.36610058901442	5.36031999999995
0.834099999999924	5.36720200844069	5.36140999999995
0.836099999999924	5.36830120552058	5.36248999999996
0.838099999999924	5.36940127572933	5.36357999999996
0.840099999999924	5.37049961141953	5.36466999999996
0.842099999999924	5.37159687230431	5.36575999999996
0.844099999999923	5.37269098917543	5.36684999999995
0.846099999999923	5.37378598848448	5.36793999999995
0.848099999999923	5.37488052263618	5.36902999999995
0.850099999999923	5.37597419766012	5.37011999999995
0.852099999999922	5.37706580186098	5.37120999999995
0.854099999999922	5.37815691653055	5.37229999999995
0.856099999999922	5.379246866139	5.37338999999995
0.858099999999922	5.38033700112732	5.37447999999995
0.860099999999922	5.38142698323801	5.37556999999996
0.862099999999921	5.38251630165197	5.37665999999996
0.864099999999921	5.38360504227998	5.37774999999996
0.866099999999921	5.384692438888	5.37883999999996
0.868099999999921	5.38577893635873	5.37993999999995
0.87009999999992	5.3868639470027	5.38102999999995
0.87209999999992	5.38794907748131	5.38211999999996
0.87409999999992	5.38903424146823	5.38320999999996
0.87609999999992	5.3901180898823	5.38430999999995
0.87809999999992	5.39120269683547	5.38539999999995
0.880099999999919	5.39228570221544	5.38648999999996
0.882099999999919	5.39336814029274	5.38758999999995
0.884099999999919	5.39445009308723	5.38867999999996
0.886099999999919	5.39553070676499	5.38976999999996
0.888099999999919	5.39661180050694	5.39086999999995
0.890099999999918	5.39769048385659	5.39195999999996
0.892099999999918	5.39877060310191	5.39305999999995
0.894099999999918	5.39985010037699	5.39414999999996
0.896099999999918	5.40093035226936	5.39524999999995
0.898099999999917	5.40201012612429	5.39633999999996
0.900099999999917	5.4030896045015	5.39743999999996
0.902099999999917	5.4041672120771	5.39853999999995
0.904099999999917	5.4052454535189	5.39962999999996
0.906099999999917	5.40632370393438	5.40072999999996
0.908099999999916	5.40740173698654	5.40182999999995
0.910099999999916	5.40847507965028	5.40292999999995
0.912099999999916	5.40954932865064	5.40401999999996
0.914099999999916	5.41062751862755	5.40511999999996
0.916099999999915	5.41170645753209	5.40621999999995
0.918099999999915	5.41278507622207	5.40731999999995
0.920099999999915	5.41386362951913	5.40841999999995
0.922099999999915	5.41494259111963	5.40951999999995
0.924099999999915	5.41602136420115	5.41061999999995
0.926099999999914	5.41709907489523	5.41170999999996
0.928099999999914	5.41817576974108	5.41280999999996
0.930099999999914	5.41925407917694	5.41391999999995
0.932099999999914	5.4203327330289	5.41501999999995
0.934099999999913	5.42141141630448	5.41611999999995
0.936099999999913	5.42248994043086	5.41721999999995
0.938099999999913	5.42356328900148	5.41831999999995
0.940099999999913	5.42464669495802	5.41941999999996
0.942099999999913	5.42574691133701	5.42051999999996
0.944099999999912	5.42684873880941	5.42162999999995
0.946099999999912	5.42794825811774	5.42272999999995
0.948099999999912	5.42904595267898	5.42382999999996
0.950099999999912	5.43015724200358	5.42492999999996
0.952099999999911	5.43128056910993	5.42603999999995
0.954099999999911	5.43240260989687	5.42713999999996
0.956099999999911	5.43352176565733	5.42824999999995
0.958099999999911	5.4346395139276	5.42934999999996
0.960099999999911	5.43575869775405	5.43045999999995
0.96209999999991	5.4368754642217	5.43155999999995
0.96409999999991	5.43799134216159	5.43266999999995
0.96609999999991	5.4391077306917	5.43376999999995
0.96809999999991	5.44022083642816	5.43487999999995
0.970099999999909	5.44133233558755	5.43597999999995
0.972099999999909	5.44244632634445	5.43708999999996
0.974099999999909	5.44355936843226	5.43819999999995
0.976099999999909	5.44467154851027	5.43930999999994
0.978099999999909	5.44578051559617	5.44040999999995
0.980099999999908	5.4468880328882	5.44151999999995
0.982099999999908	5.44799643103704	5.44262999999995
0.984099999999908	5.44910468288577	5.44373999999995
0.986099999999908	5.45021314164706	5.44484999999994
0.988099999999908	5.45132180867729	5.44595999999994
0.990099999999907	5.4524298043784	5.44706999999994
0.992099999999907	5.45352650017498	5.44817999999994
0.994099999999907	5.45463173779185	5.44928999999994
0.996099999999907	5.45573884034315	5.45039999999994
0.998099999999906	5.45684538112012	5.45150999999994
1.00009999999991	5.45794580241879	5.45261999999994
1.00209999999991	5.45904590120011	5.45372999999995
1.00409999999991	5.46015010629821	5.45483999999995
1.00609999999991	5.46125454119847	5.45595999999994
1.00809999999991	5.46235983744269	5.45706999999994
1.01009999999991	5.46346156957647	5.45817999999995
1.0120999999999	5.46456330363603	5.45928999999995
1.0140999999999	5.4656642121314	5.46040999999994
1.0160999999999	5.46676852093573	5.46151999999995
1.0180999999999	5.46787313261101	5.46263999999994
1.0200999999999	5.46897742861229	5.46374999999995
1.0220999999999	5.47008150876248	5.46486999999994
1.0240999999999	5.47118533906487	5.46597999999995
1.0260999999999	5.47228824584911	5.46709999999994
1.0280999999999	5.47339061647618	5.46820999999995
1.0300999999999	5.47449306167306	5.46932999999994
1.0320999999999	5.47559484486754	5.47044999999994
1.0340999999999	5.47669644262489	5.47155999999995
1.0360999999999	5.47780006924082	5.47267999999995
1.0380999999999	5.47890302783603	5.47379999999994
1.0400999999999	5.48000652984226	5.47491999999994
1.0420999999999	5.48110740119181	5.47603999999994
1.0440999999999	5.48221077626017	5.47714999999995
1.0460999999999	5.48331346803586	5.47826999999995
1.0480999999999	5.48441569109843	5.47938999999995
1.0500999999999	5.48551924304488	5.48050999999995
1.0520999999999	5.48662275184352	5.48162999999995
1.0540999999999	5.48772628088762	5.48274999999995
1.0560999999999	5.48882976021276	5.48387999999994
1.0580999999999	5.48992750768803	5.48499999999994
1.0600999999999	5.49103108898273	5.48611999999994
1.0620999999999	5.49213471369273	5.48723999999994
1.0640999999999	5.49323803553553	5.48835999999995
1.0660999999999	5.49434276740163	5.48948999999994
1.0680999999999	5.49543058893669	5.49060999999994
1.0700999999999	5.49653311840467	5.49172999999995
1.0720999999999	5.49764812782918	5.49285999999994
1.0740999999999	5.49877730512336	5.49397999999994
1.0760999999999	5.4999062872005	5.49510999999994
1.0780999999999	5.50103459384277	5.49622999999994
1.0800999999999	5.50215986920745	5.49735999999994
1.0820999999999	5.50329688873938	5.49847999999994
1.0840999999999	5.50444677233329	5.49960999999994
1.0860999999999	5.50559563279937	5.50072999999995
1.0880999999999	5.50674348473682	5.50185999999994
1.0900999999999	5.50788554941946	5.50298999999994
1.0920999999999	5.50903179724753	5.50411999999994
1.0940999999999	5.51017693247528	5.50523999999995
1.0960999999999	5.51132054374003	5.50636999999994
1.0980999999999	5.51246378865304	5.50749999999994
1.1000999999999	5.51360614205315	5.50862999999994
1.1020999999999	5.51474451078695	5.50975999999994
1.10409999999989	5.5158847375865	5.51088999999994
1.10609999999989	5.51702176813668	5.51201999999994
1.10809999999989	5.51815767266852	5.51314999999994
1.11009999999989	5.51929364392963	5.51427999999994
1.11209999999989	5.52043190383458	5.51540999999994
1.11409999999989	5.52156945622625	5.51653999999995
1.11609999999989	5.52270008682271	5.51766999999995
1.11809999999989	5.5238337999977	5.51880999999994
1.12009999999989	5.52496605426063	5.51993999999994
1.12209999999989	5.52609837571371	5.52106999999995
1.12409999999989	5.52722205495544	5.52220999999994
1.12609999999989	5.52834833966826	5.52333999999994
1.12809999999989	5.52948734775857	5.52446999999995
1.13009999999989	5.53064536887484	5.52560999999994
1.13209999999989	5.5318018494284	5.52673999999995
1.13409999999989	5.5329581054448	5.52787999999993
1.13609999999989	5.53411070999953	5.52901999999994
1.13809999999989	5.53526655378337	5.53014999999993
1.14009999999989	5.53643941789184	5.53128999999993
1.14209999999989	5.53761483799707	5.53242999999993
1.14409999999989	5.53878832859739	5.53355999999994
1.14609999999989	5.53995348631713	5.53469999999993
1.14809999999989	5.54112437863083	5.53583999999993
1.15009999999989	5.54229373098145	5.53697999999993
1.15209999999989	5.54346161463064	5.53811999999993
1.15409999999989	5.54461807696353	5.53924999999994
1.15609999999989	5.54578025938018	5.54038999999994
1.15809999999989	5.54694190593084	5.54152999999994
1.16009999999989	5.54810412046	5.54266999999994
1.16209999999989	5.54926644369095	5.54381999999993
1.16409999999989	5.55041759670061	5.54495999999993
1.16609999999989	5.55156810802177	5.54609999999993
1.16809999999989	5.55272782483057	5.54723999999993
1.17009999999989	5.55388605998514	5.54837999999994
1.17209999999989	5.55504180135127	5.54952999999993
1.17409999999989	5.55619382264492	5.55066999999993
1.17609999999989	5.55735033435603	5.55180999999994
1.17809999999989	5.55850547667765	5.55295999999993
1.18009999999989	5.55965238056506	5.55409999999993
1.18209999999989	5.56080688888085	5.55524999999993
1.18409999999989	5.5619546811382	5.55638999999993
1.18609999999989	5.56310163365899	5.55753999999993
1.18809999999989	5.5642524528484	5.55867999999993
1.19009999999989	5.56540435533195	5.55982999999993
1.19209999999989	5.56655632465555	5.56096999999994
1.19409999999988	5.56770776086324	5.56211999999993
1.19609999999988	5.56885869720082	5.56326999999993
1.19809999999988	5.57000267699118	5.56441999999993
1.20009999999988	5.57115294280095	5.56556999999993
1.20209999999988	5.57230280521185	5.56670999999994
1.20409999999988	5.57344965693446	5.56785999999994
1.20609999999988	5.5745972458134	5.56900999999994
1.20809999999988	5.57574569404535	5.57015999999994
1.21009999999988	5.57688247136675	5.57130999999994
1.21209999999988	5.57802713743588	5.57245999999994
1.21409999999988	5.57917238432057	5.57360999999994
1.21609999999988	5.5803073139135	5.57476999999993
1.21809999999988	5.5814527842705	5.57591999999993
1.22009999999988	5.58260173084635	5.57706999999993
1.22209999999988	5.58374990398574	5.57821999999994
1.22409999999988	5.584898004811	5.57937999999993
1.22609999999988	5.58604156441522	5.58052999999993
1.22809999999988	5.587185788685	5.58167999999994
1.23009999999988	5.58833435493075	5.58283999999993
1.23209999999988	5.58947911997575	5.58398999999994
1.23409999999988	5.5906276103849	5.58514999999993
1.23609999999988	5.59177604659096	5.58629999999994
1.23809999999988	5.59292333747638	5.58745999999993
1.24009999999988	5.59407183612906	5.58861999999993
1.24209999999988	5.59521978431666	5.58976999999993
1.24409999999988	5.59636390120852	5.59092999999993
1.24609999999988	5.59751255258905	5.59208999999993
1.24809999999988	5.59866121155696	5.59324999999993
1.25009999999988	5.59980989383447	5.59439999999994
1.25209999999988	5.60095869370804	5.59555999999993
1.25409999999988	5.60210587704163	5.59671999999993
1.25609999999988	5.60325503695954	5.59787999999993
1.25809999999988	5.60440426651049	5.59903999999993
1.26009999999988	5.605553578416	5.60019999999993
1.26209999999988	5.60670190406115	5.60135999999993
1.26409999999988	5.60785155706664	5.60251999999994
1.26609999999988	5.60900074949649	5.60368999999993
1.26809999999988	5.6101506841383	5.60484999999993
1.27009999999988	5.61129175739555	5.60600999999993
1.27209999999988	5.61243409624547	5.60716999999994
1.27409999999988	5.61358194508166	5.60833999999993
1.27609999999988	5.61472948278826	5.60949999999993
1.27809999999988	5.61587348196607	5.61065999999994
1.28009999999988	5.61701349371866	5.61182999999993
1.28209999999988	5.61816587510699	5.61298999999994
1.28409999999988	5.61931434029206	5.61415999999993
1.28609999999987	5.62046256706218	5.61532999999992
1.28809999999987	5.62161570439042	5.61648999999992
1.29009999999987	5.62276903030488	5.61765999999992
1.29209999999987	5.62391818890015	5.61882999999992
1.29409999999987	5.62507145148425	5.61998999999992
1.29609999999987	5.62622554269126	5.62115999999992
1.29809999999987	5.62737992250699	5.62232999999992
1.30009999999987	5.62852622184796	5.62349999999992
1.30209999999987	5.62968126169282	5.62466999999992
1.30409999999987	5.63083307131979	5.62583999999992
1.30609999999987	5.63198323767693	5.62700999999992
1.30809999999987	5.63313867676571	5.62817999999992
1.31009999999987	5.63429498153667	5.62934999999992
1.31209999999987	5.63545155532107	5.63051999999992
1.31409999999987	5.63660077917653	5.63168999999992
1.31609999999987	5.63775372609305	5.63285999999992
1.31809999999987	5.63890630475487	5.63403999999992
1.32009999999987	5.64006380174389	5.63520999999992
1.32209999999987	5.64122219509647	5.63637999999992
1.32409999999987	5.64237495792542	5.63755999999992
1.32609999999987	5.6435340553552	5.63872999999992
1.32809999999987	5.64469287133298	5.63990999999992
1.33009999999987	5.64585256918866	5.64107999999992
1.33209999999987	5.64701261206737	5.64225999999992
1.33409999999987	5.64817295034739	5.64342999999992
1.33609999999987	5.64933357970051	5.64460999999992
1.33809999999987	5.65049450525538	5.64578999999992
1.34009999999987	5.65165080907696	5.64695999999992
1.34209999999987	5.65280437016131	5.64813999999992
1.34409999999987	5.65396050073525	5.64931999999992
1.34609999999987	5.65512338442389	5.65049999999992
1.34809999999987	5.65628656915974	5.65167999999992
1.35009999999987	5.65745011553098	5.65284999999993
1.35209999999987	5.65861403287948	5.65402999999993
1.35409999999987	5.65977829082597	5.65521999999992
1.35609999999987	5.66094229343928	5.65639999999992
1.35809999999987	5.6621076669287	5.65757999999992
1.36009999999987	5.6632723705779	5.65875999999992
1.36209999999987	5.66443688509704	5.65993999999992
1.36409999999987	5.66560220450434	5.66111999999992
1.36609999999987	5.66676852675242	5.66230999999992
1.36809999999987	5.66794846027584	5.66348999999992
1.37009999999987	5.6691391532133	5.66466999999992
1.37209999999987	5.67032979758907	5.66585999999992
1.37409999999987	5.67151960821249	5.66703999999992
1.37609999999986	5.67270831623592	5.66822999999992
1.37809999999986	5.67389679282639	5.66940999999992
1.38009999999986	5.6751000823096	5.67059999999992
1.38209999999986	5.67631207433024	5.67177999999992
1.38409999999986	5.67752271509478	5.67296999999992
1.38609999999986	5.67873248584622	5.67415999999992
1.38809999999986	5.67994064911788	5.67534999999992
1.39009999999986	5.68114845389538	5.67652999999992
1.39209999999986	5.68235485351473	5.67771999999992
1.39409999999986	5.68355047095316	5.67890999999992
1.39609999999986	5.68475536259951	5.68009999999992
1.39809999999986	5.68595953543272	5.68128999999992
1.40009999999986	5.68716243655092	5.68247999999992
1.40209999999986	5.68836531025479	5.68366999999992
1.40409999999986	5.68956436666332	5.68485999999992
1.40609999999986	5.69076294932056	5.68604999999992
1.40809999999986	5.69195232269758	5.68724999999992
1.41009999999986	5.6931534043403	5.68843999999992
1.41209999999986	5.69435470450347	5.68962999999992
1.41409999999986	5.69555491710268	5.69081999999992
1.41609999999986	5.6967547273572	5.69201999999992
1.41809999999986	5.69795472637103	5.69320999999992
1.42009999999986	5.69915495522902	5.69440999999992
1.42209999999986	5.70035359772906	5.69559999999992
1.42409999999986	5.70155256717331	5.69679999999992
1.42609999999986	5.70275050949077	5.69798999999992
1.42809999999986	5.70394378834815	5.69918999999992
1.43009999999986	5.70514133108019	5.70038999999992
1.43209999999986	5.70633886458282	5.70157999999992
1.43409999999986	5.70753686254669	5.70277999999991
1.43609999999986	5.70873410856926	5.70397999999991
1.43809999999986	5.70993182439386	5.70517999999992
1.44009999999986	5.71112231118469	5.70637999999992
1.44209999999986	5.71231860211798	5.70757999999991
1.44409999999986	5.71351624492706	5.70877999999991
1.44609999999986	5.71471380163754	5.70997999999991
1.44809999999986	5.71591130175612	5.71117999999991
1.45009999999986	5.71710877647429	5.71237999999991
1.45209999999986	5.71830562656165	5.71357999999991
1.45409999999986	5.71950147666047	5.71477999999991
1.45609999999986	5.72069898649462	5.71598999999991
1.45809999999986	5.72189592193102	5.71718999999991
1.46009999999986	5.72309180458305	5.71838999999991
1.46209999999986	5.72428515796242	5.71959999999991
1.46409999999986	5.725491625671	5.72079999999991
1.46609999999985	5.72670943263935	5.72200999999991
1.46809999999985	5.72792215641345	5.72320999999991
1.47009999999985	5.72914283816332	5.72441999999991
1.47209999999985	5.73036280561735	5.72561999999991
1.47409999999985	5.73156986559314	5.72682999999991
1.47609999999985	5.73278861909756	5.72803999999991
1.47809999999985	5.73403104408178	5.72924999999991
1.48009999999985	5.73527140613938	5.73044999999991
1.48209999999985	5.73651101436917	5.73165999999991
1.48409999999985	5.73774868153808	5.73286999999991
1.48609999999985	5.73898572379065	5.73407999999991
1.48809999999985	5.74021655333031	5.73528999999991
1.49009999999985	5.74144943997854	5.73649999999991
1.49209999999985	5.74268321463496	5.73770999999991
1.49409999999985	5.7439159636196	5.73891999999991
1.49609999999985	5.74514775248627	5.74012999999991
1.49809999999985	5.74637652939876	5.74134999999991
1.50009999999985	5.74760454063203	5.74255999999991
1.50209999999985	5.7488261164503	5.74376999999991
1.50409999999985	5.75005429797783	5.74498999999989
1.50609999999985	5.75128116436494	5.74619999999991
1.50809999999985	5.75250866185524	5.74740999999991
1.51009999999985	5.75373432553512	5.74862999999991
1.51209999999985	5.75495705674633	5.74983999999991
1.51409999999985	5.75618297200852	5.75105999999991
1.51609999999985	5.75740776756761	5.75227999999991
1.51809999999985	5.75863010571275	5.75348999999991
1.52009999999985	5.75985468598768	5.75470999999991
1.52209999999985	5.76106727452777	5.75592999999991
1.52409999999985	5.76229135715229	5.75714999999991
1.52609999999985	5.76351179600672	5.75835999999991
1.52809999999985	5.76472232903578	5.75957999999991
1.53009999999985	5.76594426812069	5.76079999999991
1.53209999999985	5.76715949996681	5.76201999999991
1.53409999999985	5.76837730314101	5.76323999999991
1.53609999999985	5.76960046828928	5.76445999999991
1.53809999999985	5.77082342620874	5.76568999999989
1.54009999999985	5.77204620353278	5.76690999999991
1.54209999999985	5.77326419868882	5.76812999999991
1.54409999999985	5.77448681953393	5.76934999999991
1.54609999999985	5.77571893687547	5.77057999999989
1.54809999999985	5.77695774729057	5.77179999999991
1.55009999999985	5.77819467712014	5.77301999999991
1.55209999999985	5.77943025882396	5.77424999999991
1.55409999999985	5.7806740958964	5.77546999999991
1.55609999999985	5.78191500994893	5.77669999999991
1.55809999999984	5.78316511305151	5.77791999999991
1.56009999999984	5.7844291884434	5.77914999999991
1.56209999999984	5.78569282963696	5.78037999999991
1.56409999999984	5.78694982272095	5.78160999999989
1.56609999999984	5.78819544265677	5.78282999999991
1.56809999999984	5.78944493338343	5.78405999999991
1.57009999999984	5.79069650001237	5.78528999999991
1.57209999999984	5.79195189010113	5.78651999999991
1.57409999999984	5.79320467374781	5.78774999999991
1.57609999999984	5.79445693216516	5.78897999999991
1.57809999999984	5.79570099852573	5.79020999999991
1.58009999999984	5.79693954912852	5.7914399999999
1.58209999999984	5.7981863627434	5.79266999999991
1.58409999999984	5.79943838676714	5.7938999999999
1.58609999999984	5.8006812686475	5.7951399999999
1.58809999999984	5.80183838725593	5.7963699999999
1.59009999999984	5.80308313039009	5.79759999999991
1.59209999999984	5.8043307584105	5.7988399999999
1.59409999999984	5.80551642354649	5.8000699999999
1.59609999999984	5.80676668004148	5.80130999999989
1.59809999999984	5.80799980262964	5.8025399999999
1.60009999999984	5.80921452219644	5.8037799999999
1.60209999999984	5.81047459489529	5.8050099999999
1.60409999999984	5.81165893388047	5.8062499999999
1.60609999999984	5.81292181327881	5.8074899999999
1.60809999999984	5.81414499090485	5.80872999999989
1.61009999999984	5.81536661331647	5.8099599999999
1.61209999999984	5.81662551706783	5.8111999999999
1.61409999999984	5.81780850057653	5.8124399999999
1.61609999999984	5.81907549861931	5.8136799999999
1.61809999999984	5.82025967588604	5.8149199999999
1.62009999999984	5.82152155856825	5.8161599999999
1.62209999999984	5.82273969270622	5.8173999999999
1.62409999999984	5.82396161747774	5.8186399999999
1.62609999999984	5.82522765686279	5.81988999999989
1.62809999999984	5.82641115180625	5.8211299999999
1.63009999999984	5.82768563949682	5.8223699999999
1.63209999999984	5.82893305852304	5.82361999999989
1.63409999999984	5.83015879035316	5.8248599999999
1.63609999999984	5.83143195966517	5.8260999999999
1.63809999999984	5.83268680075984	5.8273499999999
1.64009999999984	5.83390703602906	5.8285899999999
1.64209999999984	5.83518897008561	5.8298399999999
1.64409999999984	5.83641868754141	5.83108999999988
1.64609999999984	5.83769902110581	5.8323299999999
1.64809999999983	5.83892060000454	5.8335799999999
1.65009999999983	5.84016528250294	5.8348299999999
1.65209999999983	5.84141415817821	5.83607999999988
1.65409999999983	5.84269536146689	5.8373199999999
1.65609999999983	5.84395023696807	5.8385699999999
1.65809999999983	5.84520386333432	5.8398199999999
1.66009999999983	5.84646781278247	5.8410699999999
1.66209999999983	5.84773250953578	5.8423199999999
1.66409999999983	5.8490065462171	5.84357999999988
1.66609999999983	5.85028294319638	5.84482999999988
1.66809999999983	5.85156870999306	5.8460799999999
1.67009999999983	5.85284807137857	5.8473299999999
1.67209999999983	5.85413359393389	5.8485799999999
1.67409999999983	5.85537721795786	5.8498399999999
1.67609999999983	5.85667425773776	5.8510899999999
1.67809999999983	5.85789513108806	5.85234999999988
1.68009999999983	5.85919423732553	5.8535999999999
1.68209999999983	5.86041400935594	5.85485999999988
1.68409999999983	5.86171500868554	5.8561099999999
1.68609999999983	5.86297809228397	5.8573699999999
1.68809999999983	5.86422800092168	5.85862999999988
1.69009999999983	5.86552969049523	5.8598799999999
1.69209999999983	5.86674563989871	5.8611399999999
1.69409999999983	5.86804016256521	5.8623999999999
1.69609999999983	5.86926190037879	5.8636599999999
1.69809999999983	5.87054703842325	5.8649199999999
1.70009999999983	5.87181220101787	5.8661799999999
1.70209999999983	5.87309308440893	5.8674399999999
1.70409999999983	5.87440078974321	5.8686999999999
1.70609999999983	5.87564678272666	5.8699599999999
1.70809999999983	5.87686323522532	5.8712199999999
1.71009999999983	5.87817784736839	5.8724799999999
1.71209999999983	5.87941319471024	5.87374999999988
1.71409999999983	5.88072452518125	5.8750099999999
1.71609999999983	5.88193467191918	5.8762699999999
1.71809999999983	5.88323998738126	5.8775399999999
1.72009999999983	5.88448691373381	5.8787999999999
1.72209999999983	5.88580563553052	5.8800699999999
1.72409999999983	5.88702649069739	5.8813299999999
1.72609999999983	5.88833410380009	5.8825999999999
1.72809999999983	5.88960544172046	5.88386999999988
1.73009999999983	5.89089861435664	5.8851299999999
1.73209999999983	5.89220981998092	5.8863999999999
1.73409999999983	5.8935315020283	5.8876699999999
1.73609999999983	5.89482122117559	5.8889399999999
1.73809999999983	5.89610311461065	5.89020999999988
1.74009999999982	5.89737209897918	5.89147999999988
1.74209999999982	5.89868475947784	5.89274999999988
1.74409999999982	5.89994845852741	5.89401999999989
1.74609999999982	5.90121025604239	5.89528999999989
1.74809999999982	5.90253292739755	5.89655999999989
1.75009999999982	5.90385219293136	5.89782999999989
1.75209999999982	5.90516505455066	5.89910999999988
1.75409999999982	5.90648745365403	5.90037999999989
1.75609999999982	5.9078210820614	5.90164999999989
1.75809999999982	5.90911233209878	5.90292999999988
1.76009999999982	5.91043445106118	5.90419999999989
1.76209999999982	5.91172267783235	5.90547999999988
1.76409999999982	5.91304293490435	5.90674999999989
1.76609999999982	5.91432806945505	5.90802999999989
1.76809999999982	5.91557591198058	5.90930999999988
1.77009999999982	5.91687335547217	5.91057999999989
1.77209999999982	5.91817459491435	5.91185999999989
1.77409999999982	5.9195025105372	5.91313999999988
1.77609999999982	5.92078641547328	5.91441999999987
1.77809999999982	5.92203977336156	5.91569999999987
1.78009999999982	5.9233673460789	5.91697999999987
1.78209999999982	5.92467437458315	5.91825999999987
1.78409999999982	5.92598496379647	5.91953999999987
1.78609999999982	5.92727755671961	5.92081999999987
1.78809999999982	5.92860636394579	5.92209999999989
1.79009999999982	5.92995249437524	5.92337999999989
1.79209999999982	5.93129205949942	5.92465999999989
1.79409999999982	5.93263460367119	5.92594999999987
1.79609999999982	5.93398727023109	5.92722999999989
1.79809999999982	5.93528562685184	5.92851999999987
1.80009999999982	5.93660426220635	5.92979999999989
1.80209999999982	5.93791855939014	5.93108999999987
1.80409999999982	5.93925589151711	5.93236999999989
1.80609999999982	5.94055776341445	5.93365999999987
1.80809999999982	5.94183858333287	5.93493999999989
1.81009999999982	5.94318354836144	5.93622999999989
1.81209999999982	5.94450502469935	5.93751999999987
1.81409999999982	5.94585350587921	5.93880999999987
1.81609999999982	5.94718987473964	5.94009999999987
1.81809999999982	5.94849760584615	5.94138999999987
1.82009999999982	5.94983812885912	5.94267999999987
1.82209999999982	5.95114708864875	5.94396999999987
1.82409999999982	5.95250492110273	5.94525999999987
1.82609999999982	5.95382771975358	5.94654999999987
1.82809999999982	5.9551604749308	5.94783999999987
1.83009999999981	5.9565333051998	5.94912999999989
1.83209999999981	5.95785704779602	5.95041999999989
1.83409999999981	5.95921853675145	5.95171999999987
1.83609999999981	5.96054280670375	5.95300999999989
1.83809999999981	5.9618439964537	5.95430999999987
1.84009999999981	5.96320334532774	5.95559999999989
1.84209999999981	5.9645209361351	5.95689999999987
1.84409999999981	5.9658865446267	5.95818999999989
1.84609999999981	5.96721689100758	5.95948999999987
1.84809999999981	5.96851163966622	5.96078999999987
1.85009999999981	5.96988482844249	5.96207999999989
1.85209999999981	5.97121956409362	5.96337999999989
1.85409999999981	5.97253287867709	5.96467999999987
1.85609999999981	5.97390537875993	5.96597999999987
1.85809999999981	5.9752324668135	5.96727999999987
1.86009999999981	5.97659764431001	5.96857999999987
1.86209999999981	5.97792628262371	5.96987999999987
1.86409999999981	5.97923494948664	5.97117999999987
1.86609999999981	5.98060546862503	5.97247999999989
1.86809999999981	5.9819950827077	5.97377999999989
1.87009999999981	5.9833827227182	5.97507999999989
1.87209999999981	5.98479362973112	5.97638999999987
1.87409999999981	5.98620241530182	5.97768999999989
1.87609999999981	5.98760071231057	5.97899999999987
1.87809999999981	5.98894855625019	5.98029999999987
1.88009999999981	5.99029517493533	5.98160999999987
1.88209999999981	5.99165778740789	5.98290999999989
1.88409999999981	5.99303169341922	5.98421999999987
1.88609999999981	5.99441916921632	5.98551999999989
1.88809999999981	5.995831962574	5.98682999999989
1.89009999999981	5.99726425474606	5.98813999999987
1.89209999999981	5.99870605837622	5.98944999999987
1.89409999999981	6.00015698321524	5.99075999999987
1.89609999999981	6.00161679017985	5.99206999999987
1.89809999999981	6.00308508503344	5.99336999999988
1.90009999999981	6.00451498015128	5.99468999999987
1.90209999999981	6.00589213705627	5.99599999999987
1.90409999999981	6.00730106078069	5.99730999999986
1.90609999999981	6.00873883543234	5.99861999999986
1.90809999999981	6.01012772134843	5.99992999999988
1.91009999999981	6.01155066452839	6.00123999999988
1.91209999999981	6.01300485336837	6.00255999999986
1.91409999999981	6.01448370525521	6.00386999999988
1.91609999999981	6.01588189364674	6.00518999999986
1.91809999999981	6.01730539510078	6.00649999999988
1.9200999999998	6.01877207344201	6.00781999999986
1.9220999999998	6.02025554292813	6.00912999999988
1.9240999999998	6.02165992442359	6.01044999999986
1.9260999999998	6.0230837490875	6.01176999999986
1.9280999999998	6.02448908541431	6.01307999999988
1.9300999999998	6.02596135819738	6.01439999999988
1.9320999999998	6.02737927162306	6.01571999999988
1.9340999999998	6.02878938055421	6.01703999999986
1.9360999999998	6.03025396056143	6.01835999999986
1.9380999999998	6.03164874931942	6.01967999999986
1.9400999999998	6.033071912606	6.02099999999988
1.9420999999998	6.03453528851232	6.02231999999988
1.9440999999998	6.03593264892927	6.02364999999986
1.9460999999998	6.03739313440219	6.02496999999986
1.9480999999998	6.03887806596229	6.02628999999986
1.9500999999998	6.04026766110506	6.02760999999988
1.9520999999998	6.04170009695327	6.02893999999986
1.9540999999998	6.04316899245212	6.03025999999988
1.9560999999998	6.04457301554193	6.03158999999986
1.9580999999998	6.04607257787317	6.03290999999988
1.9600999999998	6.04750917625342	6.03423999999986
1.9620999999998	6.0489819456656	6.03556999999986
1.9640999999998	6.05045389329218	6.03688999999988
1.9660999999998	6.05186808747318	6.03821999999986
1.9680999999998	6.05337182757845	6.03954999999986
1.9700999999998	6.05488912502439	6.04087999999986
1.9720999999998	6.05642664741718	6.04220999999986
1.9740999999998	6.05792142675729	6.04353999999986
1.9760999999998	6.05941731800975	6.04486999999986
1.9780999999998	6.06089103334958	6.04619999999986
1.9800999999998	6.06236895793527	6.04752999999986
1.9820999999998	6.06385672565499	6.04885999999986
1.9840999999998	6.06535417582493	6.05018999999988
1.9860999999998	6.06686448127707	6.05152999999986
1.9880999999998	6.06838984375924	6.05285999999986
1.9900999999998	6.06992735262977	6.05418999999988
1.9920999999998	6.07146708453838	6.05552999999986
1.9940999999998	6.07301096868486	6.05685999999988
1.9960999999998	6.07456358258052	6.05819999999986
1.9980999999998	6.07612454972887	6.05953999999986
