t	fg_V
0	0	0
0.002	0	0
0.0041	3.09017271913121E-07	5.27485E-06
0.006	3.25697928958247E-07	5.2679E-06
0.00800000000000001	3.59521529771281E-07	5.27108E-06
0.0101	4.15240392703345E-07	5.2972E-06
0.0121	4.90368076570665E-07	5.31025E-06
0.0141	5.90296315007106E-07	5.32774999999999E-06
0.0161	7.18654500931363E-07	5.35080999999999E-06
0.0180999999999999	8.79378333438753E-07	5.38063999999998E-06
0.0200999999999999	1.07663518560324E-06	5.41856999999997E-06
0.0220999999999999	1.31476865295E-06	5.46601999999997E-06
0.0240999999999999	1.59825896687936E-06	5.52452999999996E-06
0.0260999999999999	1.94771506356049E-06	5.59578999999995E-06
0.0280999999999999	2.41332122695302E-06	5.68163999999994E-06
0.0300999999999999	2.96155229702836E-06	5.78411999999993E-06
0.0320999999999999	3.59980827862126E-06	5.90546999999994E-06
0.0341	4.47541745655654E-06	6.04818999999997E-06
0.036	5.85477498715969E-06	6.15298E-06
0.0380000000000001	7.50714389462089E-06	6.34469000000004E-06
0.0400000000000001	9.37624929414453E-06	6.56743000000008E-06
0.0420000000000002	1.14738180351725E-05	6.82528000000012E-06
0.0440000000000002	1.3811849591452E-05	7.12288000000017E-06
0.0460000000000003	1.64025622063758E-05	7.46558000000022E-06
0.0480000000000003	1.92583571433998E-05	7.85948000000026E-06
0.0500000000000004	2.30312341831013E-05	8.3116300000003E-06
0.0520000000000005	2.74590402833336E-05	8.83015000000036E-06
0.0540000000000005	3.22992736765629E-05	9.42440000000041E-06
0.0560000000000006	3.75681251646447E-05	1.01052000000005E-05
0.0580000000000006	4.32505623520951E-05	1.08851000000005E-05
0.0600000000000007	4.80474634080889E-05	1.17786000000005E-05
0.0620000000000007	5.32912724285542E-05	1.28025000000006E-05
0.0640000000000008	5.89698788387653E-05	1.39761000000006E-05
0.0660000000000009	6.54314157728563E-05	1.53219000000006E-05
0.0680000000000009	7.45867996819182E-05	1.68660000000006E-05
0.070000000000001	8.37394997598118E-05	1.86384000000006E-05
0.072000000000001	9.33052517093295E-05	2.06737000000005E-05
0.0740000000000011	0.000104580007316362	2.30121000000004E-05
0.0760000000000012	0.000118951605866539	2.56997000000003E-05
0.0780000000000012	0.000135253187328246	2.87897000000001E-05
0.0800000000000013	0.000153357027577133	3.4615200000005E-05
0.0820000000000013	0.000175734837745471	4.34452000000064E-05
0.0840000000000014	0.000200792555737479	5.43300000000084E-05
0.0860000000000014	0.000227176390335817	6.76935000000107E-05
0.0880000000000015	0.000257346687701138	8.40343000000135E-05
0.0900000000000016	0.000289681756737585	0.000103936000000017
0.0920000000000016	0.000330627869307369	0.000128078000000021
0.0940000000000017	0.000376035536170565	0.000157250000000027
0.0960000000000017	0.00043595158187692	0.000192359000000033
0.0980000000000018	0.000489651922647101	0.000234450000000041
0.100000000000002	0.000550442669075321	0.00028471300000005
0.102000000000002	0.000623858930876785	0.000344499000000062
0.104000000000002	0.000710263294879406	0.000415335000000076
0.106000000000002	0.000814770360987772	0.000498933000000092
0.108000000000002	0.00092789608211666	0.00059720000000011
0.110000000000002	0.00104886834327299	0.000712248000000132
0.112000000000002	0.00118896522597796	0.000846397000000158
0.114000000000002	0.00133659375679615	0.00100000000000022
0.116000000000002	0.00150984470610263	0.00118000000000023
0.118000000000002	0.00169039653199811	0.00139000000000024
0.120000000000002	0.0019057871031022	0.00163000000000024
0.122000000000002	0.00216129005354056	0.00190000000000025
0.124000000000003	0.00243808628899769	0.00221000000000025
0.126000000000002	0.00273669269975435	0.00256000000000049
0.128000000000002	0.00304789177777845	0.00295000000000045
0.130000000000002	0.00338407437285236	0.0033900000000004
0.132000000000002	0.00375797974857197	0.00388000000000054
0.134000000000002	0.0041715647991737	0.00443000000000031
0.136000000000001	0.00461854591892756	0.0050300000000004
0.138000000000001	0.00512055014767828	0.00569000000000033
0.140000000000001	0.00564148700202934	0.00641000000000036
0.142000000000001	0.00617322607376133	0.00719000000000035
0.144	0.00677414671579346	0.00804000000000024
0.146	0.00741419328155615	0.00896000000000012
0.148	0.00808368997178529	0.00994000000000002
0.1501	0.0088094864557868	0.0110299999999999
0.1521	0.0095530551740344	0.0121399999999998
0.154099999999999	0.010323211088161	0.0133199999999996
0.156099999999999	0.0111142296378654	0.0145499999999995
0.158099999999999	0.0119762854933145	0.0158399999999992
0.160099999999999	0.0128654351607535	0.0171799999999991
0.162099999999998	0.013763987181497	0.0185699999999989
0.164099999999998	0.0146744632073468	0.0200199999999986
0.166099999999998	0.0155931387082811	0.0214999999999986
0.168099999999998	0.0165443291044216	0.0230299999999982
0.170099999999998	0.0175186470300453	0.0245899999999981
0.172099999999997	0.0185244708698265	0.0261899999999979
0.174099999999997	0.0195751755973578	0.0278199999999977
0.176099999999997	0.0206265989046388	0.0294699999999976
0.178099999999997	0.0216658810819938	0.031149999999997
0.180099999999996	0.0226971125936209	0.0328399999999972
0.182099999999996	0.0237477364208118	0.034549999999997
0.184099999999996	0.0248162185531532	0.0362799999999964
0.186099999999996	0.0258990143903962	0.0380199999999963
0.188099999999996	0.0269785865072264	0.039759999999996
0.190099999999995	0.0280747193662966	0.0415099999999963
0.192099999999995	0.0291767393593577	0.0432699999999956
0.194099999999995	0.0302822170213663	0.0450299999999955
0.196099999999995	0.0313765239467989	0.0467899999999953
0.198099999999995	0.0324383332896154	0.0485399999999956
0.200099999999994	0.0334994780412541	0.0502999999999948
0.202099999999994	0.0345866442488516	0.0520499999999947
0.204099999999994	0.0356719532871932	0.0537999999999945
0.206099999999994	0.0367708753096964	0.0555399999999943
0.208099999999993	0.0378441303364058	0.057269999999994
0.210099999999993	0.0389312417208893	0.0589899999999945
0.212099999999993	0.0399851845596357	0.0607099999999944
0.214099999999993	0.0410449106747168	0.0624199999999935
0.216099999999993	0.0420847564861969	0.064109999999994
0.218099999999992	0.043140992117365	0.0657999999999939
0.220099999999992	0.0441738637003945	0.0674799999999929
0.222099999999992	0.0451840522930456	0.0691399999999935
0.224099999999992	0.0461891977429363	0.0707899999999933
0.226099999999991	0.0472132304340168	0.0724299999999931
0.228099999999991	0.0482316530213913	0.074059999999993
0.230099999999991	0.0492759831342395	0.0756699999999928
0.232099999999991	0.0502945822590368	0.0772799999999926
0.234099999999991	0.0512892258721965	0.0788599999999924
0.23609999999999	0.0522895095428363	0.0804399999999923
0.23809999999999	0.0532624521392817	0.0819999999999921
0.24009999999999	0.0542153142564322	0.0835499999999919
0.24209999999999	0.0551641293235288	0.0850899999999917
0.244099999999989	0.0561009930878509	0.0866099999999915
0.246099999999989	0.057025014365356	0.0881199999999914
0.248099999999989	0.0579509358030569	0.0896099999999923
0.250099999999989	0.0588774259505668	0.0910899999999922
0.252099999999989	0.0597938704745676	0.0925599999999909
0.254099999999988	0.0607022377575856	0.0940099999999919
0.256099999999988	0.061600823919938	0.0954499999999917
0.258099999999988	0.0625038292296454	0.0968799999999915
0.260099999999988	0.063396685875105	0.0982899999999914
0.262099999999987	0.064283330187524	0.0996899999999912
0.264099999999987	0.0651826590199809	0.101079999999991
0.266099999999987	0.0660513410303168	0.102449999999991
0.268099999999987	0.0669250589941175	0.103809999999991
0.270099999999987	0.0677936749538818	0.105159999999991
0.272099999999986	0.068678812612391	0.10648999999999
0.274099999999986	0.0695353298666691	0.107809999999992
0.276099999999986	0.0703689815188417	0.10911999999999
0.278099999999986	0.0711936156556756	0.110409999999991
0.280099999999985	0.0720162153901332	0.11169999999999
0.282099999999985	0.0728350927754114	0.11296999999999
0.284099999999985	0.0736323633397255	0.114219999999991
0.286099999999985	0.0744197380951685	0.115469999999989
0.288099999999985	0.0752027740689342	0.116699999999991
0.290099999999984	0.0759850318290995	0.117919999999991
0.292099999999984	0.0767656440846866	0.11912999999999
0.294099999999984	0.0775508732459617	0.12031999999999
0.296099999999984	0.0783247694121331	0.12150999999999
0.298099999999983	0.0790873365119681	0.12267999999999
0.300099999999983	0.0798451080299997	0.12383999999999
0.302099999999983	0.0806062468213562	0.12498999999999
0.304099999999983	0.0813614546314443	0.12612999999999
0.306099999999983	0.0821037785279579	0.127249999999991
0.308099999999982	0.0828365118917408	0.128369999999989
0.310099999999982	0.083562282054513	0.129469999999991
0.312099999999982	0.0843091043129616	0.130569999999989
0.314099999999982	0.0850256361748942	0.131649999999989
0.316099999999982	0.0857375347519066	0.132719999999991
0.318099999999981	0.0864425109858203	0.133779999999991
0.320099999999981	0.0871430665600968	0.134829999999991
0.322099999999981	0.0878398200925798	0.13586999999999
0.324099999999981	0.0885414608031809	0.13689999999999
0.32609999999998	0.0892519868218277	0.13791999999999
0.32809999999998	0.0899423184972105	0.13892999999999
0.33009999999998	0.0906257400897789	0.13992999999999
0.33209999999998	0.0913019736419004	0.14091999999999
0.33409999999998	0.09197165121788	0.14189999999999
0.336099999999979	0.0926364903430378	0.14286999999999
0.338099999999979	0.0932989934071554	0.14382999999999
0.340099999999979	0.0939460234522013	0.144779999999989
0.342099999999979	0.094589104600267	0.145719999999991
0.344099999999978	0.0952272920066382	0.146659999999989
0.346099999999978	0.0958591392141025	0.147579999999989
0.348099999999978	0.096487406975836	0.148489999999991
0.350099999999978	0.0971110422483499	0.149399999999989
0.352099999999978	0.0977359167329037	0.150299999999989
0.354099999999977	0.0983651295061212	0.151189999999989
0.356099999999977	0.0989871300021878	0.152059999999991
0.358099999999977	0.0996066883048932	0.152939999999988
0.360099999999977	0.100223109162586	0.153799999999991
0.362099999999976	0.100834440000027	0.154649999999991
0.364099999999976	0.101445606237301	0.15549999999999
0.366099999999976	0.102055957972519	0.15633999999999
0.368099999999976	0.102686039787879	0.15716999999999
0.370099999999976	0.103282548015586	0.15798999999999
0.372099999999975	0.103871158067457	0.15880999999999
0.374099999999975	0.104456407907636	0.15961999999999
0.376099999999975	0.105035697708702	0.16041999999999
0.378099999999975	0.105610938377763	0.16120999999999
0.380099999999974	0.10618109762524	0.16198999999999
0.382099999999974	0.106771732020645	0.16276999999999
0.384099999999974	0.107329479650834	0.16353999999999
0.386099999999974	0.107884722623366	0.164299999999992
0.388099999999974	0.108435978648428	0.165059999999989
0.390099999999973	0.108984501271688	0.165809999999989
0.392099999999973	0.109530053455053	0.166549999999989
0.394099999999973	0.110073439498561	0.167289999999989
0.396099999999973	0.110613655087484	0.168019999999989
0.398099999999972	0.111150958429618	0.168739999999989
0.400099999999972	0.111684896914234	0.169459999999989
0.402099999999972	0.11221576575021	0.170159999999992
0.404099999999972	0.112749277571956	0.170869999999989
0.406099999999972	0.113271672296646	0.171569999999989
0.408099999999971	0.113790991263925	0.172259999999989
0.410099999999971	0.114307552461645	0.172939999999991
0.412099999999971	0.114824217819549	0.173619999999991
0.414099999999971	0.115342938904995	0.174289999999991
0.41609999999997	0.115859979598307	0.174959999999991
0.41809999999997	0.116375919785045	0.175619999999991
0.42009999999997	0.116887809783812	0.176279999999988
0.42209999999997	0.117395976423761	0.176929999999988
0.42409999999997	0.117897942256875	0.177569999999991
0.426099999999969	0.118394736392493	0.178209999999991
0.428099999999969	0.118882998265232	0.178839999999991
0.430099999999969	0.119369518565144	0.179469999999991
0.432099999999969	0.119852857151406	0.180089999999991
0.434099999999969	0.120333010891075	0.180709999999991
0.436099999999968	0.120812353659537	0.18131999999999
0.438099999999968	0.121288677950714	0.18192999999999
0.440099999999968	0.121763590118411	0.18252999999999
0.442099999999968	0.12223962766013	0.18312999999999
0.444099999999967	0.122714679813151	0.18371999999999
0.446099999999967	0.123187986027533	0.18430999999999
0.448099999999967	0.123653849746427	0.18488999999999
0.450099999999967	0.124119179797943	0.18546999999999
0.452099999999967	0.124581930358534	0.18603999999999
0.454099999999966	0.125042691002284	0.18660999999999
0.456099999999966	0.125502361785274	0.18717999999999
0.458099999999966	0.125959771956553	0.18773999999999
0.460099999999966	0.126416050315709	0.18828999999999
0.462099999999965	0.126871912395186	0.188839999999993
0.464099999999965	0.127327212478466	0.18938999999999
0.466099999999965	0.127783953432689	0.189929999999993
0.468099999999965	0.128235238638225	0.190469999999993
0.470099999999965	0.128685497679881	0.191009999999989
0.472099999999964	0.129132178844562	0.191539999999989
0.474099999999964	0.129574366572036	0.192059999999993
0.476099999999964	0.13001367313236	0.192589999999989
0.478099999999964	0.130449738297805	0.193099999999993
0.480099999999963	0.13088277398989	0.193619999999989
0.482099999999963	0.131314928131215	0.194129999999993
0.484099999999963	0.131739973715616	0.194639999999989
0.486099999999963	0.132161871015763	0.195139999999993
0.488099999999963	0.132579445074034	0.195639999999993
0.490099999999962	0.13299451969012	0.196139999999989
0.492099999999962	0.133407744229605	0.196629999999992
0.494099999999962	0.133820557848739	0.197119999999992
0.496099999999962	0.134231692077808	0.197609999999989
0.498099999999961	0.134646978300859	0.198089999999988
0.500099999999961	0.135052730559095	0.198569999999988
0.502099999999961	0.135456312315772	0.199039999999992
0.504099999999961	0.135857791686405	0.199519999999988
0.506099999999961	0.136256055124864	0.199979999999992
0.50809999999996	0.136649132301859	0.200449999999992
0.51009999999996	0.137040152457003	0.200909999999992
0.51209999999996	0.13743160865079	0.201369999999992
0.51409999999996	0.137821843579822	0.201829999999992
0.516099999999959	0.138209902418681	0.202279999999992
0.518099999999959	0.138598838453027	0.202729999999992
0.520099999999959	0.138985578060069	0.203179999999992
0.522099999999959	0.139375063826681	0.203629999999988
0.524099999999959	0.139760804413665	0.204069999999992
0.526099999999958	0.140141701118844	0.204509999999988
0.528099999999958	0.140521415275371	0.204939999999992
0.530099999999958	0.140899097556553	0.205379999999987
0.532099999999958	0.141274200483699	0.205809999999987
0.534099999999958	0.141644860207815	0.206229999999992
0.536099999999957	0.142013574606201	0.206659999999991
0.538099999999957	0.142383418599848	0.207079999999991
0.540099999999957	0.142751904305679	0.207499999999991
0.542099999999957	0.143119449016834	0.207919999999991
0.544099999999956	0.143487500110043	0.208329999999991
0.546099999999956	0.143855719420181	0.208749999999991
0.548099999999956	0.144223642232047	0.209159999999991
0.550099999999956	0.144590495827734	0.209559999999991
0.552099999999956	0.144957846572133	0.209969999999991
0.554099999999955	0.145325719099614	0.210369999999991
0.556099999999955	0.145690638511234	0.210769999999991
0.558099999999955	0.146056253494491	0.211169999999991
0.560099999999955	0.146449189300528	0.211569999999991
0.562099999999954	0.146808052308782	0.211959999999991
0.564099999999954	0.14716504898091	0.212349999999991
0.566099999999954	0.147522598458522	0.212739999999991
0.568099999999954	0.147878270671852	0.213129999999991
0.570099999999954	0.148232635022695	0.213509999999991
0.572099999999953	0.148585986082618	0.213889999999991
0.574099999999953	0.148939891296589	0.214269999999991
0.576099999999953	0.14929226692945	0.214649999999991
0.578099999999953	0.14964354620712	0.215029999999991
0.580099999999952	0.149994033157285	0.215399999999991
0.582099999999952	0.150345574258972	0.215769999999995
0.584099999999952	0.150694001569207	0.216139999999995
0.586099999999952	0.151040174725792	0.21650999999999
0.588099999999952	0.151387096549867	0.21687999999999
0.590099999999951	0.151731727781641	0.217239999999995
0.592099999999951	0.152074408309215	0.21760999999999
0.594099999999951	0.152415277951379	0.21796999999999
0.596099999999951	0.152756550919716	0.21832999999999
0.59809999999995	0.153095888434779	0.21867999999999
0.60009999999995	0.153433847178588	0.21903999999999
0.60209999999995	0.153768314918105	0.21938999999999
0.60409999999995	0.154102265273877	0.219739999999995
0.60609999999995	0.154434431706126	0.220089999999995
0.608099999999949	0.154765701265546	0.22043999999999
0.610099999999949	0.155095458379176	0.22078999999999
0.612099999999949	0.155422541056955	0.221129999999995
0.614099999999949	0.155748571451465	0.22147999999999
0.616099999999948	0.156070489006123	0.22181999999999
0.618099999999948	0.156391132986673	0.22215999999999
0.620099999999948	0.15671260358758	0.22249999999999
0.622099999999948	0.157032690007903	0.222829999999995
0.624099999999948	0.15735221869515	0.22316999999999
0.626099999999947	0.157670055541698	0.223499999999989
0.628099999999947	0.15798833957223	0.223829999999995
0.630099999999947	0.15830617809547	0.224159999999995
0.632099999999947	0.158622773460125	0.224489999999995
0.634099999999946	0.158938401020009	0.224819999999989
0.636099999999946	0.159251011067439	0.225149999999989
0.638099999999946	0.159563535709541	0.225469999999989
0.640099999999946	0.159874603188956	0.225789999999995
0.642099999999946	0.160186929837496	0.226119999999989
0.644099999999945	0.160498652904005	0.226439999999989
0.646099999999945	0.160808071002084	0.226759999999989
0.648099999999945	0.161118152694105	0.227069999999994
0.650099999999945	0.161425167593838	0.227389999999989
0.652099999999945	0.161729148804141	0.227709999999989
0.654099999999944	0.162032888368554	0.228019999999989
0.656099999999944	0.162336365160358	0.228329999999994
0.658099999999944	0.162637892011522	0.228639999999994
0.660099999999944	0.162938608123434	0.228949999999994
0.662099999999943	0.163237427358995	0.229259999999994
0.664099999999943	0.163536109184094	0.229569999999989
0.666099999999943	0.163834948510066	0.229869999999994
0.668099999999943	0.16413225399103	0.230179999999989
0.670099999999943	0.164429042332643	0.230479999999994
0.672099999999942	0.164733600379554	0.230789999999988
0.674099999999942	0.165026027809121	0.231089999999988
0.676099999999942	0.165318827831238	0.231389999999988
0.678099999999942	0.165609896664636	0.231689999999988
0.680099999999941	0.165898868685644	0.231979999999994
0.682099999999941	0.166186583020522	0.232279999999994
0.684099999999941	0.166472439865808	0.232579999999988
0.686099999999941	0.166756264440727	0.232869999999994
0.688099999999941	0.167037150009173	0.233159999999994
0.69009999999994	0.167315372489772	0.233459999999988
0.69209999999994	0.167592662395303	0.233749999999988
0.69409999999994	0.167871047801201	0.234039999999988
0.69609999999994	0.168148427684836	0.234329999999988
0.698099999999939	0.168425406978694	0.234609999999994
0.700099999999939	0.168701856454833	0.234899999999994
0.702099999999939	0.168977318616518	0.235189999999988
0.704099999999939	0.169253353118355	0.235469999999994
0.706099999999939	0.169529855093593	0.235749999999994
0.708099999999938	0.169805490818726	0.236039999999988
0.710099999999938	0.170081196749645	0.236319999999994
0.712099999999938	0.170361031776769	0.236599999999994
0.714099999999938	0.170638991443086	0.236879999999994
0.716099999999937	0.170912421694468	0.237159999999994
0.718099999999937	0.171184984665371	0.237439999999987
0.720099999999937	0.171455129138943	0.237709999999994
0.722099999999937	0.171724182964086	0.237989999999994
0.724099999999937	0.171993268669387	0.238269999999987
0.726099999999936	0.172260255527112	0.238539999999994
0.728099999999936	0.172526138285769	0.238809999999994
0.730099999999936	0.172792100525582	0.239089999999987
0.732099999999936	0.173057516779118	0.239359999999987
0.734099999999935	0.173322470684878	0.239629999999987
0.736099999999935	0.173588833662864	0.239899999999987
0.738099999999935	0.173854950869243	0.240169999999987
0.740099999999935	0.174120647375837	0.240429999999994
0.742099999999935	0.17438634869138	0.240699999999993
0.744099999999934	0.174651291555995	0.240969999999993
0.746099999999934	0.174914890565373	0.241229999999993
0.748099999999934	0.175179635369462	0.241499999999993
0.750099999999934	0.175443939492513	0.241759999999993
0.752099999999933	0.175708088415812	0.242029999999987
0.754099999999933	0.175972081328043	0.242289999999993
0.756099999999933	0.176235920310032	0.242549999999993
0.758099999999933	0.176498623325756	0.242809999999993
0.760099999999933	0.176761954725758	0.243069999999993
0.762099999999932	0.177025420695453	0.243329999999993
0.764099999999932	0.177287556064077	0.243589999999986
0.766099999999932	0.177548700455672	0.243849999999986
0.768099999999932	0.177810926498137	0.244099999999993
0.770099999999932	0.178074765606584	0.244359999999993
0.772099999999931	0.178337540931791	0.244609999999993
0.774099999999931	0.178599974244459	0.244869999999993
0.776099999999931	0.178861628597733	0.245119999999993
0.778099999999931	0.179121948348624	0.245379999999986
0.78009999999993	0.17938280989878	0.245629999999993
0.78209999999993	0.179643464466657	0.245879999999993
0.78409999999993	0.179903084016027	0.246129999999993
0.78609999999993	0.180162452760606	0.246379999999993
0.78809999999993	0.180421031187289	0.246629999999993
0.790099999999929	0.180678066617963	0.246879999999993
0.792099999999929	0.180933991288947	0.247129999999993
0.794099999999929	0.181190344260584	0.247379999999986
0.796099999999929	0.181445648047442	0.247619999999993
0.798099999999928	0.181699616441534	0.247869999999993
0.800099999999928	0.181952464158994	0.248109999999993
0.802099999999928	0.182204895713056	0.248359999999993
0.804099999999928	0.182455909788732	0.248599999999993
0.806099999999928	0.182705740770524	0.248849999999993
0.808099999999927	0.182955835168448	0.249089999999993
0.810099999999927	0.183203972219247	0.249329999999993
0.812099999999927	0.18345057568792	0.249569999999993
0.814099999999927	0.183696797619772	0.249819999999985
0.816099999999926	0.183944971730566	0.250059999999985
0.818099999999926	0.184192781688249	0.250299999999985
0.820099999999926	0.184439147285009	0.250539999999985
0.822099999999926	0.184684893652872	0.250769999999993
0.824099999999926	0.184929584313437	0.251009999999993
0.826099999999925	0.185172836488308	0.251249999999993
0.828099999999925	0.185416021620343	0.251489999999985
0.830099999999925	0.185660016715883	0.251719999999993
0.832099999999925	0.18590223432684	0.251959999999993
0.834099999999924	0.186143629571947	0.252189999999992
0.836099999999924	0.186385475787268	0.252429999999992
0.838099999999924	0.186625558294702	0.252659999999992
0.840099999999924	0.186864342996393	0.252899999999985
0.842099999999924	0.187102035532497	0.253129999999992
0.844099999999923	0.187342249081585	0.253359999999992
0.846099999999923	0.187579049977152	0.253589999999992
0.848099999999923	0.187815397824843	0.253819999999992
0.850099999999923	0.188050492137601	0.254049999999992
0.852099999999922	0.188284443356944	0.254279999999992
0.854099999999922	0.188518737333653	0.254509999999992
0.856099999999922	0.188751220907034	0.254739999999992
0.858099999999922	0.188981499715147	0.254969999999992
0.860099999999922	0.189211106141322	0.255199999999992
0.862099999999921	0.189439719164167	0.255429999999984
0.864099999999921	0.189667081432965	0.255649999999992
0.866099999999921	0.189894016867909	0.255879999999992
0.868099999999921	0.190121465750568	0.256099999999992
0.87009999999992	0.190349544367893	0.256329999999992
0.87209999999992	0.1905768282567	0.256559999999984
0.87409999999992	0.190803767393651	0.256779999999992
0.87609999999992	0.191030925548688	0.256999999999992
0.87809999999992	0.191257523441958	0.257229999999992
0.880099999999919	0.191483180131784	0.257449999999992
0.882099999999919	0.19170895867401	0.257669999999992
0.884099999999919	0.19193464928367	0.257889999999992
0.886099999999919	0.192161467858307	0.258109999999992
0.888099999999919	0.192389586803637	0.258339999999984
0.890099999999918	0.192620912220099	0.258559999999992
0.892099999999918	0.192844700648442	0.258779999999992
0.894099999999918	0.193067170030569	0.258999999999984
0.896099999999918	0.193290157147759	0.259209999999992
0.898099999999917	0.193513756923271	0.259429999999992
0.900099999999917	0.193737309200254	0.259649999999992
0.902099999999917	0.193959898326222	0.259869999999992
0.904099999999917	0.194184074401389	0.260089999999992
0.906099999999917	0.194404780049983	0.260299999999992
0.908099999999916	0.194628107564074	0.260519999999992
0.910099999999916	0.194870659566028	0.260729999999992
0.912099999999916	0.195109268069654	0.260949999999992
0.914099999999916	0.195333101491062	0.261159999999992
0.916099999999915	0.195553116841464	0.261379999999992
0.918099999999915	0.195776459740508	0.261589999999992
0.920099999999915	0.19599434738416	0.261809999999991
0.922099999999915	0.196212656739458	0.262019999999991
0.924099999999915	0.196431330529529	0.262229999999991
0.926099999999914	0.196651599543417	0.262449999999983
0.928099999999914	0.196881186341209	0.262659999999991
0.930099999999914	0.197098633740406	0.262869999999991
0.932099999999914	0.197319671555761	0.263079999999991
0.934099999999913	0.197537846035286	0.263289999999991
0.936099999999913	0.197756642392261	0.263499999999991
0.938099999999913	0.197987327784976	0.263709999999991
0.940099999999913	0.198209473772251	0.263919999999991
0.942099999999913	0.198429354405977	0.264129999999991
0.944099999999912	0.198649813006294	0.264339999999991
0.946099999999912	0.198879753116391	0.264549999999982
0.948099999999912	0.199109590260158	0.264749999999991
0.950099999999912	0.199331542910659	0.264959999999991
0.952099999999911	0.199552515541524	0.265169999999991
0.954099999999911	0.199773125781787	0.265369999999991
0.956099999999911	0.199997933824288	0.265579999999991
0.958099999999911	0.200226179296717	0.265789999999991
0.960099999999911	0.200445882548054	0.265989999999991
0.96209999999991	0.200670963548269	0.266199999999991
0.96409999999991	0.200889975862956	0.266399999999991
0.96609999999991	0.201104882367597	0.266609999999991
0.96809999999991	0.201326901147311	0.266809999999991
0.970099999999909	0.201557298021328	0.267009999999991
0.972099999999909	0.201770401744913	0.267219999999991
0.974099999999909	0.2019837463077	0.267419999999991
0.976099999999909	0.202199819565607	0.267619999999991
0.978099999999909	0.20241841263321	0.267819999999991
0.980099999999908	0.202645658160214	0.268019999999991
0.982099999999908	0.202866155355522	0.268229999999991
0.984099999999908	0.203087026429755	0.268429999999991
0.986099999999908	0.203301503107956	0.268629999999991
0.988099999999908	0.203512406018873	0.268829999999991
0.990099999999907	0.2037236343871	0.269029999999991
0.992099999999907	0.203984710889267	0.269229999999991
0.994099999999907	0.204204202549386	0.269429999999991
0.996099999999907	0.20441341590792	0.26962
0.998099999999906	0.204622972993499	0.269819999999991
1.00009999999991	0.204857415861403	0.270019999999991
1.00209999999991	0.205089449510091	0.270219999999991
1.00409999999991	0.205304795583516	0.270419999999991
1.00609999999991	0.205520176671285	0.270609999999991
1.00809999999991	0.205727622612022	0.270809999999991
1.01009999999991	0.205946584536414	0.27100999999999
1.0120999999999	0.206164512441585	0.271199999999991
1.0140999999999	0.206385313178473	0.27139999999999
1.0160999999999	0.206590238352365	0.27158999999999
1.0180999999999	0.206795442105562	0.27178999999999
1.0200999999999	0.207001007668681	0.27197999999999
1.0220999999999	0.207206598464114	0.27217999999999
1.0240999999999	0.207412456512389	0.27236999999999
1.0260999999999	0.207618960803086	0.27256999999999
1.0280999999999	0.207824706832399	0.27275999999999
1.0300999999999	0.208029736105008	0.27294999999999
1.0320999999999	0.208242723469213	0.27314999999999
1.0340999999999	0.208458899865701	0.27333999999999
1.0360999999999	0.208663199127383	0.27352999999999
1.0380999999999	0.208867443424459	0.27371999999999
1.0400999999999	0.209071842235075	0.27390999999999
1.0420999999999	0.209284965783629	0.27409999999999
1.0440999999999	0.20948992553062	0.27429999999999
1.0460999999999	0.209695200860879	0.27448999999999
1.0480999999999	0.209900084828887	0.27467999999999
1.0500999999999	0.210104662799621	0.27486999999999
1.0520999999999	0.210309563556761	0.27505999999999
1.0540999999999	0.210514569715282	0.27524999999999
1.0560999999999	0.210720051252359	0.27542999999999
1.0580999999999	0.21093804783717	0.27561999999999
1.0600999999999	0.211141913828784	0.27580999999999
1.0620999999999	0.211351368261845	0.27599999999999
1.0640999999999	0.211559977692024	0.27618999999999
1.0660999999999	0.211762847140564	0.27637
1.0680999999999	0.212035771276632	0.27655999999999
1.0700999999999	0.212245805073388	0.27674999999999
1.0720999999999	0.212447074232568	0.27693999999999
1.0740999999999	0.212654472146945	0.27711999999999
1.0760999999999	0.212857066854091	0.27730999999999
1.0780999999999	0.213059867072623	0.27748999999999
1.0800999999999	0.213270916930624	0.27767999999999
1.0820999999999	0.213473828155053	0.27786
1.0840999999999	0.213677802440377	0.27804999999999
1.0860999999999	0.213886045649862	0.27823
1.0880999999999	0.214093126647391	0.27841999999999
1.0900999999999	0.214315155948718	0.27859999999999
1.0920999999999	0.214516600353788	0.27878999999999
1.0940999999999	0.214718052922013	0.27896999999999
1.0960999999999	0.214918895323621	0.27914999999999
1.0980999999999	0.215119680760149	0.27933999999999
1.1000999999999	0.215320164907781	0.27951999999999
1.1020999999999	0.215531807211069	0.27969999999999
1.10409999999989	0.215736936900619	0.27987999999999
1.10609999999989	0.215944550258192	0.280069999999989
1.10809999999989	0.216151402564491	0.280249999999989
1.11009999999989	0.216363295171225	0.280429999999989
1.11209999999989	0.21656183824041	0.280609999999989
1.11409999999989	0.216760518108211	0.280789999999989
1.11609999999989	0.216993197980869	0.280969999999989
1.11809999999989	0.217209714190349	0.281149999999989
1.12009999999989	0.217425170249997	0.281329999999989
1.12209999999989	0.217635490366506	0.281509999999989
1.12409999999989	0.217882777549395	0.281689999999989
1.12609999999989	0.218114736306965	0.281869999999989
1.12809999999989	0.218331945696191	0.282049999999989
1.13009999999989	0.218528549627715	0.282229999999989
1.13209999999989	0.218732031918475	0.282409999999989
1.13409999999989	0.218928341808639	0.28258
1.13609999999989	0.219136182185931	0.282759999999989
1.13809999999989	0.219344067529896	0.282939999999989
1.14009999999989	0.219552592815158	0.283119999999989
1.14209999999989	0.219749607145648	0.283299999999989
1.14409999999989	0.219947294900501	0.283469999999989
1.14609999999989	0.2201725396841	0.283649999999989
1.14809999999989	0.220367549052015	0.283829999999989
1.15009999999989	0.22056239957014	0.283999999999989
1.15209999999989	0.220757091307887	0.284179999999989
1.15409999999989	0.220989717659706	0.284349999999989
1.15609999999989	0.221202003295628	0.284529999999989
1.15809999999989	0.221408174624779	0.2847
1.16009999999989	0.221600417055995	0.284879999999989
1.16209999999989	0.221792394081288	0.285049999999989
1.16409999999989	0.22203088238429	0.285229999999989
1.16609999999989	0.222265940623633	0.285399999999989
1.16809999999989	0.222459688861329	0.285579999999989
1.17009999999989	0.222652850471679	0.285749999999989
1.17209999999989	0.222855982866634	0.28592
1.17409999999989	0.223072557395393	0.286099999999989
1.17609999999989	0.223261738520797	0.286269999999989
1.17809999999989	0.223450702316919	0.286439999999989
1.18009999999989	0.223674744342345	0.286619999999989
1.18209999999989	0.22386336137676	0.286789999999989
1.18409999999989	0.224080190848731	0.286959999999989
1.18609999999989	0.224296015244383	0.287129999999989
1.18809999999989	0.224496843419024	0.2873
1.19009999999989	0.224684262886934	0.287479999999989
1.19209999999989	0.224871627539434	0.287649999999989
1.19409999999988	0.225059008788813	0.287819999999989
1.19609999999988	0.22524641354951	0.287989999999989
1.19809999999988	0.22546164266412	0.288159999999988
1.20009999999988	0.225648756424284	0.288329999999988
1.20209999999988	0.225835863074931	0.288499999999988
1.20409999999988	0.226038232753209	0.288669999999988
1.20609999999988	0.226230115969014	0.288839999999988
1.20809999999988	0.226416666955352	0.289009999999988
1.21009999999988	0.226660374134029	0.289179999999988
1.21209999999988	0.226860578743706	0.289349999999988
1.21409999999988	0.227060421829117	0.289519999999988
1.21609999999988	0.227308436511487	0.28968
1.21809999999988	0.227512747610064	0.289849999999988
1.22009999999988	0.227696900496458	0.290019999999988
1.22209999999988	0.227880976250714	0.290189999999988
1.22409999999988	0.228064787235408	0.290359999999988
1.22609999999988	0.228269361455758	0.29052
1.22809999999988	0.228473809844194	0.290689999999988
1.23009999999988	0.228657514183176	0.290859999999988
1.23209999999988	0.228858849375327	0.291029999999988
1.23409999999988	0.22904248184651	0.291189999999988
1.23609999999988	0.229226080285045	0.291359999999988
1.23809999999988	0.229409347439279	0.29152
1.24009999999988	0.229592556504476	0.291689999999988
1.24209999999988	0.229775556241826	0.291859999999988
1.24409999999988	0.229976661759517	0.292019999999988
1.24609999999988	0.230159837092177	0.292189999999988
1.24809999999988	0.230343121451298	0.292349999999988
1.25009999999988	0.230526513665543	0.292519999999988
1.25209999999988	0.230709636079118	0.292679999999988
1.25409999999988	0.230892304714321	0.292849999999988
1.25609999999988	0.231074836336131	0.293009999999988
1.25809999999988	0.231257486828627	0.293179999999988
1.26009999999988	0.231440258943004	0.293339999999988
1.26209999999988	0.231622706257569	0.2935
1.26409999999988	0.231805296512052	0.293669999999988
1.26609999999988	0.231990754205728	0.293829999999988
1.26809999999988	0.232173466794747	0.29399
1.27009999999988	0.232401951744159	0.294159999999988
1.27209999999988	0.232620975347043	0.294319999999988
1.27409999999988	0.232820772180381	0.294479999999988
1.27609999999988	0.233020573440169	0.294649999999988
1.27809999999988	0.233241214075894	0.294809999999988
1.28009999999988	0.233471225544444	0.294969999999988
1.28209999999988	0.233653100359462	0.295129999999988
1.28409999999988	0.233857248161743	0.295289999999988
1.28609999999987	0.23406128301132	0.29545
1.28809999999987	0.234243341642581	0.295619999999987
1.29009999999987	0.23442552091628	0.295779999999987
1.29209999999987	0.234628595462243	0.295939999999987
1.29409999999987	0.234810891073792	0.296099999999987
1.29609999999987	0.234993311490412	0.296259999999987
1.29809999999987	0.235175520442079	0.296419999999987
1.30009999999987	0.235400269544148	0.296579999999987
1.30209999999987	0.235582633439362	0.296739999999987
1.30409999999987	0.235784548831906	0.296899999999987
1.30609999999987	0.235987507431698	0.297059999999987
1.30809999999987	0.236169954193782	0.297219999999987
1.31009999999987	0.236352553985879	0.297379999999987
1.31209999999987	0.236535203818556	0.297539999999987
1.31409999999987	0.236754109960819	0.29769
1.31609999999987	0.236954780746014	0.29785
1.31809999999987	0.237162044344614	0.298009999999987
1.32009999999987	0.237344926390455	0.298169999999987
1.32209999999987	0.237527967368736	0.298329999999987
1.32409999999987	0.23774211965827	0.298489999999987
1.32609999999987	0.237925338880172	0.29864
1.32809999999987	0.238108579447275	0.298799999999987
1.33009999999987	0.238292042551888	0.298959999999987
1.33209999999987	0.238475391012476	0.299119999999987
1.33409999999987	0.238658882009915	0.29927
1.33609999999987	0.238842563607853	0.299429999999987
1.33809999999987	0.239026438238635	0.299589999999987
1.34009999999987	0.239230963306653	0.29974
1.34209999999987	0.23945098333266	0.299899999999987
1.34409999999987	0.239650142028457	0.300059999999987
1.34609999999987	0.239833764434921	0.300209999999987
1.34809999999987	0.240017569243224	0.300369999999987
1.35009999999987	0.240201293502932	0.30052
1.35209999999987	0.24038491071688	0.300679999999987
1.35409999999987	0.240568584163505	0.30083
1.35609999999987	0.240752376743174	0.300989999999987
1.35809999999987	0.240937147350465	0.30114
1.36009999999987	0.241123893501471	0.301299999999987
1.36209999999987	0.241310578001535	0.30145
1.36409999999987	0.241498180950043	0.301609999999987
1.36609999999987	0.241682852106581	0.301759999999987
1.36809999999987	0.241868285909014	0.301919999999987
1.37009999999987	0.242054038871013	0.302069999999987
1.37209999999987	0.242240651140888	0.30222
1.37409999999987	0.242426139045334	0.302379999999986
1.37609999999986	0.242614907129888	0.302529999999987
1.37809999999986	0.242820709743929	0.30268
1.38009999999986	0.243027298411326	0.302839999999986
1.38209999999986	0.243213836191814	0.302989999999986
1.38409999999986	0.243401169709808	0.30314
1.38609999999986	0.243587309414318	0.303299999999986
1.38809999999986	0.243773140878245	0.303449999999986
1.39009999999986	0.243958868566097	0.303599999999986
1.39209999999986	0.244149701950735	0.30375
1.39409999999986	0.244382154168199	0.3039
1.39609999999986	0.244567189054566	0.304059999999986
1.39809999999986	0.244754811168677	0.304209999999986
1.40009999999986	0.244939098930006	0.304359999999986
1.40209999999986	0.245123181420045	0.304509999999986
1.40409999999986	0.245322514211082	0.304659999999986
1.40609999999986	0.245521772631522	0.30481
1.40809999999986	0.245766152169066	0.30496
1.41009999999986	0.245952387792878	0.30511
1.41209999999986	0.246134996691913	0.305269999999986
1.41409999999986	0.246317473333839	0.305419999999986
1.41609999999986	0.246499758537776	0.305569999999986
1.41809999999986	0.246682019108087	0.305719999999986
1.42009999999986	0.246864134417467	0.305869999999986
1.42209999999986	0.247046078188237	0.306019999999986
1.42409999999986	0.247227878894818	0.306169999999986
1.42609999999986	0.247410155106563	0.30631
1.42809999999986	0.247617065128387	0.30646
1.43009999999986	0.247805349207579	0.30661
1.43209999999986	0.247986725333121	0.306759999999986
1.43409999999986	0.248167826134209	0.306909999999986
1.43609999999986	0.248348800493275	0.307059999999986
1.43809999999986	0.24852968973429	0.307209999999986
1.44009999999986	0.248736297395005	0.307359999999986
1.44209999999986	0.248924005759677	0.307509999999986
1.44409999999986	0.249104680115494	0.30765
1.44609999999986	0.249285360278942	0.307799999999986
1.44809999999986	0.24946600523792	0.307949999999986
1.45009999999986	0.249646559936753	0.308099999999986
1.45209999999986	0.249827079414209	0.30824
1.45409999999986	0.250018614411372	0.308389999999986
1.45609999999986	0.250199191181775	0.308539999999986
1.45809999999986	0.250379756554074	0.308689999999986
1.46009999999986	0.250560042337828	0.30883
1.46209999999986	0.250759097032652	0.308979999999985
1.46409999999986	0.250939923800461	0.309129999999986
1.46609999999985	0.251132441052106	0.30927
1.46809999999985	0.25135568344678	0.309419999999985
1.47009999999985	0.251537054915281	0.309569999999985
1.47209999999985	0.251718301699468	0.309709999999985
1.47409999999985	0.251956917542595	0.309859999999985
1.47609999999985	0.252196908529377	0.31
1.47809999999985	0.25237947223543	0.310149999999985
1.48009999999985	0.252561627632156	0.31029
1.48209999999985	0.252743431333438	0.310439999999985
1.48409999999985	0.252924914896754	0.31058
1.48609999999985	0.253106175650244	0.310729999999985
1.48809999999985	0.253311903302558	0.31087
1.49009999999985	0.253505434093879	0.311019999999985
1.49209999999985	0.253686117865133	0.31116
1.49409999999985	0.25386661968996	0.311309999999985
1.49609999999985	0.254046909052671	0.31145
1.49809999999985	0.254234452190957	0.311599999999985
1.50009999999985	0.254421717183152	0.311739999999985
1.50209999999985	0.254634042804123	0.311889999999985
1.50409999999985	0.254819892418015	0.312029999999985
1.50609999999985	0.255005632587849	0.31217
1.50809999999985	0.255184796277458	0.312319999999985
1.51009999999985	0.255363796173836	0.312459999999985
1.51209999999985	0.255557711319895	0.3126
1.51409999999985	0.255736328167659	0.312749999999985
1.51609999999985	0.255914763476875	0.312889999999985
1.51809999999985	0.256106331023141	0.31303
1.52009999999985	0.256284589879064	0.313179999999985
1.52209999999985	0.256520908553342	0.313319999999985
1.52409999999985	0.256699017986892	0.313459999999985
1.52609999999985	0.256890367658409	0.3136
1.52809999999985	0.257130630707547	0.31374
1.53009999999985	0.257319661699082	0.313889999999985
1.53209999999985	0.257541051498038	0.314029999999985
1.53409999999985	0.257749437802396	0.314169999999985
1.53609999999985	0.257927182371123	0.31431
1.53809999999985	0.258104858102228	0.31445
1.54009999999985	0.25828246887188	0.314599999999985
1.54209999999985	0.258480233048823	0.314739999999985
1.54409999999985	0.258657700661061	0.314879999999985
1.54609999999985	0.258835831303874	0.315019999999985
1.54809999999985	0.259045721990306	0.315159999999985
1.55009999999985	0.259266438273311	0.315299999999985
1.55209999999985	0.259490422097502	0.315439999999985
1.55409999999985	0.259669010103641	0.315579999999985
1.55609999999985	0.259860978447855	0.315719999999985
1.55809999999984	0.26003980406905	0.31586
1.56009999999984	0.260219488812141	0.316
1.56209999999984	0.260398963178148	0.31614
1.56409999999984	0.260603667991582	0.31628
1.56609999999984	0.260856751511384	0.31642
1.56809999999984	0.261094141459308	0.316559999999984
1.57009999999984	0.261311441861115	0.316699999999984
1.57209999999984	0.261500247882693	0.316839999999984
1.57409999999984	0.261696135316679	0.316979999999984
1.57609999999984	0.261886008380927	0.317119999999984
1.57809999999984	0.262108902704022	0.317259999999984
1.58009999999984	0.262359710775549	0.317399999999984
1.58209999999984	0.262565243640722	0.317539999999984
1.58409999999984	0.262742619419763	0.31767
1.58609999999984	0.262959495240626	0.31781
1.58809999999984	0.263107504654998	0.317949999999984
1.59009999999984	0.263336075318754	0.318089999999984
1.59209999999984	0.263546384861659	0.318229999999984
1.59409999999984	0.263718645246407	0.318369999999984
1.59609999999984	0.263932298817051	0.3185
1.59809999999984	0.264120491597899	0.318639999999984
1.60009999999984	0.264289055819782	0.318779999999984
1.60209999999984	0.264467214936083	0.318919999999984
1.60409999999984	0.264626562706816	0.31905
1.60609999999984	0.264805040034674	0.319189999999984
1.60809999999984	0.264970480466085	0.319329999999984
1.61009999999984	0.265175854693797	0.319469999999984
1.61209999999984	0.265387399978522	0.3196
1.61409999999984	0.265547305105679	0.319739999999984
1.61609999999984	0.265726230734163	0.319879999999984
1.61809999999984	0.26588536844931	0.32001
1.62009999999984	0.266108207270171	0.320149999999984
1.62209999999984	0.266329595504995	0.320289999999984
1.62409999999984	0.266527131734395	0.32042
1.62609999999984	0.266739158144409	0.320559999999984
1.62809999999984	0.26689964925315	0.32069
1.63009999999984	0.267079348436983	0.320829999999984
1.63209999999984	0.26727939304689	0.320969999999984
1.63409999999984	0.267407160479381	0.3211
1.63609999999984	0.267613075989105	0.321239999999984
1.63809999999984	0.267830127939	0.32137
1.64009999999984	0.267957266885661	0.321509999999984
1.64209999999984	0.268137695168287	0.32164
1.64409999999984	0.268354628911096	0.321779999999984
1.64609999999984	0.268481429777204	0.32191
1.64809999999983	0.268649330045219	0.322049999999984
1.65009999999983	0.26882581027914	0.32218
1.65209999999983	0.268990038157228	0.322319999999983
1.65409999999983	0.269173750156592	0.32245
1.65609999999983	0.26932234785239	0.322589999999983
1.65809999999983	0.269487841206741	0.322719999999983
1.66009999999983	0.269672784857313	0.322859999999983
1.66209999999983	0.269822396418693	0.322989999999983
1.66409999999983	0.269947742655356	0.32312
1.66609999999983	0.270097951451038	0.323259999999983
1.66809999999983	0.270224710379493	0.323389999999983
1.67009999999983	0.270400442536796	0.323529999999983
1.67209999999983	0.270526112730603	0.323659999999983
1.67409999999983	0.270659930614191	0.32379
1.67609999999983	0.270841773474764	0.323929999999983
1.67809999999983	0.271000040904611	0.324059999999983
1.68009999999983	0.27118208866129	0.32419
1.68209999999983	0.271367192827201	0.32432
1.68409999999983	0.271549408279572	0.324459999999983
1.68609999999983	0.271729902946939	0.324589999999983
1.68809999999983	0.271899879584157	0.32472
1.69009999999983	0.272093017069702	0.324859999999983
1.69209999999983	0.272254326372834	0.324989999999983
1.69409999999983	0.272436691724328	0.325119999999983
1.69609999999983	0.272625667777121	0.32525
1.69809999999983	0.27283255640454	0.325389999999983
1.70009999999983	0.27299356724343	0.325519999999983
1.70209999999983	0.273173116258498	0.325649999999983
1.70409999999983	0.273318732922292	0.325779999999983
1.70609999999983	0.273504596463538	0.32591
1.70809999999983	0.273666183326108	0.32604
1.71009999999983	0.273849746495673	0.326179999999983
1.71209999999983	0.27403454040419	0.326309999999983
1.71409999999983	0.27424475094765	0.326439999999983
1.71609999999983	0.274411251086901	0.326569999999983
1.71809999999983	0.274662415467449	0.326699999999983
1.72009999999983	0.274832984021785	0.32683
1.72209999999983	0.275028803894253	0.32696
1.72409999999983	0.275191049923638	0.32709
1.72609999999983	0.275367161589777	0.32722
1.72809999999983	0.275527090125863	0.327359999999983
1.73009999999983	0.275691321054972	0.327489999999983
1.73209999999983	0.275851052375804	0.327619999999983
1.73409999999983	0.275981491988859	0.327749999999983
1.73609999999983	0.276136133255042	0.327879999999983
1.73809999999983	0.276327059367874	0.328009999999983
1.74009999999982	0.276504677541437	0.328139999999982
1.74209999999982	0.276670080012295	0.328269999999982
1.74409999999982	0.276930848541062	0.328399999999982
1.74609999999982	0.277197186395506	0.328529999999982
1.74809999999982	0.277328574519536	0.328659999999982
1.75009999999982	0.277505567933345	0.328789999999982
1.75209999999982	0.277653822432703	0.32891
1.75409999999982	0.277781046171472	0.32904
1.75609999999982	0.277909662239987	0.32917
1.75809999999982	0.278065818861937	0.3293
1.76009999999982	0.27823992757452	0.32943
1.76209999999982	0.278410511018297	0.329559999999982
1.76409999999982	0.278570980463215	0.329689999999982
1.76609999999982	0.27878047939562	0.329819999999982
1.76809999999982	0.278966559178335	0.329949999999982
1.77009999999982	0.279175940780701	0.330079999999982
1.77209999999982	0.279339377595675	0.3302
1.77409999999982	0.279506228043629	0.33033
1.77609999999982	0.279685481465367	0.330459999999982
1.77809999999982	0.279847517270017	0.330589999999982
1.78009999999982	0.280033918463234	0.330719999999982
1.78209999999982	0.28019298998449	0.33084
1.78409999999982	0.280364973856261	0.33097
1.78609999999982	0.280542598597485	0.331099999999982
1.78809999999982	0.280746020818422	0.331229999999982
1.79009999999982	0.280878952539594	0.331359999999982
1.79209999999982	0.281060937536771	0.33148
1.79409999999982	0.281192855769021	0.331609999999982
1.79609999999982	0.281326087631207	0.331739999999982
1.79809999999982	0.281472083587715	0.33186
1.80009999999982	0.281655976439782	0.33199
1.80209999999982	0.281821660438766	0.332119999999982
1.80409999999982	0.281987744001922	0.332249999999982
1.80609999999982	0.282169003502055	0.33237
1.80809999999982	0.282327904177017	0.332499999999982
1.81009999999982	0.282531335947733	0.332629999999982
1.81209999999982	0.282692134443992	0.33275
1.81409999999982	0.282861598553207	0.332879999999982
1.81609999999982	0.283038617444227	0.333009999999982
1.81809999999982	0.283196099666223	0.33313
1.82009999999982	0.283421412915717	0.333259999999982
1.82209999999982	0.283581257380101	0.33338
1.82409999999982	0.283748362391166	0.333509999999982
1.82609999999982	0.283928310598335	0.333639999999982
1.82809999999982	0.284091970798094	0.33376
1.83009999999981	0.284241218642364	0.333889999999981
1.83209999999981	0.284407805908982	0.33401
1.83409999999981	0.284569837860549	0.334139999999981
1.83609999999981	0.284755472794677	0.33426
1.83809999999981	0.284913948086065	0.334389999999981
1.84009999999981	0.285092717393489	0.33451
1.84209999999981	0.285262475138838	0.334639999999981
1.84409999999981	0.285441681488906	0.33476
1.84609999999981	0.285630579886426	0.334889999999981
1.84809999999981	0.285789443508062	0.33501
1.85009999999981	0.285963499899254	0.335139999999981
1.85209999999981	0.286136844132604	0.33526
1.85409999999981	0.286293883783146	0.335389999999981
1.85609999999981	0.286484193643863	0.33551
1.85809999999981	0.28664220221831	0.335639999999981
1.86009999999981	0.286835591649088	0.33576
1.86209999999981	0.287012048551215	0.335889999999981
1.86409999999981	0.287169705974929	0.336009999999981
1.86609999999981	0.287357660922631	0.336139999999981
1.86809999999981	0.287521926218568	0.336259999999981
1.87009999999981	0.287685298558087	0.33638
1.87209999999981	0.287825302658606	0.336509999999981
1.87409999999981	0.287998299384616	0.336629999999981
1.87609999999981	0.288201667741132	0.33675
1.87809999999981	0.288423867725706	0.336879999999981
1.88009999999981	0.288578795192866	0.337
1.88209999999981	0.288708676994426	0.33712
1.88409999999981	0.288839394140269	0.337249999999981
1.88609999999981	0.288971278085039	0.33737
1.88809999999981	0.289104423816457	0.33749
1.89009999999981	0.289238893627992	0.337619999999981
1.89209999999981	0.289374576657648	0.337739999999981
1.89409999999981	0.289511443079404	0.33786
1.89609999999981	0.289649074246926	0.337989999999981
1.89809999999981	0.28978781869637	0.338109999999981
1.90009999999981	0.289943106760045	0.33823
1.90209999999981	0.290134671413729	0.33835
1.90409999999981	0.290288633294974	0.338479999999981
1.90609999999981	0.290452286612614	0.338599999999981
1.90809999999981	0.290629330812377	0.33872
1.91009999999981	0.290793106995907	0.33884
1.91209999999981	0.290976297533374	0.338969999999981
1.91409999999981	0.291114338769815	0.339089999999981
1.91609999999981	0.291291530967419	0.339209999999981
1.91809999999981	0.29145804968093	0.33933
1.9200999999998	0.291623064703173	0.33945
1.9220999999998	0.291761817153309	0.33957999999998
1.9240999999998	0.291939842562651	0.33969999999998
1.9260999999998	0.292106980685103	0.33981999999998
1.9280999999998	0.292258922825	0.33994
1.9300999999998	0.292435789512591	0.34006
1.9320999999998	0.292608155219548	0.34018
1.9340999999998	0.292760350254085	0.34030999999998
1.9360999999998	0.292931697577868	0.34042999999998
1.9380999999998	0.29312514502216	0.34054999999998
1.9400999999998	0.293278270687381	0.34066999999998
1.9420999999998	0.293444269535283	0.34078999999998
1.9440999999998	0.293622643390985	0.34090999999998
1.9460999999998	0.293781725336953	0.34103
1.9480999999998	0.293939472417493	0.34115
1.9500999999998	0.294117608150496	0.34127
1.9520999999998	0.294282973388872	0.34139
1.9540999999998	0.294438175209878	0.34151
1.9560999999998	0.294642424092253	0.34163
1.9580999999998	0.294797756210387	0.34175
1.9600999999998	0.294956884723695	0.34187
1.9620999999998	0.295116971380178	0.34199999999998
1.9640999999998	0.295272489752759	0.34211999999998
1.9660999999998	0.29545159836389	0.34223999999998
1.9680999999998	0.295625248091556	0.34235999999998
1.9700999999998	0.29576443243527	0.34247999999998
1.9720999999998	0.295905029105282	0.34259
1.9740999999998	0.296096669553706	0.34271
1.9760999999998	0.29631595150908	0.34283
1.9780999999998	0.296485758345063	0.34295
1.9800999999998	0.296632149099559	0.34307
1.9820999999998	0.296766937597314	0.34319
1.9840999999998	0.296902503848364	0.34331
1.9860999999998	0.297039288969988	0.34343
1.9880999999998	0.297205152986997	0.34354999999998
1.9900999999998	0.297342629486111	0.34366999999998
1.9920999999998	0.297500632017399	0.34378999999998
1.9940999999998	0.297637811073501	0.34390999999998
1.9960999999998	0.297775705783416	0.34402999999998
1.9980999999998	0.297914458618883	0.34414999999998
