t	Cd
0	0	0
0.002	0	0
0.0041	0	5.02338
0.006	0	5.02104
0.00800000000000001	0	5.03273
0.0101	0	5.05844
0.0121	0	5.07013
0.0141	0	5.08182
0.0161	0	5.09350999999999
0.0180999999999999	0	5.10518999999999
0.0200999999999999	0	5.11687999999999
0.0220999999999999	0	5.12856999999999
0.0240999999999999	0	5.14025999999999
0.0260999999999999	0	5.15194999999999
0.0280999999999999	0	5.16363999999998
0.0300999999999999	0	5.17531999999998
0.0320999999999999	0	5.18700999999999
0.0341	0	5.19869999999999
0.036	0	5.19703
0.0380000000000001	0	5.20885000000001
0.0400000000000001	0	5.22068000000001
0.0420000000000002	0	5.23253000000002
0.0440000000000002	0	5.24439000000003
0.0460000000000003	0	5.25626000000004
0.0480000000000003	0	5.26816000000004
0.0500000000000004	0	5.28006000000005
0.0520000000000005	0	5.29198000000005
0.0540000000000005	0	5.30391000000006
0.0560000000000006	0	5.31585000000007
0.0580000000000006	0	5.32780000000007
0.0600000000000007	0	5.33977000000008
0.0620000000000007	0	5.35174000000008
0.0640000000000008	0	5.36371000000008
0.0660000000000009	0	5.37570000000009
0.0680000000000009	0	5.38768000000009
0.070000000000001	5.40850412885458	5.39967000000009
0.072000000000001	0	5.4116600000001
0.0740000000000011	0	5.4236500000001
0.0760000000000012	0	5.4356300000001
0.0780000000000012	0	5.4476200000001
0.0800000000000013	0	5.46695000000001
0.0820000000000013	0	5.47863000000001
0.0840000000000014	0	5.49032000000001
0.0860000000000014	0	5.50201000000001
0.0880000000000015	0	5.51370000000001
0.0900000000000016	0	5.52539000000001
0.0920000000000016	0	5.53707000000001
0.0940000000000017	0	5.54876000000001
0.0960000000000017	0	5.56045000000001
0.0980000000000018	0	5.57213000000001
0.100000000000002	0	5.58382000000001
0.102000000000002	0	5.59551000000001
0.104000000000002	0	5.60720000000001
0.106000000000002	0	5.61888000000001
0.108000000000002	0	5.63057000000001
0.110000000000002	0	5.64225000000001
0.112000000000002	0	5.65394000000001
0.114000000000002	0	5.66562000000001
0.116000000000002	5.67722679370344	5.67731000000001
0.118000000000002	5.68890333210239	5.68899000000001
0.120000000000002	5.70057877241129	5.70068000000001
0.122000000000002	5.71225299920764	5.71236000000001
0.124000000000003	5.72392588446944	5.72404000000001
0.126000000000002	5.7355972862155	5.73572000000001
0.128000000000002	5.74726704700748	5.74740000000001
0.130000000000002	5.75893499229979	5.75908000000001
0.132000000000002	5.77060092862458	5.77076000000001
0.134000000000002	5.78226464159677	5.78244000000001
0.136000000000001	5.79392589372365	5.79411000000001
0.138000000000001	5.80558442200239	5.80579000000001
0.140000000000001	5.81723993528782	5.81746
0.142000000000001	5.82889211141149	5.82913
0.144	5.84054059403256	5.8408
0.146	5.85218498919899	5.85246
0.148	5.86382486159751	5.86412
0.1501	5.87604133327595	5.87636
0.1521	5.88767037637255	5.88802
0.154099999999999	5.89929326912932	5.89966
0.156099999999999	5.91090936308104	5.91131
0.158099999999999	5.92251799216741	5.92294999999999
0.160099999999999	5.93411847380845	5.93457999999999
0.162099999999998	5.94570994427771	5.94619999999999
0.164099999999998	5.9572914644833	5.95781999999999
0.166099999999998	5.96886200143511	5.96942999999999
0.168099999999998	5.98042041684268	5.98101999999999
0.170099999999998	5.99196545949561	5.99260999999999
0.172099999999997	6.00349575703791	6.00417999999998
0.174099999999997	6.01500980566741	6.01573999999998
0.176099999999997	6.02650595913833	6.02728999999998
0.178099999999997	6.03798241705565	6.03881999999998
0.180099999999996	6.04739926183376	6.05032999999998
0.182099999999996	6.06087772195554	6.06180999999998
0.184099999999996	6.07229347926253	6.07327999999998
0.186099999999996	6.08368135563464	6.08471999999998
0.188099999999996	6.09503847679928	6.09612999999997
0.190099999999995	6.10636172702178	6.10750999999997
0.192099999999995	6.11764772972048	6.11884999999997
0.194099999999995	6.1288928278961	6.13015999999997
0.196099999999995	6.14009306430752	6.14142999999997
0.198099999999995	6.15124422380164	6.15264999999997
0.200099999999994	6.16234206424783	6.16381999999997
0.202099999999994	6.1733816664341	6.17492999999997
0.204099999999994	6.18435780035697	6.18598999999997
0.206099999999994	6.19521077340494	6.19697999999997
0.208099999999993	6.20610160965012	6.20788999999996
0.210099999999993	6.21685840956224	6.21872999999996
0.212099999999993	6.22752671907624	6.22948999999996
0.214099999999993	6.23809907379575	6.24014999999996
0.216099999999993	6.24856751429933	6.25070999999996
0.218099999999992	6.25892357290505	6.26115999999996
0.220099999999992	6.26915826317874	6.27148999999996
0.222099999999992	6.27926207274738	6.28169999999996
0.224099999999992	6.28923010831599	6.29176999999996
0.226099999999991	6.29904832945376	6.30168999999996
0.228099999999991	6.30870334224347	6.31144999999996
0.230099999999991	6.31819173936243	6.32103999999996
0.232099999999991	6.32750339614452	6.33044999999996
0.234099999999991	6.33661877543835	6.33965999999996
0.23609999999999	6.34552495240696	6.34865999999996
0.23809999999999	6.35420859893534	6.35743999999996
0.24009999999999	6.3626573213294	6.36597999999996
0.24209999999999	6.37086343283849	6.37426999999996
0.244099999999989	6.37880617802197	6.38229999999996
0.246099999999989	6.38646930368475	6.39003999999996
0.248099999999989	6.39383927177918	6.39748999999996
0.250099999999989	6.40091556395825	6.40463999999996
0.252099999999989	6.40767653503928	6.41144999999996
0.254099999999988	6.41410493079105	6.41792999999996
0.256099999999988	6.42018728677996	6.42405999999996
0.258099999999988	6.4259162561031	6.42981999999997
0.260099999999988	6.43127284683055	6.43519999999997
0.262099999999987	6.43624506260884	6.44018999999997
0.264099999999987	6.44082245839054	6.44477999999997
0.266099999999987	6.44499952949785	6.44895999999997
0.268099999999987	6.44877176967522	6.45271999999998
0.270099999999987	6.45212850818291	6.45604999999998
0.272099999999986	6.45506912011053	6.45893999999998
0.274099999999986	6.45758835798389	6.46139999999999
0.276099999999986	6.45941254581705	6.46341999999999
0.278099999999986	6.46132870349091	6.46498999999999
0.280099999999985	6.46255049479045	6.46611999999999
0.282099999999985	6.46335124296769	6.46681
0.284099999999985	6.46373829614404	6.46707
0.286099999999985	6.46369422633483	6.4669
0.288099999999985	6.46326092929307	6.46630000000001
0.290099999999984	6.46234772672798	6.46530000000001
0.292099999999984	6.46118709310203	6.46388000000001
0.294099999999984	6.45957990703715	6.46208000000002
0.296099999999984	6.45760790601088	6.45990000000002
0.298099999999983	6.45527883596545	6.45736000000002
0.300099999999983	6.45261459616457	6.45447000000002
0.302099999999983	6.44961912284487	6.45124000000003
0.304099999999983	6.44632883480099	6.44771000000003
0.306099999999983	6.44274765302409	6.44387000000004
0.308099999999982	6.43888960310933	6.43976000000004
0.310099999999982	6.43477818496352	6.43538000000004
0.312099999999982	6.43043732065592	6.43076000000004
0.314099999999982	6.42587133478677	6.42592000000004
0.316099999999982	6.4211203292115	6.42087000000005
0.318099999999981	6.4161860672833	6.41563000000005
0.320099999999981	6.41108677913286	6.41022000000005
0.322099999999981	6.40583778417382	6.40466000000005
0.324099999999981	6.40044839561511	6.39896000000006
0.32609999999998	6.3949303976506	6.39314000000006
0.32809999999998	6.38928640617396	6.38721000000006
0.33009999999998	6.38354999599731	6.38119000000006
0.33209999999998	6.37773180250632	6.37510000000006
0.33409999999998	6.37185036303601	6.36894000000006
0.336099999999979	6.36592537859533	6.36272000000007
0.338099999999979	6.35995827077688	6.35647000000006
0.340099999999979	6.35395416261767	6.35019000000007
0.342099999999979	6.34792686057024	6.34389000000007
0.344099999999978	6.34189417860317	6.33758000000007
0.346099999999978	6.33586771034374	6.33126000000007
0.348099999999978	6.3298541149847	6.32496000000007
0.350099999999978	6.32385140685277	6.31867000000007
0.352099999999978	6.31786615375746	6.31240000000007
0.354099999999977	6.3119081816732	6.30616000000007
0.356099999999977	6.30598633312202	6.29995000000007
0.358099999999977	6.30010085531466	6.29378000000007
0.360099999999977	6.29425992803386	6.28766000000007
0.362099999999976	6.28846390558278	6.28158000000007
0.364099999999976	6.28271509590169	6.27555000000007
0.366099999999976	6.27701467260274	6.26957000000007
0.368099999999976	6.27137442587449	6.26366000000007
0.370099999999976	6.26579119566831	6.25780000000007
0.372099999999975	6.26026622249267	6.25200000000007
0.374099999999975	6.25480048029947	6.24627000000007
0.376099999999975	6.24939796554317	6.24061000000007
0.378099999999975	6.24405508375806	6.23501000000007
0.380099999999974	6.23877971928456	6.22947000000007
0.382099999999974	6.23357982567363	6.22401000000007
0.384099999999974	6.22844842283472	6.21861000000007
0.386099999999974	6.22338673381759	6.21329000000007
0.388099999999974	6.21840034870481	6.20803000000007
0.390099999999973	6.21348292198359	6.20285000000007
0.392099999999973	6.2086336582112	6.19773000000007
0.394099999999973	6.20385524966031	6.19268000000007
0.396099999999973	6.19914311469011	6.18771000000007
0.398099999999972	6.19449613945757	6.18280000000007
0.400099999999972	6.18991646156969	6.17796000000007
0.402099999999972	6.18540350755314	6.17320000000006
0.404099999999972	6.18095536510569	6.16849000000007
0.406099999999972	6.1765733244431	6.16386000000007
0.408099999999971	6.17225741340043	6.15929000000007
0.410099999999971	6.16800724535398	6.15479000000006
0.412099999999971	6.16382070195779	6.15035000000007
0.414099999999971	6.15969413305602	6.14598000000006
0.41609999999997	6.15563167169449	6.14167000000007
0.41809999999997	6.15163219525842	6.13743000000006
0.42009999999997	6.14769121275628	6.13324000000006
0.42209999999997	6.14381026198317	6.12912000000006
0.42409999999997	6.13998934607386	6.12506000000006
0.426099999999969	6.13622888786728	6.12105000000006
0.428099999999969	6.13252487999967	6.11711000000006
0.430099999999969	6.12887970745598	6.11322000000006
0.432099999999969	6.12529475489965	6.10939000000006
0.434099999999969	6.12176523267397	6.10561000000006
0.436099999999968	6.11828864250189	6.10189000000006
0.438099999999968	6.11486287511251	6.09822000000006
0.440099999999968	6.1114869541818	6.09460000000006
0.442099999999968	6.10815968083854	6.09104000000006
0.444099999999967	6.10488032364347	6.08752000000006
0.446099999999967	6.1016495896817	6.08406000000006
0.448099999999967	6.09846588769323	6.08065000000005
0.450099999999967	6.09532646790065	6.07728000000006
0.452099999999967	6.09223466096729	6.07396000000005
0.454099999999966	6.08918927747549	6.07068000000006
0.456099999999966	6.08619039055027	6.06746000000005
0.458099999999966	6.08323670013025	6.06427000000005
0.460099999999966	6.08032671653277	6.06113000000006
0.462099999999965	6.0774596064619	6.05804000000005
0.464099999999965	6.07463272819401	6.05498000000005
0.466099999999965	6.0718440950848	6.05197000000005
0.468099999999965	6.06909618130454	6.04900000000005
0.470099999999965	6.06638823876273	6.04606000000005
0.472099999999964	6.06371331072471	6.04317000000005
0.474099999999964	6.06107557858223	6.04031000000005
0.476099999999964	6.05847417809936	6.03750000000005
0.478099999999964	6.0559109505065	6.03472000000005
0.480099999999963	6.05338380827641	6.03197000000005
0.482099999999963	6.05089380595834	6.02926000000005
0.484099999999963	6.04843460973815	6.02659000000005
0.486099999999963	6.0460107606684	6.02395000000005
0.488099999999963	6.0436223232756	6.02135000000005
0.490099999999962	6.04126816699538	6.01877000000005
0.492099999999962	6.03894650435847	6.01623000000005
0.494099999999962	6.03665518550573	6.01373000000005
0.496099999999962	6.03439458718018	6.01125000000005
0.498099999999961	6.03216595138521	6.00880000000005
0.500099999999961	6.02996675471793	6.00639000000005
0.502099999999961	6.0277923046568	6.00400000000005
0.504099999999961	6.02564814450031	6.00164000000005
0.506099999999961	6.02353197458637	5.99931000000005
0.50809999999996	6.02144314548849	5.99701000000005
0.51009999999996	6.01937530854307	5.99474000000004
0.51209999999996	6.01733562674862	5.99249000000004
0.51409999999996	6.01532149879228	5.99027000000004
0.516099999999959	6.01333282537958	5.98808000000005
0.518099999999959	6.01136874425153	5.98591000000004
0.520099999999959	6.00942195828813	5.98377000000004
0.522099999999959	6.0075128075925	5.98165000000004
0.524099999999959	6.00562209222068	5.97955000000005
0.526099999999958	6.00375166257696	5.97748000000005
0.528099999999958	6.00191102732339	5.97544000000004
0.530099999999958	6.0000900867853	5.97341000000004
0.532099999999958	5.99829146682797	5.97141000000004
0.534099999999958	5.99651522816347	5.96943000000004
0.536099999999957	5.9947542895368	5.96747000000004
0.538099999999957	5.99301477129263	5.96554000000004
0.540099999999957	5.99129654952852	5.96362000000004
0.542099999999957	5.98960089306309	5.96173000000004
0.544099999999956	5.98792724098927	5.95985000000004
0.546099999999956	5.98627163857955	5.95800000000004
0.548099999999956	5.98463425419136	5.95616000000004
0.550099999999956	5.98301701564588	5.95435000000004
0.552099999999956	5.98141659392882	5.95255000000004
0.554099999999955	5.97983517688268	5.95078000000004
0.556099999999955	5.97827266343891	5.94902000000004
0.558099999999955	5.97672900197864	5.94728000000004
0.560099999999955	5.97520151800727	5.94555000000004
0.562099999999954	5.97369085269156	5.94385000000004
0.564099999999954	5.97219591430034	5.94216000000004
0.566099999999954	5.97071609296806	5.94049000000004
0.568099999999954	5.9692485166464	5.93883000000004
0.570099999999954	5.96779023890319	5.93720000000004
0.572099999999953	5.96634299058609	5.93557000000004
0.574099999999953	5.96490948159577	5.93397000000004
0.576099999999953	5.96349182327917	5.93238000000004
0.578099999999953	5.96208943743901	5.93080000000004
0.580099999999952	5.96070216190824	5.92924000000004
0.582099999999952	5.95933054401245	5.92770000000003
0.584099999999952	5.95797098994494	5.92617000000003
0.586099999999952	5.95662617608582	5.92465000000004
0.588099999999952	5.95529593497942	5.92315000000004
0.590099999999951	5.95397959153766	5.92166000000004
0.592099999999951	5.95267609529369	5.92019000000003
0.594099999999951	5.95138632764625	5.91873000000003
0.596099999999951	5.95011127423347	5.91728000000004
0.59809999999995	5.94885090638798	5.91585000000003
0.60009999999995	5.94760563005157	5.91443000000003
0.60209999999995	5.94637287150676	5.91302000000004
0.60409999999995	5.94515217172133	5.91163000000003
0.60609999999995	5.94394302721536	5.91025000000004
0.608099999999949	5.942744947803	5.90888000000004
0.610099999999949	5.94155843486184	5.90752000000004
0.612099999999949	5.94038180326771	5.90617000000004
0.614099999999949	5.93920898581965	5.90484000000004
0.616099999999948	5.93804855863737	5.90352000000003
0.618099999999948	5.9369006404962	5.90221000000003
0.620099999999948	5.93576443124377	5.90091000000003
0.622099999999948	5.93463821494676	5.89962000000003
0.624099999999948	5.93352641938547	5.89834000000004
0.626099999999947	5.93242419851854	5.89708000000003
0.628099999999947	5.93133120125725	5.89582000000003
0.630099999999947	5.93024810397245	5.89457000000004
0.632099999999947	5.92917603312218	5.89334000000003
0.634099999999946	5.92811446104846	5.89211000000004
0.636099999999946	5.92706319994213	5.89090000000003
0.638099999999946	5.92602284172114	5.88969000000003
0.640099999999946	5.92499308230446	5.88850000000003
0.642099999999946	5.92397346469742	5.88731000000003
0.644099999999945	5.92296356566861	5.88614000000003
0.646099999999945	5.92196226128287	5.88497000000003
0.648099999999945	5.92096994810543	5.88382000000003
0.650099999999945	5.91998720609575	5.88267000000003
0.652099999999945	5.91901365164939	5.88153000000003
0.654099999999944	5.91804733059303	5.88040000000003
0.656099999999944	5.91708897431505	5.87928000000003
0.658099999999944	5.91613406506102	5.87817000000003
0.660099999999944	5.91518837747055	5.87706000000003
0.662099999999943	5.91425150523845	5.87597000000003
0.664099999999943	5.91332305237203	5.87488000000003
0.666099999999943	5.91240263281075	5.87380000000003
0.668099999999943	5.91149068668092	5.87273000000003
0.670099999999943	5.91058749032219	5.87167000000003
0.672099999999942	5.90969354600717	5.87062000000003
0.674099999999942	5.90880824369319	5.86957000000003
0.676099999999942	5.90793170354438	5.86853000000003
0.678099999999942	5.90706339710022	5.86750000000003
0.680099999999941	5.90619780626052	5.86648000000003
0.682099999999941	5.90533797039912	5.86546000000004
0.684099999999941	5.90448422275032	5.86446000000003
0.686099999999941	5.90363878224715	5.86346000000003
0.688099999999941	5.90280127948085	5.86246000000003
0.69009999999994	5.90197123758874	5.86148000000003
0.69209999999994	5.90114731443098	5.86050000000003
0.69409999999994	5.90032964335848	5.85953000000002
0.69609999999994	5.89951830511459	5.85856000000003
0.698099999999939	5.89871347544956	5.85760000000003
0.700099999999939	5.89791444276789	5.85665000000003
0.702099999999939	5.89712170356775	5.85571000000003
0.704099999999939	5.89633341733685	5.85477000000003
0.706099999999939	5.89554245865675	5.85384000000002
0.708099999999938	5.89475915658227	5.85291000000003
0.710099999999938	5.89398350416432	5.85199000000003
0.712099999999938	5.89321563188811	5.85108000000003
0.714099999999938	5.89245578778215	5.85018000000002
0.716099999999937	5.89170399210216	5.84928000000003
0.718099999999937	5.89095983028307	5.84838000000003
0.720099999999937	5.89022297075433	5.84749000000003
0.722099999999937	5.88949318119357	5.84661000000003
0.724099999999937	5.88876210132115	5.84574000000003
0.726099999999936	5.88803833909649	5.84487000000003
0.728099999999936	5.88732157101235	5.84400000000003
0.730099999999936	5.88661092235415	5.84315000000003
0.732099999999936	5.88590655289784	5.84229000000003
0.734099999999935	5.88520852912966	5.84145000000003
0.736099999999935	5.88451657984986	5.84060000000003
0.738099999999935	5.8838309887885	5.83977000000003
0.740099999999935	5.88315177783322	5.83894000000003
0.742099999999935	5.88247827745898	5.83811000000003
0.744099999999934	5.88181032893822	5.83729000000003
0.746099999999934	5.88114807933542	5.83648000000003
0.748099999999934	5.88049110887178	5.83567000000003
0.750099999999934	5.87983913350383	5.83487000000003
0.752099999999933	5.87919198929163	5.83407000000003
0.754099999999933	5.87855078317087	5.83327000000003
0.756099999999933	5.87791319330854	5.83249000000003
0.758099999999933	5.87727470367038	5.83170000000003
0.760099999999933	5.87664105752255	5.83092000000003
0.762099999999932	5.87601198493777	5.83015000000003
0.764099999999932	5.87538369232437	5.82938000000003
0.766099999999932	5.87476038646494	5.82862000000003
0.768099999999932	5.87414144685415	5.82786000000003
0.770099999999932	5.87352789876032	5.82710000000003
0.772099999999931	5.87291969159174	5.82635000000003
0.774099999999931	5.87231711197087	5.82561000000003
0.776099999999931	5.87171985938082	5.82487000000002
0.778099999999931	5.87112857595205	5.82413000000003
0.78009999999993	5.87054275146155	5.82340000000003
0.78209999999993	5.8699621179142	5.82267000000003
0.78409999999993	5.86938660241885	5.82195000000003
0.78609999999993	5.86881165726545	5.82123000000003
0.78809999999993	5.86824243333956	5.82052000000002
0.790099999999929	5.86767957863219	5.81981000000002
0.792099999999929	5.8671228146829	5.81910000000003
0.794099999999929	5.86657186917709	5.81840000000003
0.796099999999929	5.86602639200019	5.81770000000003
0.798099999999928	5.86548559459763	5.81701000000003
0.800099999999928	5.86494950881225	5.81632000000003
0.802099999999928	5.8644178285108	5.81564000000002
0.804099999999928	5.86389030566968	5.81496000000002
0.806099999999928	5.86336669743475	5.81428000000002
0.808099999999927	5.86284692847883	5.81361000000002
0.810099999999927	5.86233149247985	5.81294000000002
0.812099999999927	5.86181102335909	5.81227000000003
0.814099999999927	5.86128025794832	5.81161000000003
0.816099999999926	5.86075148226458	5.81096000000002
0.818099999999926	5.86022842802179	5.81030000000003
0.820099999999926	5.85971082525047	5.80965000000003
0.822099999999926	5.85919841002704	5.80901000000002
0.824099999999926	5.85869092424996	5.80837000000002
0.826099999999925	5.85818811542317	5.80773000000002
0.828099999999925	5.85768973644743	5.80709000000003
0.830099999999925	5.8571955454188	5.80646000000002
0.832099999999925	5.85670530543385	5.80584000000002
0.834099999999924	5.85621763430347	5.80521000000002
0.836099999999924	5.85572913224803	5.80459000000002
0.838099999999924	5.85524455559753	5.80398000000002
0.840099999999924	5.85476147762686	5.80336000000002
0.842099999999924	5.85428007449383	5.80275000000002
0.844099999999923	5.8538022693255	5.80215000000002
0.846099999999923	5.85332811016688	5.80155000000002
0.848099999999923	5.852857548453	5.80095000000002
0.850099999999923	5.85238898575341	5.80035000000002
0.852099999999922	5.85192224626408	5.79976000000002
0.854099999999922	5.85145903950752	5.79917000000002
0.856099999999922	5.85099888204813	5.79858000000002
0.858099999999922	5.85054172462171	5.79800000000002
0.860099999999922	5.85008785968839	5.79742000000002
0.862099999999921	5.84963719476992	5.79685000000002
0.864099999999921	5.84918971776928	5.79627000000002
0.866099999999921	5.84874559585891	5.79570000000002
0.868099999999921	5.8483050581022	5.79514000000002
0.87009999999992	5.84786810409372	5.79458000000002
0.87209999999992	5.84743203310634	5.79402000000002
0.87409999999992	5.84699453124675	5.79346000000002
0.87609999999992	5.84656050583433	5.79291000000002
0.87809999999992	5.8461297325798	5.79236000000002
0.880099999999919	5.84570198360793	5.79181000000002
0.882099999999919	5.8452776647647	5.79126000000002
0.884099999999919	5.84485723747712	5.79072000000003
0.886099999999919	5.84444144427325	5.79018000000002
0.888099999999919	5.84403030309428	5.78965000000002
0.890099999999918	5.84362384014978	5.78912000000002
0.892099999999918	5.84322182255524	5.78859000000002
0.894099999999918	5.84282432247256	5.78806000000002
0.896099999999918	5.84243119510043	5.78754000000002
0.898099999999917	5.84204249239142	5.78702000000002
0.900099999999917	5.84165826370759	5.78650000000003
0.902099999999917	5.8412771914771	5.78599000000002
0.904099999999917	5.84089858437216	5.78547000000003
0.906099999999917	5.84051902682713	5.78496000000002
0.908099999999916	5.84014397287601	5.78446000000002
0.910099999999916	5.83977320387474	5.78396000000002
0.912099999999916	5.83940650567277	5.78346000000002
0.914099999999916	5.83904366844502	5.78296000000002
0.916099999999915	5.8386844865303	5.78246000000003
0.918099999999915	5.83832808715398	5.78197000000003
0.920099999999915	5.83797553660831	5.78148000000003
0.922099999999915	5.83762541644371	5.78099000000003
0.924099999999915	5.83727798941769	5.78051000000002
0.926099999999914	5.83693326492372	5.78003000000002
0.928099999999914	5.83658965919311	5.77955000000003
0.930099999999914	5.8362463267551	5.77908000000002
0.932099999999914	5.83590582833515	5.77860000000003
0.934099999999913	5.83556825233028	5.77813000000003
0.936099999999913	5.83522920856079	5.77767000000002
0.938099999999913	5.83487863328486	5.77720000000002
0.940099999999913	5.83452909436765	5.77674000000002
0.942099999999913	5.83418220326805	5.77628000000002
0.944099999999912	5.83383854702161	5.77582000000002
0.946099999999912	5.83349810554185	5.77537000000002
0.948099999999912	5.83316075319298	5.77491000000003
0.950099999999912	5.83282663791782	5.77447000000002
0.952099999999911	5.83249573975029	5.77402000000002
0.954099999999911	5.83216752367387	5.77357000000003
0.956099999999911	5.83184290262568	5.77313000000002
0.958099999999911	5.83152145177413	5.77269000000003
0.960099999999911	5.83120275876848	5.77226000000002
0.96209999999991	5.83088689197016	5.77182000000003
0.96409999999991	5.83057355925771	5.77139000000002
0.96609999999991	5.83026310850839	5.77096000000002
0.96809999999991	5.82995546412315	5.77054000000002
0.970099999999909	5.82965070970281	5.77011000000002
0.972099999999909	5.82934892913608	5.76969000000002
0.974099999999909	5.82905046453524	5.76927000000002
0.976099999999909	5.82875535054512	5.76886000000002
0.978099999999909	5.8284634849997	5.76844000000002
0.980099999999908	5.82817492437314	5.76803000000002
0.982099999999908	5.82788950357051	5.76762000000002
0.984099999999908	5.82760707547629	5.76722000000002
0.986099999999908	5.8273278731834	5.76681000000002
0.988099999999908	5.8270515879191	5.76641000000002
0.990099999999907	5.82677806233656	5.76601000000002
0.992099999999907	5.82650732304879	5.76561000000002
0.994099999999907	5.82623938457008	5.76522000000002
0.996099999999907	5.8259740359106	5.76483000000002
0.998099999999906	5.82571109349437	5.76444000000002
1.00009999999991	5.82545050156656	5.76405000000002
1.00209999999991	5.8251923694548	5.76367000000002
1.00409999999991	5.82493651953893	5.76329000000001
1.00609999999991	5.82467610883185	5.76291000000001
1.00809999999991	5.82441620719974	5.76253000000002
1.01009999999991	5.82415835117289	5.76215000000002
1.0120999999999	5.82390151934472	5.76178000000002
1.0140999999999	5.8236466984023	5.76141000000002
1.0160999999999	5.82339476313217	5.76104000000002
1.0180999999999	5.82314675168122	5.76068000000002
1.0200999999999	5.82290270055927	5.76032000000001
1.0220999999999	5.82266273669577	5.75995000000002
1.0240999999999	5.82242670032571	5.75960000000001
1.0260999999999	5.8221944029466	5.75924000000002
1.0280999999999	5.82196565971208	5.75889000000002
1.0300999999999	5.82173984791256	5.75854000000001
1.0320999999999	5.82151823256263	5.75819000000002
1.0340999999999	5.82129944426085	5.75784000000002
1.0360999999999	5.82108374977238	5.75750000000002
1.0380999999999	5.82086798185134	5.75716000000001
1.0400999999999	5.82065330923535	5.75682000000002
1.0420999999999	5.82043963719394	5.75648000000002
1.0440999999999	5.82022318852693	5.75615000000002
1.0460999999999	5.82000901170934	5.75582000000001
1.0480999999999	5.81980010738539	5.75549000000001
1.0500999999999	5.81959096477227	5.75516000000002
1.0520999999999	5.81938538756795	5.75484000000001
1.0540999999999	5.8191831992516	5.75451000000002
1.0560999999999	5.81898422659288	5.75419000000002
1.0580999999999	5.818788331029	5.75388000000001
1.0600999999999	5.81859483052764	5.75356000000002
1.0620999999999	5.81840345534592	5.75325000000002
1.0640999999999	5.81821276189199	5.75294000000002
1.0660999999999	5.81802277672038	5.75263000000002
1.0680999999999	5.81783524765297	5.75233000000001
1.0700999999999	5.81764996894648	5.75203000000001
1.0720999999999	5.81746688761826	5.75173000000001
1.0740999999999	5.81728617338319	5.75143000000001
1.0760999999999	5.81710812049195	5.75113000000002
1.0780999999999	5.81693264082889	5.75084000000001
1.0800999999999	5.81675354204411	5.75055000000001
1.0820999999999	5.81656365876281	5.75026000000002
1.0840999999999	5.81637649466872	5.74998000000001
1.0860999999999	5.81619297584408	5.74969000000002
1.0880999999999	5.81601289245538	5.74941000000002
1.0900999999999	5.81583606640957	5.74914000000001
1.0920999999999	5.81566232286029	5.74886000000001
1.0940999999999	5.81549169695735	5.74859000000001
1.0960999999999	5.81532414588815	5.74832000000001
1.0980999999999	5.81515970270519	5.74805000000001
1.1000999999999	5.8149981840478	5.74779000000001
1.1020999999999	5.81483942333831	5.74752000000002
1.10409999999989	5.8146832568352	5.74726000000002
1.10609999999989	5.81452959290529	5.74701000000001
1.10809999999989	5.81437858423606	5.74675000000001
1.11009999999989	5.81422984971531	5.74650000000001
1.11209999999989	5.81408411154885	5.74625000000001
1.11409999999989	5.81394158739267	5.74600000000002
1.11609999999989	5.81380226109732	5.74576000000001
1.11809999999989	5.81366618675333	5.74552000000001
1.12009999999989	5.81353365530034	5.74528000000001
1.12209999999989	5.81340473876766	5.74504000000001
1.12409999999989	5.81327930110422	5.74481000000001
1.12609999999989	5.81315717826301	5.74458000000001
1.12809999999989	5.81303820926843	5.74435000000001
1.13009999999989	5.81292223609497	5.74412000000002
1.13209999999989	5.81280839331342	5.74390000000001
1.13409999999989	5.8126972860214	5.74368000000001
1.13609999999989	5.81258903067439	5.74347000000001
1.13809999999989	5.81248332969208	5.74325000000001
1.14009999999989	5.81237978809858	5.74304000000001
1.14209999999989	5.81227843972645	5.74283000000001
1.14409999999989	5.81217916282698	5.74263000000001
1.14609999999989	5.81208181195242	5.74242000000001
1.14809999999989	5.81198624381561	5.74222000000001
1.15009999999989	5.81189256377024	5.74203000000001
1.15209999999989	5.81180074390123	5.74183000000001
1.15409999999989	5.81171089568709	5.74164000000001
1.15609999999989	5.81162205614463	5.74145000000001
1.15809999999989	5.81153550072365	5.74127000000001
1.16009999999989	5.81144897541635	5.74109000000001
1.16209999999989	5.81135794477618	5.74091000000001
1.16409999999989	5.81126756614596	5.74073000000001
1.16609999999989	5.81117395597654	5.74056000000001
1.16809999999989	5.81107861248393	5.74039000000001
1.17009999999989	5.81098444599843	5.74022000000001
1.17209999999989	5.81089381935665	5.74006000000001
1.17409999999989	5.81080656978491	5.73990000000001
1.17609999999989	5.81072261902457	5.73975
1.17809999999989	5.81064205026466	5.73959000000001
1.18009999999989	5.8105650072607	5.73944000000001
1.18209999999989	5.8104913654194	5.73929000000001
1.18409999999989	5.81042109288837	5.73915000000001
1.18609999999989	5.81035422704429	5.73901000000001
1.18809999999989	5.81028936256299	5.73887000000001
1.19009999999989	5.81022592103703	5.73874000000001
1.19209999999989	5.81016621301332	5.73861000000001
1.19409999999988	5.81011021093945	5.73849
1.19609999999988	5.81005792930674	5.73836000000001
1.19809999999988	5.81000918201539	5.73824000000001
1.20009999999988	5.80996381948937	5.73813
1.20209999999988	5.80992169510309	5.73802
1.20409999999988	5.80987923578099	5.73791
1.20609999999988	5.80983363273692	5.73780000000001
1.20809999999988	5.80979124151119	5.73770000000001
1.21009999999988	5.80975199655618	5.73761
1.21209999999988	5.80971593426146	5.73751000000001
1.21409999999988	5.80968302337839	5.73742000000001
1.21609999999988	5.80965214738191	5.73734
1.21809999999988	5.80962487511883	5.73726
1.22009999999988	5.80960106218512	5.73718
1.22209999999988	5.80958056711764	5.73711
1.22409999999988	5.80956290396764	5.73704
1.22609999999988	5.80954772435241	5.73697000000001
1.22809999999988	5.80953513402181	5.73691
1.23009999999988	5.80952511617452	5.73686
1.23209999999988	5.80951753677418	5.73680000000001
1.23409999999988	5.80951230713252	5.73676
1.23609999999988	5.80950950697103	5.73671
1.23809999999988	5.80950947059267	5.73667
1.24009999999988	5.80951255403963	5.73664
1.24209999999988	5.80951867478983	5.73661
1.24409999999988	5.80952799665331	5.73658
1.24609999999988	5.80954043802549	5.73656
1.24809999999988	5.80955586920338	5.73654000000001
1.25009999999988	5.80956613351908	5.73653
1.25209999999988	5.80957311209573	5.73653
1.25409999999988	5.80957798629534	5.73652
1.25609999999988	5.80958635399552	5.73653
1.25809999999988	5.80959808101121	5.73654
1.26009999999988	5.80961303600351	5.73655
1.26209999999988	5.8096310903831	5.73657
1.26409999999988	5.80965213834249	5.73659
1.26609999999988	5.80967623522318	5.73662
1.26809999999988	5.80970331549021	5.73665
1.27009999999988	5.80973367832344	5.73669
1.27209999999988	5.80976743534061	5.73673999999999
1.27409999999988	5.80980457840022	5.73678999999999
1.27609999999988	5.80984525091172	5.73684
1.27809999999988	5.80988941390522	5.7369
1.28009999999988	5.80993747620239	5.73697
1.28209999999988	5.80998918959595	5.73704
1.28409999999988	5.8100436757592	5.73712
1.28609999999987	5.81009660648262	5.73720999999999
1.28809999999987	5.8101542318746	5.73729999999999
1.29009999999987	5.81021641695856	5.73739
1.29209999999987	5.81028303053957	5.73749999999999
1.29409999999987	5.81035394481883	5.73760999999999
1.29609999999987	5.81042903529055	5.73772
1.29809999999987	5.8105080578559	5.73784
1.30009999999987	5.81059136413692	5.73796999999999
1.30209999999987	5.81067884127087	5.73810999999999
1.30409999999987	5.81077047673713	5.73824999999999
1.30609999999987	5.81086616876237	5.73839
1.30809999999987	5.81096597731165	5.73854999999999
1.31009999999987	5.81106983016886	5.73870999999999
1.31209999999987	5.81117761570632	5.73887999999999
1.31409999999987	5.81128162809044	5.73905
1.31609999999987	5.81138798491479	5.73923999999999
1.31809999999987	5.81149724181758	5.73942999999999
1.32009999999987	5.81161127635631	5.73961999999999
1.32209999999987	5.81172935240596	5.73982999999999
1.32409999999987	5.81185169791023	5.74003999999999
1.32609999999987	5.81197775714219	5.74025999999999
1.32809999999987	5.8121077018995	5.74047999999999
1.33009999999987	5.81224160820507	5.74071999999999
1.33209999999987	5.81237934133245	5.74095999999999
1.33409999999987	5.81252080135762	5.74120999999999
1.33609999999987	5.81266589121674	5.74146999999997
1.33809999999987	5.81281451663965	5.74172999999999
1.34009999999987	5.81296658608617	5.74200999999997
1.34209999999987	5.81312201068706	5.74228999999997
1.34409999999987	5.8132808666767	5.74257999999997
1.34609999999987	5.81344330561326	5.74286999999999
1.34809999999987	5.81360277615676	5.74317999999999
1.35009999999987	5.81376542638989	5.74349999999997
1.35209999999987	5.8139266904708	5.74381999999997
1.35409999999987	5.81408566644717	5.74414999999997
1.35609999999987	5.81424905715596	5.74448999999997
1.35809999999987	5.81441488281749	5.74483999999997
1.36009999999987	5.81457765106655	5.74518999999999
1.36209999999987	5.81474497189509	5.74555999999997
1.36409999999987	5.81491675056857	5.74593999999997
1.36609999999987	5.81509266736338	5.74631999999997
1.36809999999987	5.81527268408998	5.74670999999997
1.37009999999987	5.81545712534194	5.74710999999997
1.37209999999987	5.8156459045188	5.74751999999997
1.37409999999987	5.81583906827554	5.74793999999997
1.37609999999986	5.81603670239084	5.74836999999997
1.37809999999986	5.81623721481234	5.74880999999997
1.38009999999986	5.81644277487795	5.74924999999997
1.38209999999986	5.81665332521185	5.74970999999997
1.38409999999986	5.8168682447083	5.75016999999997
1.38609999999986	5.8170831954535	5.75064999999996
1.38809999999986	5.81730332924945	5.75112999999997
1.39009999999986	5.81752855803356	5.75161999999997
1.39209999999986	5.81775879729427	5.75211999999997
1.39409999999986	5.81799396599468	5.75262999999997
1.39609999999986	5.81823398649987	5.75314999999997
1.39809999999986	5.81847878450884	5.75367999999996
1.40009999999986	5.81872828898939	5.75421999999996
1.40209999999986	5.81898243211688	5.75475999999997
1.40409999999986	5.81924114921666	5.75531999999996
1.40609999999986	5.81950437870911	5.75588999999996
1.40809999999986	5.81977206205811	5.75645999999996
1.41009999999986	5.82004414372259	5.75703999999996
1.41209999999986	5.82032057110999	5.75762999999996
1.41409999999986	5.82059227018541	5.75823999999996
1.41609999999986	5.82086555353967	5.75884999999994
1.41809999999986	5.82114344027405	5.75945999999996
1.42009999999986	5.8214258899735	5.76008999999996
1.42209999999986	5.82171244548196	5.76072999999996
1.42409999999986	5.82200494764468	5.76136999999996
1.42609999999986	5.82230332879641	5.76202999999996
1.42809999999986	5.82260753874081	5.76268999999996
1.43009999999986	5.82291774263593	5.76335999999996
1.43209999999986	5.82323386883116	5.76403999999996
1.43409999999986	5.82355595994513	5.76472999999996
1.43609999999986	5.82388407279856	5.76542999999994
1.43809999999986	5.82421813754877	5.76612999999996
1.44009999999986	5.82455809193715	5.76684999999994
1.44209999999986	5.82490392013902	5.76756999999994
1.44409999999986	5.82525535678631	5.76829999999994
1.44609999999986	5.82561210611594	5.76902999999996
1.44809999999986	5.82597412691288	5.76977999999994
1.45009999999986	5.82634138081776	5.77052999999996
1.45209999999986	5.82671392636795	5.77129999999994
1.45409999999986	5.8270917993168	5.77205999999996
1.45609999999986	5.8274749652189	5.77283999999994
1.45809999999986	5.82786339224519	5.77362999999994
1.46009999999986	5.82825563603068	5.77441999999994
1.46209999999986	5.828652679869	5.77521999999994
1.46409999999986	5.82905513622561	5.77601999999994
1.46609999999985	5.82946297735304	5.77683999999994
1.46809999999985	5.82987619238097	5.77765999999994
1.47009999999985	5.8302949639026	5.77848999999994
1.47209999999985	5.83071928931831	5.77931999999994
1.47409999999985	5.83114921683587	5.78016999999993
1.47609999999985	5.83158485255533	5.78101999999993
1.47809999999985	5.83202633407872	5.78186999999994
1.48009999999985	5.83247364201205	5.78272999999994
1.48209999999985	5.8329267488164	5.78359999999994
1.48409999999985	5.83338562910083	5.78447999999993
1.48609999999985	5.83385028575676	5.78535999999994
1.48809999999985	5.83432079400297	5.78624999999993
1.49009999999985	5.83479017894013	5.78713999999994
1.49209999999985	5.83526102165111	5.78803999999994
1.49409999999985	5.83573806741705	5.78894999999994
1.49609999999985	5.83621887601206	5.78985999999994
1.49809999999985	5.83669858481676	5.79077999999994
1.50009999999985	5.83718396801864	5.79170999999993
1.50209999999985	5.83767088318769	5.79263999999993
1.50409999999985	5.83816456160626	5.79356999999994
1.50609999999985	5.83866496536141	5.79450999999994
1.50809999999985	5.83917205845281	5.79545999999992
1.51009999999985	5.83968580668658	5.79640999999994
1.51209999999985	5.84020617757152	5.79736999999992
1.51409999999985	5.84073314021737	5.79832999999994
1.51609999999985	5.84126666523526	5.79929999999992
1.51809999999985	5.84180677135791	5.80027999999992
1.52009999999985	5.84235349100877	5.80124999999992
1.52209999999985	5.84290683845706	5.80223999999992
1.52409999999985	5.84346689923568	5.80321999999992
1.52609999999985	5.84403364184864	5.80421999999992
1.52809999999985	5.84460703322757	5.80520999999992
1.53009999999985	5.84518704138673	5.80621999999992
1.53209999999985	5.84577363533512	5.80721999999992
1.53409999999985	5.84636634798494	5.80822999999992
1.53609999999985	5.84696173859102	5.80924999999992
1.53809999999985	5.84756377905239	5.81026999999992
1.54009999999985	5.84817243755976	5.81128999999992
1.54209999999985	5.84878768300567	5.81231999999992
1.54409999999985	5.84940888018836	5.81334999999992
1.54609999999985	5.85003578863776	5.81438999999992
1.54809999999985	5.85066932166899	5.81542999999992
1.55009999999985	5.85130944533627	5.81646999999992
1.55209999999985	5.85195612616695	5.81751999999992
1.55409999999985	5.85260933109728	5.81856999999992
1.55609999999985	5.8532690274113	5.81962999999992
1.55809999999984	5.85393518268253	5.82068999999992
1.56009999999984	5.85460776471869	5.82174999999992
1.56209999999984	5.85528674150962	5.82281999999992
1.56409999999984	5.85596742704154	5.82388999999992
1.56609999999984	5.85665213334106	5.82495999999992
1.56809999999984	5.85734337114215	5.82603999999992
1.57009999999984	5.85804110301294	5.82711999999992
1.57209999999984	5.85874529161127	5.82820999999991
1.57409999999984	5.85945589964506	5.82928999999992
1.57609999999984	5.86017288983547	5.83037999999992
1.57809999999984	5.86089622488336	5.83147999999991
1.58009999999984	5.86162586743795	5.83256999999992
1.58209999999984	5.8623617800687	5.83366999999992
1.58409999999984	5.86310393848139	5.83477999999991
1.58609999999984	5.86385234080633	5.83587999999992
1.58809999999984	5.86460694364335	5.83698999999991
1.59009999999984	5.86536770662001	5.8380999999999
1.59209999999984	5.86613458925642	5.83920999999992
1.59409999999984	5.86690755094981	5.84032999999992
1.59609999999984	5.86768655096113	5.8414499999999
1.59809999999984	5.86847154840344	5.84256999999992
1.60009999999984	5.86926250223252	5.8436999999999
1.60209999999984	5.87005930414498	5.84481999999992
1.60409999999984	5.87086197183296	5.84594999999992
1.60609999999984	5.87167050427369	5.8470899999999
1.60809999999984	5.87248485797212	5.84821999999992
1.61009999999984	5.87330498931656	5.8493599999999
1.61209999999984	5.87413085457694	5.8504999999999
1.61409999999984	5.87496240990466	5.8516399999999
1.61609999999984	5.87579961133337	5.8527899999999
1.61809999999984	5.87664241478078	5.85392999999992
1.62009999999984	5.87749077605205	5.8550799999999
1.62209999999984	5.87834465741197	5.85622999999992
1.62409999999984	5.87920403852122	5.8573899999999
1.62609999999984	5.88006887535034	5.8585399999999
1.62809999999984	5.88093912149195	5.8596999999999
1.63009999999984	5.88181474385998	5.8608599999999
1.63209999999984	5.88269571611048	5.8620199999999
1.63409999999984	5.88358198929728	5.86317999999992
1.63609999999984	5.88447351516323	5.8643499999999
1.63809999999984	5.88537024553417	5.8655199999999
1.64009999999984	5.88627213232468	5.8666899999999
1.64209999999984	5.88717912754439	5.8678599999999
1.64409999999984	5.88809118330458	5.8690299999999
1.64609999999984	5.8890082518251	5.8702099999999
1.64809999999983	5.88993028544135	5.87137999999992
1.65009999999983	5.89085723661207	5.8725599999999
1.65209999999983	5.89178905792662	5.87373999999992
1.65409999999983	5.89272570211287	5.8749299999999
1.65609999999983	5.89366712204486	5.8761099999999
1.65809999999983	5.89461327075124	5.8772999999999
1.66009999999983	5.89556410142284	5.8784799999999
1.66209999999983	5.89651956742098	5.8796699999999
1.66409999999983	5.8974796222855	5.8808599999999
1.66609999999983	5.89844421974289	5.8820599999999
1.66809999999983	5.89941331371436	5.8832499999999
1.67009999999983	5.90038685832396	5.8844499999999
1.67209999999983	5.9013648079063	5.8856399999999
1.67409999999983	5.90234708120685	5.8868399999999
1.67609999999983	5.90333358647399	5.8880399999999
1.67809999999983	5.9043243733083	5.8892399999999
1.68009999999983	5.9053193963703	5.8904399999999
1.68209999999983	5.90631861059293	5.8916499999999
1.68409999999983	5.90732197118804	5.8928499999999
1.68609999999983	5.90832943365274	5.8940599999999
1.68809999999983	5.90934095377517	5.8952699999999
1.69009999999983	5.91035648764075	5.8964799999999
1.69209999999983	5.91137599163791	5.8976899999999
1.69409999999983	5.91239942246323	5.8988999999999
1.69609999999983	5.91342673712721	5.9001199999999
1.69809999999983	5.91445789295924	5.9013299999999
1.70009999999983	5.91549284761241	5.9025499999999
1.70209999999983	5.91653155906817	5.9037699999999
1.70409999999983	5.91757398564077	5.9049799999999
1.70609999999983	5.91862008598158	5.90620999999988
1.70809999999983	5.91966981908273	5.9074299999999
1.71009999999983	5.92072314428104	5.9086499999999
1.71209999999983	5.92178002126133	5.9098699999999
1.71409999999983	5.92284041005959	5.9110999999999
1.71609999999983	5.92390427106582	5.9123199999999
1.71809999999983	5.92497156502676	5.9135499999999
1.72009999999983	5.92604225304839	5.9147799999999
1.72209999999983	5.92711629659788	5.9160099999999
1.72409999999983	5.92819365750568	5.9172399999999
1.72609999999983	5.92927429796713	5.9184699999999
1.72809999999983	5.93035818054386	5.91969999999989
1.73009999999983	5.93144526816509	5.92093999999988
1.73209999999983	5.93253552412857	5.9221699999999
1.73409999999983	5.93362891210149	5.92340999999989
1.73609999999983	5.93472539612102	5.9246399999999
1.73809999999983	5.93582494059468	5.9258799999999
1.74009999999982	5.93692751030067	5.9271199999999
1.74209999999982	5.93803298897985	5.92835999999989
1.74409999999982	5.93914139330668	5.92959999999989
1.74609999999982	5.94025272470683	5.93083999999989
1.74809999999982	5.94136694925143	5.93208999999988
1.75009999999982	5.94248403338795	5.93332999999989
1.75209999999982	5.94360394393895	5.93457999999988
1.75409999999982	5.94472664810133	5.93581999999989
1.75609999999982	5.94585211344533	5.93706999999989
1.75809999999982	5.94698030791328	5.93831999999988
1.76009999999982	5.94811119981861	5.93955999999989
1.76209999999982	5.94924475784452	5.94080999999989
1.76409999999982	5.95038095104253	5.94205999999989
1.76609999999982	5.95151974883124	5.94330999999989
1.76809999999982	5.95266112099485	5.94456999999987
1.77009999999982	5.95380503768156	5.94581999999989
1.77209999999982	5.95495146940201	5.94706999999989
1.77409999999982	5.9561003870278	5.94832999999989
1.77609999999982	5.95725176178956	5.94957999999989
1.77809999999982	5.95840556527536	5.95083999999989
1.78009999999982	5.95956176942879	5.95209999999989
1.78209999999982	5.96072034647798	5.95335999999987
1.78409999999982	5.96188126832709	5.95461999999987
1.78609999999982	5.96304365064808	5.95587999999987
1.78809999999982	5.96421661781643	5.95713999999987
1.79009999999982	5.96539157582685	5.95839999999987
1.79209999999982	5.96656850452785	5.95965999999989
1.79409999999982	5.96774738400457	5.96091999999989
1.79609999999982	5.96892819457767	5.96218999999987
1.79809999999982	5.97011091680218	5.96344999999989
1.80009999999982	5.97129553146631	5.96471999999987
1.80209999999982	5.97248201959013	5.96597999999989
1.80409999999982	5.97367036242429	5.96724999999989
1.80609999999982	5.97486054144868	5.96851999999987
1.80809999999982	5.9760525383708	5.96978999999987
1.81009999999982	5.97724633512444	5.97105999999987
1.81209999999982	5.97844191386808	5.97232999999987
1.81409999999982	5.97963925698321	5.97359999999987
1.81609999999982	5.98083834707278	5.97486999999987
1.81809999999982	5.9820391669595	5.97613999999989
1.82009999999982	5.98324169968377	5.97740999999989
1.82209999999982	5.98444592850246	5.97868999999987
1.82409999999982	5.98565183688651	5.97995999999989
1.82609999999982	5.9868594085194	5.98123999999987
1.82809999999982	5.98806862729517	5.98250999999989
1.83009999999981	5.98927947731637	5.98378999999989
1.83209999999981	5.99049194289231	5.98506999999987
1.83409999999981	5.99170600853675	5.98634999999987
1.83609999999981	5.99292165896625	5.98761999999989
1.83809999999981	5.9941388790978	5.98889999999989
1.84009999999981	5.99535765404703	5.99017999999989
1.84209999999981	5.99657796912601	5.99145999999989
1.84409999999981	5.99779980984126	5.99274999999987
1.84609999999981	5.99902316189154	5.99402999999987
1.84809999999981	6.00024801116597	5.99530999999989
1.85009999999981	6.00147434374172	5.99659999999987
1.85209999999981	6.0027021458821	5.99787999999989
1.85409999999981	6.00393140403454	5.99915999999989
1.85609999999981	6.00516210482821	6.00044999999989
1.85809999999981	6.00639423507233	6.00173999999987
1.86009999999981	6.00762778175384	6.00301999999989
1.86209999999981	6.00886273203557	6.00430999999989
1.86409999999981	6.01009907325412	6.00559999999989
1.86609999999981	6.01133679291766	6.00688999999987
1.86809999999981	6.01257587870449	6.00817999999987
1.87009999999981	6.01381631846047	6.00946999999987
1.87209999999981	6.01505810019746	6.01075999999989
1.87409999999981	6.01630121209119	6.01204999999989
1.87609999999981	6.01754564247953	6.01333999999989
1.87809999999981	6.01879137986048	6.01463999999987
1.88009999999981	6.02003841289029	6.01592999999989
1.88209999999981	6.0212867303817	6.01721999999989
1.88409999999981	6.02253632130222	6.01851999999987
1.88609999999981	6.0237871747722	6.01980999999989
1.88809999999981	6.02503928006318	6.02110999999989
1.89009999999981	6.02629262659587	6.02240999999987
1.89209999999981	6.02754720771242	6.02369999999988
1.89409999999981	6.02880301638889	6.02499999999988
1.89609999999981	6.03006003983522	6.02629999999988
1.89809999999981	6.03131826078567	6.02759999999988
1.90009999999981	6.03257766803556	6.02889999999988
1.90209999999981	6.03383825314602	6.03019999999988
1.90409999999981	6.03510000759437	6.03149999999988
1.90609999999981	6.03636292280994	6.03279999999988
1.90809999999981	6.03762699020357	6.03410999999987
1.91009999999981	6.03889220119282	6.03540999999986
1.91209999999981	6.04015854722227	6.03670999999988
1.91409999999981	6.04142601978071	6.03801999999986
1.91609999999981	6.04269461041479	6.03931999999988
1.91809999999981	6.04396431074087	6.04062999999986
1.9200999999998	6.04523511245399	6.04192999999988
1.9220999999998	6.04650700733546	6.04323999999988
1.9240999999998	6.04777998725896	6.04454999999986
1.9260999999998	6.0490540441951	6.04585999999986
1.9280999999998	6.05032917021515	6.04715999999988
1.9300999999998	6.05160535749388	6.04846999999988
1.9320999999998	6.05288259831151	6.04977999999988
1.9340999999998	6.05416088505505	6.05108999999988
1.9360999999998	6.0554402102193	6.05239999999988
1.9380999999998	6.05672056640731	6.05371999999986
1.9400999999998	6.05800194633045	6.05502999999986
1.9420999999998	6.05928434280825	6.05633999999988
1.9440999999998	6.06056774876789	6.05764999999988
1.9460999999998	6.06185215724369	6.05896999999986
1.9480999999998	6.06313756137619	6.06027999999988
1.9500999999998	6.06442395441141	6.06159999999986
1.9520999999998	6.06571132969958	6.06290999999988
1.9540999999998	6.06699968069429	6.06422999999986
1.9560999999998	6.06828767435608	6.06554999999986
1.9580999999998	6.06958261927305	6.06685999999988
1.9600999999998	6.07087837329192	6.06817999999988
1.9620999999998	6.07217493278527	6.06949999999986
1.9640999999998	6.07347229418091	6.07081999999986
1.9660999999998	6.07477045396112	6.07213999999986
1.9680999999998	6.07606940866151	6.07345999999986
1.9700999999998	6.07736915487088	6.07477999999986
1.9720999999998	6.07866968923025	6.07609999999988
1.9740999999998	6.07997100843209	6.07741999999988
1.9760999999998	6.08127310921982	6.07874999999986
1.9780999999998	6.08257598838712	6.08006999999986
1.9800999999998	6.08387964277701	6.08138999999988
1.9820999999998	6.08518406928154	6.08271999999986
1.9840999999998	6.08648926484094	6.08403999999988
1.9860999999998	6.08779522644289	6.08536999999986
1.9880999999998	6.0891019511221	6.08669999999986
1.9900999999998	6.09040943595943	6.08801999999988
1.9920999999998	6.09171767808162	6.08934999999986
1.9940999999998	6.09302667466028	6.09067999999986
1.9960999999998	6.09433642291153	6.09200999999986
1.9980999999998	6.09564692009532	6.09333999999986
