t	fg_V
0	0	0
0.002	0	0
0.0041	1.052159675411E-09	5.27467E-09
0.006	1.08915027994527E-09	5.26791E-09
0.00800000000000001	1.15733806052642E-09	5.27109E-09
0.0101	1.26384840389941E-09	5.29675E-09
0.0121	1.40176886564219E-09	5.30974E-09
0.0141	1.57905972689346E-09	5.32716999999999E-09
0.0161	1.79997986765344E-09	5.35018999999999E-09
0.0180999999999999	2.06924767466134E-09	5.37999999999998E-09
0.0200999999999999	2.39196898209099E-09	5.41791999999998E-09
0.0220999999999999	2.77357314980293E-09	5.46538999999997E-09
0.0240999999999999	3.21975903727565E-09	5.52393999999996E-09
0.0260999999999999	3.73645084819582E-09	5.59526999999995E-09
0.0280999999999999	4.32976285451608E-09	5.68122999999994E-09
0.0300999999999999	5.00597162303734E-09	5.78385999999993E-09
0.0320999999999999	5.77149433063013E-09	5.90540999999994E-09
0.0341	6.63287189243959E-09	6.04839999999997E-09
0.036	7.54602326150039E-09	6.15445000000001E-09
0.0380000000000001	8.61354073155535E-09	6.34659000000004E-09
0.0400000000000001	9.79681634089958E-09	6.56986000000008E-09
0.0420000000000002	1.11027760410015E-08	6.82838000000012E-09
0.0440000000000002	1.253842686452E-08	7.12684000000017E-09
0.0460000000000003	1.41108527828556E-08	7.47060000000021E-09
0.0480000000000003	1.58272113306491E-08	7.86585000000026E-09
0.0500000000000004	1.76947308229572E-08	8.31968000000031E-09
0.0520000000000005	1.97207080331534E-08	8.84032000000037E-09
0.0540000000000005	2.19125062313545E-08	9.4372300000004E-09
0.0560000000000006	2.42775535069879E-08	1.01214000000005E-08
0.0580000000000006	2.68233413170151E-08	1.09055000000005E-08
0.0600000000000007	2.95574232147941E-08	1.18043000000005E-08
0.0620000000000007	3.24874137247477E-08	1.28349000000006E-08
0.0640000000000008	3.56209873357295E-08	1.40170000000006E-08
0.0660000000000009	3.89658775918572E-08	1.53736000000006E-08
0.0680000000000009	4.25298762640964E-08	1.69313000000006E-08
0.070000000000001	4.63214667505055E-08	1.87210000000006E-08
0.072000000000001	5.95862964327482E-08	2.07782000000005E-08
0.0740000000000011	7.47081324254704E-08	2.31445000000004E-08
0.0760000000000012	9.18118487867973E-08	2.58676000000002E-08
0.0780000000000012	1.11038765031782E-07	2.90028E-08
0.0800000000000013	1.32546224572738E-07	3.56999000000052E-08
0.0820000000000013	1.56508211004829E-07	4.48329000000067E-08
0.0840000000000014	1.83116266311459E-07	5.61220000000086E-08
0.0860000000000014	2.12580657046869E-07	7.00269000000111E-08
0.0880000000000015	2.45131761184922E-07	8.70941000000142E-08
0.0900000000000016	2.81021664048378E-07	1.07971000000018E-07
0.0920000000000016	3.20525961685178E-07	1.33423000000023E-07
0.0940000000000017	3.6394577682981E-07	1.64350000000028E-07
0.0960000000000017	4.11609997552022E-07	2.01808000000035E-07
0.0980000000000018	4.63877752595676E-07	2.47035000000044E-07
0.100000000000002	5.21141140635734E-07	3.01474000000055E-07
0.102000000000002	5.83828233398897E-07	3.66806000000068E-07
0.104000000000002	6.52406374861061E-07	4.44979000000084E-07
0.106000000000002	7.27385800736094E-07	5.38252000000103E-07
0.108000000000002	8.09323605230379E-07	6.49232000000125E-07
0.110000000000002	8.98828089511065E-07	7.80923000000152E-07
0.112000000000002	9.96563551126263E-07	9.36779000000185E-07
0.114000000000002	1.103255578731E-06	1.12076000000022E-06
0.116000000000002	1.22080031713139E-06	1.33740000000027E-06
0.118000000000002	1.3522272159393E-06	1.59187000000033E-06
0.120000000000002	1.49919648595574E-06	1.89007000000039E-06
0.122000000000002	1.66353057194636E-06	2.23871000000046E-06
0.124000000000003	1.84725654367999E-06	2.64540000000056E-06
0.126000000000002	2.05262730862079E-06	3.11877000000063E-06
0.128000000000002	2.28214478280673E-06	3.66858000000066E-06
0.130000000000002	2.53858517304156E-06	4.30584000000068E-06
0.132000000000002	2.82502653265679E-06	5.04296000000071E-06
0.134000000000002	3.1448787624677E-06	5.89390000000071E-06
0.136000000000001	3.50191623811285E-06	6.8743500000007E-06
0.138000000000001	3.90031325467638E-06	8.00191000000068E-06
0.140000000000001	4.34468248928445E-06	9.29625000000061E-06
0.142000000000001	4.84011669216041E-06	1.07794000000006E-05
0.144	5.39223382632329E-06	1.24760000000004E-05
0.146	6.00722588560271E-06	1.44133000000003E-05
0.148	6.69191162978415E-06	1.66219E-05
0.1501	7.49405857169073E-06	1.92700999999997E-05
0.1521	8.34588687121579E-06	2.21448999999993E-05
0.154099999999999	9.29269254907163E-06	2.54063999999989E-05
0.156099999999999	1.03444619946878E-05	2.91009999999983E-05
0.158099999999999	1.16553035417102E-05	3.32801999999976E-05
0.160099999999999	1.32422118031651E-05	3.80003999999968E-05
0.162099999999998	1.50336426120672E-05	4.33242999999957E-05
0.164099999999998	1.70533139384192E-05	4.93206999999944E-05
0.166099999999998	1.93273509270077E-05	5.60652999999929E-05
0.168099999999998	2.18844923863551E-05	6.36413999999913E-05
0.170099999999998	2.47563111661697E-05	7.21401999999892E-05
0.172099999999997	2.79774489536185E-05	8.16619999999868E-05
0.174099999999997	3.15858659451943E-05	9.23163999999839E-05
0.176099999999997	3.5623105796305E-05	0.000104222999999981
0.178099999999997	4.01345761773001E-05	0.000117513999999977
0.180099999999996	4.52124697848675E-05	0.000132329999999972
0.182099999999996	5.52250545648347E-05	0.000148829999999967
0.184099999999996	6.67122576554907E-05	0.000167179999999962
0.186099999999996	7.98516021419939E-05	0.000187566999999955
0.188099999999996	9.48216369683071E-05	0.000210190999999948
0.190099999999995	0.000111817164656726	0.00023526799999994
0.192099999999995	0.00013105031430704	0.00026303399999993
0.194099999999995	0.000152751664610607	0.000293742999999919
0.196099999999995	0.000177171410745538	0.000327670999999906
0.198099999999995	0.000201889941098364	0.000365113999999892
0.200099999999994	0.000224321143924716	0.000406390999999876
0.202099999999994	0.000249251129603029	0.000451847999999858
0.204099999999994	0.00027692320592106	0.000501853999999839
0.206099999999994	0.000307611939203862	0.000556805999999817
0.208099999999993	0.000368573091838656	0.000617128999999792
0.210099999999993	0.000411075589726021	0.000683276999999764
0.212099999999993	0.000458518604712023	0.000755736999999734
0.214099999999993	0.000511386269555859	0.0008350249999997
0.216099999999993	0.000570199059166411	0.000921693999999662
0.218099999999992	0.000635515136529756	0.00101999999999923
0.220099999999992	0.000707931575721664	0.00111999999999921
0.222099999999992	0.0007880854305553	0.00123
0.224099999999992	0.000891086531580751	0.00135
0.226099999999991	0.00100062119957023	0.00148999999999914
0.228099999999991	0.00112236507703094	0.00162999999999912
0.230099999999991	0.00123578682295174	0.0017899999999991
0.232099999999991	0.001347360810185	0.00195999999999907
0.234099999999991	0.00147037918337488	0.00213999999999905
0.23609999999999	0.00160577059648115	0.00233999999999903
0.23809999999999	0.0017545107878624	0.00254999999999901
0.24009999999999	0.00194235728884148	0.00278999999999797
0.24209999999999	0.00216373827390414	0.00302999999999897
0.244099999999989	0.002384477247437	0.00329999999999895
0.246099999999989	0.00261207841205193	0.00358999999999784
0.248099999999989	0.00285615425029729	0.00389999999999781
0.250099999999989	0.0030873358226797	0.00422999999999776
0.252099999999989	0.00334699695622811	0.00457999999999771
0.254099999999988	0.00366662224135916	0.00495999999999767
0.256099999999988	0.00401440491667897	0.00535999999999762
0.258099999999988	0.00434029013352074	0.00578999999999757
0.260099999999988	0.00469569178217636	0.00623999999999754
0.262099999999987	0.00508230495359225	0.00672999999999624
0.264099999999987	0.00548168776097309	0.00723999999999617
0.266099999999987	0.00594856494648544	0.00777999999999611
0.268099999999987	0.00641937531646089	0.00834999999999603
0.270099999999987	0.00691290358808865	0.00895999999999596
0.272099999999986	0.00739908101540701	0.00958999999999589
0.274099999999986	0.00790541137011919	0.0102599999999958
0.276099999999986	0.00845302091537896	0.0109699999999943
0.278099999999986	0.00911352455236273	0.0116999999999957
0.280099999999985	0.00983859802943768	0.0124699999999942
0.282099999999985	0.0104812530997364	0.0132799999999941
0.284099999999985	0.0111243280121185	0.014119999999994
0.286099999999985	0.0118120743917168	0.0149899999999939
0.288099999999985	0.0125145907933984	0.0158999999999938
0.290099999999984	0.0133144777285085	0.0168499999999922
0.292099999999984	0.0141392372212166	0.0178199999999936
0.294099999999984	0.0150607508903622	0.018839999999992
0.296099999999984	0.0159107741233606	0.0198799999999919
0.298099999999983	0.0167806964242736	0.0209599999999918
0.300099999999983	0.0176738754721977	0.0220699999999917
0.302099999999983	0.0186748302202867	0.0232199999999899
0.304099999999983	0.0197145192237721	0.0243899999999897
0.306099999999983	0.0206796339862332	0.0255999999999896
0.308099999999982	0.02168926663404	0.0268299999999894
0.310099999999982	0.0227000152836783	0.0280999999999875
0.312099999999982	0.023745179023529	0.0293899999999874
0.314099999999982	0.0248937629630836	0.0306999999999891
0.316099999999982	0.0260161961905776	0.0320499999999871
0.318099999999981	0.0272237880653594	0.0334199999999869
0.320099999999981	0.0283227245803095	0.0348099999999868
0.322099999999981	0.0294438131090217	0.0362299999999847
0.324099999999981	0.0306131519334657	0.0376599999999865
0.32609999999998	0.0319523846247545	0.0391199999999863
0.32809999999998	0.033395021986536	0.0405999999999861
0.33009999999998	0.0346693775589502	0.042099999999984
0.33209999999998	0.035971777540717	0.0436099999999858
0.33409999999998	0.0372399495976853	0.0451499999999836
0.336099999999979	0.0384617806126378	0.0466999999999834
0.338099999999979	0.0397069563236396	0.0482599999999833
0.340099999999979	0.0410370014283002	0.0498399999999831
0.342099999999979	0.0424107635550993	0.0514299999999829
0.344099999999978	0.0437685435571366	0.0530399999999827
0.346099999999978	0.045124343092709	0.0546599999999804
0.348099999999978	0.0464446927854766	0.0562799999999824
0.350099999999978	0.0478054212129539	0.0579199999999822
0.352099999999978	0.0491854950829404	0.059569999999982
0.354099999999977	0.0505477505559962	0.0612299999999818
0.356099999999977	0.051962892301486	0.0628999999999816
0.358099999999977	0.0536607153615517	0.0645799999999792
0.360099999999977	0.0550327651882235	0.0662599999999814
0.362099999999976	0.0564309234530854	0.0679499999999811
0.364099999999976	0.0580728686598122	0.0696499999999786
0.366099999999976	0.05944507354036	0.0713499999999808
0.368099999999976	0.0608166940052478	0.0730599999999806
0.370099999999976	0.0622218350667176	0.074779999999978
0.372099999999975	0.0637206109181093	0.0764899999999803
0.374099999999975	0.0652636741556597	0.0782199999999776
0.376099999999975	0.0668281739656137	0.0799499999999774
0.378099999999975	0.0683039945357193	0.0816799999999772
0.380099999999974	0.0697610833401779	0.0834099999999796
0.382099999999974	0.0711981792395198	0.0851499999999794
0.384099999999974	0.0726269191002048	0.0868999999999766
0.386099999999974	0.0740509921561878	0.0886399999999764
0.388099999999974	0.0754345850127181	0.0903899999999762
0.390099999999973	0.0768603094164296	0.092139999999976
0.392099999999973	0.0783542356791242	0.0938899999999758
0.394099999999973	0.0798450258993305	0.0956399999999756
0.396099999999973	0.0816156510313708	0.0973999999999754
0.398099999999972	0.0831190012857366	0.099149999999978
0.400099999999972	0.0846161487422871	0.100909999999975
0.402099999999972	0.0862474098536301	0.102669999999975
0.404099999999972	0.0877149433878035	0.104429999999975
0.406099999999972	0.0891746044918898	0.106189999999977
0.408099999999971	0.0906271351759388	0.107959999999974
0.410099999999971	0.0920866935778116	0.109719999999974
0.412099999999971	0.0936112565949649	0.111479999999974
0.414099999999971	0.0952026196827048	0.113249999999974
0.41609999999997	0.0966982918933073	0.115009999999973
0.41809999999997	0.0981949763325025	0.116779999999973
0.42009999999997	0.0997635574941444	0.118539999999973
0.42209999999997	0.101285378368964	0.120309999999973
0.42409999999997	0.102758294124388	0.122069999999976
0.426099999999969	0.104245881614819	0.123839999999972
0.428099999999969	0.105755413915064	0.125609999999972
0.430099999999969	0.107210484215362	0.127369999999972
0.432099999999969	0.108629485269031	0.129139999999972
0.434099999999969	0.110069371908554	0.130899999999975
0.436099999999968	0.111585020675216	0.132669999999971
0.438099999999968	0.113124672500211	0.134439999999971
0.440099999999968	0.11467387194148	0.136199999999971
0.442099999999968	0.116487208120263	0.137969999999971
0.444099999999967	0.11796415447372	0.139729999999971
0.446099999999967	0.119495656819565	0.14149999999997
0.448099999999967	0.120955380619487	0.14325999999997
0.450099999999967	0.122622683538937	0.14502999999997
0.452099999999967	0.124059203180674	0.14678999999997
0.454099999999966	0.125516483249582	0.14855999999997
0.456099999999966	0.126959907828443	0.150319999999969
0.458099999999966	0.128403579985879	0.152079999999969
0.460099999999966	0.12986730075159	0.153839999999972
0.462099999999965	0.131371979898046	0.155609999999969
0.464099999999965	0.132939495780496	0.157369999999969
0.466099999999965	0.13447952920068	0.159129999999968
0.468099999999965	0.135991534921898	0.160889999999968
0.470099999999965	0.137683789863882	0.162649999999972
0.472099999999964	0.139183763241899	0.164409999999971
0.474099999999964	0.140700356953696	0.166169999999971
0.476099999999964	0.142216106875172	0.167929999999971
0.478099999999964	0.143725146286816	0.169689999999971
0.480099999999963	0.1452034029343	0.171449999999971
0.482099999999963	0.146645179014562	0.173209999999967
0.484099999999963	0.148303556437806	0.174969999999967
0.486099999999963	0.149718098046467	0.176729999999967
0.488099999999963	0.15112952438422	0.178489999999966
0.490099999999962	0.152553288678222	0.18023999999997
0.492099999999962	0.154040489838946	0.181999999999966
0.494099999999962	0.155560529939857	0.183759999999966
0.496099999999962	0.157117472526432	0.185509999999969
0.498099999999961	0.158590200308402	0.187269999999965
0.500099999999961	0.160388400992403	0.189029999999965
0.502099999999961	0.161857633312898	0.190779999999965
0.504099999999961	0.163325250617764	0.192539999999965
0.506099999999961	0.164810634527507	0.194289999999965
0.50809999999996	0.166302588634279	0.196039999999968
0.51009999999996	0.168194545915423	0.197799999999964
0.51209999999996	0.169653413271076	0.199549999999968
0.51409999999996	0.171129062709327	0.201309999999964
0.516099999999959	0.172621921597857	0.203059999999963
0.518099999999959	0.174131926597767	0.204809999999967
0.520099999999959	0.175637059437002	0.206569999999963
0.522099999999959	0.177121387164376	0.208319999999963
0.524099999999959	0.178585064427107	0.210069999999963
0.526099999999958	0.180093361784169	0.211819999999962
0.528099999999958	0.181583963853391	0.213569999999967
0.530099999999958	0.183090087033167	0.215329999999962
0.532099999999958	0.184575641219759	0.217079999999962
0.534099999999958	0.186309818198661	0.218829999999962
0.536099999999957	0.187771303021124	0.220579999999961
0.538099999999957	0.189224499950611	0.222329999999961
0.540099999999957	0.19068415316682	0.224079999999961
0.542099999999957	0.192094884714817	0.225829999999961
0.544099999999956	0.193513763470468	0.227579999999961
0.546099999999956	0.195105760065096	0.229329999999965
0.548099999999956	0.196539755487333	0.231079999999965
0.550099999999956	0.197958177004495	0.232829999999965
0.552099999999956	0.199543893780616	0.234579999999964
0.554099999999955	0.200982641348324	0.23632999999996
0.556099999999955	0.202436404654303	0.23807999999996
0.558099999999955	0.203954262617939	0.239829999999959
0.560099999999955	0.20540751754454	0.241579999999959
0.562099999999954	0.206933916579408	0.243329999999959
0.564099999999954	0.208476695335329	0.245079999999959
0.566099999999954	0.21003584048783	0.246829999999958
0.568099999999954	0.211969351595847	0.248579999999958
0.570099999999954	0.213499272790372	0.250329999999958
0.572099999999953	0.215376297723169	0.252079999999958
0.574099999999953	0.216883410744156	0.253819999999962
0.576099999999953	0.218387848178791	0.255569999999962
0.578099999999953	0.219893142863301	0.257319999999962
0.580099999999952	0.221397345287331	0.259069999999957
0.582099999999952	0.223058158578703	0.260819999999957
0.584099999999952	0.22454668642561	0.262569999999957
0.586099999999952	0.226039918749833	0.264319999999957
0.588099999999952	0.227532048233633	0.266069999999956
0.590099999999951	0.229039441154952	0.267819999999956
0.592099999999951	0.230591026254238	0.269559999999961
0.594099999999951	0.232083491748957	0.271309999999961
0.596099999999951	0.233513578071198	0.273059999999961
0.59809999999995	0.234951263096189	0.274809999999955
0.60009999999995	0.236397501850392	0.276559999999955
0.60209999999995	0.237904887463429	0.278309999999955
0.60409999999995	0.239427595019559	0.280059999999955
0.60609999999995	0.240965623451483	0.281809999999955
0.608099999999949	0.242518975834987	0.283559999999954
0.610099999999949	0.244041469143537	0.285309999999954
0.612099999999949	0.245927413267901	0.287059999999954
0.614099999999949	0.247404861663573	0.288809999999954
0.616099999999948	0.248878737934204	0.290549999999959
0.618099999999948	0.250353550239617	0.292299999999959
0.620099999999948	0.251842471626071	0.294049999999958
0.622099999999948	0.253344875401517	0.295799999999958
0.624099999999948	0.25483983303065	0.297549999999958
0.626099999999947	0.25634859074873	0.299299999999958
0.628099999999947	0.25796786191402	0.301049999999958
0.630099999999947	0.259440848700549	0.302799999999958
0.632099999999947	0.26091192122376	0.304549999999957
0.634099999999946	0.262482840825063	0.306299999999957
0.636099999999946	0.263944738023095	0.308049999999957
0.638099999999946	0.265404040632941	0.309809999999951
0.640099999999946	0.266875068575827	0.311559999999951
0.642099999999946	0.268359302082832	0.313309999999951
0.644099999999945	0.269877463309	0.315059999999951
0.646099999999945	0.27142381349631	0.316809999999951
0.648099999999945	0.272942253564829	0.31855999999995
0.650099999999945	0.274434821778205	0.32030999999995
0.652099999999945	0.275956724309182	0.322059999999956
0.654099999999944	0.277574927863338	0.32381999999995
0.656099999999944	0.279427641584949	0.32556999999995
0.658099999999944	0.280900153859593	0.327319999999949
0.660099999999944	0.2823863267838	0.329069999999949
0.662099999999943	0.283886167359347	0.330819999999955
0.664099999999943	0.285399685830675	0.332579999999949
0.666099999999943	0.286924958305784	0.334329999999949
0.668099999999943	0.288438553995778	0.336079999999948
0.670099999999943	0.289917109788675	0.337829999999954
0.672099999999942	0.291386498915432	0.339589999999948
0.674099999999942	0.292859262247496	0.341339999999948
0.676099999999942	0.294330521667205	0.343089999999953
0.678099999999942	0.29605317797545	0.344849999999947
0.680099999999941	0.297541209862631	0.346599999999947
0.682099999999941	0.299224255640721	0.348359999999947
0.684099999999941	0.300714482539824	0.350109999999947
0.686099999999941	0.302195429171678	0.351859999999953
0.688099999999941	0.30368522610681	0.353619999999946
0.69009999999994	0.305194361900883	0.355369999999952
0.69209999999994	0.306762291643157	0.357129999999946
0.69409999999994	0.30831820198733	0.358879999999952
0.69609999999994	0.309877897383865	0.360639999999946
0.698099999999939	0.3114366035443	0.362389999999951
0.700099999999939	0.312998710862194	0.364149999999945
0.702099999999939	0.314540545722696	0.365909999999945
0.704099999999939	0.316581828004333	0.367659999999945
0.706099999999939	0.318108908112405	0.369419999999945
0.708099999999938	0.319577789808664	0.371169999999951
0.710099999999938	0.321049618510671	0.372929999999944
0.712099999999938	0.322504595249702	0.374689999999944
0.714099999999938	0.323941925717586	0.376449999999944
0.716099999999937	0.325382425007545	0.378199999999944
0.718099999999937	0.326834521153905	0.379959999999944
0.720099999999937	0.328298224941606	0.381719999999943
0.722099999999937	0.330205621334091	0.383469999999949
0.724099999999937	0.331653374585303	0.385229999999943
0.726099999999936	0.333112688812635	0.386989999999943
0.728099999999936	0.334583576961512	0.388749999999943
0.730099999999936	0.336128755126639	0.390509999999942
0.732099999999936	0.337609370083719	0.392269999999942
0.734099999999935	0.339101640948615	0.394029999999942
0.736099999999935	0.340600099859669	0.395779999999948
0.738099999999935	0.342080696390456	0.397539999999948
0.740099999999935	0.343585174544678	0.399299999999941
0.742099999999935	0.345084565459386	0.401059999999941
0.744099999999934	0.346597961421696	0.402819999999941
0.746099999999934	0.348109137480597	0.404579999999941
0.748099999999934	0.34963235638004	0.406339999999941
0.750099999999934	0.351167646193408	0.40809999999994
0.752099999999933	0.352702618607735	0.409859999999947
0.754099999999933	0.35421498401884	0.411619999999947
0.756099999999933	0.356152879177122	0.413379999999946
0.758099999999933	0.357679980368	0.41514999999994
0.760099999999933	0.359218887131092	0.416909999999939
0.762099999999932	0.36076963064006	0.418669999999939
0.764099999999932	0.362502737812964	0.420429999999939
0.766099999999932	0.364040802326722	0.422189999999939
0.768099999999932	0.365567044140726	0.423949999999945
0.770099999999932	0.367071916109044	0.425719999999938
0.772099999999931	0.368577395751966	0.427479999999938
0.774099999999931	0.370068327520466	0.429239999999938
0.776099999999931	0.371562305726543	0.430999999999945
0.778099999999931	0.373036087501439	0.432769999999938
0.78009999999993	0.374520721086421	0.434529999999937
0.78209999999993	0.376016229906857	0.436289999999937
0.78409999999993	0.377500651827123	0.438059999999937
0.78609999999993	0.379268224803475	0.439819999999937
0.78809999999993	0.380694971206089	0.441579999999937
0.790099999999929	0.382121325270203	0.443349999999936
0.792099999999929	0.383557875810917	0.445109999999936
0.794099999999929	0.385004639708597	0.446869999999943
0.796099999999929	0.386484233153769	0.448639999999936
0.798099999999928	0.387984836190754	0.450399999999936
0.800099999999928	0.389483552652237	0.452169999999935
0.802099999999928	0.390993304732285	0.453929999999935
0.804099999999928	0.392514123340421	0.455699999999935
0.806099999999928	0.394046041359377	0.457459999999935
0.808099999999927	0.395568193497409	0.459229999999935
0.810099999999927	0.397073523007179	0.460989999999934
0.812099999999927	0.399592016023186	0.462759999999934
0.814099999999927	0.401518600386397	0.464519999999934
0.816099999999926	0.40296455229873	0.466289999999934
0.818099999999926	0.404420926530491	0.468049999999934
0.820099999999926	0.405887744820777	0.469819999999933
0.822099999999926	0.40736503088596	0.471579999999933
0.824099999999926	0.408852810393149	0.473349999999933
0.826099999999925	0.410351110936406	0.47510999999994
0.828099999999925	0.411859962015668	0.476879999999933
0.830099999999925	0.413379395018236	0.478649999999932
0.832099999999925	0.414909443202795	0.480409999999932
0.834099999999924	0.416769679999762	0.482179999999932
0.836099999999924	0.418300904609457	0.483949999999932
0.838099999999924	0.419835409321379	0.485709999999932
0.840099999999924	0.421556954941092	0.487479999999931
0.842099999999924	0.423141477527497	0.489239999999939
0.844099999999923	0.424684344069288	0.491009999999931
0.846099999999923	0.426223199300805	0.492779999999931
0.848099999999923	0.427769672147689	0.494539999999938
0.850099999999923	0.429491772237555	0.49630999999993
0.852099999999922	0.431033713577116	0.49807999999993
0.854099999999922	0.432586288494672	0.499839999999938
0.856099999999922	0.434177393808772	0.50160999999993
0.858099999999922	0.43575693195685	0.50337999999993
0.860099999999922	0.437322603132967	0.505149999999929
0.862099999999921	0.438886669944265	0.506909999999929
0.864099999999921	0.440450335466538	0.508679999999929
0.866099999999921	0.442004224436546	0.510449999999929
0.868099999999921	0.443536749759349	0.512209999999929
0.87009999999992	0.445075560034372	0.513979999999928
0.87209999999992	0.447054214437519	0.515749999999928
0.87409999999992	0.448592892737397	0.517509999999936
0.87609999999992	0.450142153595668	0.519279999999928
0.87809999999992	0.451702038877862	0.521049999999928
0.880099999999919	0.45326250432194	0.522809999999935
0.882099999999919	0.454790658155748	0.524579999999927
0.884099999999919	0.456307096631129	0.526349999999927
0.886099999999919	0.457778635120917	0.528109999999935
0.888099999999919	0.459250213084995	0.529879999999927
0.890099999999918	0.460720737226775	0.531649999999926
0.892099999999918	0.462198517329913	0.533409999999935
0.894099999999918	0.463669580321403	0.535179999999926
0.896099999999918	0.465142420687431	0.536949999999926
0.898099999999917	0.46661018402627	0.538709999999926
0.900099999999917	0.468076644717386	0.540479999999925
0.902099999999917	0.469632403891259	0.542249999999925
0.904099999999917	0.471464290438077	0.544009999999925
0.906099999999917	0.472919086419409	0.545779999999925
0.908099999999916	0.474382756342182	0.547539999999925
0.910099999999916	0.475855328579041	0.549309999999924
0.912099999999916	0.477336832992422	0.551069999999933
0.914099999999916	0.478827300923173	0.552839999999924
0.916099999999915	0.480326765181039	0.554599999999932
0.918099999999915	0.481865321825777	0.556369999999924
0.920099999999915	0.483396753473438	0.558129999999932
0.922099999999915	0.484933739604382	0.559899999999923
0.924099999999915	0.486480370749235	0.561659999999923
0.926099999999914	0.488017265540886	0.563429999999923
0.928099999999914	0.489763468587523	0.565189999999923
0.930099999999914	0.49130661415995	0.566959999999922
0.932099999999914	0.49283711568694	0.568719999999922
0.934099999999913	0.4943642421951	0.570479999999922
0.936099999999913	0.496907663055008	0.572249999999922
0.938099999999913	0.49861491778375	0.574009999999922
0.940099999999913	0.500137661301647	0.575769999999922
0.942099999999913	0.501669720418817	0.57752999999993
0.944099999999912	0.503201100347909	0.579299999999921
0.946099999999912	0.504737771242664	0.581059999999921
0.948099999999912	0.506274258825021	0.582819999999921
0.950099999999912	0.507801502226547	0.584579999999921
0.952099999999911	0.509334494179906	0.58633999999992
0.954099999999911	0.510875270059514	0.58809999999992
0.956099999999911	0.512411181103648	0.589859999999929
0.958099999999911	0.513942695225176	0.591619999999929
0.960099999999911	0.515482922515733	0.593379999999929
0.96209999999991	0.517063802854786	0.595139999999919
0.96409999999991	0.518595294988645	0.596899999999919
0.96609999999991	0.520135915862634	0.598659999999919
0.96809999999991	0.521675459751238	0.600419999999919
0.970099999999909	0.523242663620987	0.602179999999919
0.972099999999909	0.524759786826824	0.603929999999927
0.974099999999909	0.526260602068429	0.605689999999918
0.976099999999909	0.527765311127864	0.607449999999918
0.978099999999909	0.529272157248352	0.609199999999927
0.980099999999908	0.530777251621937	0.610959999999917
0.982099999999908	0.532291020652291	0.612709999999926
0.984099999999908	0.533808184975706	0.614469999999917
0.986099999999908	0.53533516590478	0.616219999999926
0.988099999999908	0.536862770117733	0.617979999999917
0.990099999999907	0.538385648915945	0.619729999999917
0.992099999999907	0.539907987510632	0.621479999999926
0.994099999999907	0.54143265346264	0.623239999999916
0.996099999999907	0.542966248995459	0.624989999999916
0.998099999999906	0.544508820345342	0.626739999999916
1.00009999999991	0.54604439725833	0.628489999999916
1.00209999999991	0.547582317435743	0.630239999999915
1.00409999999991	0.549129094191153	0.631989999999915
1.00609999999991	0.551157041740498	0.633739999999915
1.00809999999991	0.55271600280649	0.635479999999924
1.01009999999991	0.554283944054059	0.637229999999915
1.0120999999999	0.555923400505233	0.638979999999914
1.0140999999999	0.557499040297497	0.640719999999924
1.0160999999999	0.558947845587285	0.642469999999914
1.0180999999999	0.560403192421884	0.644209999999923
1.0200999999999	0.561855837920052	0.645959999999914
1.0220999999999	0.563303944995018	0.647699999999913
1.0240999999999	0.564759442245901	0.649439999999923
1.0260999999999	0.566222362170124	0.651179999999923
1.0280999999999	0.567692738448777	0.652929999999913
1.0300999999999	0.569169634862601	0.654669999999913
1.0320999999999	0.570641888183531	0.656399999999922
1.0340999999999	0.57212120624372	0.658139999999922
1.0360999999999	0.573608004989378	0.659879999999912
1.0380999999999	0.575362660088807	0.661619999999912
1.0400999999999	0.576847762546447	0.663349999999922
1.0420999999999	0.578764610308698	0.665089999999911
1.0440999999999	0.580239578117025	0.666819999999911
1.0460999999999	0.581720483692398	0.668549999999921
1.0480999999999	0.583341693073714	0.670279999999921
1.0500999999999	0.58480034277874	0.672019999999911
1.0520999999999	0.586266030813341	0.67374999999991
1.0540999999999	0.587738791653497	0.67546999999992
1.0560999999999	0.589218660856318	0.67719999999992
1.0580999999999	0.590717187728469	0.67892999999991
1.0600999999999	0.592243481162936	0.68064999999992
1.0620999999999	0.593775274282172	0.682379999999909
1.0640999999999	0.595469016657329	0.684099999999909
1.0660999999999	0.596983067420566	0.685819999999919
1.0680999999999	0.59850270931842	0.687539999999919
1.0700999999999	0.600030131722901	0.689259999999919
1.0720999999999	0.601552788255617	0.690979999999919
1.0740999999999	0.603061083015146	0.692699999999908
1.0760999999999	0.604559685368435	0.694409999999918
1.0780999999999	0.606065659029435	0.696129999999908
1.0800999999999	0.608536856026453	0.697839999999918
1.0820999999999	0.610162860804097	0.699549999999918
1.0840999999999	0.611626067602566	0.701259999999918
1.0860999999999	0.613095654986684	0.702969999999917
1.0880999999999	0.61457226437007	0.704679999999907
1.0900999999999	0.616055934004163	0.706389999999907
1.0920999999999	0.617545117607026	0.708089999999917
1.0940999999999	0.619029065136491	0.709789999999917
1.0960999999999	0.620512615490073	0.711489999999916
1.0980999999999	0.621996887632368	0.713189999999916
1.1000999999999	0.623488139453139	0.714889999999916
1.1020999999999	0.624986411690517	0.716589999999905
1.10409999999989	0.626491746198855	0.718279999999916
1.10609999999989	0.627995901685986	0.719979999999905
1.10809999999989	0.629495630818269	0.721669999999905
1.11009999999989	0.631011311443601	0.723359999999905
1.11209999999989	0.632474945009515	0.725039999999915
1.11409999999989	0.633942039916608	0.726729999999915
1.11609999999989	0.635400522306913	0.728409999999915
1.11809999999989	0.636850996111466	0.730099999999904
1.12009999999989	0.638304923534657	0.731779999999904
1.12209999999989	0.6397388119966	0.733449999999914
1.12409999999989	0.641178743870737	0.735129999999914
1.12609999999989	0.642624752113938	0.736799999999914
1.12809999999989	0.64407687053833	0.738479999999903
1.13009999999989	0.645535133811313	0.740149999999903
1.13209999999989	0.647045700156994	0.741809999999913
1.13409999999989	0.648500596036675	0.743479999999913
1.13609999999989	0.649967589013061	0.745139999999913
1.13809999999989	0.651457152264907	0.746799999999913
1.14009999999989	0.652945714104432	0.748459999999913
1.14209999999989	0.654436070955673	0.750119999999902
1.14409999999989	0.655933079318051	0.751769999999912
1.14609999999989	0.657436782317333	0.753419999999912
1.14809999999989	0.658944957386833	0.755069999999912
1.15009999999989	0.660443704402452	0.756719999999901
1.15209999999989	0.661946988975613	0.758359999999912
1.15409999999989	0.663493260750523	0.759999999999912
1.15609999999989	0.664968678560809	0.761639999999911
1.15809999999989	0.66644286564033	0.763269999999911
1.16009999999989	0.668414910449029	0.764899999999911
1.16209999999989	0.669872757965308	0.766529999999911
1.16409999999989	0.671634199062794	0.768159999999911
1.16609999999989	0.673383962738715	0.769779999999911
1.16809999999989	0.675000970520097	0.77139999999991
1.17009999999989	0.676435444972783	0.77301999999991
1.17209999999989	0.677872997240621	0.77462999999991
1.17409999999989	0.679315975312847	0.77624999999991
1.17609999999989	0.68075517926237	0.77784999999991
1.17809999999989	0.682184537641408	0.779459999999909
1.18009999999989	0.683611104536673	0.781059999999909
1.18209999999989	0.685042828760469	0.782659999999909
1.18409999999989	0.686466552458558	0.784249999999909
1.18609999999989	0.687888487515242	0.785839999999909
1.18809999999989	0.689486304985827	0.787429999999908
1.19009999999989	0.690889487298267	0.789009999999908
1.19209999999989	0.692296513704622	0.790589999999908
1.19409999999988	0.693698672042619	0.792159999999908
1.19609999999988	0.695101791447099	0.793729999999908
1.19809999999988	0.696509614970438	0.795299999999908
1.20009999999988	0.69792216933753	0.796859999999908
1.20209999999988	0.699339481716005	0.798419999999907
1.20409999999988	0.701237865617979	0.799979999999907
1.20609999999988	0.702657338069672	0.801529999999907
1.20809999999988	0.704081483120002	0.803069999999907
1.21009999999988	0.705501877663796	0.804609999999918
1.21209999999988	0.706922833489492	0.806149999999906
1.21409999999988	0.708423494132083	0.807679999999906
1.21609999999988	0.709813899634984	0.809209999999906
1.21809999999988	0.711208514221208	0.810729999999906
1.22009999999988	0.712607361072436	0.812249999999906
1.22209999999988	0.714010463636715	0.813759999999906
1.22409999999988	0.71545650880417	0.815269999999905
1.22609999999988	0.716894595504697	0.816769999999905
1.22809999999988	0.718322252613678	0.818269999999905
1.23009999999988	0.719754503700863	0.819759999999905
1.23209999999988	0.721191524601109	0.821239999999916
1.23409999999988	0.722626750355091	0.822719999999916
1.23609999999988	0.724058558951388	0.824199999999904
1.23809999999988	0.725463843732926	0.825659999999916
1.24009999999988	0.726861258129502	0.827129999999904
1.24209999999988	0.728252997790377	0.828579999999916
1.24409999999988	0.729639646560644	0.830029999999916
1.24609999999988	0.731030193700974	0.831479999999903
1.24809999999988	0.732424659041739	0.832909999999915
1.25009999999988	0.734325030498135	0.834339999999915
1.25209999999988	0.736172296193783	0.835769999999915
1.25409999999988	0.737555313292582	0.837179999999915
1.25609999999988	0.738941863344352	0.838589999999915
1.25809999999988	0.740331963310111	0.839999999999914
1.26009999999988	0.741725630093662	0.841389999999914
1.26209999999988	0.743122880527589	0.842779999999914
1.26409999999988	0.744518344142118	0.844159999999914
1.26609999999988	0.745911406147485	0.845539999999914
1.26809999999988	0.747303520051145	0.846899999999914
1.27009999999988	0.748672729378237	0.848259999999914
1.27209999999988	0.750044556107371	0.849609999999913
1.27409999999988	0.751406222803918	0.850949999999913
1.27609999999988	0.752765788892693	0.852279999999926
1.27809999999988	0.754113801654537	0.853609999999913
1.28009999999988	0.755470005185643	0.854919999999925
1.28209999999988	0.756779597031375	0.856229999999925
1.28409999999988	0.758442332167461	0.857529999999913
1.28609999999987	0.759736150987369	0.858819999999912
1.28809999999987	0.761030984225465	0.860099999999912
1.29009999999987	0.762327589195507	0.861369999999925
1.29209999999987	0.763625967403318	0.862629999999925
1.29409999999987	0.764926119773725	0.863879999999924
1.29609999999987	0.766228046628863	0.865119999999924
1.29809999999987	0.76754902923508	0.866349999999924
1.30009999999987	0.76883371774962	0.867569999999924
1.30209999999987	0.770119567441036	0.868779999999924
1.30409999999987	0.77140696008122	0.869979999999924
1.30609999999987	0.772692174221343	0.871169999999924
1.30809999999987	0.773971954858772	0.872349999999923
1.31009999999987	0.775253134973876	0.873519999999923
1.31209999999987	0.776535708570504	0.874669999999923
1.31409999999987	0.778240263434205	0.875809999999936
1.31609999999987	0.779591667450854	0.876949999999923
1.31809999999987	0.780834010125865	0.878069999999923
1.32009999999987	0.782080631526386	0.879179999999923
1.32209999999987	0.783359369942833	0.880269999999935
1.32409999999987	0.784629293377504	0.881359999999922
1.32609999999987	0.785900293102896	0.882429999999922
1.32809999999987	0.787165440001916	0.883489999999922
1.33009999999987	0.788427529596401	0.884529999999935
1.33209999999987	0.789690585150337	0.885569999999922
1.33409999999987	0.790954590822671	0.886589999999935
1.33609999999987	0.792219529642704	0.887589999999935
1.33809999999987	0.793485383474862	0.888589999999934
1.34009999999987	0.794752132982341	0.889569999999934
1.34209999999987	0.796019757589559	0.890529999999934
1.34409999999987	0.797272586807516	0.891489999999934
1.34609999999987	0.798514045465951	0.892419999999947
1.34809999999987	0.800094764395649	0.893349999999934
1.35009999999987	0.801324123269836	0.894259999999934
1.35209999999987	0.803093960634683	0.895149999999947
1.35409999999987	0.804314932512114	0.896039999999934
1.35609999999987	0.805535703468284	0.896899999999947
1.35809999999987	0.807160672152753	0.897759999999933
1.36009999999987	0.808375234230551	0.898589999999947
1.36209999999987	0.809589277869136	0.899419999999946
1.36409999999987	0.81080276903101	0.900229999999946
1.36609999999987	0.812044094490584	0.901019999999946
1.36809999999987	0.813246835840816	0.901799999999946
1.37009999999987	0.814448802474893	0.902559999999946
1.37209999999987	0.81564995437714	0.903309999999946
1.37409999999987	0.816841644724821	0.904049999999946
1.37609999999986	0.818105614618133	0.904769999999946
1.37809999999986	0.819265536075987	0.905469999999946
1.38009999999986	0.820417621686736	0.906159999999959
1.38209999999986	0.821568090483994	0.906829999999959
1.38409999999986	0.822952269039923	0.907489999999959
1.38609999999986	0.824087492699889	0.908139999999959
1.38809999999986	0.825220761313721	0.908769999999959
1.39009999999986	0.826352026023605	0.909389999999959
1.39209999999986	0.827481236069384	0.909989999999959
1.39409999999986	0.828608338760342	0.910579999999959
1.39609999999986	0.82973327944694	0.911149999999959
1.39809999999986	0.830856001492539	0.911709999999959
1.40009999999986	0.831976446245164	0.912249999999972
1.40209999999986	0.833094553009406	0.912779999999972
1.40409999999986	0.834210259018511	0.913299999999972
1.40609999999986	0.835323499406744	0.913799999999972
1.40809999999986	0.836434207182125	0.914289999999972
1.41009999999986	0.837542313199622	0.914769999999972
1.41209999999986	0.838647746134892	0.915239999999958
1.41409999999986	0.840269634060275	0.915689999999958
1.41609999999986	0.841369300471053	0.916119999999972
1.41809999999986	0.84246251092715	0.916549999999972
1.42009999999986	0.843602535760755	0.916959999999972
1.42209999999986	0.844631587044141	0.917369999999972
1.42409999999986	0.845653514696535	0.917759999999972
1.42609999999986	0.846671230044755	0.918129999999986
1.42809999999986	0.847681740266395	0.918499999999972
1.43009999999986	0.848679805770557	0.918859999999972
1.43209999999986	0.849673336409782	0.919199999999986
1.43409999999986	0.85065328435341	0.919539999999972
1.43609999999986	0.851627452299464	0.919859999999972
1.43809999999986	0.852596777144283	0.920169999999986
1.44009999999986	0.853561188724731	0.920479999999972
1.44209999999986	0.854518082893972	0.920769999999986
1.44409999999986	0.855490707949168	0.921059999999971
1.44609999999986	0.856458486162773	0.921329999999986
1.44809999999986	0.857421333231142	0.921599999999971
1.45009999999986	0.858378632632457	0.921859999999971
1.45209999999986	0.859323953220468	0.922099999999986
1.45409999999986	0.860264012553926	0.922349999999971
1.45609999999986	0.861198723811091	0.922579999999986
1.45809999999986	0.862127998909797	0.922799999999986
1.46009999999986	0.863138798473468	0.923019999999986
1.46209999999986	0.864049268558895	0.923229999999986
1.46409999999986	0.864953926538672	0.923429999999986
1.46609999999985	0.865852684122407	0.923629999999986
1.46809999999985	0.866742458684613	0.923819999999985
1.47009999999985	0.867617928175107	0.923999999999986
1.47209999999985	0.868487133827394	0.924179999999985
1.47409999999985	0.869343443619531	0.924349999999985
1.47609999999985	0.870185002050019	0.92451
1.47809999999985	0.87101727369023	0.92467
1.48009999999985	0.871842825254946	0.924829999999985
1.48209999999985	0.872661581036321	0.924979999999985
1.48409999999985	0.873473465463519	0.925119999999985
1.48609999999985	0.874274666029688	0.925259999999985
1.48809999999985	0.875066335471615	0.925389999999985
1.49009999999985	0.876391200485319	0.925519999999985
1.49209999999985	0.877170588194356	0.92564
1.49409999999985	0.877937079300798	0.92576
1.49609999999985	0.879166580214721	0.925879999999985
1.49809999999985	0.879917541452611	0.92599
1.50009999999985	0.8809355184916	0.926099999999985
1.50209999999985	0.881666060194118	0.9262
1.50409999999985	0.882388446051126	0.9263
1.50609999999985	0.883102629609432	0.9264
1.50809999999985	0.883808566155009	0.92649
1.51009999999985	0.884506212837038	0.92658
1.51209999999985	0.885195528790622	0.92667
1.51409999999985	0.88587647525782	0.926759999999985
1.51609999999985	0.886549015706633	0.926839999999985
1.51809999999985	0.887208493840375	0.926919999999985
1.52009999999985	0.887858901146835	0.92699
1.52209999999985	0.888495037616909	0.927069999999985
1.52409999999985	0.889120177080793	0.927139999999985
1.52609999999985	0.889736783034344	0.927209999999985
1.52809999999985	0.890344844597073	0.92727
1.53009999999985	0.890944353720231	0.927339999999985
1.53209999999985	0.891535305263038	0.9274
1.53409999999985	0.892338907721641	0.92746
1.53609999999985	0.892912568906224	0.927519999999985
1.53809999999985	0.893477588972206	0.92757
1.54009999999985	0.89403397743778	0.927629999999985
1.54209999999985	0.894581747038633	0.92768
1.54409999999985	0.895204194139653	0.92773
1.54609999999985	0.895730497990598	0.92778
1.54809999999985	0.896248231554146	0.92783
1.55009999999985	0.896757424698546	0.92787
1.55209999999985	0.897258110540959	0.92792
1.55409999999985	0.897750325444554	0.92796
1.55609999999985	0.898234109008166	0.928
1.55809999999984	0.89870950404847	0.92804
1.56009999999984	0.899176556574795	0.92808
1.56209999999984	0.899635315756626	0.92812
1.56409999999984	0.900497350409306	0.92816
1.56609999999984	0.90093978923589	0.928199999999984
1.56809999999984	0.901373949448219	0.92823
1.57009999999984	0.901799897477734	0.92826
1.57209999999984	0.902217702646129	0.9283
1.57409999999984	0.90262743708734	0.92833
1.57609999999984	0.903029175663609	0.92836
1.57809999999984	0.903422995875961	0.92839
1.58009999999984	0.903808977769444	0.92842
1.58209999999984	0.90418720383354	0.92845
1.58409999999984	0.904556121507254	0.928479999999984
1.58609999999984	0.904916209486798	0.9285
1.58809999999984	0.905268839513381	0.92853
1.59009999999984	0.905614104120268	0.92855
1.59209999999984	0.905952097628629	0.92858
1.59409999999984	0.90628291602873	0.9286
1.59609999999984	0.906606656859451	0.92863
1.59809999999984	0.906923419086576	0.92865
1.60009999999984	0.907233302980268	0.92867
1.60209999999984	0.907539367571829	0.92869
1.60409999999984	0.907833733584143	0.92871
1.60609999999984	0.908121560637793	0.92873
1.60809999999984	0.908402953583041	0.92875
1.61009999999984	0.908678017894757	0.92877
1.61209999999984	0.90894685955507	0.92879
1.61409999999984	0.909209584937901	0.92881
1.61609999999984	0.909466300695636	0.92883
1.61809999999984	0.909717113648213	0.92885
1.62009999999984	0.909962130674902	0.928869999999984
1.62209999999984	0.910199897785174	0.92888
1.62409999999984	0.910431214445546	0.9289
1.62609999999984	0.910657098680646	0.92891
1.62809999999984	0.910877656869691	0.92893
1.63009999999984	0.911090999437472	0.92895
1.63209999999984	0.911298695875307	0.92896
1.63409999999984	0.911501429712218	0.928979999999984
1.63609999999984	0.911699304883745	0.92899
1.63809999999984	0.911892424430231	0.929
1.64009999999984	0.912080890431345	0.92902
1.64209999999984	0.912264803944575	0.92903
1.64409999999984	0.912444264947638	0.92904
1.64609999999984	0.912619372284822	0.92906
1.64809999999983	0.912790223617189	0.92907
1.65009999999983	0.912956915376605	0.92908
1.65209999999983	0.913119542723538	0.929099999999983
1.65409999999983	0.913278199508533	0.92911
1.65609999999983	0.913432978237308	0.92912
1.65809999999983	0.913583970039363	0.92913
1.66009999999983	0.91373126464001	0.92914
1.66209999999983	0.91387495033573	0.92915
1.66409999999983	0.914015113972733	0.92916
1.66609999999983	0.91415184092862	0.929179999999983
1.66809999999983	0.914285215097025	0.92919
1.67009999999983	0.914415318875128	0.9292
1.67209999999983	0.914542233153889	0.92921
1.67409999999983	0.91468431974839	0.92922
1.67609999999983	0.914804228018386	0.92923
1.67809999999983	0.914921197708555	0.92924
1.68009999999983	0.915035303446124	0.92925
1.68209999999983	0.915146618329728	0.929259999999983
1.68409999999983	0.91525521393449	0.92926
1.68609999999983	0.91536116031895	0.92927
1.68809999999983	0.91546452603371	0.92928
1.69009999999983	0.915565378131664	0.92929
1.69209999999983	0.915663782179737	0.9293
1.69409999999983	0.915759802271979	0.92931
1.69609999999983	0.91585350104396	0.92932
1.69809999999983	0.915944939688303	0.92933
1.70009999999983	0.916034177971321	0.92933
1.70209999999983	0.916121274250598	0.92934
1.70409999999983	0.916206285493475	0.92935
1.70609999999983	0.916289267296322	0.92936
1.70809999999983	0.91637027390452	0.92937
1.71009999999983	0.916449358233078	0.92937
1.71209999999983	0.916526571887798	0.92938
1.71409999999983	0.91660196518693	0.92939
1.71609999999983	0.916675587183222	0.9294
1.71809999999983	0.916747485686335	0.9294
1.72009999999983	0.916817707285537	0.92941
1.72209999999983	0.916886297372613	0.92942
1.72409999999983	0.91695330016496	0.92943
1.72609999999983	0.917018758728802	0.92943
1.72809999999983	0.917082715002473	0.92944
1.73009999999983	0.917145209819726	0.92945
1.73209999999983	0.917206282933045	0.92945
1.73409999999983	0.917265973036883	0.92946
1.73609999999983	0.917324317790836	0.92947
1.73809999999983	0.917381353842679	0.92947
1.74009999999982	0.917437116851268	0.92948
1.74209999999982	0.9175047373567	0.92949
1.74409999999982	0.917557753147809	0.92949
1.74609999999982	0.917609602629684	0.9295
1.74809999999982	0.917660317632048	0.92951
1.75009999999982	0.917709929107435	0.92951
1.75209999999982	0.917758467152798	0.92952
1.75409999999982	0.917805961030802	0.929529999999982
1.75609999999982	0.917852439190809	0.92953
1.75809999999982	0.917897929289531	0.92954
1.76009999999982	0.91794245821134	0.92954
1.76209999999982	0.917986052088228	0.92955
1.76409999999982	0.918028736319429	0.92956
1.76609999999982	0.918070535590658	0.92956
1.76809999999982	0.918111473893003	0.92957
1.77009999999982	0.91815157454144	0.92957
1.77209999999982	0.918190860192975	0.92958
1.77409999999982	0.918229352864427	0.92958
1.77609999999982	0.918267073949816	0.92959
1.77809999999982	0.918304044237396	0.9296
1.78009999999982	0.918340283926302	0.9296
1.78209999999982	0.918375872380974	0.92961
1.78409999999982	0.918410849355886	0.92961
1.78609999999982	0.918445119667098	0.92962
1.78809999999982	0.918478694067035	0.92962
1.79009999999982	0.918511713834558	0.92963
1.79209999999982	0.918544192365379	0.92963
1.79409999999982	0.918576142710183	0.92964
1.79609999999982	0.918607577583521	0.929649999999982
1.79809999999982	0.918638509372492	0.92965
1.80009999999982	0.918668950145241	0.92966
1.80209999999982	0.918698911659232	0.92966
1.80409999999982	0.918728405369375	0.92967
1.80609999999982	0.918757442435916	0.92967
1.80809999999982	0.918786033732163	0.92968
1.81009999999982	0.918814189852033	0.92968
1.81209999999982	0.918841921117403	0.92969
1.81409999999982	0.918869237585281	0.92969
1.81609999999982	0.91889614905481	0.9297
1.81809999999982	0.918922665074101	0.9297
1.82009999999982	0.918948794946875	0.92971
1.82209999999982	0.91897454773897	0.92971
1.82409999999982	0.918999932284644	0.92972
1.82609999999982	0.919024957192758	0.92972
1.82809999999982	0.919049630852771	0.92973
1.83009999999981	0.919073961440594	0.92973
1.83209999999981	0.919097956924289	0.92974
1.83409999999981	0.919121625069615	0.92974
1.83609999999981	0.919144973445439	0.92975
1.83809999999981	0.919168009428997	0.92975
1.84009999999981	0.919190740211016	0.92976
1.84209999999981	0.919213172800708	0.92976
1.84409999999981	0.919235314030607	0.92977
1.84609999999981	0.919257170561322	0.92977
1.84809999999981	0.919278748886113	0.92978
1.85009999999981	0.91930005533537	0.92978
1.85209999999981	0.919321096080973	0.92979
1.85409999999981	0.919341877140525	0.92979
1.85609999999981	0.919362404381468	0.929799999999981
1.85809999999981	0.919382683525099	0.9298
1.86009999999981	0.919402720150464	0.9298
1.86209999999981	0.919422519698152	0.92981
1.86409999999981	0.91944208747399	0.92981
1.86609999999981	0.919461428652623	0.92982
1.86809999999981	0.919480548281003	0.92982
1.87009999999981	0.919499451281796	0.92983
1.87209999999981	0.919518142456666	0.92983
1.87409999999981	0.919536626489493	0.92984
1.87609999999981	0.919554907949495	0.92984
1.87809999999981	0.919572991294262	0.92985
1.88009999999981	0.919590880872701	0.92985
1.88209999999981	0.919608580927916	0.92986
1.88409999999981	0.919626095599997	0.92986
1.88609999999981	0.919643428928724	0.92986
1.88809999999981	0.919660584856219	0.92987
1.89009999999981	0.919677567229503	0.92987
1.89209999999981	0.919694379807927	0.92988
1.89409999999981	0.919711026281691	0.92988
1.89609999999981	0.919727510248766	0.92989
1.89809999999981	0.919743835203802	0.92989
1.90009999999981	0.919760004536598	0.9299
1.90209999999981	0.919776021559476	0.9299
1.90409999999981	0.919791889510471	0.92991
1.90609999999981	0.919807611554492	0.92991
1.90809999999981	0.919823190784605	0.92991
1.91009999999981	0.919838630223368	0.92992
1.91209999999981	0.91985393282424	0.92992
1.91409999999981	0.919869101473005	0.92993
1.91609999999981	0.919884138989251	0.92993
1.91809999999981	0.91989904812783	0.92994
1.9200999999998	0.919913831580335	0.92994
1.9220999999998	0.91992849197658	0.92995
1.9240999999998	0.919943031886055	0.92995
1.9260999999998	0.919957453819373	0.92995
1.9280999999998	0.919971760229697	0.92996
1.9300999999998	0.919985953514139	0.92996
1.9320999999998	0.920000036015153	0.92997
1.9340999999998	0.920014010021864	0.92997
1.9360999999998	0.920027877771416	0.92998
1.9380999999998	0.920041641450247	0.92998
1.9400999999998	0.920055303195373	0.92999
1.9420999999998	0.92006886509561	0.92999
1.9440999999998	0.920082329192785	0.92999
1.9460999999998	0.920095697482912	0.93
1.9480999999998	0.92010897191734	0.93
1.9500999999998	0.920122154403865	0.93001
1.9520999999998	0.920135246807821	0.93001
1.9540999999998	0.920148250953137	0.93002
1.9560999999998	0.920161212605139	0.93002
1.9580999999998	0.920174337529779	0.93003
1.9600999999998	0.920187406476355	0.93003
1.9620999999998	0.920200420441505	0.93003
1.9640999999998	0.920213380402958	0.93004
1.9660999999998	0.920226287319928	0.93004
1.9680999999998	0.920239142133513	0.93005
1.9700999999998	0.920251945767074	0.93005
1.9720999999998	0.920264699126605	0.93006
1.9740999999998	0.920277403101101	0.93006
1.9760999999998	0.920290058562914	0.93006
1.9780999999998	0.920302666368096	0.93007
1.9800999999998	0.920315227356746	0.93007
1.9820999999998	0.920327742353332	0.93008
1.9840999999998	0.920340212167023	0.93008
1.9860999999998	0.920352637591999	0.93009
1.9880999999998	0.920365019407761	0.93009
1.9900999999998	0.920377358379439	0.93009
1.9920999999998	0.920389655258075	0.9301
1.9940999999998	0.920401910780921	0.9301
1.9960999999998	0.920414125671713	0.93011
1.9980999999998	0.920426300640956	0.93011
