t	Sv
0	0	0
0.002	0	0
0.0041	0.00972915319267001	0.00908
0.006	0.00995586833646145	0.00909
0.00800000000000001	0.0103671829683647	0.00909
0.0101	0.0109938699638939	0.0091
0.0121	0.0117798080229221	0.00911
0.0141	0.0127532139166507	0.00912
0.0161	0.0139165752208325	0.00915
0.0180999999999999	0.0152719885628985	0.00918
0.0200999999999999	0.0168212255958778	0.00921
0.0220999999999999	0.0185658009180416	0.00926999999999999
0.0240999999999999	0.0205070340959571	0.00932999999999999
0.0260999999999999	0.0226461018050328	0.00940999999999999
0.0280999999999999	0.0249840791128641	0.00949999999999999
0.0300999999999999	0.0275219707241228	0.00960999999999999
0.0320999999999999	0.0302607338037816	0.00973999999999999
0.0341	0.0332012941629073	0.00989999999999999
0.036	0.0361825662536067	0.01006
0.0380000000000001	0.0395192245369148	0.01027
0.0400000000000001	0.0430603197673353	0.0105
0.0420000000000002	0.046806732624278	0.0107700000000001
0.0440000000000002	0.0507593408327773	0.0110800000000001
0.0460000000000003	0.0549190201681811	0.0114300000000001
0.0480000000000003	0.0592866448933566	0.0118300000000001
0.0500000000000004	0.0638630878326465	0.0122700000000002
0.0520000000000005	0.0686492202227189	0.0127800000000002
0.0540000000000005	0.0736459114351981	0.0133400000000003
0.0560000000000006	0.078854028634344	0.0139800000000003
0.0580000000000006	0.0842744364111407	0.0146800000000005
0.0600000000000007	0.0899079964201058	0.0154800000000006
0.0620000000000007	0.0957555670348722	0.0163600000000007
0.0640000000000008	0.101818003031695	0.0173400000000009
0.0660000000000009	0.108096155305433	0.018440000000001
0.0680000000000009	0.114590870619577	0.0196600000000012
0.070000000000001	0.121304098529983	0.0210200000000014
0.072000000000001	0.143477852625915	0.0225200000000017
0.0740000000000011	0.166826815411804	0.0242000000000019
0.0760000000000012	0.191404919016625	0.0260500000000023
0.0780000000000012	0.217271963045479	0.0281100000000027
0.0800000000000013	0.244492484704754	0.0325400000000032
0.0820000000000013	0.273135840288644	0.0378700000000038
0.0840000000000014	0.303276357951692	0.0439900000000046
0.0860000000000014	0.334993543150656	0.0509900000000053
0.0880000000000015	0.368372326201678	0.0589700000000063
0.0900000000000016	0.403503345923429	0.0680500000000075
0.0920000000000016	0.440483266012001	0.0783600000000088
0.0940000000000017	0.47941512245053	0.0900500000000103
0.0960000000000017	0.520408701321482	0.103250000000012
0.0980000000000018	0.563580947077906	0.118160000000014
0.100000000000002	0.609056401737573	0.134930000000016
0.102000000000002	0.656967675614653	0.153780000000019
0.104000000000002	0.707455950107131	0.174920000000022
0.106000000000002	0.760671512854274	0.198580000000025
0.108000000000002	0.816774325949652	0.225020000000029
0.110000000000002	0.875934631188278	0.254500000000033
0.112000000000002	0.938333609433709	0.287330000000038
0.114000000000002	1.00416410828435	0.323810000000043
0.116000000000002	1.07427885731496	0.364300000000049
0.118000000000002	1.15005970713052	0.409160000000055
0.120000000000002	1.23194970147769	0.458780000000063
0.122000000000002	1.32040693711657	0.513590000000072
0.124000000000003	1.41592010581615	0.57404000000008
0.126000000000002	1.51901014584496	0.640630000000085
0.128000000000002	1.6302319552402	0.713860000000087
0.130000000000002	1.7501761676316	0.794310000000085
0.132000000000002	1.87947099125895	0.882550000000082
0.134000000000002	2.01878411166027	0.979230000000079
0.136000000000001	2.16882465831734	1.08502000000007
0.138000000000001	2.33034523532239	1.20064000000007
0.140000000000001	2.50414401587041	1.32685000000006
0.142000000000001	2.69106690008027	1.46447000000005
0.144	2.89200973529985	1.61436000000004
0.146	3.10792059764842	1.77743000000002
0.148	3.33980213308847	1.95466
0.1501	3.60162640505129	2.15710999999998
0.1521	3.86962549098799	2.36663999999995
0.154099999999999	4.15701557841544	2.59364999999993
0.156099999999999	4.46504539385833	2.83936999999989
0.158099999999999	4.79163748480789	3.10508999999985
0.160099999999999	5.14484197811811	3.39215999999981
0.162099999999998	5.52284279959413	3.70200999999976
0.164099999999998	5.92717365153561	4.0361699999997
0.166099999999998	6.3594461766725	4.39621999999963
0.168099999999998	6.82135265419031	4.78383999999956
0.170099999999998	7.31466867926927	5.20077999999948
0.172099999999997	7.84125581497761	5.64888999999939
0.174099999999997	8.40306419741435	6.13011999999929
0.176099999999997	9.00213507379121	6.64649999999917
0.178099999999997	9.6406032509273	7.20015999999906
0.180099999999996	9.92000241818178	7.79332999999892
0.182099999999996	10.6301152289666	8.42835999999877
0.184099999999996	11.386247825205	9.1076599999986
0.186099999999996	12.1909338783062	9.83380999999845
0.188099999999996	13.0468119665644	10.6094499999982
0.190099999999995	13.9566270219408	11.437349999998
0.192099999999995	14.9232314522413	12.3203899999978
0.194099999999995	15.9495858860402	13.2615799999975
0.196099999999995	17.0387594841722	14.2640199999973
0.198099999999995	18.1874492869828	15.330939999997
0.200099999999994	19.4116630693766	16.4656799999967
0.202099999999994	20.7085096640505	17.6717099999963
0.204099999999994	22.0814764043816	18.9525799999959
0.206099999999994	23.4070217350405	20.3119999999955
0.208099999999993	24.8380827916387	21.7537399999951
0.210099999999993	26.4540809925035	23.2816999999946
0.212099999999993	28.161004337133	24.8998699999941
0.214099999999993	29.9628058222487	26.6123499999936
0.216099999999993	31.8635110514485	28.423299999993
0.218099999999992	33.8672088418942	30.3369699999924
0.220099999999992	35.9780404135173	32.3576899999918
0.222099999999992	38.2001870767687	34.4898099999911
0.224099999999992	40.3484543409648	36.7377599999904
0.226099999999991	42.8004062947835	39.1059599999896
0.228099999999991	45.3763576560999	41.5988799999888
0.230099999999991	47.7408674672164	44.2209399999879
0.232099999999991	50.5673159358224	46.976549999987
0.234099999999991	53.5298506875742	49.870069999986
0.23609999999999	56.6324603036325	52.9057799999849
0.23809999999999	59.8790169742437	56.0878499999839
0.24009999999999	63.2205565704927	59.4203199999827
0.24209999999999	66.5187520606701	62.9070899999816
0.244099999999989	70.2116732628524	66.5518299999803
0.246099999999989	74.0577903799412	70.358019999979
0.248099999999989	77.9570189122154	74.3288699999778
0.250099999999989	81.9415429357949	78.4672999999763
0.252099999999989	86.2183521644867	82.7759299999749
0.254099999999988	90.716917867602	87.2569799999733
0.256099999999988	95.1708293328694	91.9123399999719
0.258099999999988	100.003973583755	96.7434399999703
0.260099999999988	105.007931841071	101.751299999969
0.262099999999987	110.183044951529	106.936429999967
0.264099999999987	115.525014973901	112.298899999965
0.266099999999987	121.07467309983	117.838239999964
0.268099999999987	126.404468709958	123.553449999962
0.270099999999987	132.250383011328	129.44302999996
0.272099999999986	137.997969571696	135.504919999958
0.274099999999986	144.164890333525	141.736539999956
0.276099999999986	150.51382037524	148.134779999954
0.278099999999986	156.995642264145	154.695999999952
0.280099999999985	163.36466712405	161.416099999951
0.282099999999985	169.895492775446	168.290479999949
0.284099999999985	176.808649592682	175.314109999947
0.286099999999985	183.733306702294	182.481549999945
0.288099999999985	191.004948535526	189.786989999943
0.290099999999984	198.039989494697	197.224299999941
0.292099999999984	205.296320725053	204.787059999939
0.294099999999984	212.643406063591	212.468589999938
0.296099999999984	220.267973117685	220.262059999936
0.298099999999983	227.836079879724	228.160449999934
0.300099999999983	235.732249173983	236.156679999933
0.302099999999983	243.532311668152	244.243609999931
0.304099999999983	251.16323750791	252.41406999993
0.306099999999983	259.208152303781	260.660949999928
0.308099999999982	267.251273236128	268.977219999927
0.310099999999982	275.124015494061	277.355949999925
0.312099999999982	283.334248835105	285.790339999924
0.314099999999982	291.580572885328	294.273789999922
0.316099999999982	299.261632023819	302.799899999921
0.318099999999981	307.474503449307	311.36246999992
0.320099999999981	315.565536290023	319.955539999919
0.322099999999981	323.926446030683	328.573429999917
0.324099999999981	332.302511206858	337.210709999916
0.32609999999998	341.065095548506	345.862209999915
0.32809999999998	349.315517009745	354.523049999914
0.33009999999998	357.722680978049	363.188639999913
0.33209999999998	366.128092615199	371.854639999912
0.33409999999998	374.1234590028	380.517019999911
0.336099999999979	382.507477607049	389.17199999991
0.338099999999979	390.819981389757	397.81606999991
0.340099999999979	399.359373005674	406.445979999909
0.342099999999979	407.48681080831	415.058739999908
0.344099999999978	415.501236073872	423.651589999907
0.346099999999978	423.439332619658	432.221999999907
0.348099999999978	431.693582168157	440.767679999906
0.350099999999978	439.918932398744	449.286509999905
0.352099999999978	448.103432858884	457.776619999905
0.354099999999977	456.015937224373	466.236279999904
0.356099999999977	464.071821730395	474.663979999904
0.358099999999977	471.886950082485	483.058339999903
0.360099999999977	479.776569744472	491.418159999903
0.362099999999976	487.800879142231	499.742369999902
0.364099999999976	495.789344983921	508.030039999902
0.366099999999976	503.462680217899	516.280389999901
0.368099999999976	511.374558485987	524.492709999901
0.370099999999976	519.246223763523	532.6664399999
0.372099999999975	527.093205325908	540.8010999999
0.374099999999975	534.816115392228	548.896309999899
0.376099999999975	542.593709796228	556.951759999899
0.378099999999975	550.219792091878	564.967239999899
0.380099999999974	557.461825469889	572.942589999898
0.382099999999974	565.095837350711	580.877739999898
0.384099999999974	572.550770005736	588.772659999898
0.386099999999974	579.773394497348	596.627369999897
0.388099999999974	587.2807865717	604.441959999897
0.390099999999973	594.721255748464	612.216549999897
0.392099999999973	601.956493536252	619.951289999896
0.394099999999973	609.252906644031	627.646399999896
0.396099999999973	616.444288576736	635.302089999896
0.398099999999972	623.758726022692	642.918639999895
0.400099999999972	630.828385086176	650.496319999895
0.402099999999972	638.045267960092	658.035449999895
0.404099999999972	645.213191632747	665.536349999895
0.406099999999972	652.37792887495	672.999379999894
0.408099999999971	659.400879023736	680.424889999894
0.410099999999971	666.489938232242	687.813259999893
0.412099999999971	673.502237843227	695.164879999893
0.414099999999971	680.409346132757	702.480149999893
0.41609999999997	687.219632458179	709.759479999893
0.41809999999997	694.167620913945	717.003269999892
0.42009999999997	700.977100929149	724.211949999892
0.42209999999997	708.072400146457	731.385929999892
0.42409999999997	714.41882541152	738.525649999892
0.426099999999969	721.231354925292	745.631519999891
0.428099999999969	727.940465485402	752.703989999891
0.430099999999969	734.34854997746	759.743479999891
0.432099999999969	740.937352909992	766.750419999891
0.434099999999969	747.616459099262	773.72523999989
0.436099999999968	754.308941440021	780.66836999989
0.438099999999968	760.927254415345	787.58021999989
0.440099999999968	767.447474154947	794.46122999989
0.442099999999968	773.618788402435	801.311819999889
0.444099999999967	780.154738897936	808.132389999889
0.446099999999967	786.730502505964	814.923369999889
0.448099999999967	793.126533787459	821.685159999889
0.450099999999967	799.415977710167	828.418159999888
0.452099999999967	805.840943285119	835.122779999888
0.454099999999966	812.237522060863	841.799419999888
0.456099999999966	818.468207632838	848.448449999888
0.458099999999966	824.808767226054	855.070269999887
0.460099999999966	831.122330595144	861.665269999887
0.462099999999965	837.25295152942	868.233799999887
0.464099999999965	843.678009639871	874.776249999886
0.466099999999965	849.827368027639	881.292979999886
0.468099999999965	855.73064469857	887.784349999886
0.470099999999965	861.971431764587	894.250719999886
0.472099999999964	868.141677483016	900.692419999885
0.474099999999964	874.287963191143	907.109809999885
0.476099999999964	880.149175632847	913.503229999885
0.478099999999964	886.249472479754	919.872999999884
0.480099999999963	892.115938912855	926.219449999884
0.482099999999963	898.118141396235	932.542909999884
0.484099999999963	904.06226711028	938.843689999884
0.486099999999963	910.018487545372	945.122099999883
0.488099999999963	915.928391060035	951.378449999883
0.490099999999962	921.893798472246	957.613039999883
0.492099999999962	927.885912408746	963.826169999883
0.494099999999962	933.716215912264	970.018119999882
0.496099999999962	939.226155924843	976.189179999882
0.498099999999961	944.897580339688	982.339629999882
0.500099999999961	950.509698579733	988.469749999881
0.502099999999961	956.126226371561	994.579799999881
0.504099999999961	961.954676597487	1000.67005999988
0.506099999999961	967.763920365119	1006.74077999988
0.50809999999996	973.221954174827	1012.79222999988
0.51009999999996	978.62709789567	1018.82464999988
0.51209999999996	984.386733522129	1024.83828999988
0.51409999999996	990.12788019148	1030.83338999988
0.516099999999959	995.851125394817	1036.81018999988
0.518099999999959	1001.55704229898	1042.76893999988
0.520099999999959	1007.18379879689	1048.70984999988
0.522099999999959	1012.75116578	1054.63314999988
0.524099999999959	1018.39911338783	1060.53906999988
0.526099999999958	1023.6570968672	1066.42782999988
0.528099999999958	1029.27731275698	1072.29962999988
0.530099999999958	1034.8814651941	1078.15469999988
0.532099999999958	1040.28526838969	1083.99321999988
0.534099999999958	1045.8489380072	1089.81541999988
0.536099999999957	1051.40979288913	1095.62148999988
0.538099999999957	1056.99009417291	1101.41161999988
0.540099999999957	1062.49630004698	1107.18599999988
0.542099999999957	1067.74440405699	1112.94482999988
0.544099999999956	1073.23989569285	1118.68829999987
0.546099999999956	1078.93421088596	1124.41656999987
0.548099999999956	1084.425174878	1130.12983999987
0.550099999999956	1089.87712544484	1135.82826999987
0.552099999999956	1095.32225406693	1141.51204999987
0.554099999999955	1100.74659510135	1147.18132999987
0.556099999999955	1106.15617353797	1152.83629999987
0.558099999999955	1111.55195305804	1158.47709999987
0.560099999999955	1116.98055873355	1164.10390999987
0.562099999999954	1122.34933959888	1169.71686999987
0.564099999999954	1127.7056990637	1175.31614999987
0.566099999999954	1133.05007954049	1180.90189999987
0.568099999999954	1138.26079155173	1186.47426999987
0.570099999999954	1143.58608726837	1192.03339999987
0.572099999999953	1148.53006707587	1197.57943999987
0.574099999999953	1153.66273940809	1203.11252999987
0.576099999999953	1158.92202358255	1208.63281999987
0.578099999999953	1164.157758191	1214.14042999987
0.580099999999952	1169.23478718245	1219.63550999987
0.582099999999952	1174.27051747747	1225.11818999987
0.584099999999952	1179.45783981984	1230.58858999987
0.586099999999952	1184.62667932308	1236.04684999987
0.588099999999952	1189.85146770378	1241.49309999987
0.590099999999951	1195.0645186213	1246.92744999987
0.592099999999951	1200.15978675159	1252.35001999987
0.594099999999951	1205.16365117539	1257.76094999987
0.596099999999951	1210.34186084839	1263.16033999987
0.59809999999995	1215.23898731921	1268.54830999987
0.60009999999995	1220.53412056145	1273.92497999987
0.60209999999995	1225.67588621195	1279.29045999987
0.60409999999995	1230.80708227677	1284.64485999987
0.60609999999995	1235.92809866079	1289.98827999987
0.608099999999949	1241.03931715292	1295.32082999987
0.610099999999949	1245.94448988444	1300.64261999986
0.612099999999949	1251.25657879224	1305.95374999986
0.614099999999949	1256.4913472568	1311.25432999986
0.616099999999948	1261.3892944877	1316.54443999986
0.618099999999948	1266.45530775123	1321.82419999986
0.620099999999948	1271.51069511157	1327.09368999986
0.622099999999948	1276.29706189273	1332.35300999986
0.624099999999948	1281.33159227442	1337.60225999986
0.626099999999947	1286.35618664845	1342.84151999986
0.628099999999947	1291.39125590142	1348.07088999986
0.630099999999947	1296.24273504344	1353.29045999986
0.632099999999947	1300.96718928219	1358.50030999986
0.634099999999946	1305.90281002319	1363.70052999986
0.636099999999946	1310.88020955679	1368.89119999986
0.638099999999946	1315.80219046659	1374.07240999986
0.640099999999946	1320.75923016072	1379.24423999986
0.642099999999946	1325.7065533788	1384.40676999986
0.644099999999945	1330.62901398286	1389.56007999986
0.646099999999945	1335.47846383044	1394.70424999986
0.648099999999945	1340.1967882023	1399.83934999986
0.650099999999945	1345.10857392413	1404.96545999986
0.652099999999945	1349.55810401981	1410.08265999986
0.654099999999944	1354.5577841908	1415.19101999986
0.656099999999944	1359.12075389661	1420.29060999986
0.658099999999944	1364.00519086775	1425.38149999986
0.660099999999944	1368.88044119324	1430.46376999986
0.662099999999943	1373.74684504412	1435.53746999986
0.664099999999943	1378.60473580251	1440.60268999986
0.666099999999943	1383.28514675574	1445.65947999986
0.668099999999943	1388.12640804699	1450.70790999986
0.670099999999943	1392.60486065721	1455.74804999986
0.672099999999942	1397.42814610596	1460.77995999986
0.674099999999942	1402.1204066476	1465.80369999985
0.676099999999942	1406.92589422944	1470.81933999985
0.678099999999942	1411.9224759586	1475.82692999985
0.680099999999941	1416.71598935165	1480.82653999985
0.682099999999941	1421.40848339108	1485.81821999985
0.684099999999941	1426.18895159755	1490.80203999985
0.686099999999941	1430.7637060482	1495.77804999985
0.688099999999941	1435.5272331762	1500.74629999985
0.69009999999994	1440.43007900088	1505.70685999985
0.69209999999994	1445.17768479002	1510.65976999985
0.69409999999994	1449.73255321618	1515.60509999985
0.69609999999994	1454.244831869	1520.54288999985
0.698099999999939	1458.97289271437	1525.47318999985
0.700099999999939	1463.57314807918	1530.39605999985
0.702099999999939	1468.28777779138	1535.31154999985
0.704099999999939	1473.22923112971	1540.21970999985
0.706099999999939	1477.75462716006	1545.12057999985
0.708099999999938	1482.32983903544	1550.01421999985
0.710099999999938	1486.96100418632	1554.90067999985
0.712099999999938	1491.61912435592	1559.77998999985
0.714099999999938	1496.15897968327	1564.65220999985
0.716099999999937	1500.82715437165	1569.51737999985
0.718099999999937	1505.48683977329	1574.37554999985
0.720099999999937	1510.13833309345	1579.22675999985
0.722099999999937	1514.63777398497	1584.07104999985
0.724099999999937	1519.28160483729	1588.90846999985
0.726099999999936	1523.91717175663	1593.73905999985
0.728099999999936	1528.54476828464	1598.56285999985
0.730099999999936	1532.97845473413	1603.37990999985
0.732099999999936	1537.59178294526	1608.19025999985
0.734099999999935	1542.19771331441	1612.99392999985
0.736099999999935	1546.73405227418	1617.79097999984
0.738099999999935	1551.24813293096	1622.58142999984
0.740099999999935	1555.73735312083	1627.36532999984
0.742099999999935	1560.36230632415	1632.14271999984
0.744099999999934	1564.78335360663	1636.91361999984
0.746099999999934	1569.34700793801	1641.67808999984
0.748099999999934	1573.90418893138	1646.43613999984
0.750099999999934	1578.45516659118	1651.18781999984
0.752099999999933	1582.56988237507	1655.93316999984
0.754099999999933	1587.10795634299	1660.67220999984
0.756099999999933	1591.28848696192	1665.40497999984
0.758099999999933	1595.82176203203	1670.13150999984
0.760099999999933	1600.3489214004	1674.85182999984
0.762099999999932	1604.87022620121	1679.56598999984
0.764099999999932	1609.65856983238	1684.27399999984
0.766099999999932	1613.9553567591	1688.97588999984
0.768099999999932	1618.27579662303	1693.67170999984
0.770099999999932	1622.77643251104	1698.36146999984
0.772099999999931	1627.04563865422	1703.04521999984
0.774099999999931	1631.50120773798	1707.72296999984
0.776099999999931	1635.72877297755	1712.39474999984
0.778099999999931	1640.20184613678	1717.06059999984
0.78009999999993	1644.66799947862	1721.72053999984
0.78209999999993	1649.12749487398	1726.37458999984
0.78409999999993	1653.43425927434	1731.02278999984
0.78609999999993	1657.62053500826	1735.66515999984
0.78809999999993	1662.00929845622	1740.30172999984
0.790099999999929	1666.44540227309	1744.93251999984
0.792099999999929	1670.87381197507	1749.55754999984
0.794099999999929	1675.29479403254	1754.17685999984
0.796099999999929	1679.73937366804	1758.79044999984
0.798099999999928	1684.01980623072	1763.39836999984
0.800099999999928	1688.4212436905	1768.00062999983
0.802099999999928	1692.81668468413	1772.59724999983
0.804099999999928	1697.20637996662	1777.18825999983
0.806099999999928	1701.59057640265	1781.77366999983
0.808099999999927	1705.82604613639	1786.35351999983
0.810099999999927	1710.19889953834	1790.92781999983
0.812099999999927	1714.2433573485	1795.49657999983
0.814099999999927	1718.98420082291	1800.05983999983
0.816099999999926	1723.3674932024	1804.61760999983
0.818099999999926	1727.74330927386	1809.16990999983
0.820099999999926	1732.11192191718	1813.71675999983
0.822099999999926	1736.47359914494	1818.25817999983
0.824099999999926	1740.82860430627	1822.79418999983
0.826099999999925	1745.17719628422	1827.32480999983
0.828099999999925	1749.51962968695	1831.85003999983
0.830099999999925	1753.85615503301	1836.36991999983
0.832099999999925	1758.1870189311	1840.88444999983
0.834099999999924	1762.34594884961	1845.39365999983
0.836099999999924	1766.60195782826	1849.89754999983
0.838099999999924	1770.92276681249	1854.39615999983
0.840099999999924	1775.55894194608	1858.88947999983
0.842099999999924	1779.59454821153	1863.37753999983
0.844099999999923	1783.90383405211	1867.86034999983
0.846099999999923	1788.2070480921	1872.33792999983
0.848099999999923	1792.31445021201	1876.81027999983
0.850099999999923	1796.76364259005	1881.27742999983
0.852099999999922	1801.05523883683	1885.73938999983
0.854099999999922	1805.35875825829	1890.19615999983
0.856099999999922	1809.45386003636	1894.64776999983
0.858099999999922	1813.69184867063	1899.09421999983
0.860099999999922	1817.71780103688	1903.53551999983
0.862099999999921	1821.93038262586	1907.97169999983
0.864099999999921	1826.19248059632	1912.40274999983
0.866099999999921	1830.23496523197	1916.82868999983
0.868099999999921	1834.42177216277	1921.24953999982
0.87009999999992	1838.61522376938	1925.66528999982
0.87209999999992	1842.47948950894	1930.07596999982
0.87409999999992	1846.72383006678	1934.48157999982
0.87609999999992	1850.96281287036	1938.88211999982
0.87809999999992	1855.19668468325	1943.27761999982
0.880099999999919	1859.46285545157	1947.66806999982
0.882099999999919	1863.60399278223	1952.05348999982
0.884099999999919	1867.70067915022	1956.43387999982
0.886099999999919	1871.66087916339	1960.80924999982
0.888099999999919	1875.78691922286	1965.17960999982
0.890099999999918	1879.9844171398	1969.54495999982
0.892099999999918	1884.08812730898	1973.90531999982
0.894099999999918	1888.27234707948	1978.26067999982
0.896099999999918	1892.4023742711	1982.61105999982
0.898099999999917	1896.49940334613	1986.95645999982
0.900099999999917	1900.66376657957	1991.29687999982
0.902099999999917	1904.84162902782	1995.63232999982
0.904099999999917	1908.95628762841	1999.96280999982
0.906099999999917	1913.11077377084	2004.28833999982
0.908099999999916	1917.25846425772	2008.60889999982
0.910099999999916	1921.39960206258	2012.92450999982
0.912099999999916	1925.53442616429	2017.23516999982
0.914099999999916	1929.66317171328	2021.54087999982
0.916099999999915	1933.78607019272	2025.84164999982
0.918099999999915	1937.89322660705	2030.13746999982
0.920099999999915	1941.89895188441	2034.42834999982
0.922099999999915	1946.00659956686	2038.71428999982
0.924099999999915	1950.10950915397	2042.99528999982
0.926099999999914	1954.12828238249	2047.27134999982
0.928099999999914	1958.43165780022	2051.54246999982
0.930099999999914	1962.52501638238	2055.80865999982
0.932099999999914	1966.55925602484	2060.06989999982
0.934099999999913	1970.64242112519	2064.32620999982
0.936099999999913	1974.59102892711	2068.57757999982
0.938099999999913	1978.80928985745	2072.82400999982
0.940099999999913	1982.90365698067	2077.06548999981
0.942099999999913	1986.99242067343	2081.30202999981
0.944099999999912	1991.04575107771	2085.53362999981
0.946099999999912	1995.12360975716	2089.76026999981
0.948099999999912	1999.15819385256	2093.98195999981
0.950099999999912	2003.14227335907	2098.19868999981
0.952099999999911	2007.20386717731	2102.41045999981
0.954099999999911	2011.07200211486	2106.61726999981
0.956099999999911	2015.06246752573	2110.81910999981
0.958099999999911	2019.10811088721	2115.01596999981
0.960099999999911	2023.14854101687	2119.20785999981
0.96209999999991	2026.85721719926	2123.39474999981
0.96409999999991	2030.8880158124	2127.57665999981
0.96609999999991	2034.91365180652	2131.75356999981
0.96809999999991	2038.76972088892	2135.92546999981
0.970099999999909	2042.42166017286	2140.09235999981
0.972099999999909	2046.2089597638	2144.25422999981
0.974099999999909	2050.29859095454	2148.41105999981
0.976099999999909	2054.29731857321	2152.56286999981
0.978099999999909	2058.23429520724	2156.70961999981
0.980099999999908	2062.22153427934	2160.85131999981
0.982099999999908	2066.20317721278	2164.98794999981
0.984099999999908	2070.03576357729	2169.11950999981
0.986099999999908	2073.6414082488	2173.24596999981
0.988099999999908	2077.60679838529	2177.36733999981
0.990099999999907	2081.50382673204	2181.48359999981
0.992099999999907	2085.36092442504	2185.59473999981
0.994099999999907	2089.31074902904	2189.70073999981
0.996099999999907	2093.25559222514	2193.80158999981
0.998099999999906	2097.19567976464	2197.89728999981
1.00009999999991	2101.07148776068	2201.98779999981
1.00209999999991	2105.00203695387	2206.07312999981
1.00409999999991	2108.92795826802	2210.15324999981
1.00609999999991	2112.45673499025	2214.22814999981
1.00809999999991	2116.38480795054	2218.29781999981
1.01009999999991	2120.30854516941	2222.36222999981
1.0120999999999	2124.16330475306	2226.42136999981
1.0140999999999	2127.81012979448	2230.47522999981
1.0160999999999	2131.64408495204	2234.52377999981
1.0180999999999	2135.54821070867	2238.56699999981
1.0200999999999	2139.37454239322	2242.60488999981
1.0220999999999	2143.26465239172	2246.63740999981
1.0240999999999	2147.14785055991	2250.66453999981
1.0260999999999	2151.02436901907	2254.68627999981
1.0280999999999	2154.89443614581	2258.70258999981
1.0300999999999	2158.75754192125	2262.71344999981
1.0320999999999	2162.61520245448	2266.71883999981
1.0340999999999	2166.46674410979	2270.7187399998
1.0360999999999	2170.31238493191	2274.71312999981
1.0380999999999	2174.18261824132	2278.70196999981
1.0400999999999	2178.02330594439	2282.6852499998
1.0420999999999	2181.83099741038	2286.6629299998
1.0440999999999	2185.67049719526	2290.6349999998
1.0460999999999	2189.46741244439	2294.6014299998
1.0480999999999	2193.3177732742	2298.5621899998
1.0500999999999	2197.14199037699	2302.5172399998
1.0520999999999	2200.95956866094	2306.4665699998
1.0540999999999	2204.77073052194	2310.4101299998
1.0560999999999	2208.5756948928	2314.3479099998
1.0580999999999	2212.35490521639	2318.2798699998
1.0600999999999	2216.14878575244	2322.2059799998
1.0620999999999	2219.88919678258	2326.1261999998
1.0640999999999	2223.78326960073	2330.0405099998
1.0660999999999	2227.31943630213	2333.9488599998
1.0680999999999	2231.09773886744	2337.8512299998
1.0700999999999	2234.87106989461	2341.7475699998
1.0720999999999	2238.57870181591	2345.6378599998
1.0740999999999	2242.2477973957	2349.5220499998
1.0760999999999	2246.00547991287	2353.4001099998
1.0780999999999	2249.75768917901	2357.2719899998
1.0800999999999	2253.2235726781	2361.1376599998
1.0820999999999	2256.94828129569	2364.9970799998
1.0840999999999	2260.38099434147	2368.8501999998
1.0860999999999	2264.13690606195	2372.6969899998
1.0880999999999	2267.88608822488	2376.5373899998
1.0900999999999	2271.62877162147	2380.3713699998
1.0920999999999	2275.29425227945	2384.1988699998
1.0940999999999	2279.02433875012	2388.0198599998
1.0960999999999	2282.64400173566	2391.8342799998
1.0980999999999	2286.36145881009	2395.6420899998
1.1000999999999	2290.07279645121	2399.4432299998
1.1020999999999	2293.7782330281	2403.2376599998
1.10409999999989	2297.47798378237	2407.0253199998
1.10609999999989	2301.01938591596	2410.8061699998
1.10809999999989	2304.70779880791	2414.5801399998
1.11009999999989	2308.33095646488	2418.3471799998
1.11209999999989	2311.75539123961	2422.1072399998
1.11409999999989	2315.42560719603	2425.8602599998
1.11609999999989	2319.01918003875	2429.6061799998
1.11809999999989	2322.52200288678	2433.3449299998
1.12009999999989	2325.73325191546	2437.0764599998
1.12209999999989	2329.37578120859	2440.8007099998
1.12409999999989	2333.01117804217	2444.5176099998
1.12609999999989	2336.63965884306	2448.2270999998
1.12809999999989	2340.26143644211	2451.9291099998
1.13009999999989	2343.87672021469	2455.6235599998
1.13209999999989	2347.38893402399	2459.3103999998
1.13409999999989	2350.99282342251	2462.9895499998
1.13609999999989	2354.41488317216	2466.6609399998
1.13809999999989	2358.0066106658	2470.3244899998
1.14009999999989	2361.5920085009	2473.9801299998
1.14209999999989	2365.17291702389	2477.6277899998
1.14409999999989	2368.74855301772	2481.2673699998
1.14609999999989	2372.31911287294	2484.8988099998
1.14809999999989	2375.82231247518	2488.5220099998
1.15009999999989	2379.38293729046	2492.1369099998
1.15209999999989	2382.91139612767	2495.7433999998
1.15409999999989	2386.61791581435	2499.3414099998
1.15609999999989	2390.16447508008	2502.9308399998
1.15809999999989	2393.67063173224	2506.5115999998
1.16009999999989	2396.70562244296	2510.0835999998
1.16209999999989	2400.24847372775	2513.6467399998
1.16409999999989	2404.03682484622	2517.2009399998
1.16609999999989	2407.71251567729	2520.7460799998
1.16809999999989	2411.07939486635	2524.2820599998
1.17009999999989	2414.5665029498	2527.8087999998
1.17209999999989	2418.09665180595	2531.3261599998
1.17409999999989	2421.61932141447	2534.8340599998
1.17609999999989	2425.08731706981	2538.3323799998
1.17809999999989	2428.5556811909	2541.8210099998
1.18009999999989	2432.05564088384	2545.2998299998
1.18209999999989	2435.54798881386	2548.7687199998
1.18409999999989	2439.00021158438	2552.2275799998
1.18609999999989	2442.4177399493	2555.6762599998
1.18809999999989	2445.97228957592	2559.1146599998
1.19009999999989	2449.38451331586	2562.5426399998
1.19209999999989	2452.84302881379	2565.9600699998
1.19409999999988	2456.11577198953	2569.3668299998
1.19609999999988	2459.55784301648	2572.7627699998
1.19809999999988	2462.99190094088	2576.14774999981
1.20009999999988	2466.41814792509	2579.52164999981
1.20209999999988	2469.83678220625	2582.88429999981
1.20409999999988	2473.29082705272	2586.23556999981
1.20609999999988	2476.70936939905	2589.57529999981
1.20809999999988	2480.12026564339	2592.90334999981
1.21009999999988	2483.44874126294	2596.21954999981
1.21209999999988	2486.84441934683	2599.52374999981
1.21409999999988	2489.58893327991	2602.81577999981
1.21609999999988	2492.97121575043	2606.09547999981
1.21809999999988	2496.34511106852	2609.36267999981
1.22009999999988	2499.71081419678	2612.61720999981
1.22209999999988	2503.06851602521	2615.85887999981
1.22409999999988	2506.45350053671	2619.08751999981
1.22609999999988	2509.54775678288	2622.30294999981
1.22809999999988	2512.81956646445	2625.50496999981
1.23009999999988	2516.14944599542	2628.69339999981
1.23209999999988	2519.47255378494	2631.86803999981
1.23409999999988	2522.735625069	2635.02869999981
1.23609999999988	2525.88586395477	2638.17516999981
1.23809999999988	2528.94867112905	2641.30723999981
1.24009999999988	2532.24305244793	2644.42470999981
1.24209999999988	2535.50068411356	2647.52735999981
1.24409999999988	2538.77904549962	2650.61496999981
1.24609999999988	2542.04936069959	2653.68731999981
1.24809999999988	2545.31180329991	2656.74417999982
1.25009999999988	2548.74777482103	2659.78531999982
1.25209999999988	2551.29451397774	2662.81050999982
1.25409999999988	2554.56418501026	2665.81950999982
1.25609999999988	2557.82504909796	2668.81206999982
1.25809999999988	2561.07728465257	2671.78794999982
1.26009999999988	2564.32106578091	2674.74688999982
1.26209999999988	2567.55656239125	2677.68863999982
1.26409999999988	2570.78291932253	2680.61293999982
1.26609999999988	2574.00197114465	2683.51951999982
1.26809999999988	2577.16927981288	2686.40811999982
1.27009999999988	2580.2746915333	2689.27845999982
1.27209999999988	2583.46787264634	2692.13025999982
1.27409999999988	2586.55897357641	2694.96324999982
1.27609999999988	2589.73396062942	2697.77713999983
1.27809999999988	2592.75656186695	2700.57163999983
1.28009999999988	2595.80072017482	2703.34644999983
1.28209999999988	2598.94703228727	2706.10128999983
1.28409999999988	2601.89267098687	2708.83585999983
1.28609999999987	2604.99666881153	2711.54983999983
1.28809999999987	2608.12228968455	2714.24292999983
1.29009999999987	2611.23672047916	2716.91483999983
1.29209999999987	2614.34013133702	2719.56522999983
1.29409999999987	2617.43268700451	2722.19379999983
1.29609999999987	2620.51454694543	2724.80022999984
1.29809999999987	2623.03496308248	2727.38419999984
1.30009999999987	2626.09584320524	2729.94538999984
1.30209999999987	2629.14572711295	2732.48347999984
1.30409999999987	2632.18476606987	2734.99813999984
1.30609999999987	2635.16724323853	2737.48904999984
1.30809999999987	2638.1846871268	2739.95587999984
1.31009999999987	2641.19133602156	2742.39831999984
1.31209999999987	2644.18732730901	2744.81601999985
1.31409999999987	2647.09946298649	2747.20866999985
1.31609999999987	2650.02872013404	2749.57594999985
1.31809999999987	2653.00942734939	2751.91753999985
1.32009999999987	2656.02555614422	2754.23310999985
1.32209999999987	2658.9286520369	2756.52234999985
1.32409999999987	2661.87481875824	2758.78494999985
1.32609999999987	2664.81002817209	2761.02058999986
1.32809999999987	2667.51911383196	2763.22898999986
1.33009999999987	2670.43220940679	2765.40982999986
1.33209999999987	2673.33430604699	2767.56281999986
1.33409999999987	2676.22551717939	2769.68768999986
1.33609999999987	2679.10595099759	2771.78414999986
1.33809999999987	2681.97571052007	2773.85192999987
1.34009999999987	2684.83489364262	2775.89077999987
1.34209999999987	2687.68359318511	2777.90042999987
1.34409999999987	2690.47524506231	2779.88065999987
1.34609999999987	2693.16242042853	2781.83123999987
1.34809999999987	2696.0273174395	2783.75193999987
1.35009999999987	2698.84388160197	2785.64255999988
1.35209999999987	2701.10478391305	2787.50291999988
1.35409999999987	2703.91735477599	2789.33283999988
1.35609999999987	2706.71717750638	2791.13215999988
1.35809999999987	2709.64134562621	2792.90072999988
1.36009999999987	2712.43142050311	2794.63843999989
1.36209999999987	2715.20828694313	2796.34515999989
1.36409999999987	2717.972037886	2798.02081999989
1.36609999999987	2720.41591021238	2799.66531999989
1.36809999999987	2723.15445045396	2801.27863999989
1.37009999999987	2725.87972080991	2802.86071999989
1.37209999999987	2728.59179792261	2804.4115499999
1.37409999999987	2731.01161029872	2805.9311599999
1.37609999999986	2733.64668669145	2807.4195499999
1.37809999999986	2736.25110066627	2808.8767999999
1.38009999999986	2738.91067939466	2810.3029499999
1.38209999999986	2741.55557616544	2811.69811999991
1.38409999999986	2744.28392742804	2813.06241999991
1.38609999999986	2746.90875758429	2814.39597999991
1.38809999999986	2749.51832407259	2815.69896999991
1.39009999999986	2752.11270213785	2816.97156999991
1.39209999999986	2754.69196032419	2818.21397999992
1.39409999999986	2757.25616056468	2819.42641999992
1.39609999999986	2759.80535826617	2820.60914999992
1.39809999999986	2762.33960238976	2821.76241999992
1.40009999999986	2764.85893552701	2822.88652999992
1.40209999999986	2767.36339397236	2823.98177999993
1.40409999999986	2769.85300779208	2825.04849999993
1.40609999999986	2772.32780088992	2826.08701999993
1.40809999999986	2774.78779107009	2827.09770999993
1.41009999999986	2777.2329900975	2828.08093999993
1.41209999999986	2779.66340375601	2829.03710999993
1.41409999999986	2782.15150422439	2829.96661999994
1.41609999999986	2784.57254832236	2830.86988999994
1.41809999999986	2786.92257186221	2831.74734999994
1.42009999999986	2789.24519790515	2832.59945999994
1.42209999999986	2791.54965792286	2833.42664999994
1.42409999999986	2793.90634520759	2834.22940999994
1.42609999999986	2796.2448697668	2835.00818999995
1.42809999999986	2798.31645164537	2835.76347999995
1.43009999999986	2800.61833839302	2836.49576999995
1.43209999999986	2802.90174020604	2837.20555999995
1.43409999999986	2805.06654729637	2837.89331999995
1.43609999999986	2807.3124976371	2838.55956999995
1.43809999999986	2809.53967194028	2839.20480999995
1.44009999999986	2811.74810051469	2839.82953999996
1.44209999999986	2813.94706840863	2840.43425999996
1.44409999999986	2816.11832505004	2841.01947999996
1.44609999999986	2818.27160932854	2841.58569999996
1.44809999999986	2820.40691187558	2842.13340999996
1.45009999999986	2822.49257741258	2842.66311999996
1.45209999999986	2824.59169922893	2843.17530999996
1.45409999999986	2826.67250034454	2843.67047999997
1.45609999999986	2828.73496301137	2844.14910999997
1.45809999999986	2830.77906537923	2844.61166999997
1.46009999999986	2832.83523464257	2845.05862999997
1.46209999999986	2834.84566754418	2845.49046999997
1.46409999999986	2836.83722491675	2845.90763999997
1.46609999999985	2838.80988323179	2846.31057999997
1.46809999999985	2840.57524321998	2846.69974999997
1.47009999999985	2842.50964097396	2847.07555999997
1.47209999999985	2844.42464065801	2847.43845999997
1.47409999999985	2846.2759304443	2847.78884999997
1.47609999999985	2848.13356323554	2848.12713999998
1.47809999999985	2849.98912935337	2848.45372999998
1.48009999999985	2851.82459502146	2848.76900999998
1.48209999999985	2853.63995894391	2849.07335999998
1.48409999999985	2855.43521830157	2849.36713999998
1.48609999999985	2857.16634310391	2849.65071999998
1.48809999999985	2858.92112362629	2849.92444999998
1.49009999999985	2860.84886130226	2850.18866999998
1.49209999999985	2862.58221838268	2850.44370999998
1.49409999999985	2864.17886920314	2850.68988999998
1.49609999999985	2865.48384954609	2850.92751999998
1.49809999999985	2867.13565496798	2851.15691999998
1.50009999999985	2869.00805838446	2851.37835999998
1.50209999999985	2870.66008571207	2851.59213999998
1.50409999999985	2872.2895455635	2851.79853999998
1.50609999999985	2873.89650289053	2851.99780999999
1.50809999999985	2875.48102355301	2852.19022999999
1.51009999999985	2877.04317460924	2852.37602999999
1.51209999999985	2878.58302459977	2852.55546999999
1.51409999999985	2880.10064382384	2852.72876999999
1.51609999999985	2881.59610460826	2852.89615999999
1.51809999999985	2883.01507081936	2853.05786999999
1.52009999999985	2884.46619382283	2853.21408999999
1.52209999999985	2885.81545988729	2853.36502999999
1.52409999999985	2887.22217018365	2853.51089999999
1.52609999999985	2888.60673372484	2853.65186999999
1.52809999999985	2889.9692657277	2853.78812999999
1.53009999999985	2891.30988455883	2853.91985999999
1.53209999999985	2892.62871191242	2854.04722999999
1.53409999999985	2894.11847094189	2854.17038999999
1.53609999999985	2895.40086657504	2854.28950999999
1.53809999999985	2896.66150226833	2854.40473999999
1.54009999999985	2897.90052412551	2854.51621999999
1.54209999999985	2899.11808215571	2854.62408999999
1.54409999999985	2900.00323223909	2854.72848999999
1.54609999999985	2901.1805709096	2854.82954999999
1.54809999999985	2902.33668245277	2854.92738999999
1.55009999999985	2903.47174516683	2855.02213999999
1.55209999999985	2904.58594131352	2855.11390999999
1.55409999999985	2905.67945713611	2855.20280999999
1.55609999999985	2906.7524828621	2855.28893999999
1.55809999999984	2907.80521269062	2855.37241999999
1.56009999999984	2908.83784476496	2855.45332999999
1.56209999999984	2909.85058113039	2855.53177999999
1.56409999999984	2910.63791964246	2855.60785999999
1.56609999999984	2911.62148640641	2855.68164999999
1.56809999999984	2912.58523238228	2855.75323999999
1.57009999999984	2913.52939098226	2855.82270999999
1.57209999999984	2914.4541989383	2855.89013999999
1.57409999999984	2915.35989617595	2855.95561
1.57609999999984	2916.24672567662	2856.01917999999
1.57809999999984	2917.11493332909	2856.08091999999
1.58009999999984	2917.96476777105	2856.14091
1.58209999999984	2918.79648022144	2856.1992
1.58409999999984	2919.5307564051	2856.25586
1.58609999999984	2920.32691453408	2856.31095
1.58809999999984	2921.10566324561	2856.36452
1.59009999999984	2921.86726738927	2856.41663
1.59209999999984	2922.61199321247	2856.46733
1.59409999999984	2923.34010815904	2856.51667
1.59609999999984	2924.05188066488	2856.5647
1.59809999999984	2924.74757995146	2856.61147
1.60009999999984	2925.42747581813	2856.65703
1.60209999999984	2926.33313313442	2856.7014
1.60409999999984	2926.98229005252	2856.74465
1.60609999999984	2927.61641411135	2856.7868
1.60809999999984	2928.2357789581	2856.8279
1.61009999999984	2928.84065760067	2856.86797
1.61209999999984	2929.43132221297	2856.90707
1.61409999999984	2930.00804394402	2856.94522
1.61609999999984	2930.57109273124	2856.98245
1.61809999999984	2931.12073711869	2857.0188
1.62009999999984	2931.65724408043	2857.0543
1.62209999999984	2932.16771180134	2857.08897
1.62409999999984	2932.67869815975	2857.12285
1.62609999999984	2933.17730585442	2857.15596
1.62809999999984	2933.66379722368	2857.18832
1.63009999999984	2934.09578504273	2857.21997
1.63209999999984	2934.5587761336	2857.25093
1.63409999999984	2935.01039314366	2857.28121
1.63609999999984	2935.45089058593	2857.31085
1.63809999999984	2935.88051973988	2857.33986
1.64009999999984	2936.29952855829	2857.36827
1.64209999999984	2936.70816158147	2857.39609
1.64409999999984	2937.10665985881	2857.42334
1.64609999999984	2937.49526087761	2857.45005
1.64809999999983	2937.87419849911	2857.47623
1.65009999999983	2938.24370290148	2857.50189
1.65209999999983	2938.60400052986	2857.52706
1.65409999999983	2938.95531405305	2857.55175
1.65609999999983	2939.29786232681	2857.57598
1.65809999999983	2939.63186036362	2857.59975
1.66009999999983	2939.95751930856	2857.62309
1.66209999999983	2940.27504642123	2857.64601
1.66409999999983	2940.58464506337	2857.66852
1.66609999999983	2940.88651469209	2857.69064
1.66809999999983	2941.18085085831	2857.71238
1.67009999999983	2941.46784521034	2857.73374
1.67209999999983	2941.74768550222	2857.75474
1.67409999999983	2941.46063249896	2857.7754
1.67609999999983	2941.72682415725	2857.79572
1.67809999999983	2941.98638939098	2857.81571
1.68009999999983	2942.2395014827	2857.83539
1.68209999999983	2942.48632987022	2857.85476
1.68409999999983	2942.72704018149	2857.87383
1.68609999999983	2942.96179427249	2857.89261
1.68809999999983	2943.19075026787	2857.91111
1.69009999999983	2943.41406260428	2857.92934
1.69209999999983	2943.63188207586	2857.94731
1.69409999999983	2943.84435588209	2857.96502
1.69609999999983	2944.05162767739	2857.98248
1.69809999999983	2944.25383762258	2857.99971
1.70009999999983	2944.45112243786	2858.0167
1.70209999999983	2944.64361545721	2858.03346
1.70409999999983	2944.83144668385	2858.05
1.70609999999983	2945.01474284695	2858.06633
1.70809999999983	2945.19362745908	2858.08245
1.71009999999983	2945.36822087436	2858.09837
1.71209999999983	2945.53864034739	2858.1141
1.71409999999983	2945.70500009239	2858.12963
1.71609999999983	2945.86741134286	2858.14498
1.71809999999983	2946.02598241136	2858.16015
1.72009999999983	2946.18081874944	2858.17515
1.72209999999983	2946.33202300749	2858.18998
1.72409999999983	2946.47969509458	2858.20464
1.72609999999983	2946.62393223803	2858.21915
1.72809999999983	2946.76482904274	2858.2335
1.73009999999983	2946.90247755021	2858.2477
1.73209999999983	2947.03696729701	2858.26175
1.73409999999983	2947.16838537289	2858.27566
1.73609999999983	2947.29681647825	2858.28943
1.73809999999983	2947.42234298107	2858.30306
1.74009999999982	2947.54504497309	2858.31657
1.74209999999982	2947.73298429327	2858.32995
1.74409999999982	2947.85031309627	2858.3432
1.74609999999982	2947.96504060125	2858.35633
1.74809999999982	2948.07723857454	2858.36935
1.75009999999982	2948.186976764	2858.38225
1.75209999999982	2948.29432295115	2858.39504
1.75409999999982	2948.3993430024	2858.40773
1.75609999999982	2948.50210091931	2858.42031
1.75809999999982	2948.60265888795	2858.43278
1.76009999999982	2948.70107732728	2858.44516
1.76209999999982	2948.79741493667	2858.45744
1.76409999999982	2948.89172874226	2858.46963
1.76609999999982	2948.98407414257	2858.48172
1.76809999999982	2949.074504953	2858.49373
1.77009999999982	2949.16307344942	2858.50565
1.77209999999982	2949.24983041078	2858.51748
1.77409999999982	2949.33482516077	2858.52924
1.77609999999982	2949.41810560849	2858.54091
1.77809999999982	2949.49971828825	2858.5525
1.78009999999982	2949.57970839832	2858.56402
1.78209999999982	2949.65826369127	2858.57547
1.78409999999982	2949.73547651723	2858.58684
1.78609999999982	2949.81111396055	2858.59814
1.78809999999982	2949.88518816659	2858.60938
1.79009999999982	2949.95803246202	2858.62055
1.79209999999982	2950.02967673941	2858.63165
1.79409999999982	2950.10015011264	2858.64269
1.79609999999982	2950.16948093746	2858.65367
1.79809999999982	2950.23769683142	2858.66459
1.80009999999982	2950.30482469347	2858.67545
1.80209999999982	2950.37089072291	2858.68626
1.80409999999982	2950.43592043809	2858.69701
1.80609999999982	2950.49993869447	2858.7077
1.80809999999982	2950.56296970232	2858.71835
1.81009999999982	2950.62503704398	2858.72894
1.81209999999982	2950.68616369064	2858.73948
1.81409999999982	2950.74637201876	2858.74998
1.81609999999982	2950.80568382602	2858.76042
1.81809999999982	2950.86412034688	2858.77082
1.82009999999982	2950.92170226776	2858.78118
1.82209999999982	2950.97844974176	2858.79149
1.82409999999982	2951.03438240309	2858.80177
1.82609999999982	2951.08951938104	2858.81199
1.82809999999982	2951.14387931362	2858.82218
1.83009999999981	2951.19748036086	2858.83233
1.83209999999981	2951.2503402177	2858.84245
1.83409999999981	2951.30247612657	2858.85252
1.83609999999981	2951.35390488965	2858.86256
1.83809999999981	2951.40464288072	2858.87256
1.84009999999981	2951.45470605682	2858.88253
1.84209999999981	2951.50410996951	2858.89246
1.84409999999981	2951.55286977576	2858.90237
1.84609999999981	2951.60100024871	2858.91224
1.84809999999981	2951.64851578798	2858.92208
1.85009999999981	2951.6954304298	2858.93188
1.85209999999981	2951.74175785681	2858.94166
1.85409999999981	2951.78751140758	2858.95142
1.85609999999981	2951.83270408593	2858.96114
1.85809999999981	2951.87734856989	2858.97083
1.86009999999981	2951.92145722055	2858.9805
1.86209999999981	2951.96504209053	2858.99015
1.86409999999981	2952.00811493227	2858.99977
1.86609999999981	2952.05068720613	2859.00936
1.86809999999981	2952.09277008821	2859.01893
1.87009999999981	2952.13437447794	2859.02848
1.87209999999981	2952.17551100553	2859.038
1.87409999999981	2952.21619003911	2859.04751
1.87609999999981	2952.2564216918	2859.05699
1.87809999999981	2952.29621582847	2859.06645
1.88009999999981	2952.33558207234	2859.07589
1.88209999999981	2952.37452981143	2859.08531
1.88409999999981	2952.41306820481	2859.09471
1.88609999999981	2952.45120618867	2859.10409
1.88809999999981	2952.4889524822	2859.11346
1.89009999999981	2952.52631559337	2859.12281
1.89209999999981	2952.56330383531	2859.13214
1.89409999999981	2952.59992536707	2859.14145
1.89609999999981	2952.63618814303	2859.15075
1.89809999999981	2952.67209988865	2859.16003
1.90009999999981	2952.70766809723	2859.16929
1.90209999999981	2952.74290009002	2859.17854
1.90409999999981	2952.7778030234	2859.18778
1.90609999999981	2952.81238389139	2859.197
1.90809999999981	2952.84664952862	2859.20621
1.91009999999981	2952.88060661329	2859.21541
1.91209999999981	2952.91426167032	2859.22459
1.91409999999981	2952.94762107457	2859.23376
1.91609999999981	2952.98069105412	2859.24292
1.91809999999981	2953.01347769353	2859.25206
1.9200999999998	2953.04598693716	2859.26119
1.9220999999998	2953.07822459246	2859.27032
1.9240999999998	2953.11019633318	2859.27943
1.9260999999998	2953.14190770267	2859.28853
1.9280999999998	2953.17336411699	2859.29762
1.9300999999998	2953.20457086804	2859.3067
1.9320999999998	2953.23553312669	2859.31577
1.9340999999998	2953.26625594572	2859.32484
1.9360999999998	2953.2967442628	2859.33389
1.9380999999998	2953.32700290336	2859.34293
1.9400999999998	2953.3570365834	2859.35197
1.9420999999998	2953.38684991226	2859.361
1.9440999999998	2953.41644739529	2859.37002
1.9460999999998	2953.44583343642	2859.37903
1.9480999999998	2953.47501234079	2859.38803
1.9500999999998	2953.50398831715	2859.39703
1.9520999999998	2953.53276548034	2859.40602
1.9540999999998	2953.56134785357	2859.415
1.9560999999998	2953.5898422825	2859.42398
1.9580999999998	2953.618727641	2859.43295
1.9600999999998	2953.64748901837	2859.44191
1.9620999999998	2953.67612861327	2859.45087
1.9640999999998	2953.7046485825	2859.45982
1.9660999999998	2953.73305104196	2859.46877
1.9680999999998	2953.76133806745	2859.47771
1.9700999999998	2953.78951169559	2859.48665
1.9720999999998	2953.81757392455	2859.49558
1.9740999999998	2953.84552671495	2859.50451
1.9760999999998	2953.8733719906	2859.51343
1.9780999999998	2953.90111163928	2859.52235
1.9800999999998	2953.9287475135	2859.53126
1.9820999999998	2953.95628143122	2859.54017
1.9840999999998	2953.98371517658	2859.54908
1.9860999999998	2954.01105050058	2859.55798
1.9880999999998	2954.03828912182	2859.56688
1.9900999999998	2954.06543272709	2859.57578
1.9920999999998	2954.09248297206	2859.58467
1.9940999999998	2954.11944148196	2859.59356
1.9960999999998	2954.14630985211	2859.60244
1.9980999999998	2954.17308964861	2859.61133
