t	fs
0	0	0
0.01	3.6E-07	8.88888888888889E-07
0.02	1.60444444444445E-06	3.55555555555556E-06
0.03	3.73777777777778E-06	8.00000000000001E-06
0.04	6.75999999999999E-06	1.42222222222222E-05
0.05	1.06711111111111E-05	2.22222222222223E-05
0.06	1.54711111111111E-05	3.20000000000001E-05
0.07	2.116E-05	4.35555555555556E-05
0.0800000000000001	2.77377777777777E-05	5.6888888888889E-05
0.0900000000000001	3.52044444444445E-05	7.20000000000001E-05
0.1	4.35600000000001E-05	8.8888888888889E-05
0.11	5.28044444444446E-05	0.000107555555555556
0.12	6.2937777777778E-05	0.000128
0.13	7.39600000000004E-05	0.000150222222222222
0.14	8.58711111111116E-05	0.000174222222222222
0.15	9.80296049406921E-05	0.0002
0.16	0.000136228804425546	0.000227555555555556
0.17	0.000149401196736938	0.000256888888888889
0.18	0.00016452132598922	0.000288
0.19	0.000181589192182392	0.000320888888888889
0.2	0.000200604795316454	0.000355555555555556
0.21	0.000221568135391407	0.000392000000000001
0.22	0.000244479212407249	0.000430222222222223
0.23	0.000269338026363982	0.000470222222222223
0.24	0.000296144577261604	0.000512000000000001
0.25	0.000324898865100117	0.000555555555555556
0.26	0.000355600889879519	0.00060088888888889
0.27	0.000388250651599811	0.000648000000000001
0.28	0.000422848150260993	0.00069688888888889
0.29	0.000459393385863065	0.000747555555555557
0.3	0.000567144072029031	0.000800000000000001
0.31	0.000591610448311918	0.000854222222222223
0.32	0.000619562099908421	0.000910222222222224
0.33	0.000650999026818542	0.000968000000000001
0.34	0.000685921229042278	0.00102755555555556
0.35	0.000724328706579631	0.00108888888888889
0.36	0.000766221459430601	0.001152
0.37	0.000811599487595187	0.00121688888888889
0.38	0.000860462791073389	0.00128355555555556
0.39	0.000912811369865208	0.001352
0.4	0.000968645223970643	0.00142222222222222
0.41	0.00102796435338969	0.00149422222222222
0.42	0.00109076875812236	0.001568
0.43	0.00115705843816864	0.00164355555555556
0.44	0.00122683339352855	0.00172088888888889
0.45	0.00140615571684291	0.0018
0.46	0.00144439998089378	0.00188088888888889
0.47	0.00148764449458666	0.00196355555555556
0.48	0.00153588925792154	0.002048
0.49	0.00158913427089844	0.00213422222222223
0.5	0.00164737953351734	0.00222222222222223
0.51	0.00171062504577824	0.002312
0.52	0.00177887080768116	0.00240355555555556
0.53	0.00185211681922608	0.00249688888888889
0.54	0.001930363080413	0.002592
0.55	0.00201360959124194	0.00268888888888889
0.56	0.00210185635171288	0.00278755555555556
0.57	0.00219510336182582	0.002888
0.58	0.00229335062158078	0.00299022222222223
0.59	0.00239659813097773	0.00309422222222223
0.6	0.00263948109579375	0.0032
0.61	0.00269185339034364	0.00330755555555556
0.62	0.00275077284425766	0.00341688888888889
0.63	0.00281623945753583	0.00352800000000001
0.64	0.00288825323017813	0.00364088888888889
0.65	0.00296681416218458	0.00375555555555556
0.66	0.00305192225355517	0.00387200000000001
0.67	0.0031435775042899	0.00399022222222223
0.68	0.00324177991438876	0.00411022222222223
0.690000000000001	0.00334652948385177	0.00423200000000001
0.700000000000001	0.00345782621267892	0.00435555555555556
0.710000000000001	0.00357567010087021	0.0044808888888889
0.720000000000001	0.00370006114842565	0.00460800000000001
0.730000000000001	0.00383099935534522	0.0047368888888889
0.740000000000001	0.00396848472162893	0.00486755555555556
0.750000000000001	0.00427111314247926	0.00500000000000001
0.760000000000001	0.00433819395067289	0.00513422222222223
0.770000000000001	0.00441332602136521	0.00527022222222223
0.780000000000001	0.00449650935455622	0.00540800000000001
0.790000000000001	0.00458774395024594	0.00554755555555556
0.800000000000001	0.00468702980843434	0.0056888888888889
0.810000000000001	0.00479436692912145	0.00583200000000001
0.820000000000001	0.00490975531230725	0.0059768888888889
0.830000000000001	0.00503319495799174	0.00612355555555557
0.840000000000001	0.00516468586617493	0.00627200000000001
0.850000000000001	0.00530422803685682	0.00642222222222223
0.860000000000001	0.0054518214700374	0.00657422222222223
0.870000000000001	0.00560746616571667	0.00672800000000001
0.880000000000001	0.00577116212389465	0.00688355555555557
0.890000000000001	0.00594290934457132	0.0070408888888889
0.900000000000001	0.00629601356463849	0.00720000000000001
0.910000000000001	0.0063781140996515	0.0073608888888889
0.920000000000001	0.00646982217118917	0.00752355555555557
0.930000000000001	0.00657113777925151	0.00768800000000001
0.940000000000001	0.00668206092383853	0.00785422222222223
0.950000000000001	0.00680259160495022	0.00802222222222223
0.960000000000001	0.00693272982258658	0.00819200000000002
0.970000000000001	0.00707247557674761	0.00836355555555557
0.980000000000001	0.00722182886743331	0.0085368888888889
0.990000000000001	0.00738078969464369	0.00871200000000001
1	0.00754935805837874	0.0088888888888889
1.011	0.00774587996317328	0.00908551999999999
1.021	0.00793462415361014	0.00926614222222219
1.031	0.00813297588057166	0.00944854222222217
1.041	0.00833251641995883	0.00963271999999993
1.051	0.00872996176095004	0.00981867555555546
1.06099999999999	0.0088288047849705	0.0100064088888888
1.07099999999999	0.00893874858534189	0.0101959199999999
1.08099999999999	0.00905979316206423	0.0103872088888887
1.09099999999999	0.00919193851513751	0.0105802755555554
1.10099999999999	0.00933518464456172	0.0107751199999998
1.11099999999999	0.00948953155033688	0.010971742222222
1.12099999999999	0.00965497923246298	0.011170142222222
1.13099999999999	0.00983152769094002	0.0113703199999997
1.14099999999999	0.010019176925768	0.0115722755555553
1.15099999999998	0.0102179269369469	0.0117760088888886
1.16099999999998	0.0104277777244768	0.0119815199999996
1.17099999999998	0.0106487292883576	0.0121888088888885
1.18099999999998	0.0108807816285893	0.0123978755555552
1.19099999999998	0.0114461003784841	0.0126087199999996
1.20099999999998	0.0115483503616727	0.0128213422222218
1.21099999999998	0.0116632667525019	0.0130357422222217
1.22099999999998	0.0117908495509716	0.0132519199999995
1.23099999999998	0.0119310987570817	0.013469875555555
1.24099999999997	0.0120840143708323	0.0136896088888883
1.25099999999997	0.0122495963922235	0.0139111199999994
1.26099999999997	0.0124278448212551	0.0141344088888883
1.27099999999997	0.0126187596579272	0.0143594755555549
1.28099999999997	0.0128223409022397	0.0145863199999993
1.29099999999997	0.0130385885541928	0.0148149422222215
1.30099999999997	0.0132675026137864	0.0150453422222215
1.31099999999997	0.0135090830810204	0.0152775199999992
1.32099999999997	0.013763329955895	0.0155114755555547
1.33099999999996	0.01403024323841	0.015747208888888
1.34099999999996	0.0146506088810688	0.0159847199999991
1.35099999999996	0.0147680743064494	0.016224008888888
1.36099999999996	0.0148996885238681	0.0164650755555546
1.37099999999996	0.0150454515333249	0.016707919999999
1.38099999999996	0.01520536333482	0.0169525422222212
1.39099999999996	0.0153794239283532	0.0171989422222212
1.40099999999996	0.0155676333139245	0.0174471199999989
1.41099999999996	0.015769991491534	0.0176970755555544
1.42099999999995	0.0159864984611817	0.0179488088888877
1.43099999999995	0.0162171542228675	0.0182023199999988
1.44099999999995	0.0164619587765915	0.0184576088888877
1.45099999999995	0.0167209121223537	0.0187146755555543
1.46099999999995	0.016994014260154	0.0189735199999987
1.47099999999995	0.0172812651899924	0.0192341422222209
1.48099999999995	0.0175826649118691	0.0194965422222208
1.49099999999995	0.0182460467121575	0.0197607199999986
1.50099999999995	0.0183789139090644	0.0200266755555541
1.51099999999994	0.0185275048795276	0.0202944088888874
1.52099999999994	0.0186918196235471	0.0205639199999985
1.53099999999994	0.0188718581411229	0.0208352088888873
1.54099999999994	0.019067620432255	0.0211082755555539
1.55099999999994	0.0192791064969433	0.0213831199999984
1.56099999999994	0.019506316335188	0.0216597422222205
1.57099999999994	0.019749249946989	0.0219381422222205
1.58099999999994	0.0200079073323463	0.0222183199999982
1.59099999999994	0.0202822884912599	0.0225002755555537
1.60099999999993	0.0205723934237298	0.022784008888887
1.61099999999993	0.020878222129756	0.0230695199999981
1.62099999999993	0.0211997746093385	0.0233568088888869
1.63099999999993	0.0215370508624773	0.0236458755555536
1.64099999999993	0.022243603529802	0.023936719999998
1.65099999999993	0.0223926063947151	0.0242293422222201
1.66099999999993	0.0225588045700274	0.0245237422222201
1.67099999999993	0.0227421980557389	0.0248199199999978
1.68099999999993	0.0229427868518497	0.0251178755555533
1.69099999999992	0.0231605709583596	0.0254176088888866
1.70099999999992	0.0233955503752688	0.0257191199999977
1.71099999999992	0.0236477251025771	0.0260224088888865
1.72099999999992	0.0239170951402847	0.0263274755555531
1.73099999999992	0.0242036604883915	0.0266343199999976
1.74099999999992	0.0245074211468974	0.0269429422222197
1.75099999999992	0.0248283771158026	0.0272533422222197
1.76099999999992	0.025166528395107	0.0275655199999974
1.77099999999992	0.0255218749848106	0.0278794755555529
1.78099999999991	0.0258944168849134	0.0281952088888862
1.79099999999991	0.0266309900292455	0.0285127199999973
1.80099999999991	0.0267962940761901	0.0288320088888861
1.81099999999991	0.026980377758251	0.0291530755555527
1.82099999999991	0.0271832410754281	0.0294759199999971
1.83099999999991	0.0274048840277215	0.0298005422222193
1.84099999999991	0.0276453066151311	0.0301269422222192
1.85099999999991	0.027904508837657	0.0304551199999969
1.86099999999991	0.0281824906952991	0.0307850755555524
1.8709999999999	0.0284792521880575	0.0311168088888857
1.8809999999999	0.0287947933159321	0.0314503199999968
1.8909999999999	0.029129114078923	0.0317856088888856
1.9009999999999	0.0294822144770302	0.0321226755555522
1.9109999999999	0.0298540945102536	0.0324615199999966
1.9209999999999	0.0302447541785932	0.0328021422222188
1.9309999999999	0.0306541934820491	0.0331445422222187
1.9409999999999	0.0314220138418087	0.0334887199999964
1.9509999999999	0.0316043670689121	0.0338346755555519
1.96099999999989	0.0318069606282879	0.0341824088888852
1.97099999999989	0.0320297945199361	0.0345319199999963
1.98099999999989	0.0322728687438567	0.0348832088888851
1.99099999999989	0.0325361833000496	0.0352362755555517
2.00099999999989	0.0328197381885149	0.0355911199999961
2.01099999999989	0.0331235334092526	0.0359477422222183
2.02099999999989	0.0334475689622627	0.0363061422222182
2.03099999999989	0.0337918448475451	0.0366663199999959
2.04099999999989	0.0341563610650998	0.0370282755555514
2.05099999999989	0.034541117614927	0.0373920088888847
2.06099999999988	0.0349461144970266	0.0377575199999958
2.07099999999988	0.0353713517113985	0.0381248088888846
2.08099999999988	0.0357808058033526	0.0384938755555512
2.09099999999988	0.0366017430279234	0.0388647199999956
2.10099999999988	0.0368013022158817	0.0392373422222177
2.11099999999988	0.0370226953970039	0.0396117422222177
2.12099999999988	0.0372659225712901	0.0399879199999954
2.13099999999988	0.0375309837387402	0.0403658755555509
2.14099999999988	0.0378178788993542	0.0407456088888841
2.15099999999987	0.0381266080531321	0.0411271199999952
2.16099999999987	0.0384571712000739	0.041510408888884
2.17099999999987	0.0388095683401797	0.0418954755555506
2.18099999999987	0.0391837994734493	0.042282319999995
2.19099999999987	0.0395798645998829	0.0426709422222171
2.20099999999987	0.0399977637194804	0.0430613422222171
2.21099999999987	0.0404374968322418	0.0434535199999948
2.22099999999987	0.0408990639381672	0.0438474755555503
2.23099999999987	0.041992418085305	0.0442432088888835
2.24099999999986	0.0421866494005976	0.0446407199999946
2.25099999999986	0.0424041645743855	0.0450400088888834
2.26099999999986	0.0426449636066688	0.04544107555555
2.27099999999986	0.0429090464974476	0.0458439199999944
2.28099999999986	0.0431964132467217	0.0462485422222165
2.29099999999986	0.0435070638544911	0.0466549422222165
2.30099999999986	0.043840998320756	0.0470631199999942
2.31099999999986	0.0441982166455163	0.0474730755555497
2.32099999999986	0.0445787188287719	0.0478848088888829
2.33099999999985	0.0449825048705229	0.048298319999994
2.34099999999985	0.0454095747707693	0.0487136088888828
2.35099999999985	0.0458599285295111	0.0491306755555494
2.36099999999985	0.0463335661467482	0.0495495199999938
2.37099999999985	0.0468304876224808	0.0499701422222159
2.38099999999985	0.047948373176855	0.0503925422222158
2.39099999999985	0.0481591176039236	0.0508167199999935
2.40099999999985	0.0483947488795345	0.051242675555549
2.41099999999985	0.0486552670036877	0.0516704088888823
2.42099999999984	0.0489406719763833	0.0520999199999933
2.43099999999984	0.0492509637976211	0.0525312088888821
2.44099999999984	0.0495861424674012	0.0529642755555487
2.45099999999984	0.0499462079857236	0.0533991199999931
2.46099999999984	0.0503311603525883	0.0538357422222152
2.47099999999984	0.0507409995679953	0.0542741422222151
2.48099999999984	0.0511757256319446	0.0547143199999929
2.49099999999984	0.0516353385444362	0.0551562755555483
2.50099999999984	0.0521198383054701	0.0556000088888816
2.51099999999983	0.0526292249150463	0.0560455199999926
2.52099999999983	0.0531634983731648	0.0564928088888814
2.53099999999983	0.0543101575137062	0.056941875555548
2.54099999999983	0.0545383189916033	0.0573927199999924
2.55099999999983	0.0547928063594056	0.0578453422222145
2.56099999999983	0.0550736196171134	0.0582997422222144
2.57099999999983	0.0553807587647267	0.0587559199999921
2.58099999999983	0.0557142238022452	0.0592138755555476
2.59099999999983	0.0560740147296693	0.0596736088888808
2.60099999999982	0.0564601315469987	0.0601351199999919
2.61099999999982	0.0568725742542335	0.0605984088888807
2.62099999999982	0.0573113428513738	0.0610634755555473
2.63099999999982	0.0577764373384194	0.0615303199999917
2.64099999999982	0.0582678577153704	0.0619989422222138
2.65099999999982	0.0587856039822269	0.0624693422222137
2.66099999999982	0.0593296761389888	0.0629415199999914
2.67099999999982	0.059900074185656	0.0634154755555469
2.68099999999982	0.0610583440868096	0.0638912088888801
2.69099999999981	0.0613039248512866	0.0643687199999912
2.70099999999981	0.0615774438178575	0.0648480088888799
2.71099999999981	0.0618789009865221	0.0653290755555465
2.72099999999981	0.0622082963572806	0.0658119199999909
2.73099999999981	0.062565629930133	0.066296542222213
2.74099999999981	0.0629509017050792	0.0667829422222129
2.75099999999981	0.0633641116821192	0.0672711199999906
2.76099999999981	0.0638052598612531	0.0677610755555461
2.77099999999981	0.0642743462424807	0.0682528088888793
2.7809999999998	0.0647713708258023	0.0687463199999903
2.7909999999998	0.0652963336112176	0.0692416088888791
2.8009999999998	0.0658492345987268	0.0697386755555457
2.8109999999998	0.0664300737883299	0.0702375199999901
2.8209999999998	0.0670388511800267	0.0707381422222122
2.8309999999998	0.0682139285572897	0.0712405422222121
2.8409999999998	0.0684778306029317	0.0717447199999898
2.8509999999998	0.0687710990759127	0.0722506755555453
2.8609999999998	0.0690937339762328	0.0727584088888785
2.87099999999979	0.069445735303892	0.0732679199999895
2.88099999999979	0.0698271030588902	0.0737792088888783
2.89099999999979	0.0702378372412274	0.0742922755555449
2.90099999999979	0.0706779378509036	0.0748071199999893
2.91099999999979	0.071147404887919	0.0753237422222114
2.92099999999979	0.0716462383522734	0.0758421422222113
2.93099999999979	0.0721744382439667	0.076362319999989
2.94099999999979	0.0727320045629992	0.0768842755555444
2.95099999999979	0.0733189373093706	0.0774080088888777
2.96099999999978	0.0739352364830811	0.0779335199999887
2.97099999999978	0.0745809020841306	0.0784608088888775
2.98099999999978	0.0757547421992597	0.0789898755555441
2.99099999999978	0.0760369750631106	0.0795207199999884
3.00099999999978	0.0763501959816219	0.0800533422222105
3.01099999999978	0.0766944049547935	0.0805877422222104
3.02099999999978	0.0770696019826256	0.0811239199999881
3.03099999999978	0.0774757870651181	0.0816618755555435
3.04099999999978	0.0779129602022709	0.0822016088888768
3.05099999999978	0.0783811213940842	0.0827431199999878
3.06099999999977	0.078880270640558	0.0832864088888766
3.07099999999977	0.079410407941692	0.0838314755555431
3.08099999999977	0.0799715332974865	0.0843783199999875
3.09099999999977	0.0805636467079413	0.0849269422222096
3.10099999999977	0.0811867481730566	0.0854773422222095
3.11099999999977	0.0818408376928323	0.0860295199999872
3.12099999999977	0.0834354935326902	0.0865834755555426
3.13099999999977	0.0837045397435815	0.0871392088888759
3.14099999999977	0.084005991426105	0.0876967199999869
3.15099999999976	0.0843398485802609	0.0882560088888757
3.16099999999976	0.0847061112060491	0.0888170755555422
3.17099999999976	0.0851047793034697	0.0893799199999866
3.18099999999976	0.0855358528725226	0.0899445422222087
3.19099999999976	0.0859993319132078	0.0905109422222086
3.20099999999976	0.0864952164255252	0.0910791199999862
3.21099999999976	0.0870235064094751	0.0916490755555417
3.22099999999976	0.0875842018650573	0.0922208088888749
3.23099999999976	0.0881773027922719	0.092794319999986
3.24099999999975	0.0888028091911187	0.0933696088888747
3.25099999999975	0.0894607210615978	0.0939466755555413
3.26099999999975	0.0901510384037093	0.0945255199999856
3.27099999999975	0.0917517153733323	0.0951061422222077
3.28099999999975	0.0920383783492749	0.0956885422222076
3.29099999999975	0.0923590777323009	0.0962727199999853
3.30099999999975	0.0927138135224101	0.0968586755555407
3.31099999999975	0.0931025857196027	0.097446408888874
3.32099999999975	0.0935253943238786	0.0980359199999849
3.33099999999974	0.0939822393352377	0.0986272088888738
3.34099999999974	0.0944731207536802	0.0992202755555403
3.35099999999974	0.0949980385792059	0.0998151199999846
3.36099999999974	0.095556992811815	0.100411742222207
3.37099999999974	0.0961499834515073	0.101010142222207
3.38099999999974	0.0967770104982831	0.101610319999984
3.39099999999974	0.097438073952142	0.10221227555554
3.40099999999974	0.0981331738130843	0.102816008888873
3.41099999999974	0.0988623100811099	0.103421519999984
3.42099999999973	0.100477432773356	0.104028808888873
3.43099999999973	0.10078279880327	0.104637875555539
3.44099999999973	0.101123607856805	0.105248719999984
3.45099999999973	0.101499859933961	0.105861342222206
3.46099999999973	0.101911555034737	0.106475742222206
3.47099999999973	0.102358693159134	0.107091919999983
3.48099999999973	0.102841274307152	0.107709875555539
3.49099999999973	0.103359298478791	0.108329608888872
3.50099999999973	0.10391276567405	0.108951119999983
3.51099999999972	0.10450167589293	0.109574408888872
3.52099999999972	0.105126029135431	0.110199475555538
3.53099999999972	0.105785825401553	0.110826319999983
3.54099999999972	0.106481064691295	0.111454942222205
3.55099999999972	0.107211747004659	0.112085342222205
3.56099999999972	0.107977872341642	0.112717519999982
3.57099999999972	0.109586166850838	0.113351475555538
3.58099999999972	0.109910062571477	0.113987208888871
3.59099999999972	0.110271041552318	0.114624719999982
3.60099999999971	0.110669103793363	0.115264008888871
3.61099999999971	0.111104249294611	0.115905075555537
3.62099999999971	0.111576478056063	0.116547919999981
3.63099999999971	0.112085790077718	0.117192542222204
3.64099999999971	0.112632185359576	0.117838942222203
3.65099999999971	0.113215663901637	0.118487119999981
3.66099999999971	0.113836225703901	0.119137075555537
3.67099999999971	0.114493870766369	0.11978880888887
3.68099999999971	0.11518859908904	0.120442319999981
3.6909999999997	0.115920410671915	0.12109760888887
3.7009999999997	0.116689305514992	0.121754675555536
3.7109999999997	0.117495283618273	0.12241351999998
3.7209999999997	0.119106018930425	0.123074142222202
3.7309999999997	0.119449512670951	0.123736542222202
3.7409999999997	0.119831485495617	0.12440071999998
3.7509999999997	0.120251937404422	0.125066675555535
3.7609999999997	0.120710868397367	0.125734408888869
3.7709999999997	0.12120827847445	0.12640391999998
3.78099999999969	0.121744167635673	0.127075208888868
3.79099999999969	0.122318535881035	0.127748275555535
3.80099999999969	0.122931383210536	0.128423119999979
3.81099999999969	0.123582709624176	0.129099742222201
3.82099999999969	0.124272515121956	0.129778142222201
3.83099999999969	0.125000799703875	0.130458319999979
3.84099999999969	0.125767563369933	0.131140275555534
3.85099999999969	0.12657280612013	0.131824008888867
3.86099999999969	0.127416527954467	0.132509519999978
3.87099999999968	0.129007662398507	0.133196808888867
3.88099999999968	0.129370604100787	0.133885875555534
3.89099999999968	0.129773674417927	0.134576719999978
3.90099999999968	0.130216873349927	0.1352693422222
3.91099999999968	0.130700200896788	0.1359637422222
3.92099999999968	0.13122365705851	0.136659919999978
3.93099999999968	0.131787241835092	0.137357875555533
3.94099999999968	0.132390955226534	0.138057608888866
3.95099999999968	0.133034797232837	0.138759119999977
3.96099999999967	0.133718767854001	0.139462408888866
3.97099999999967	0.134442867090025	0.140167475555533
3.98099999999967	0.135207094940909	0.140874319999977
3.99099999999967	0.136011451406654	0.141582942222199
4.00099999999967	0.13685593648726	0.142293342222199
4.01099999999967	0.137731594941672	0.143005519999977
4.02099999999968	0.13932205947699	0.143719475555532
4.03099999999968	0.13970548748587	0.144435208888866
4.04099999999968	0.140130429148772	0.145152719999977
4.05099999999969	0.140596884465696	0.145872008888866
4.06099999999969	0.141104853436642	0.146593075555533
4.07099999999969	0.14165433606161	0.147315919999978
4.0809999999997	0.142245332340601	0.1480405422222
4.0909999999997	0.142877842273613	0.1487669422222
4.1009999999997	0.143551865860648	0.149495119999978
4.11099999999971	0.144267403101705	0.150225075555534
4.12099999999971	0.145024453996784	0.150956808888868
4.13099999999971	0.145823018545885	0.151690319999979
4.14099999999972	0.146663096749008	0.152425608888868
4.15099999999972	0.147544688606153	0.153162675555535
4.16099999999972	0.149656384683329	0.15390151999998
4.17099999999973	0.150017011792305	0.154642142222202
4.18099999999973	0.150420811373176	0.155384542222202
4.19099999999973	0.150867783425941	0.15612871999998
4.20099999999974	0.1513579279506	0.156874675555536
4.21099999999974	0.151891244947155	0.15762240888887
4.22099999999974	0.152467734415603	0.158371919999981
4.23099999999975	0.153087396355947	0.15912320888887
4.24099999999975	0.153750230768185	0.159876275555537
4.25099999999975	0.154456237652317	0.160631119999981
4.26099999999976	0.155205417008344	0.161387742222204
4.27099999999976	0.155997768836266	0.162146142222204
4.28099999999976	0.156833293136083	0.162906319999982
4.29099999999977	0.157711989907793	0.163668275555538
4.30099999999977	0.158633859151399	0.164432008888871
4.31099999999977	0.160745740322524	0.165197519999983
4.32099999999978	0.161126361090541	0.165964808888872
4.33099999999978	0.161551528592662	0.166733875555539
4.34099999999978	0.162021242828886	0.167504719999983
4.35099999999979	0.162535503799213	0.168277342222206
4.36099999999979	0.163094311503643	0.169051742222206
4.37099999999979	0.163697665942177	0.169827919999984
4.3809999999998	0.164345567114814	0.17060587555554
4.3909999999998	0.165038015021553	0.171385608888873
4.4009999999998	0.165775009662396	0.172167119999985
4.41099999999981	0.166556551037343	0.172950408888874
4.42099999999981	0.167382639146392	0.173735475555541
4.43099999999981	0.168253273989544	0.174522319999985
4.44099999999982	0.1691684555668	0.175310942222208
4.45099999999982	0.170128183878159	0.176101342222208
4.46099999999982	0.172214770823718	0.176893519999986
4.47099999999983	0.172615024008991	0.177687475555542
4.48099999999983	0.173061492026409	0.178483208888875
4.49099999999983	0.173554174875971	0.179280719999987
4.50099999999984	0.174093072557677	0.180080008888876
4.51099999999984	0.174678185071528	0.180881075555543
4.52099999999984	0.175309512417524	0.181683919999988
4.53099999999985	0.175987054595664	0.18248854222221
4.54099999999985	0.176710811605949	0.18329494222221
4.55099999999985	0.177480783448378	0.184103119999988
4.56099999999986	0.178296970122952	0.184913075555544
4.57099999999986	0.179159371629671	0.185724808888878
4.58099999999986	0.180067987968534	0.186538319999989
4.59099999999987	0.181022819139541	0.187353608888878
4.60099999999987	0.182023865142694	0.188170675555545
4.61099999999987	0.184098597090535	0.18898951999999
4.62099999999988	0.184519729653709	0.189810142222212
4.63099999999988	0.1849884405421	0.190632542222212
4.64099999999988	0.185504729755706	0.19145671999999
4.65099999999989	0.186068597294527	0.192282675555546
4.66099999999989	0.186680043158565	0.19311040888888
4.67099999999989	0.187339067347818	0.193939919999991
4.6809999999999	0.188045669862287	0.19477120888888
4.6909999999999	0.188799850701971	0.195604275555547
4.7009999999999	0.189601609866871	0.196439119999992
4.71099999999991	0.190450947356987	0.197275742222215
4.72099999999991	0.191347863172319	0.198114142222215
4.73099999999991	0.192292357312866	0.198954319999993
4.74099999999992	0.193284429778629	0.199796275555549
4.75099999999992	0.194324080569607	0.200640008888882
4.76099999999992	0.196360817249388	0.201485519999994
4.77099999999993	0.196802507226866	0.202332808888883
4.78099999999993	0.197293452900793	0.20318187555555
4.79099999999993	0.197833654271169	0.204032719999994
4.80099999999994	0.198423111337994	0.204885342222217
4.81099999999994	0.199061824101268	0.205739742222217
4.82099999999994	0.19974979256099	0.206595919999995
4.83099999999995	0.200487016717162	0.207453875555551
4.84099999999995	0.201273496569783	0.208313608888885
4.85099999999995	0.202109232118852	0.209175119999996
4.86099999999996	0.202994223364371	0.210038408888885
4.87099999999996	0.203928470306339	0.210903475555552
4.88099999999996	0.204911972944755	0.211770319999997
4.89099999999997	0.20594473127962	0.212638942222219
4.90099999999997	0.207026745310935	0.21350934222222
4.91099999999997	0.209039521846374	0.214381519999998
4.92099999999998	0.209502970255005	0.215255475555554
4.93099999999998	0.210017027091828	0.216131208888887
4.94099999999998	0.210581692356844	0.217008719999999
4.95099999999999	0.211196966050053	0.217888008888888
4.96099999999999	0.211862848171453	0.218769075555555
4.97099999999999	0.212579338721046	0.21965192
4.981	0.213346437698831	0.220536542222222
4.99	0.214080096984942	0.221334222222222
5	0.214943351976293	0.222222222222223
5.01000000000001	0.215857215395836	0.223112000000001
5.02000000000001	0.216821687243572	0.224003555555557
5.03000000000001	0.217836767519499	0.22489688888889
5.04000000000002	0.218902456223619	0.225792000000002
5.05000000000002	0.220018753355931	0.226688888888891
5.06000000000002	0.22204971529259	0.227587555555558
5.07000000000003	0.222529421933786	0.228488000000002
5.08000000000003	0.223061423640628	0.229390222222225
5.09000000000003	0.223645720413115	0.230294222222225
5.10000000000004	0.224282312251248	0.231200000000003
5.11000000000004	0.224971199155027	0.232107555555559
5.12000000000004	0.225712381124451	0.233016888888893
5.13000000000005	0.226505858159521	0.233928000000004
5.14000000000005	0.227351630260236	0.234840888888894
5.15000000000005	0.228249697426597	0.235755555555561
5.16000000000006	0.229200059658604	0.236672000000005
5.17000000000006	0.230202716956256	0.237590222222228
5.18000000000006	0.231257669319553	0.238510222222228
5.19000000000007	0.232364916748497	0.239432000000006
5.20000000000007	0.233408489363788	0.240355555555562
5.21000000000007	0.235499833487265	0.241280888888896
5.22000000000008	0.236001332108662	0.242208000000007
5.23000000000008	0.236556825477941	0.243136888888896
5.24000000000008	0.237166313595102	0.244067555555563
5.25000000000009	0.237829796460144	0.245000000000008
5.26000000000009	0.238547274073068	0.245934222222231
5.27000000000009	0.239318746433874	0.246870222222231
5.2800000000001	0.240144213542561	0.247808000000009
5.2900000000001	0.241023675399131	0.248747555555565
5.3000000000001	0.241957132003582	0.249688888888899
5.31000000000011	0.242944583355914	0.25063200000001
5.32000000000011	0.243986029456128	0.251576888888899
5.33000000000011	0.245081470304225	0.252523555555566
5.34000000000012	0.246230905900203	0.253472000000011
5.35000000000012	0.248899747870676	0.254422222222234
5.36000000000012	0.249368858032293	0.255374222222234
5.37000000000013	0.249893306179708	0.256328000000012
5.38000000000013	0.250473092312922	0.257283555555568
5.39000000000013	0.251108216431933	0.258240888888902
5.40000000000014	0.251798678536743	0.259200000000013
5.41000000000014	0.252544478627351	0.260160888888902
5.42000000000014	0.253345616703757	0.261123555555569
5.43000000000015	0.254202092765961	0.262088000000014
5.44000000000015	0.255113906813964	0.263054222222237
5.45000000000015	0.256081058847764	0.264022222222237
5.46000000000016	0.257103548867363	0.264992000000015
5.47000000000016	0.25818137687276	0.265963555555571
5.48000000000016	0.259314542863955	0.266936888888905
5.49000000000017	0.260503046840948	0.267912000000016
5.50000000000017	0.263122939861114	0.268888888888906
5.51000000000017	0.263613074736495	0.269867555555573
5.52000000000018	0.264160256604863	0.270848000000018
5.53000000000018	0.264764485466217	0.27183022222224
5.54000000000018	0.265425761320557	0.27281422222224
5.55000000000019	0.266144084167883	0.273800000000019
5.56000000000019	0.266919454008196	0.274787555555574
5.57000000000019	0.267751870841495	0.275776888888908
5.5800000000002	0.26864133466778	0.27676800000002
5.5900000000002	0.269587845487052	0.277760888888909
5.6000000000002	0.27059140329931	0.278755555555576
5.61000000000021	0.271652008104554	0.279752000000021
5.62000000000021	0.272769659902785	0.280750222222243
5.63000000000021	0.273944358694001	0.281750222222244
5.64000000000022	0.275176104478205	0.282752000000022
5.65000000000022	0.277765277644012	0.283755555555578
5.66000000000022	0.278277897760276	0.284760888888912
5.67000000000023	0.27884889728534	0.285768000000023
5.68000000000023	0.279478276219205	0.286776888888912
5.69000000000023	0.28016603456187	0.287787555555579
5.70000000000024	0.280912172313336	0.288800000000024
5.71000000000024	0.281716689473603	0.289814222222247
5.72000000000024	0.282579586042669	0.290830222222247
5.73000000000025	0.283500862020538	0.291848000000025
5.74000000000025	0.284480517407205	0.292867555555581
5.75000000000025	0.285518552202674	0.293888888888915
5.76000000000026	0.286614966406944	0.294912000000026
5.77000000000026	0.287769760020013	0.295936888888916
5.78000000000026	0.288982933041884	0.296963555555583
5.79000000000027	0.290254485472555	0.297992000000028
5.80000000000027	0.292782038424673	0.29902222222225
5.81000000000027	0.29331662103063	0.300054222222251
5.82000000000028	0.293911301370499	0.301088000000029
5.83000000000028	0.294566079444281	0.302123555555585
5.84000000000029	0.295280955251976	0.303160888888918
5.85000000000029	0.296055928793582	0.30420000000003
5.86000000000029	0.296891000069102	0.305240888888919
5.8700000000003	0.297786169078534	0.306283555555586
5.8800000000003	0.298741435821878	0.307328000000031
5.8900000000003	0.299756800299135	0.308374222222254
5.90000000000031	0.300832262510304	0.309422222222254
5.91000000000031	0.301967822455387	0.310472000000032
5.92000000000031	0.303163480134381	0.311523555555588
5.93000000000032	0.304419235547288	0.312576888888922
5.94000000000032	0.305735088694108	0.313632000000034
5.95000000000032	0.308219702190367	0.314688888888923
5.96000000000033	0.30877764229077	0.31574755555559
5.97000000000033	0.309397001726664	0.316808000000035
5.98000000000033	0.310077780498051	0.317870222222257
5.99000000000034	0.310819978604928	0.318934222222258
6.00000000000034	0.311623596047297	0.320000000000036
6.01000000000034	0.312488632825159	0.321067555555592
6.02000000000035	0.313415088938512	0.322136888888926
6.03000000000035	0.314402964387357	0.323208000000037
6.04000000000035	0.315452259171694	0.324280888888927
6.05000000000036	0.316562973291522	0.325355555555594
6.06000000000036	0.317735106746842	0.326432000000039
6.07000000000036	0.318968659537654	0.327510222222261
6.08000000000037	0.320263631663958	0.328590222222262
6.09000000000037	0.321620023125753	0.32967200000004
6.10000000000037	0.324030436767473	0.330755555555596
6.11000000000038	0.324611282487448	0.33184088888893
6.12000000000038	0.325255275178928	0.332928000000041
6.13000000000038	0.325962414841913	0.334016888888931
6.14000000000039	0.326732701476402	0.335107555555598
6.15000000000039	0.327566135082395	0.336200000000043
6.16000000000039	0.328462715659894	0.337294222222265
6.1700000000004	0.329422443208897	0.338390222222266
6.1800000000004	0.330445317729405	0.339488000000044
6.1900000000004	0.331531339221418	0.3405875555556
6.20000000000041	0.332680507684935	0.341688888888934
6.21000000000041	0.333892823119957	0.342792000000045
6.22000000000041	0.335168285526484	0.343896888888935
6.23000000000042	0.336506894904515	0.345003555555602
6.24000000000042	0.339723218855003	0.346112000000046
6.25000000000042	0.34026382986424	0.347222222222269
6.26000000000043	0.340868898640186	0.34833422222227
6.27000000000043	0.341538425182843	0.349448000000048
6.28000000000043	0.34227240949221	0.350563555555604
6.29000000000044	0.343070851568287	0.351680888888938
6.30000000000044	0.343933751411074	0.352800000000049
6.31000000000044	0.344861109020572	0.353920888888938
6.32000000000045	0.345852924396779	0.355043555555606
6.33000000000045	0.346909197539698	0.35616800000005
6.34000000000045	0.348029928449326	0.357294222222273
6.35000000000046	0.349215117125664	0.358422222222274
6.36000000000046	0.350464763568713	0.359552000000052
6.37000000000046	0.351778867778472	0.360683555555608
6.38000000000047	0.353157429754941	0.361816888888942
6.39000000000047	0.356306217383543	0.362952000000053
6.40000000000047	0.356868945550113	0.364088888888943
6.41000000000048	0.35749786842329	0.36522755555561
6.42000000000048	0.358192986003073	0.366368000000055
6.43000000000048	0.358954298289462	0.367510222222277
6.44000000000049	0.359781805282459	0.368654222222278
6.45000000000049	0.360675506982062	0.369800000000056
6.46000000000049	0.361635403388271	0.370947555555612
6.4700000000005	0.362661494501086	0.372096888888946
6.4800000000005	0.363753780320509	0.373248000000057
6.4900000000005	0.364912260846538	0.374400888888947
6.50000000000051	0.366136936079173	0.375555555555614
6.51000000000051	0.367427806018414	0.376712000000059
6.52000000000051	0.368784870664263	0.377870222222282
6.53000000000052	0.370208130016717	0.379030222222282
6.54000000000052	0.373311958119533	0.38019200000006
6.55000000000052	0.373898468222048	0.381355555555616
6.56000000000053	0.374552473027857	0.38252088888895
6.57000000000053	0.375273972536959	0.383688000000062
6.58000000000053	0.376062966749356	0.384856888888951
6.59000000000054	0.376919455665046	0.386027555555618
6.60000000000054	0.37784343928403	0.387200000000063
6.61000000000054	0.378834917606308	0.388374222222286
6.62000000000055	0.379893890631879	0.389550222222286
6.63000000000055	0.381020358360745	0.390728000000065
6.64000000000055	0.382214320792904	0.391907555555621
6.65000000000056	0.383475777928357	0.393088888888955
6.66000000000056	0.384804729767104	0.394272000000066
6.67000000000056	0.386201176309145	0.395456888888956
6.68000000000057	0.387665117554479	0.396643555555623
6.69000000000057	0.390688802849249	0.397832000000068
6.70000000000057	0.391298374631496	0.39902222222229
6.71000000000058	0.391977187353805	0.400214222222291
6.72000000000058	0.392725241016174	0.401408000000069
6.73000000000058	0.393542535618605	0.402603555555625
6.74000000000059	0.394429071161097	0.403800888888959
6.75000000000059	0.39538484764365	0.405000000000071
6.76000000000059	0.396409865066264	0.40620088888896
6.7700000000006	0.397504123428939	0.407403555555627
6.7800000000006	0.398667622731676	0.408608000000072
6.7900000000006	0.399900362974473	0.409814222222295
6.80000000000061	0.401202344157332	0.411022222222295
6.81000000000061	0.402573566280252	0.412232000000074
6.82000000000061	0.404014029343233	0.41344355555563
6.83000000000062	0.405523733346275	0.414656888888964
6.84000000000062	0.408490207315058	0.415872000000075
6.85000000000062	0.409124424022881	0.417088888888965
6.86000000000063	0.409829170876783	0.418307555555632
6.87000000000063	0.410604447876765	0.419528000000077
6.88000000000063	0.411450255022827	0.4207502222223
6.89000000000064	0.412366592314969	0.4219742222223
6.90000000000064	0.41335345975319	0.423200000000078
6.91000000000064	0.414410857337491	0.424427555555634
6.92000000000065	0.415538785067873	0.425656888888968
6.93000000000065	0.416737242944333	0.42688800000008
6.94000000000065	0.418006230966874	0.428120888888969
6.95000000000066	0.419345749135496	0.429355555555637
6.96000000000066	0.420755797450196	0.430592000000082
6.97000000000066	0.422236375910976	0.431830222222304
6.98000000000067	0.423787484517836	0.433070222222305
6.99000000000067	0.426661304817171	0.434312000000083
7.00000000000067	0.427319533069583	0.435555555555639
7.01000000000068	0.428050046994706	0.436800888888973
7.02000000000068	0.42885284659254	0.438048000000085
7.03000000000068	0.429727931863085	0.439296888888974
7.04000000000069	0.430675302806341	0.440547555555641
7.05000000000069	0.431694959422308	0.441800000000086
7.06000000000069	0.432786901710988	0.443054222222309
7.0700000000007	0.433951129672377	0.44431022222231
7.0800000000007	0.435187643306479	0.445568000000088
7.0900000000007	0.436496442613291	0.446827555555644
7.10000000000071	0.437877527592815	0.448088888888978
7.11000000000071	0.43933089824505	0.44935200000009
7.12000000000071	0.440856554569996	0.450616888888979
7.13000000000072	0.442407607097343	0.451883555555646
7.14000000000072	0.445258773740007	0.453152000000091
7.15000000000072	0.44594250322924	0.454422222222314
7.16000000000073	0.446699796814378	0.455694222222315
7.17000000000073	0.447530654495421	0.456968000000093
7.18000000000073	0.448435076272369	0.458243555555649
7.19000000000074	0.449413062145222	0.459520888888983
7.20000000000074	0.45046461211398	0.460800000000095
7.21000000000074	0.451589726178644	0.462080888888984
7.22000000000075	0.452788404339212	0.463363555555651
7.23000000000075	0.454060646595685	0.464648000000096
7.24000000000075	0.455406452948064	0.465934222222319
7.25000000000076	0.456825823396347	0.46722222222232
7.26000000000076	0.458318757940535	0.468512000000098
7.27000000000076	0.459885256580629	0.469803555555654
7.28000000000077	0.463591165557579	0.471096888888988
7.29000000000077	0.464224532887159	0.4723920000001
7.30000000000077	0.464933229122138	0.473688888888989
7.31000000000078	0.465717254262515	0.474987555555656
7.32000000000078	0.466576608308291	0.476288000000101
7.33000000000078	0.467511291259465	0.477590222222324
7.34000000000079	0.468521303116038	0.478894222222325
7.35000000000079	0.46960664387801	0.480200000000103
7.36000000000079	0.470767313545381	0.481507555555659
7.3700000000008	0.472003312118151	0.482816888888993
7.3800000000008	0.473314639596318	0.484128000000105
7.3900000000008	0.474701295979885	0.485440888888994
7.40000000000081	0.47616328126885	0.486755555555662
7.41000000000081	0.477700595463214	0.488072000000107
7.42000000000081	0.479313238562977	0.489390222222329
7.43000000000082	0.482960013337754	0.49071022222233
7.44000000000082	0.483618463895967	0.492032000000108
7.45000000000082	0.484353511007787	0.493355555555665
7.46000000000083	0.485165154673212	0.494680888888999
7.47000000000083	0.486053394892244	0.49600800000011
7.48000000000083	0.48701823166488	0.497336888889
7.49000000000084	0.488059664991122	0.498667555555667
7.50000000000084	0.489177694870969	0.500000000000112
7.51000000000084	0.490372321304423	0.501332444444557
7.52000000000085	0.491643544291482	0.502663111111224
7.53000000000085	0.492991363832146	0.503992000000113
7.54000000000085	0.494415779926416	0.505319111111224
7.55000000000086	0.495916792574292	0.506644444444558
7.56000000000086	0.497494401775774	0.507968000000114
7.57000000000086	0.499148607530862	0.509289777777892
7.58000000000087	0.502665330083581	0.510609777777892
7.59000000000087	0.503335894391406	0.511928000000115
7.60000000000087	0.504082877847702	0.513244444444559
7.61000000000088	0.504906280452474	0.514559111111226
7.62000000000088	0.50580610220572	0.515872000000115
7.63000000000088	0.50678234310744	0.517183111111227
7.64000000000089	0.507835003157634	0.51849244444456
7.65000000000089	0.508964082356302	0.519800000000116
7.66000000000089	0.510169580703443	0.521105777777894
7.6700000000009	0.511451498199059	0.522409777777895
7.6800000000009	0.512809834843149	0.523712000000117
7.6900000000009	0.514244590635712	0.525012444444562
7.70000000000091	0.51575576557675	0.526311111111229
7.71000000000091	0.517343359666261	0.527608000000118
7.72000000000091	0.519007372904248	0.528903111111229
7.73000000000092	0.522327069179946	0.530196444444563
7.74000000000092	0.522995953479635	0.531488000000119
7.75000000000092	0.523739474104024	0.532777777777897
7.76000000000093	0.524557631053112	0.534065777777897
7.77000000000093	0.5254504243269	0.535352000000119
7.78000000000093	0.526417853925389	0.536636444444564
7.79000000000094	0.527459919848576	0.537919111111231
7.80000000000094	0.528576622096463	0.53920000000012
7.81000000000094	0.529767960669049	0.540479111111232
7.82000000000095	0.531033935566335	0.541756444444565
7.83000000000095	0.532374546788321	0.543032000000121
7.84000000000095	0.533789794335006	0.544305777777899
7.85000000000096	0.535279678206391	0.545577777777899
7.86000000000096	0.536844198402475	0.546848000000122
7.87000000000096	0.538483354923259	0.548116444444567
7.88000000000097	0.541564943042212	0.549383111111233
7.89000000000097	0.542230512579169	0.550648000000123
7.90000000000097	0.542969428083169	0.551911111111234
7.91000000000098	0.54378168955421	0.553172444444567
7.92000000000098	0.544667296992294	0.554432000000123
7.93000000000098	0.54562625039742	0.555689777777901
7.94000000000099	0.546658549769589	0.556945777777902
7.95000000000099	0.5477641951088	0.558200000000124
7.96000000000099	0.548943186415053	0.559452444444569
7.970000000001	0.550195523688349	0.560703111111236
7.980000000001	0.551521206928686	0.561952000000125
7.990000000001	0.552920236136066	0.563199111111236
8.00000000000101	0.554392611310489	0.56444444444457
8.010000000001	0.555938332451953	0.565688000000124
8.02000000000099	0.557557399560461	0.566929777777901
8.03000000000099	0.560437552941258	0.5681697777779
8.04000000000098	0.56110043329134	0.569408000000122
8.05000000000098	0.561834887711636	0.570644444444565
8.06000000000097	0.562640916202147	0.571879111111231
8.07000000000097	0.563518518762873	0.573112000000119
8.08000000000096	0.564467695393813	0.574343111111229
8.09000000000096	0.565488446094968	0.575572444444562
8.10000000000095	0.566580770866337	0.576800000000117
8.11000000000094	0.567744669707921	0.578025777777894
8.12000000000094	0.568980142619719	0.579249777777893
8.13000000000093	0.570287189601733	0.580472000000114
8.14000000000093	0.57166581065396	0.581692444444558
8.15000000000092	0.573116005776402	0.582911111111223
8.16000000000092	0.574637774969059	0.584128000000112
8.17000000000091	0.576119988236448	0.585343111111222
8.18000000000091	0.578886922698859	0.586556444444554
8.1900000000009	0.579545668841223	0.587768000000109
8.20000000000089	0.580274689277457	0.588977777777886
8.21000000000089	0.581073984007562	0.590185777777885
8.22000000000088	0.581943553031539	0.591392000000107
8.23000000000088	0.582883396349387	0.59259644444455
8.24000000000087	0.583893513961106	0.593799111111216
8.25000000000087	0.584973905866697	0.595000000000104
8.26000000000086	0.586124572066158	0.596199111111214
8.27000000000086	0.587345512559492	0.597396444444547
8.28000000000085	0.588636727346695	0.598592000000102
8.29000000000084	0.589998216427771	0.599785777777879
8.30000000000084	0.591429979802718	0.600977777777878
8.31000000000083	0.592932017471536	0.602168000000099
8.32000000000083	0.596383417221525	0.603356444444543
8.33000000000082	0.596969958441522	0.604543111111209
8.34000000000082	0.597625012977616	0.605728000000097
8.35000000000081	0.598348580829806	0.606911111111207
8.36000000000081	0.599140661998092	0.60809244444454
8.3700000000008	0.600001256482476	0.609272000000094
8.38000000000079	0.600930364282954	0.610449777777871
8.39000000000079	0.601927985399531	0.611625777777871
8.40000000000078	0.602994119832204	0.612800000000092
8.41000000000078	0.604128767580973	0.613972444444536
8.42000000000077	0.605331928645838	0.615143111111201
8.43000000000077	0.6066036030268	0.61631200000009
8.44000000000076	0.607943790723858	0.6174791111112
8.45000000000076	0.609352491737013	0.618644444444532
8.46000000000075	0.610829706066265	0.619808000000087
8.47000000000074	0.614047561188532	0.620969777777864
8.48000000000074	0.614630452533047	0.622129777777863
8.49000000000073	0.615280548005677	0.623288000000085
8.50000000000073	0.615997847606425	0.624444444444529
8.51000000000072	0.616782351335287	0.625599111111194
8.52000000000072	0.617634059192267	0.626752000000083
8.53000000000071	0.618552971177362	0.627903111111193
8.54000000000071	0.619539087290575	0.629052444444526
8.5500000000007	0.620592407531902	0.63020000000008
8.5600000000007	0.621712931901347	0.631345777777858
8.57000000000069	0.622900660398907	0.632489777777857
8.58000000000068	0.624155593024584	0.633632000000078
8.59000000000068	0.625477729778377	0.634772444444522
8.60000000000067	0.626867070660287	0.635911111111188
8.61000000000067	0.628323615670313	0.637048000000076
8.62000000000066	0.631343518156976	0.638183111111186
8.63000000000066	0.631923472294582	0.639316444444519
8.64000000000065	0.632568880493695	0.640448000000074
8.65000000000065	0.633279742754315	0.641577777777851
8.66000000000064	0.63405605907644	0.64270577777785
8.67000000000063	0.634897829460073	0.643832000000071
8.68000000000063	0.635805053905212	0.644956444444515
8.69000000000062	0.636777732411858	0.646079111111181
8.70000000000062	0.63781586498001	0.647200000000069
8.71000000000061	0.638919451609669	0.64831911111118
8.72000000000061	0.640088492300833	0.649436444444512
8.7300000000006	0.641322987053505	0.650552000000067
8.7400000000006	0.642622935867682	0.651665777777844
8.75000000000059	0.643988338743367	0.652777777777843
8.76000000000058	0.645419195680558	0.653888000000065
8.77000000000058	0.648219233422116	0.654996444444508
8.78000000000057	0.648794716828525	0.656103111111175
8.79000000000057	0.649434335703868	0.657208000000063
8.80000000000056	0.650138090048144	0.658311111111173
8.81000000000056	0.650905979861352	0.659412444444506
8.82000000000055	0.651738005143494	0.660512000000061
8.83000000000055	0.65263416589457	0.661609777777838
8.84000000000054	0.653594462114578	0.662705777777837
8.85000000000053	0.65461889380352	0.663800000000059
8.86000000000053	0.655707460961394	0.664892444444502
8.87000000000052	0.656860163588201	0.665983111111168
8.88000000000052	0.658077001683943	0.667072000000056
8.89000000000051	0.659357975248617	0.668159111111167
8.90000000000051	0.660703084282224	0.669244444444499
8.9100000000005	0.662112328784764	0.670328000000054
8.9200000000005	0.664725735540214	0.671409777777831
8.93000000000049	0.665297281914135	0.672489777777831
8.94000000000048	0.665931224593663	0.673568000000052
8.95000000000048	0.666627563578797	0.674644444444496
8.96000000000047	0.667386298869537	0.675719111111162
8.97000000000047	0.668207430465883	0.67679200000005
8.98000000000046	0.669090958367836	0.67786311111116
8.99000000000046	0.670036882575395	0.678932444444493
9.00000000000045	0.671045203088562	0.680000000000048
9.01000000000045	0.672115919907334	0.681065777777825
9.02000000000044	0.673249033031713	0.682129777777825
9.03000000000043	0.674444542461698	0.683192000000046
9.04000000000043	0.675702448197289	0.68425244444449
9.05000000000042	0.677022750238487	0.685311111111156
9.06000000000042	0.678405448585292	0.686368000000044
9.07000000000041	0.680812651290933	0.687423111111155
9.08000000000041	0.68137890067253	0.688476444444487
9.0900000000004	0.682006218369604	0.689528000000042
9.1000000000004	0.682694604382156	0.690577777777819
9.11000000000039	0.683444058710187	0.691625777777819
9.12000000000038	0.684254581353697	0.69267200000004
9.13000000000038	0.685126172312684	0.693716444444484
9.14000000000037	0.686058831587151	0.69475911111115
9.15000000000037	0.687052559177096	0.695800000000038
9.16000000000036	0.688107355082518	0.696839111111149
9.17000000000036	0.68922321930342	0.697876444444481
9.18000000000035	0.690400151839799	0.698912000000036
9.19000000000035	0.691638152691658	0.699945777777813
9.20000000000034	0.692937221858995	0.700977777777813
9.21000000000033	0.696027277022206	0.702008000000034
9.22000000000033	0.696529256243815	0.703036444444478
9.23000000000032	0.697090575512981	0.704063111111144
9.24000000000032	0.697711234829706	0.705088000000033
9.25000000000031	0.69839123419399	0.706111111111143
9.26000000000031	0.699130573605833	0.707132444444476
9.2700000000003	0.699929253065233	0.708152000000031
9.2800000000003	0.700787272572192	0.709169777777808
9.29000000000029	0.70170463212671	0.710185777777807
9.30000000000028	0.702681331728786	0.711200000000029
9.31000000000028	0.703717371378422	0.712212444444473
9.32000000000027	0.704812751075614	0.713223111111139
9.33000000000027	0.705967470820367	0.714232000000027
9.34000000000026	0.707181530612678	0.715239111111138
9.35000000000026	0.708454930452547	0.71624444444447
9.36000000000025	0.71132981138896	0.717248000000025
9.37000000000025	0.711826999338537	0.718249777777802
9.38000000000024	0.712382189955022	0.719249777777802
9.39000000000024	0.712995383238417	0.720248000000023
9.40000000000023	0.713666579188721	0.721244444444467
9.41000000000022	0.714395777805934	0.722239111111133
9.42000000000022	0.715182979090056	0.723232000000022
9.43000000000021	0.716028183041087	0.724223111111132
9.44000000000021	0.716931389659028	0.725212444444465
9.4500000000002	0.717892598943878	0.72620000000002
9.4600000000002	0.718911810895636	0.727185777777797
9.47000000000019	0.719989025514305	0.728169777777797
9.48000000000019	0.721124242799881	0.729152000000018
9.49000000000018	0.722317462752368	0.730132444444462
9.50000000000017	0.723568685371762	0.731111111111128
9.51000000000017	0.726260279063668	0.732088000000016
9.52000000000016	0.726753267939711	0.733063111111127
9.53000000000016	0.72730254210228	0.73403644444446
9.54000000000015	0.727908101551376	0.735008000000015
9.55000000000015	0.728569946286997	0.735977777777792
9.56000000000014	0.729288076309145	0.736945777777791
9.57000000000014	0.730062491617817	0.737912000000013
9.58000000000013	0.730893192213015	0.738876444444457
9.59000000000012	0.73178017809474	0.739839111111123
9.60000000000012	0.732723449262989	0.740800000000011
9.61000000000011	0.733723005717765	0.741759111111122
9.62000000000011	0.734778847459066	0.742716444444455
9.6300000000001	0.735890974486894	0.74367200000001
9.6400000000001	0.737059386801247	0.744625777777787
9.65000000000009	0.738284084402126	0.745577777777786
9.66000000000009	0.740774092977357	0.746528000000008
9.67000000000008	0.74126146291146	0.747476444444452
9.68000000000007	0.741803771367946	0.748423111111118
9.69000000000007	0.742401018346815	0.749368000000006
9.70000000000006	0.743053203848067	0.750311111111117
9.71000000000006	0.743760327871702	0.75125244444445
9.72000000000005	0.74452239041772	0.752192000000005
9.73000000000005	0.745339391486121	0.753129777777782
9.74000000000004	0.746211331076905	0.754065777777782
9.75000000000004	0.747138209190071	0.755000000000003
9.76000000000003	0.748120025825621	0.755932444444447
9.77000000000002	0.749156780983554	0.756863111111113
9.78000000000002	0.750248474663869	0.757792000000002
9.79000000000001	0.751395106866566	0.758719111111112
9.80000000000001	0.752596677591648	0.759644444444445
9.81	0.754914778727764	0.760568
9.821	0.755448104896711	0.761581857777778
9.83099999999999	0.755988840491237	0.762501679999999
9.84099999999999	0.756582808107434	0.763419724444443
9.85099999999998	0.757230007745302	0.764335991111109
9.86099999999997	0.757930439404841	0.765250479999998
9.87099999999997	0.758684103086053	0.766163191111108
9.88099999999996	0.759490998788936	0.767074124444441
9.89099999999996	0.76035112651349	0.767983279999996
9.90099999999995	0.761264486259716	0.768890657777773
9.91099999999995	0.762231078027614	0.769796257777773
9.92099999999994	0.763250901817183	0.770700079999995
9.93099999999994	0.764323957628423	0.771602124444439
9.94099999999993	0.765450245461335	0.772502391111105
9.95099999999992	0.766629765315919	0.773400879999993
9.96099999999992	0.768684738215379	0.774297591111104
9.97099999999991	0.769165654168428	0.775192524444437
9.98099999999991	0.769698446002533	0.776085679999992
9.9909999999999	0.770283113717697	0.776977057777769
10.0009999999999	0.770919657313918	0.777866657777768
10.0109999999999	0.771608076791196	0.77875447999999
10.0209999999999	0.772348372149534	0.779640524444434
10.0309999999999	0.77314054338893	0.780524791111101
10.0409999999999	0.773984590509382	0.781407279999989
10.0509999999999	0.774880513510893	0.782287991111099
10.0609999999999	0.775828312393462	0.783166924444432
10.0709999999999	0.776827987157088	0.784044079999988
10.0809999999999	0.777879537801773	0.784919457777765
10.0909999999998	0.778982964327515	0.785793057777764
10.1009999999998	0.780021566513087	0.786664879999986
10.1109999999998	0.782014231184358	0.78753492444443
10.1209999999998	0.782488165934321	0.788403191111096
10.1309999999998	0.783012614029546	0.789269679999985
10.1409999999998	0.783587575470032	0.790134391111096
10.1509999999998	0.784213050255782	0.790997324444429
10.1609999999998	0.784889038386795	0.791858479999983
10.1709999999998	0.78561553986307	0.792717857777761
10.1809999999998	0.786392554684608	0.79357545777776
10.1909999999998	0.787220082851408	0.794431279999982
10.2009999999998	0.788098124363471	0.795285324444426
10.2109999999998	0.789026679220796	0.796137591111093
10.2209999999998	0.790005747423385	0.796988079999981
10.2309999999998	0.791035328971235	0.797836791111092
10.2409999999998	0.792115423864349	0.798683724444424
10.2509999999998	0.794550915920298	0.79952887999998
10.2609999999998	0.794969247238746	0.800372257777757
10.2709999999997	0.795436393299288	0.801213857777756
10.2809999999997	0.795952354101921	0.802053679999978
10.2909999999997	0.796517129646648	0.802891724444422
10.3009999999997	0.797130719933468	0.803727991111089
10.3109999999997	0.79779312496238	0.804562479999977
10.3209999999997	0.798504344733385	0.805395191111088
10.3309999999997	0.799264379246483	0.806226124444421
10.3409999999997	0.800073228501674	0.807055279999976
10.3509999999997	0.800930892498957	0.807882657777753
10.3609999999997	0.801837371238334	0.808708257777753
10.3709999999997	0.802792664719803	0.809532079999975
10.3809999999997	0.803796772943366	0.810354124444419
10.3909999999997	0.804849695909021	0.811174391111085
10.4009999999997	0.807097134053089	0.811992879999973
10.4109999999997	0.807509012286521	0.812809591111084
10.4209999999997	0.807968333312521	0.813624524444417
10.4309999999997	0.808475097131088	0.814437679999972
10.4409999999997	0.809029303742223	0.81524905777775
10.4509999999996	0.809630953145925	0.816058657777749
10.4609999999996	0.810280045342195	0.816866479999971
10.4709999999996	0.810976580331032	0.817672524444415
10.4809999999996	0.811720558112438	0.818476791111082
10.4909999999996	0.812511978686411	0.81927927999997
10.5009999999996	0.813350842052951	0.820079991111081
10.5109999999996	0.81423714821206	0.820878924444414
10.5209999999996	0.815170897163736	0.821676079999969
10.5309999999996	0.816152088907978	0.822471457777746
10.5409999999996	0.81718072344479	0.823265057777746
10.5509999999996	0.819267271002154	0.824056879999968
10.5609999999996	0.81967307134948	0.824846924444412
10.5709999999996	0.820124626801454	0.825635191111078
10.5809999999996	0.820621937358075	0.826421679999967
10.5909999999996	0.821165003019342	0.827206391111077
10.6009999999996	0.821753823785256	0.82798932444441
10.6109999999996	0.822388399655818	0.828770479999966
10.6209999999996	0.823068730631026	0.829549857777743
10.6309999999995	0.823794816710882	0.830327457777743
10.6409999999995	0.824566657895385	0.831103279999965
10.6509999999995	0.825384254184535	0.831877324444409
10.6609999999995	0.826247605578333	0.832649591111075
10.6709999999995	0.827156712076776	0.833420079999963
10.6809999999995	0.828111573679867	0.834188791111074
10.6909999999995	0.829112190387605	0.834955724444407
10.7009999999995	0.831024221421293	0.835720879999962
10.7109999999995	0.831422728853435	0.83648425777774
10.7209999999995	0.831865610034025	0.83724585777774
10.7309999999995	0.832352864963065	0.838005679999961
10.7409999999995	0.832884493640553	0.838763724444406
10.7509999999995	0.83346049606649	0.839519991111072
10.7609999999995	0.834080872240875	0.84027447999996
10.7709999999995	0.83474562216371	0.841027191111071
10.7809999999995	0.835454745834992	0.841778124444404
10.7909999999995	0.836208243254723	0.84252727999996
10.8009999999995	0.837006114422903	0.843274657777737
10.8109999999994	0.837848359339532	0.844020257777737
10.8209999999994	0.838734978004609	0.844764079999959
10.8309999999994	0.839665970418135	0.845506124444403
10.8409999999994	0.840641336580109	0.846246391111069
10.8509999999994	0.84240394938898	0.846984879999958
10.8609999999994	0.842795397890594	0.847721591111068
10.8709999999994	0.843229543360087	0.848456524444401
10.8809999999994	0.843706385797463	0.849189679999957
10.8909999999994	0.844225925202717	0.849921057777734
10.9009999999994	0.844788161575853	0.850650657777734
10.9109999999994	0.845393094916869	0.851378479999956
10.9209999999994	0.846040725225765	0.8521045244444
10.9309999999994	0.846731052502542	0.852828791111066
10.9409999999994	0.847464076747199	0.853551279999955
10.9509999999994	0.848239797959737	0.854271991111066
10.9609999999994	0.849058216140155	0.854990924444399
10.9709999999994	0.849919331288454	0.855708079999954
10.9809999999994	0.850823143404632	0.856423457777731
10.9909999999993	0.851769652488692	0.857137057777731
11.0009999999993	0.853371255551443	0.857848879999953
11.0109999999993	0.853754565901467	0.858558924444398
11.0209999999993	0.85417918246355	0.859267191111064
11.0309999999993	0.854645105237694	0.859973679999952
11.0409999999993	0.855152334223899	0.860678391111063
11.0509999999993	0.855700869422162	0.861381324444396
11.0609999999993	0.856290710832487	0.862082479999952
11.0709999999993	0.856921858454873	0.862781857777729
11.0809999999993	0.857594312289318	0.863479457777729
11.0909999999993	0.858308072335824	0.864175279999951
11.1009999999993	0.859063138594391	0.864869324444395
11.1109999999993	0.859859511065015	0.865561591111061
11.1209999999993	0.860697189747702	0.86625207999995
11.1309999999993	0.861576174642449	0.866940791111061
11.1409999999993	0.863624501089602	0.867627724444394
11.1509999999993	0.863960137881945	0.868312879999949
11.1609999999993	0.864335415005243	0.868996257777727
11.1709999999992	0.864750332459494	0.869677857777727
11.1809999999992	0.865204890244699	0.870357679999949
11.1909999999992	0.865699088360855	0.871035724444393
11.2009999999992	0.866232926807966	0.871711991111059
11.2109999999992	0.866806405586031	0.872386479999948
11.2209999999992	0.867419524695048	0.873059191111059
11.2309999999992	0.868072284135018	0.873730124444392
11.2409999999992	0.868764683905944	0.874399279999947
11.2509999999992	0.869496724007822	0.875066657777725
11.2609999999992	0.870268404440653	0.875732257777724
11.2709999999992	0.871079725204437	0.876396079999947
11.2809999999992	0.871930686299175	0.877058124444391
11.2909999999992	0.873809372762793	0.877718391111057
11.3009999999992	0.874137420915496	0.878376879999946
11.3109999999992	0.874503709250758	0.879033591111057
11.3209999999992	0.874908237768575	0.87968852444439
11.3309999999992	0.875351006468951	0.880341679999945
11.3409999999992	0.875832015351885	0.880993057777723
11.3509999999991	0.876351264417376	0.881642657777722
11.3609999999991	0.876908753665426	0.882290479999944
11.3709999999991	0.877504483096032	0.882936524444389
11.3809999999991	0.878138452709197	0.883580791111055
11.3909999999991	0.878810662504919	0.884223279999944
11.4009999999991	0.879521112483198	0.884863991111055
11.4109999999991	0.880269802644036	0.885502924444388
11.4209999999991	0.881056732987431	0.886140079999943
11.4309999999991	0.881881903513384	0.886775457777721
11.4409999999991	0.883614321722286	0.887409057777721
11.4509999999991	0.88393502408262	0.888040879999943
11.4609999999991	0.884292311635983	0.888670924444387
11.4709999999991	0.884686184382372	0.889299191111053
11.4809999999991	0.885116642321788	0.889925679999942
11.4909999999991	0.885583685454232	0.890550391111053
11.5009999999991	0.886087313779703	0.891173324444386
11.5109999999991	0.886627527298199	0.891794479999942
11.5209999999991	0.887204326009723	0.892413857777719
11.530999999999	0.887817709914274	0.893031457777719
11.540999999999	0.888467679011851	0.893647279999941
11.550999999999	0.889154233302456	0.894261324444385
11.560999999999	0.889877372786088	0.894873591111052
11.570999999999	0.890637097462747	0.895484079999941
11.580999999999	0.891433407332431	0.896092791111052
11.590999999999	0.893009635713507	0.896699724444385
11.600999999999	0.893321902789441	0.89730487999994
11.610999999999	0.893669345524473	0.897908257777718
11.620999999999	0.894051963918601	0.898509857777718
11.630999999999	0.894469757971826	0.89910967999994
11.640999999999	0.894922727684146	0.899707724444384
11.650999999999	0.895410873055563	0.90030399111105
11.660999999999	0.895934194086077	0.900898479999939
11.670999999999	0.896492690775688	0.90149119111105
11.680999999999	0.897086363124394	0.902082124444383
11.690999999999	0.897715211132197	0.902671279999939
11.700999999999	0.898379234799097	0.903258657777717
11.7109999999989	0.899078434125094	0.903844257777716
11.7209999999989	0.899812809110186	0.904428079999938
11.7309999999989	0.900582359754375	0.905010124444383
11.7409999999989	0.902023846813695	0.905590391111049
11.7509999999989	0.902327796392226	0.906168879999938
11.7609999999989	0.902665277524019	0.906745591111049
11.7709999999989	0.903036290209076	0.907320524444382
11.7809999999989	0.903440834447394	0.907893679999938
11.7909999999989	0.903878910238976	0.908465057777715
11.8009999999989	0.904350517583819	0.909034657777715
11.8109999999989	0.904855656481925	0.909602479999937
11.8209999999989	0.905394326933294	0.910168524444382
11.8309999999989	0.905966528937926	0.910732791111048
11.8409999999989	0.906572262495821	0.911295279999937
11.8509999999989	0.907211527606977	0.911855991111048
11.8609999999989	0.907884324271396	0.912414924444381
11.8709999999989	0.908590652489079	0.912972079999937
11.8809999999989	0.909330512260024	0.913527457777714
11.8909999999988	0.910629224997876	0.914081057777714
11.9009999999988	0.910923887252549	0.914632879999936
11.9109999999988	0.911250662148054	0.915182924444381
11.9209999999988	0.911609549684392	0.915731191111047
11.9309999999988	0.912000549861564	0.916277679999936
11.9409999999988	0.912423662679567	0.916822391111047
11.9509999999988	0.912878888138405	0.91736532444438
11.9609999999988	0.913366226238075	0.917906479999936
11.9709999999988	0.913885676978578	0.918445857777713
11.9809999999988	0.914437240359915	0.918983457777713
11.9909999999988	0.915020916382084	0.919519279999936
12.0009999999988	0.915636705045087	0.92005332444438
12.0109999999988	0.916284606348921	0.920585591111046
12.0209999999988	0.91696462029359	0.921116079999935
12.0309999999988	0.917655131849819	0.921644791111046
12.0409999999988	0.918852264224134	0.92217172444438
12.0509999999988	0.919137644010887	0.922696879999935
12.0609999999988	0.919453503208463	0.923220257777713
12.0709999999987	0.91979984181686	0.923741857777713
12.0809999999987	0.92017665983608	0.924261679999935
12.0909999999987	0.920583957266123	0.924779724444379
12.1009999999987	0.921021734106989	0.925295991111046
12.1109999999987	0.921489990358676	0.925810479999935
12.1209999999987	0.921988726021187	0.926323191111046
12.1309999999987	0.92251794109452	0.926834124444379
12.1409999999987	0.923077635578677	0.927343279999935
12.1509999999987	0.923667809473654	0.927850657777712
12.1609999999987	0.924288462779455	0.928356257777712
12.1709999999987	0.924939595496079	0.928860079999934
12.1809999999987	0.926421142243696	0.929362124444379
12.1909999999987	0.926667326151694	0.929862391111045
12.2009999999987	0.926942561186616	0.930360879999934
12.2109999999987	0.927246847348462	0.930857591111045
12.2209999999987	0.927580184637233	0.931352524444379
12.2309999999987	0.927942573052927	0.931845679999934
12.2409999999987	0.928334012595545	0.932337057777712
12.2509999999986	0.928754503265088	0.932826657777712
12.2609999999986	0.929204045061555	0.933314479999934
12.2709999999986	0.929682637984945	0.933800524444378
12.2809999999986	0.93019028203526	0.934284791111045
12.2909999999986	0.9307269772125	0.934767279999934
12.3009999999986	0.931292723516663	0.935247991111045
12.3109999999986	0.93188752094775	0.935726924444378
12.3209999999986	0.93251136950576	0.936204079999934
12.3309999999986	0.933861197054114	0.936679457777712
12.3409999999986	0.934098762613068	0.937153057777711
12.3509999999986	0.934363756936891	0.937624879999934
12.3609999999986	0.934656180025585	0.938094924444378
12.3709999999986	0.934976031879148	0.938563191111045
12.3809999999986	0.93532331249758	0.939029679999934
12.3909999999986	0.935698021880882	0.939494391111045
12.4009999999986	0.936100160029052	0.939957324444378
12.4109999999986	0.936529726942093	0.940418479999934
12.4209999999986	0.936986722620004	0.940877857777712
12.4309999999985	0.937471147062784	0.941335457777712
12.4409999999985	0.937983000270433	0.941791279999934
12.4509999999985	0.938522282242952	0.942245324444378
12.4609999999985	0.93908899298034	0.942697591111045
12.4709999999985	0.939683132482599	0.943148079999934
12.4809999999985	0.940895129868377	0.943596791111045
12.4909999999985	0.941123125513536	0.944043724444378
12.5009999999985	0.941377112275222	0.944488879999934
12.5109999999985	0.941657090153435	0.944932257777712
12.5209999999985	0.941963059148174	0.945373857777712
12.5309999999985	0.94229501925944	0.945813679999934
12.5409999999985	0.942652970487236	0.946251724444378
12.5509999999985	0.943036912831557	0.946687991111045
12.5609999999985	0.943446846292407	0.947122479999934
12.5709999999985	0.943882770869782	0.947555191111045
12.5809999999985	0.944344686563685	0.947986124444378
12.5909999999985	0.944832593374115	0.948415279999934
12.6009999999985	0.945346491301074	0.948842657777712
12.6109999999984	0.945886380344558	0.949268257777712
12.6209999999984	0.946452260504571	0.949692079999934
12.6309999999984	0.947544116525371	0.950114124444379
12.6409999999984	0.947762531438373	0.950534391111046
12.6509999999984	0.948005325965941	0.950952879999934
12.6609999999984	0.948272500108076	0.951369591111046
12.6709999999984	0.948564053864778	0.951784524444379
12.6809999999984	0.948879987236046	0.952197679999934
12.6909999999984	0.949220300221882	0.952609057777712
12.7009999999984	0.949584992822283	0.953018657777712
12.7109999999984	0.949974065037251	0.953426479999935
12.7209999999984	0.950387516866786	0.953832524444379
12.7309999999984	0.950825348310887	0.954236791111046
12.7409999999984	0.951287559369555	0.954639279999935
12.7509999999984	0.951774150042791	0.955039991111046
12.7609999999984	0.952285120330592	0.955438924444379
12.7709999999984	0.95282047023296	0.955836079999935
12.7809999999984	0.953788129430223	0.956231457777713
12.7909999999984	0.953996126988705	0.956625057777713
12.8009999999983	0.954227052097851	0.957016879999935
12.8109999999983	0.954480904757661	0.95740692444438
12.8209999999983	0.954757684968136	0.957795191111047
12.8309999999983	0.955057392729275	0.958181679999936
12.8409999999983	0.955380028041078	0.958566391111047
12.8509999999983	0.955725590903545	0.95894932444438
12.8609999999983	0.956094081316678	0.959330479999936
12.8709999999983	0.956485499280474	0.959709857777714
12.8809999999983	0.956899844794935	0.960087457777714
12.8909999999983	0.957337117860061	0.960463279999936
12.9009999999983	0.95779731847585	0.960837324444381
12.9109999999983	0.958280446642305	0.961209591111047
12.9209999999983	0.958786502359423	0.961580079999937
12.9309999999983	0.959645618354497	0.961948791111048
12.9409999999983	0.959843078615983	0.962315724444381
12.9509999999983	0.960061865804185	0.962680879999937
12.9609999999983	0.960301979919104	0.963044257777715
12.9709999999983	0.96056342096074	0.963405857777715
12.9809999999982	0.960846188929095	0.963765679999937
12.9909999999982	0.961150283824166	0.964123724444382
13.0009999999982	0.961475705645954	0.964479991111048
13.0109999999982	0.961822454394459	0.964834479999937
13.0209999999982	0.962190530069683	0.965187191111049
13.0309999999982	0.962579932671622	0.965538124444382
13.0409999999982	0.96299066220028	0.965887279999938
13.0509999999982	0.963422718655655	0.966234657777716
13.0609999999982	0.963876102037747	0.966580257777716
13.0709999999982	0.964317223801588	0.966924079999938
13.0809999999982	0.965099029938437	0.967266124444383
13.0909999999982	0.965285206515713	0.967606391111049
13.1009999999982	0.965491248583349	0.967944879999939
13.1109999999982	0.965717156141343	0.96828159111105
13.1209999999982	0.965962929189698	0.968616524444383
13.1309999999982	0.966228567728411	0.968949679999939
13.1409999999982	0.966514071757483	0.969281057777717
13.1509999999982	0.966819441276917	0.969610657777717
13.1609999999981	0.96714467628671	0.969938479999939
13.1709999999981	0.967489776786861	0.970264524444384
13.1809999999981	0.967854742777372	0.970588791111051
13.1909999999981	0.968239574258242	0.97091127999994
13.2009999999981	0.968644271229473	0.971231991111051
13.2109999999981	0.969068833691062	0.971550924444385
13.2209999999981	0.970008178616183	0.97186807999994
13.2309999999981	0.970164592324804	0.972183457777718
13.2409999999981	0.970339281769976	0.972497057777718
13.2509999999981	0.970532246951698	0.972808879999941
13.2609999999981	0.970743487869969	0.973118924444385
13.2709999999981	0.970973004524791	0.973427191111052
13.2809999999981	0.971220796916164	0.973733679999941
13.2909999999981	0.971486865044086	0.974038391111053
13.3009999999981	0.97177120890856	0.974341324444386
13.3109999999981	0.972073828509583	0.974642479999942
13.3209999999981	0.972394723847156	0.97494185777772
13.3309999999981	0.97273389492128	0.97523945777772
13.340999999998	0.973091341731954	0.975535279999943
13.350999999998	0.97346706427918	0.975829324444387
13.360999999998	0.973861062562954	0.976121591111054
13.370999999998	0.974681288320636	0.976412079999943
13.380999999998	0.974827017433584	0.976700791111054
13.390999999998	0.974989551481299	0.976987724444388
13.400999999998	0.975168890463783	0.977272879999943
13.410999999998	0.975365034381037	0.977556257777722
13.420999999998	0.975577983233058	0.977837857777721
13.430999999998	0.975807737019848	0.978117679999944
13.440999999998	0.976054295741407	0.978395724444389
13.450999999998	0.976317659397734	0.978671991111056
13.460999999998	0.976597827988831	0.978946479999945
13.470999999998	0.976894801514696	0.979219191111056
13.480999999998	0.977208579975329	0.97949012444439
13.490999999998	0.97753916337073	0.979759279999945
13.500999999998	0.977886551700902	0.980026657777723
13.510999999998	0.978250744965841	0.980292257777723
13.5209999999979	0.978965349837913	0.980556079999946
13.5309999999979	0.979100227597735	0.980818124444391
13.5409999999979	0.979250331400784	0.981078391111058
13.5509999999979	0.979415661247062	0.981336879999947
13.5609999999979	0.979596217136568	0.981593591111058
13.5709999999979	0.979791999069301	0.981848524444392
13.5809999999979	0.980003007045262	0.982101679999947
13.5909999999979	0.98022924106445	0.982353057777725
13.6009999999979	0.980470701126868	0.982602657777726
13.6109999999979	0.980727387232512	0.982850479999948
13.6209999999979	0.980999299381385	0.983096524444393
13.6309999999979	0.981286437573485	0.98334079111106
13.6409999999979	0.981588801808814	0.983583279999949
13.6509999999979	0.98190639208737	0.98382399111106
13.6609999999979	0.982239208409154	0.984062924444394
13.6709999999979	0.982847953327103	0.98430007999995
13.6809999999979	0.982971278759021	0.984535457777728
13.6909999999979	0.983108350073988	0.984769057777728
13.7009999999978	0.983259167272003	0.98500087999995
13.7109999999978	0.983423730353069	0.985230924444395
13.7209999999978	0.983602039317182	0.985459191111062
13.7309999999978	0.983794094164344	0.985685679999951
13.7409999999978	0.983999894894556	0.985910391111062
13.7509999999978	0.984219441507816	0.986133324444396
13.7609999999978	0.984452734004125	0.986354479999952
13.7709999999978	0.984699772383483	0.98657385777773
13.7809999999978	0.98496055664589	0.98679145777773
13.7909999999978	0.985235086791345	0.987007279999953
13.8009999999978	0.98552336281985	0.987221324444397
13.8109999999978	0.985825384731404	0.987433591111064
13.8209999999978	0.986340187305958	0.987644079999953
13.8309999999978	0.986451714133154	0.987852791111065
13.8409999999978	0.986575418806262	0.988059724444398
13.8509999999978	0.986711301325283	0.988264879999954
13.8609999999978	0.986859361690218	0.988468257777732
13.8709999999978	0.987019599901064	0.988669857777733
13.8809999999977	0.987192015957823	0.988869679999955
13.8909999999977	0.987376609860497	0.9890677244444
13.9009999999977	0.987573381609082	0.989263991111067
13.9109999999977	0.987782331203579	0.989458479999956
13.9209999999977	0.98800345864399	0.989651191111068
13.9309999999977	0.988236763930314	0.989842124444401
13.9409999999977	0.988482247062551	0.990031279999957
13.9509999999977	0.9887399080407	0.990218657777735
13.9609999999977	0.989009746864762	0.990404257777735
13.9709999999977	0.989431900171313	0.990588079999958
13.9809999999977	0.989531001560146	0.990770124444403
13.9909999999977	0.989640791283338	0.99095039111107
14.0009999999977	0.989761269340887	0.991128879999959
14.0109999999977	0.989892435732793	0.99130559111107
14.0209999999977	0.990034290459057	0.991480524444404
14.0309999999977	0.990186833519679	0.99165367999996
14.0409999999977	0.990350064914659	0.991825057777738
14.0509999999977	0.990523984643995	0.991994657777738
14.0609999999976	0.99070859270769	0.99216247999996
14.0709999999976	0.990903889105742	0.992328524444405
14.0809999999976	0.991109873838152	0.992492791111072
14.0909999999976	0.99132654690492	0.992655279999962
14.1009999999976	0.991553908306045	0.992815991111073
14.1109999999976	0.992054649335229	0.992974924444407
14.1209999999976	0.992131880440031	0.993132079999963
14.1309999999976	0.9922182426886	0.993287457777741
14.1409999999976	0.99231373608094	0.993441057777741
14.1509999999976	0.992418360617046	0.993592879999964
14.1609999999976	0.992532116296921	0.993742924444408
14.1709999999976	0.992655003120564	0.993891191111075
14.1809999999976	0.992787021087975	0.994037679999965
14.1909999999976	0.992928170199156	0.994182391111076
14.2009999999976	0.993078450454104	0.99432532444441
14.2109999999976	0.993237861852821	0.994466479999966
14.2209999999976	0.993406404395306	0.994605857777744
14.2309999999976	0.993584078081559	0.994743457777744
14.2409999999975	0.993770882911581	0.994879279999967
14.2509999999975	0.993966818885371	0.995013324444412
14.2609999999975	0.994366889916117	0.995145591111079
14.2709999999975	0.994432315955956	0.995276079999968
14.2809999999975	0.994505374283649	0.99540479111108
14.2909999999975	0.994586064899193	0.995531724444413
14.3009999999975	0.994674387802592	0.995656879999969
14.3109999999975	0.994770342993843	0.995780257777747
14.3209999999975	0.994873930472947	0.995901857777748
14.3309999999975	0.994985150239903	0.99602167999997
14.3409999999975	0.995104002294713	0.996139724444415
14.3509999999975	0.995230486637376	0.996255991111082
14.3609999999975	0.995364603267891	0.996370479999971
14.3709999999975	0.995506352186259	0.996483191111083
14.3809999999975	0.995655733392481	0.996594124444417
14.3909999999975	0.995812746886555	0.996703279999973
14.4009999999975	0.995977392668483	0.996810657777751
14.4109999999975	0.996286320032956	0.996916257777751
14.4209999999974	0.996339619457772	0.997020079999974
14.4309999999974	0.996399004818545	0.997122124444418
14.4409999999974	0.996464476115278	0.997222391111085
14.4509999999974	0.996536033347968	0.997320879999975
14.4609999999974	0.996613676516617	0.997417591111086
14.4709999999974	0.996697405621224	0.99751252444442
14.4809999999974	0.99678722066179	0.997605679999976
14.4909999999974	0.996883121638314	0.997697057777754
14.5009999999974	0.996985108550796	0.997786657777755
14.5109999999974	0.997093181399236	0.997874479999978
14.5209999999974	0.997207340183636	0.997960524444422
14.5309999999974	0.997327584903993	0.998044791111089
14.5409999999974	0.997453915560308	0.998127279999979
14.5509999999974	0.997586332152582	0.99820799111109
14.5609999999974	0.997807768736475	0.998286924444424
14.5709999999974	0.997848388585269	0.99836407999998
14.5809999999974	0.997893586176757	0.998439457777758
14.5909999999974	0.997943361510939	0.998513057777759
14.6009999999973	0.997997714587813	0.998584879999981
14.6109999999973	0.998056645407381	0.998654924444426
14.6209999999973	0.998120153969642	0.998723191111093
14.6309999999973	0.998188240274596	0.998789679999982
14.6409999999973	0.998260904322244	0.998854391111094
14.6509999999973	0.998338146112586	0.998917324444428
14.6609999999973	0.998419965645621	0.998978479999984
14.6709999999973	0.998506362921349	0.999037857777762
14.6809999999973	0.99859733793977	0.999095457777762
14.6909999999973	0.998692890700884	0.999151279999985
14.7009999999973	0.998793021204693	0.99920532444443
14.7109999999973	0.998935040096014	0.999257591111097
14.7209999999973	0.998962595374006	0.999308079999987
14.7309999999973	0.998993192873645	0.999356791111098
14.7409999999973	0.999026832594931	0.999403724444432
14.7509999999973	0.999063514537864	0.999448879999988
14.7609999999973	0.999103238702445	0.999492257777766
14.7709999999973	0.999146005088673	0.999533857777766
14.7809999999972	0.999191813696548	0.999573679999989
14.7909999999972	0.99924066452607	0.999611724444434
14.8009999999972	0.999292557577239	0.999647991111101
14.8109999999972	0.999347492850056	0.99968247999999
14.8209999999972	0.99940547034452	0.999715191111102
14.8309999999972	0.999466490060631	0.999746124444436
14.8409999999972	0.999530551998389	0.999775279999992
14.8509999999972	0.999597656157795	0.99980265777777
14.8609999999972	0.999656421058523	0.999828257777771
14.8709999999972	0.999656421058523	0.999852079999993
14.8809999999972	0.999656421058523	0.999874124444438
14.8909999999972	0.999656421058523	0.999894391111106
14.9009999999972	0.999656421058523	0.999912879999995
14.9109999999972	0.999656421058523	0.999929591111107
14.9209999999972	0.999656421058523	0.99994452444444
14.9309999999972	0.999656421058523	0.999957679999997
14.9409999999972	0.999656421058523	0.999969057777775
14.9509999999972	0.999656421058523	0.999978657777775
14.9609999999971	0.999656421058523	0.999986479999998
14.9709999999971	0.999656421058523	0.999992524444443
14.9809999999971	0.999656421058523	0.99999679111111
14.9909999999971	0.999656421058523	0.999999279999999
15.0009999999971	0.999656421058523	0.999999991111111
15.0109999999971	0.999656421058523	0.999998924444445
15.0209999999971	0.999656421058523	0.999996080000001
15.0309999999971	0.999656421058523	0.99999145777778
15.0409999999971	0.999656421058523	0.99998505777778
15.0509999999971	0.999656421058523	0.999976880000003
15.0609999999971	0.999656421058523	0.999966924444448
15.0709999999971	0.999656421058523	0.999955191111115
15.0809999999971	0.999656421058523	0.999941680000004
15.0909999999971	0.999656421058523	0.999926391111116
