t	fg_V
0	0	0
0.002	0	0
0.0041	1.05872243225668E-12	5.27465E-12
0.006	1.09594098835355E-12	5.26791E-12
0.00800000000000001	1.16455215176145E-12	5.27109E-12
0.0101	1.2717252720285E-12	5.29672E-12
0.0121	1.4105047006435E-12	5.3097E-12
0.0141	1.58890019344234E-12	5.32713999999999E-12
0.0161	1.81119715231303E-12	5.35015999999999E-12
0.0180999999999999	2.08214337738336E-12	5.37996999999998E-12
0.0200999999999999	2.40687654732734E-12	5.41789999999998E-12
0.0220999999999999	2.7908598938059E-12	5.46536999999997E-12
0.0240999999999999	3.23982783589253E-12	5.52392999999996E-12
0.0260999999999999	3.75974154803892E-12	5.59525999999995E-12
0.0280999999999999	4.35675346363402E-12	5.68121999999994E-12
0.0300999999999999	5.03717932833407E-12	5.78384999999993E-12
0.0320999999999999	5.80747638030007E-12	5.90539999999994E-12
0.0341	6.67422637363642E-12	6.04839999999997E-12
0.036	7.59307335444139E-12	6.15446E-12
0.0380000000000001	8.66724956925129E-12	6.34659000000004E-12
0.0400000000000001	9.85790631569906E-12	6.56986000000008E-12
0.0420000000000002	1.11720128158978E-11	6.82839000000012E-12
0.0440000000000002	1.26166198886441E-11	7.12684000000017E-12
0.0460000000000003	1.4198855782126E-11	7.47061000000021E-12
0.0480000000000003	1.59259227784221E-11	7.86585000000026E-12
0.0500000000000004	1.78050943944331E-11	8.3196900000003E-12
0.0520000000000005	1.98437130464717E-11	8.84033000000036E-12
0.0540000000000005	2.20491880776876E-11	9.43724000000041E-12
0.0560000000000006	2.44289940714715E-11	1.01214000000005E-11
0.0580000000000006	2.69906693919878E-11	1.09055000000005E-11
0.0600000000000007	2.97418149065442E-11	1.18044000000005E-11
0.0620000000000007	3.26900928547512E-11	1.28349000000006E-11
0.0640000000000008	3.58432258371961E-11	1.40171000000006E-11
0.0660000000000009	3.9208995902277E-11	1.53737000000006E-11
0.0680000000000009	4.27952437143781E-11	1.69314000000006E-11
0.070000000000001	4.66105094821505E-11	1.87210000000006E-11
0.072000000000001	5.99582249464466E-11	2.07783000000005E-11
0.0740000000000011	7.51746397364907E-11	2.31446000000004E-11
0.0760000000000012	9.23854420058108E-11	2.58677000000002E-11
0.0780000000000012	1.117328804247E-10	2.9003E-11
0.0800000000000013	1.33375338305042E-10	3.57002000000052E-11
0.0820000000000013	1.57487955978187E-10	4.48334000000067E-11
0.0840000000000014	1.84263557409466E-10	5.61227000000086E-11
0.0860000000000014	2.13913826854923E-10	7.00281000000112E-11
0.0880000000000015	2.46670708179239E-10	8.70959000000141E-11
0.0900000000000016	2.82788015296074E-10	1.07974000000018E-10
0.0920000000000016	3.22543252228945E-10	1.33427000000023E-10
0.0940000000000017	3.66239648131572E-10	1.64355000000028E-10
0.0960000000000017	4.14208417633837E-10	2.01815000000036E-10
0.0980000000000018	4.66811260842616E-10	2.47045000000044E-10
0.100000000000002	5.24443120617158E-10	3.01489000000055E-10
0.102000000000002	5.87535217526173E-10	3.66825000000068E-10
0.104000000000002	6.56558385237792E-10	4.45006000000084E-10
0.106000000000002	7.32026731181316E-10	5.38289000000102E-10
0.108000000000002	8.14501650192996E-10	6.49282000000125E-10
0.110000000000002	9.04596226531275E-10	7.80991000000152E-10
0.112000000000002	1.00298008491818E-09	9.36871000000186E-10
0.114000000000002	1.11038475558224E-09	1.12088000000022E-09
0.116000000000002	1.22873225500303E-09	1.33756000000027E-09
0.118000000000002	1.36106738710986E-09	1.59209000000033E-09
0.120000000000002	1.50906263340687E-09	1.89036000000039E-09
0.122000000000002	1.67455639760223E-09	2.23909000000047E-09
0.124000000000003	1.85959396843562E-09	2.64590000000056E-09
0.126000000000002	2.06644907179267E-09	3.11943000000063E-09
0.128000000000002	2.29764743628386E-09	3.66944000000066E-09
0.130000000000002	2.55599253520811E-09	4.30696000000068E-09
0.132000000000002	2.84459367878762E-09	5.04442000000071E-09
0.134000000000002	3.1668966421153E-09	5.89580000000071E-09
0.136000000000001	3.52671702642388E-09	6.8768200000007E-09
0.138000000000001	3.92827656408944E-09	8.00509000000067E-09
0.140000000000001	4.37624259125094E-09	9.30037000000061E-09
0.142000000000001	4.87577092608255E-09	1.07847000000005E-08
0.144	5.43255240562974E-09	1.24828000000004E-08
0.146	6.05286334973643E-09	1.44220000000002E-08
0.148	6.74362023698171E-09	1.66331E-08
0.1501	7.55307582363701E-09	1.92844999999997E-08
0.1521	8.41289208031695E-09	2.21632999999993E-08
0.154099999999999	9.36884483861583E-09	2.54297999999989E-08
0.156099999999999	1.04311006011216E-08	2.91308999999983E-08
0.158099999999999	1.16108180064452E-08	3.33179999999976E-08
0.160099999999999	1.29202351099083E-08	3.80483999999967E-08
0.162099999999998	1.43727634227286E-08	4.33848999999957E-08
0.164099999999998	1.59830891584962E-08	4.93971999999944E-08
0.166099999999998	1.77672821605638E-08	5.61615999999929E-08
0.168099999999998	1.97429130099143E-08	6.37625999999912E-08
0.170099999999998	2.19291788401519E-08	7.22923999999891E-08
0.172099999999997	2.43470384145337E-08	8.18527999999867E-08
0.174099999999997	2.70193570494586E-08	9.25552999999837E-08
0.176099999999997	2.99710619995888E-08	1.04521999999981E-07
0.178099999999997	3.32293089518565E-08	1.17885999999977E-07
0.180099999999996	3.68236603090313E-08	1.32794999999972E-07
0.182099999999996	4.07862759783423E-08	1.49406999999967E-07
0.184099999999996	4.51521174169131E-08	1.67897999999961E-07
0.186099999999996	4.99591657235079E-08	1.88456999999955E-07
0.188099999999996	5.52486546053708E-08	2.11291999999947E-07
0.190099999999995	6.10653190897907E-08	2.36627999999939E-07
0.192099999999995	6.74576608925176E-08	2.64712999999929E-07
0.194099999999995	7.44782313993017E-08	2.95811999999917E-07
0.196099999999995	8.21839332627277E-08	3.30214999999905E-07
0.198099999999995	9.06363416641576E-08	3.68238999999891E-07
0.200099999999994	9.99020463400961E-08	4.10223999999874E-07
0.202099999999994	1.10053015523644E-07	4.56540999999856E-07
0.204099999999994	1.21166983004992E-07	5.07589999999836E-07
0.206099999999994	1.33327859570177E-07	5.63806999999813E-07
0.208099999999993	1.46626170134624E-07	6.25659999999787E-07
0.210099999999993	1.61159517947372E-07	6.93656999999757E-07
0.212099999999993	1.76850809549649E-07	7.68344999999724E-07
0.214099999999993	1.97965552632108E-07	8.50316999999689E-07
0.216099999999993	2.21207441556037E-07	9.40210999999649E-07
0.218099999999992	2.46942715395439E-07	1.03870999999961E-06
0.220099999999992	2.75406393080175E-07	1.14656999999956E-06
0.222099999999992	3.06852661288611E-07	1.2645699999995E-06
0.224099999999992	3.4155621515742E-07	1.39356999999944E-06
0.226099999999991	3.79813679192712E-07	1.53450999999937E-06
0.228099999999991	4.2194511242261E-07	1.68835999999929E-06
0.230099999999991	4.68295601999598E-07	1.85619999999921E-06
0.232099999999991	5.19236949634427E-07	2.03916999999912E-06
0.234099999999991	5.75169455422202E-07	2.23849999999902E-06
0.23609999999999	6.36523803805594E-07	2.45548999999891E-06
0.23809999999999	7.03763056609242E-07	2.69156999999878E-06
0.24009999999999	8.04766580413039E-07	2.94823999999865E-06
0.24209999999999	9.49666282991084E-07	3.2271199999985E-06
0.244099999999989	1.11216997494251E-06	3.52993999999834E-06
0.246099999999989	1.29384522097467E-06	3.85853999999816E-06
0.248099999999989	1.49638082065771E-06	4.21490999999797E-06
0.250099999999989	1.72159403634669E-06	4.60115999999775E-06
0.252099999999989	1.97143831939378E-06	5.01954999999751E-06
0.254099999999988	2.24801153142469E-06	5.47247999999726E-06
0.256099999999988	2.55356466460729E-06	5.96251999999697E-06
0.258099999999988	2.89051106990238E-06	6.49240999999667E-06
0.260099999999988	3.2453694846928E-06	7.06507999999635E-06
0.262099999999987	3.54393197345264E-06	7.68363999999597E-06
0.264099999999987	3.87004571932143E-06	8.35139999999557E-06
0.266099999999987	4.22597054161694E-06	9.07188999999515E-06
0.268099999999987	4.61412698293881E-06	9.84885999999468E-06
0.270099999999987	5.03710591425775E-06	1.06862999999942E-05
0.272099999999986	5.92922220542094E-06	1.15884999999936E-05
0.274099999999986	6.49467421932366E-06	1.2559899999993E-05
0.276099999999986	7.11505394512907E-06	1.36052999999924E-05
0.278099999999986	7.79500091142213E-06	1.47298999999917E-05
0.280099999999985	8.53948792658806E-06	1.59388999999909E-05
0.282099999999985	9.35384053578796E-06	1.72381999999901E-05
0.284099999999985	1.02437574412769E-05	1.86338999999892E-05
0.286099999999985	1.12153319247554E-05	2.01322999999882E-05
0.288099999999985	1.22750743112127E-05	2.17402999999872E-05
0.290099999999984	1.34599706755238E-05	2.3465099999986E-05
0.292099999999984	1.49544530318789E-05	2.53143999999849E-05
0.294099999999984	1.64890346194158E-05	2.72962999999836E-05
0.296099999999984	1.81698810233092E-05	2.94193999999821E-05
0.298099999999983	1.98215346432888E-05	3.16927999999807E-05
0.300099999999983	2.13231399837661E-05	3.4125999999979E-05
0.302099999999983	2.29599020560633E-05	3.67292999999773E-05
0.304099999999983	2.47424376304393E-05	3.95132999999754E-05
0.306099999999983	2.66820938646278E-05	4.24892999999733E-05
0.308099999999982	2.87909878313648E-05	4.56692999999711E-05
0.310099999999982	3.13939629302647E-05	4.90659999999688E-05
0.312099999999982	3.45693091803225E-05	5.26925999999663E-05
0.314099999999982	3.76118357762035E-05	5.65632999999636E-05
0.316099999999982	4.08515035121571E-05	6.06926999999607E-05
0.318099999999981	4.42059205739205E-05	6.50965999999575E-05
0.320099999999981	4.77445671814125E-05	6.97913999999541E-05
0.322099999999981	5.10946573646198E-05	7.47943999999506E-05
0.324099999999981	5.49014986447991E-05	8.01238999999468E-05
0.32609999999998	5.9573130293032E-05	8.57990999999428E-05
0.32809999999998	6.48380071318658E-05	9.18402999999385E-05
0.33009999999998	6.95822467209841E-05	9.82685999999337E-05
0.33209999999998	7.47579565751638E-05	0.000105106999999929
0.33409999999998	8.03982765970314E-05	0.000112377999999923
0.336099999999979	8.64117263917822E-05	0.000120105999999918
0.338099999999979	9.29563561366998E-05	0.000128318999999912
0.340099999999979	0.000100427771568447	0.000137042999999905
0.342099999999979	0.000107741944914559	0.000146305999999898
0.344099999999978	0.000115713397568808	0.000156138999999891
0.346099999999978	0.000123428876388954	0.000166572999999883
0.348099999999978	0.000131783635333528	0.000177641999999875
0.350099999999978	0.000141163636986879	0.000189378999999866
0.352099999999978	0.000152328239863731	0.000201821999999856
0.354099999999977	0.000164350656793992	0.000215007999999846
0.356099999999977	0.00017527509656373	0.000228977999999836
0.358099999999977	0.000186697259387007	0.000243771999999825
0.360099999999977	0.000199054537284624	0.000259434999999813
0.362099999999976	0.000212313639369405	0.0002760119999998
0.364099999999976	0.000227272012575453	0.000293551999999786
0.366099999999976	0.000244204531578109	0.000312102999999772
0.368099999999976	0.000260244467990056	0.000331718999999757
0.370099999999976	0.000277022106976725	0.00035245299999974
0.372099999999975	0.000295214944981544	0.000374363999999723
0.374099999999975	0.000316716617428402	0.000397508999999704
0.376099999999975	0.000336304412875014	0.000421951999999685
0.378099999999975	0.000357614657329043	0.000447755999999665
0.380099999999974	0.000379644309736131	0.000474989999999643
0.382099999999974	0.000404366707601292	0.00050372299999962
0.384099999999974	0.000430332705859426	0.000534028999999597
0.386099999999974	0.000457949914062754	0.000565983999999571
0.388099999999974	0.000485026301365663	0.000599666999999545
0.390099999999973	0.000514971499165873	0.000635160999999516
0.392099999999973	0.000552021386478091	0.000672550999999486
0.394099999999973	0.000586369868696823	0.000711926999999454
0.396099999999973	0.000621047744795722	0.00075338099999942
0.398099999999972	0.000656766434205198	0.000797008999999385
0.400099999999972	0.000697032177763299	0.000842910999999348
0.402099999999972	0.000738506314509082	0.00089118999999931
0.404099999999972	0.000781914537394635	0.000941952999999267
0.406099999999972	0.0008277002694407	0.000995311999999223
0.408099999999971	0.000879933841388209	0.00105
0.410099999999971	0.00092914337387888	0.00111
0.412099999999971	0.000984073241286213	0.00117
0.414099999999971	0.00103887097406507	0.00123999999999708
0.41609999999997	0.0011020490040701	0.00130999999999705
0.41809999999997	0.00116393180565317	0.00137999999999703
0.42009999999997	0.00122678922428036	0.00145
0.42209999999997	0.0012940433807938	0.00153
0.42409999999997	0.001371642945712	0.00161
0.426099999999969	0.00145082936859894	0.00169999999999694
0.428099999999969	0.00152878956416479	0.00178999999999691
0.430099999999969	0.00161263559608381	0.00188
0.432099999999969	0.00169861305800907	0.00198
0.434099999999969	0.00178738208918393	0.00208999999999685
0.436099999999968	0.00188336653744736	0.00219999999999683
0.438099999999968	0.0019914458233087	0.00230999999999681
0.440099999999968	0.00209721964459914	0.00242999999999679
0.442099999999968	0.00220685962239615	0.00254999999999676
0.444099999999967	0.00232324375410901	0.00267999999999674
0.446099999999967	0.0024446300912667	0.00281
0.448099999999967	0.00256610736578806	0.0029599999999967
0.450099999999967	0.0027024587792962	0.00309999999999667
0.452099999999967	0.00283810433827281	0.00325999999999665
0.454099999999966	0.00297762939258834	0.00341999999999663
0.456099999999966	0.00312508508136295	0.00357999999999661
0.458099999999966	0.00328893123919516	0.00375
0.460099999999966	0.00345159894096975	0.00393999999999656
0.462099999999965	0.00362828305790799	0.00411999999999655
0.464099999999965	0.00380236051739327	0.00431999999999652
0.466099999999965	0.00398066813482137	0.0045199999999965
0.468099999999965	0.00417216622377354	0.00472999999999647
0.470099999999965	0.00437238545070779	0.00494999999999646
0.472099999999964	0.00457512635625591	0.00517999999999643
0.474099999999964	0.00478972626424959	0.00541999999999282
0.476099999999964	0.00502116032332524	0.00565999999999638
0.478099999999964	0.00526089295243429	0.00590999999999637
0.480099999999963	0.00549005029491629	0.00617999999999268
0.482099999999963	0.00573502385615722	0.00644999999999633
0.484099999999963	0.00599909541798001	0.00672999999999631
0.486099999999963	0.00626667653860826	0.00702999999999256
0.488099999999963	0.00654100838982484	0.00732999999999252
0.490099999999962	0.00682759157333748	0.00763999999999624
0.492099999999962	0.00713005628811877	0.00796999999999243
0.494099999999962	0.00743949639863002	0.00829999999999238
0.496099999999962	0.00774898683537756	0.00864999999999233
0.498099999999961	0.00808210467101027	0.00899999999999229
0.500099999999961	0.00842615926599091	0.00936999999999225
0.502099999999961	0.00876648858547825	0.00974999999999221
0.504099999999961	0.00912536198308934	0.0101399999999922
0.506099999999961	0.00948522767045043	0.0105399999999921
0.50809999999996	0.00987588584940608	0.0109599999999881
0.51009999999996	0.0102711954611992	0.011379999999992
0.51209999999996	0.0106660146701515	0.011819999999992
0.51409999999996	0.0110875415152339	0.0122699999999919
0.516099999999959	0.0115135041435897	0.0127299999999919
0.518099999999959	0.0119594435555246	0.0132099999999878
0.520099999999959	0.0124156443366965	0.0136899999999918
0.522099999999959	0.0128640972324414	0.0141899999999918
0.524099999999959	0.0133529164306549	0.0147099999999876
0.526099999999958	0.0138423739875756	0.0152299999999917
0.528099999999958	0.0143390110505564	0.0157699999999874
0.530099999999958	0.0148564275197406	0.0163199999999874
0.532099999999958	0.0153646797829519	0.0168799999999873
0.534099999999958	0.0159094663275346	0.0174599999999873
0.536099999999957	0.0164480904376215	0.0180499999999872
0.538099999999957	0.016989758060324	0.0186499999999871
0.540099999999957	0.0175822359513907	0.019259999999987
0.542099999999957	0.018167436582828	0.0198899999999826
0.544099999999956	0.018763189971588	0.0205199999999869
0.546099999999956	0.0193519853016695	0.0211699999999868
0.548099999999956	0.0199819966978239	0.0218399999999824
0.550099999999956	0.0206115981794129	0.0225099999999867
0.552099999999956	0.0212446421100241	0.0231999999999822
0.554099999999955	0.0218964465647443	0.0238899999999866
0.556099999999955	0.0225486746698871	0.0245999999999865
0.558099999999955	0.0232446690065872	0.0253299999999819
0.560099999999955	0.0239359373701113	0.0260599999999818
0.562099999999954	0.024626210816931	0.0267999999999863
0.564099999999954	0.0253406518432645	0.0275599999999817
0.566099999999954	0.0260372845730278	0.0283299999999816
0.568099999999954	0.0267510723157551	0.0290999999999815
0.570099999999954	0.0275106810028172	0.0298899999999814
0.572099999999953	0.0282661579402692	0.0306899999999813
0.574099999999953	0.0290472458893494	0.0314999999999812
0.576099999999953	0.0297983847122641	0.0323099999999812
0.578099999999953	0.0305774222351262	0.0331399999999811
0.580099999999952	0.0313569269017951	0.033979999999981
0.582099999999952	0.0321544228510467	0.0348299999999762
0.584099999999952	0.0329639124436892	0.0356799999999808
0.586099999999952	0.0337718672182269	0.0365499999999759
0.588099999999952	0.0345717583624796	0.0374199999999806
0.590099999999951	0.0354360557738616	0.0382999999999806
0.592099999999951	0.036268820703556	0.0391899999999804
0.594099999999951	0.0371135745336215	0.0400899999999804
0.596099999999951	0.0379677127114773	0.0409999999999753
0.59809999999995	0.0388268064620688	0.0419099999999753
0.60009999999995	0.0397026664988551	0.0428299999999801
0.60209999999995	0.0405706973798846	0.043759999999975
0.60409999999995	0.0414189809991204	0.0446899999999799
0.60609999999995	0.0423446435412526	0.0456399999999749
0.608099999999949	0.0432269486061051	0.0465799999999797
0.610099999999949	0.0441190771693481	0.0475399999999746
0.612099999999949	0.0450376292137317	0.0484999999999745
0.614099999999949	0.0459389220086887	0.0494699999999744
0.616099999999948	0.0468541953827814	0.0504399999999742
0.618099999999948	0.0478019399540094	0.0514099999999793
0.620099999999948	0.048740689529221	0.052399999999974
0.622099999999948	0.0496584351623021	0.053389999999974
0.624099999999948	0.0506113293980957	0.0543799999999738
0.626099999999947	0.0515286959660295	0.0553799999999737
0.628099999999947	0.0524760811170042	0.0563799999999736
0.630099999999947	0.0534390162299079	0.0573799999999735
0.632099999999947	0.0543900224569183	0.0583899999999734
0.634099999999946	0.0553419789076412	0.0594099999999733
0.636099999999946	0.056305559671799	0.0604299999999731
0.638099999999946	0.0572707093560985	0.061449999999973
0.640099999999946	0.0582473138834804	0.0624699999999729
0.642099999999946	0.0592369217322165	0.0634999999999728
0.644099999999945	0.0602156720409492	0.0645399999999672
0.646099999999945	0.0611700834605971	0.0655699999999726
0.648099999999945	0.0621181692597439	0.0666099999999725
0.650099999999945	0.0631134359245332	0.0676499999999723
0.652099999999945	0.0640945495906216	0.0686899999999722
0.654099999999944	0.0651039729317914	0.0697399999999721
0.656099999999944	0.0661323250517612	0.070789999999972
0.658099999999944	0.0671296507018762	0.0718399999999719
0.660099999999944	0.0681115599658993	0.0728899999999718
0.662099999999943	0.0691131569340825	0.0739499999999717
0.664099999999943	0.0701248601610848	0.0750099999999659
0.666099999999943	0.0711338459792444	0.0760699999999657
0.668099999999943	0.0721275011361556	0.0771299999999657
0.670099999999943	0.0731563747765686	0.0781899999999712
0.672099999999942	0.0741547610811766	0.0792499999999711
0.674099999999942	0.0751270676295824	0.080319999999971
0.676099999999942	0.0761406679866613	0.0813899999999651
0.678099999999942	0.077143409271427	0.0824499999999708
0.680099999999941	0.0782013786809168	0.0835199999999707
0.682099999999941	0.0791960995414882	0.0845999999999647
0.684099999999941	0.0801761343965371	0.0856699999999646
0.686099999999941	0.081220431416676	0.0867399999999703
0.688099999999941	0.0822660594154829	0.0878099999999702
0.69009999999994	0.0832862507697108	0.0888899999999702
0.69209999999994	0.0842952792530099	0.08995999999997
0.69409999999994	0.085316098851503	0.0910399999999699
0.69609999999994	0.0863421602720207	0.0921199999999638
0.698099999999939	0.0873369319701338	0.0931999999999636
0.700099999999939	0.0883194952573639	0.0942699999999696
0.702099999999939	0.0893644807470464	0.0953499999999695
0.704099999999939	0.0904251682718392	0.0964299999999694
0.706099999999939	0.0914654997531454	0.0975099999999693
0.708099999999938	0.092458368542329	0.0985899999999692
0.710099999999938	0.0934697559808969	0.0996699999999691
0.712099999999938	0.0945301932803576	0.100749999999969
0.714099999999938	0.0955350724720642	0.101839999999963
0.716099999999937	0.0965639976617671	0.102919999999962
0.718099999999937	0.0976143720571437	0.103999999999962
0.720099999999937	0.0986524754515272	0.105079999999969
0.722099999999937	0.0996592672248209	0.106159999999968
0.724099999999937	0.10067938590382	0.107239999999968
0.726099999999936	0.101673222770309	0.108329999999962
0.728099999999936	0.102702656036117	0.109409999999962
0.730099999999936	0.103758742758736	0.110489999999968
0.732099999999936	0.10477025001375	0.111569999999968
0.734099999999935	0.105829859717332	0.112649999999968
0.736099999999935	0.106863760004677	0.113729999999968
0.738099999999935	0.107907289604752	0.114819999999961
0.740099999999935	0.10891386370382	0.115899999999961
0.742099999999935	0.109944321728432	0.116979999999967
0.744099999999934	0.110933579254166	0.118059999999967
0.746099999999934	0.111940616433491	0.119139999999967
0.748099999999934	0.112974004617953	0.120219999999967
0.750099999999934	0.114018083140297	0.121299999999967
0.752099999999933	0.115037552024846	0.122379999999967
0.754099999999933	0.116056466925705	0.123459999999967
0.756099999999933	0.117110684383266	0.124539999999967
0.758099999999933	0.118134048929239	0.125619999999966
0.760099999999933	0.119125651331269	0.126699999999966
0.762099999999932	0.120128779028524	0.127779999999966
0.764099999999932	0.121139108765668	0.128859999999966
0.766099999999932	0.122181914507605	0.129939999999966
0.768099999999932	0.123233436557984	0.131019999999959
0.770099999999932	0.124267057111562	0.132099999999959
0.772099999999931	0.125314850851076	0.133169999999966
0.774099999999931	0.126311608079447	0.134249999999966
0.776099999999931	0.127367006745038	0.135329999999958
0.778099999999931	0.128378782079073	0.136399999999965
0.78009999999993	0.129371370336842	0.137479999999965
0.78209999999993	0.130384713691935	0.138559999999958
0.78409999999993	0.131384178340031	0.139629999999965
0.78609999999993	0.132438561320097	0.140709999999958
0.78809999999993	0.133468128256533	0.141779999999965
0.790099999999929	0.134496174548369	0.142849999999965
0.792099999999929	0.135515478656115	0.143929999999957
0.794099999999929	0.136518494436136	0.144999999999964
0.796099999999929	0.13750952736283	0.146069999999964
0.798099999999928	0.138559953410889	0.147149999999957
0.800099999999928	0.139559344580109	0.148219999999957
0.802099999999928	0.140578402889126	0.149289999999964
0.804099999999928	0.141588299862874	0.150359999999964
0.806099999999928	0.142587839289082	0.151429999999964
0.808099999999927	0.143609784911545	0.152499999999964
0.810099999999927	0.144651467377068	0.153569999999964
0.812099999999927	0.145685169067301	0.154639999999963
0.814099999999927	0.146674476371938	0.155709999999963
0.816099999999926	0.147680676894942	0.156779999999963
0.818099999999926	0.148657579251319	0.157849999999956
0.820099999999926	0.149715709811374	0.158919999999956
0.822099999999926	0.150712585493896	0.159979999999963
0.824099999999926	0.15170501354482	0.161049999999963
0.826099999999925	0.152757506448689	0.162119999999955
0.828099999999925	0.153758355624618	0.163179999999963
0.830099999999925	0.154746657413906	0.164249999999962
0.832099999999925	0.155780871667956	0.165309999999962
0.834099999999924	0.156827785115449	0.166379999999962
0.836099999999924	0.157799506392259	0.167439999999962
0.838099999999924	0.158799599443258	0.168509999999955
0.840099999999924	0.159782290029909	0.169569999999962
0.842099999999924	0.160762708656682	0.170629999999962
0.844099999999923	0.161834579534054	0.171699999999954
0.846099999999923	0.162858210629762	0.172759999999962
0.848099999999923	0.163840156830022	0.173819999999962
0.850099999999923	0.164873279444078	0.174879999999961
0.852099999999922	0.165880865875881	0.175949999999954
0.854099999999922	0.166857379907133	0.177009999999953
0.856099999999922	0.167857268966516	0.178069999999953
0.858099999999922	0.168895386583796	0.179129999999953
0.860099999999922	0.169906557126468	0.180189999999953
0.862099999999921	0.170899628640195	0.181249999999953
0.864099999999921	0.171916238248678	0.182309999999953
0.866099999999921	0.172888922271945	0.18335999999996
0.868099999999921	0.173876205546046	0.18441999999996
0.87009999999992	0.174913760998872	0.18547999999996
0.87209999999992	0.175919456921451	0.18653999999996
0.87409999999992	0.176893385183896	0.187599999999952
0.87609999999992	0.177891157852529	0.18864999999996
0.87809999999992	0.178899324944531	0.18970999999996
0.880099999999919	0.179877047968163	0.19075999999996
0.882099999999919	0.180883671086946	0.19181999999996
0.884099999999919	0.181921520142153	0.192879999999951
0.886099999999919	0.18293605420893	0.193929999999959
0.888099999999919	0.183910864069938	0.194989999999951
0.890099999999918	0.184928432446817	0.196039999999959
0.892099999999918	0.185941770026669	0.197089999999959
0.894099999999918	0.186905331462886	0.198149999999959
0.896099999999918	0.18793355320056	0.199199999999959
0.898099999999917	0.18895274347423	0.200249999999959
0.900099999999917	0.189963092819195	0.201309999999959
0.902099999999917	0.190958481264253	0.202359999999958
0.904099999999917	0.191944916677349	0.203409999999958
0.906099999999917	0.192940423711721	0.204459999999958
0.908099999999916	0.193895977423377	0.20551999999995
0.910099999999916	0.194901140450485	0.20656999999995
0.912099999999916	0.195899696579082	0.207619999999958
0.914099999999916	0.196910788709472	0.208669999999958
0.916099999999915	0.197880716364303	0.209719999999958
0.918099999999915	0.198895811344156	0.210769999999958
0.920099999999915	0.199880440753768	0.211819999999957
0.922099999999915	0.200844468461299	0.212869999999957
0.924099999999915	0.201855580220094	0.213919999999957
0.926099999999914	0.202905402371584	0.214969999999957
0.928099999999914	0.203913614426332	0.216019999999948
0.930099999999914	0.204882155825338	0.217069999999948
0.932099999999914	0.20586844781366	0.218109999999957
0.934099999999913	0.206873822203479	0.219159999999957
0.936099999999913	0.207833552394522	0.220209999999957
0.938099999999913	0.20879749992858	0.221259999999948
0.940099999999913	0.209815497353578	0.222299999999956
0.942099999999913	0.210846880083995	0.223349999999956
0.944099999999912	0.211826605730466	0.224399999999956
0.946099999999912	0.212836333963504	0.225439999999956
0.948099999999912	0.213828571815046	0.226489999999956
0.950099999999912	0.214780987386226	0.227539999999956
0.952099999999911	0.215766755412411	0.228579999999956
0.954099999999911	0.216795811080399	0.229629999999956
0.956099999999911	0.217806833966579	0.230669999999956
0.958099999999911	0.218784516448138	0.231719999999955
0.960099999999911	0.219755839184715	0.232769999999946
0.96209999999991	0.220739998304264	0.233809999999955
0.96409999999991	0.221745615408199	0.234849999999955
0.96609999999991	0.222708527985362	0.235899999999955
0.96809999999991	0.223686608801954	0.236939999999955
0.970099999999909	0.224674273408467	0.237989999999955
0.972099999999909	0.225692021939249	0.239029999999955
0.974099999999909	0.226714436760448	0.240079999999945
0.976099999999909	0.2276979969537	0.241119999999954
0.978099999999909	0.228689788304633	0.242159999999954
0.980099999999908	0.22967940917058	0.243209999999945
0.982099999999908	0.230652508884127	0.244249999999954
0.984099999999908	0.231614954151495	0.245289999999954
0.986099999999908	0.232675000421275	0.246329999999954
0.988099999999908	0.23364440097879	0.247379999999944
0.990099999999907	0.234639131138841	0.248419999999954
0.992099999999907	0.235608096802555	0.249459999999954
0.994099999999907	0.236586723493102	0.250499999999953
0.996099999999907	0.237596865856535	0.251549999999944
0.998099999999906	0.238546181053992	0.252589999999953
1.00009999999991	0.239524176735513	0.253629999999953
1.00209999999991	0.240518698169016	0.254669999999953
1.00409999999991	0.241554025940678	0.255709999999953
1.00609999999991	0.242560322724574	0.256749999999953
1.00809999999991	0.24352561100734	0.257789999999953
1.01009999999991	0.244517140623892	0.258839999999943
1.0120999999999	0.245511478927881	0.259879999999943
1.0140999999999	0.246465500313566	0.260919999999943
1.0160999999999	0.247437680425199	0.261959999999952
1.0180999999999	0.248413994390615	0.262999999999952
1.0200999999999	0.249439918390398	0.264039999999952
1.0220999999999	0.250419633077107	0.265079999999952
1.0240999999999	0.251406175871926	0.266119999999952
1.0260999999999	0.252401439825795	0.267159999999952
1.0280999999999	0.253378195379066	0.268199999999952
1.0300999999999	0.254376811697017	0.269239999999951
1.0320999999999	0.255329908115105	0.270279999999951
1.0340999999999	0.256309295697493	0.271319999999951
1.0360999999999	0.257325029186033	0.272359999999951
1.0380999999999	0.258332532453183	0.273399999999951
1.0400999999999	0.259341071752435	0.274439999999941
1.0420999999999	0.260303287149639	0.275479999999941
1.0440999999999	0.261283351818508	0.276519999999941
1.0460999999999	0.262271315707587	0.277549999999951
1.0480999999999	0.263208034915132	0.27858999999995
1.0500999999999	0.264175287718128	0.27962999999995
1.0520999999999	0.265177741044242	0.28066999999995
1.0540999999999	0.266206327302466	0.28170999999995
1.0560999999999	0.267164221661956	0.28274999999995
1.0580999999999	0.268177420655593	0.28378999999995
1.0600999999999	0.269154026109707	0.28482999999994
1.0620999999999	0.270141467994786	0.28586999999994
1.0640999999999	0.271165404812137	0.28689999999995
1.0660999999999	0.272120882051345	0.287939999999949
1.0680999999999	0.273075961654165	0.288979999999949
1.0700999999999	0.27404200822454	0.290019999999949
1.0720999999999	0.275059253842316	0.291059999999949
1.0740999999999	0.276033315465666	0.292099999999939
1.0760999999999	0.277037140205919	0.293129999999949
1.0780999999999	0.27803355072137	0.294169999999949
1.0800999999999	0.27901761803987	0.295209999999949
1.0820999999999	0.280014277351541	0.296249999999949
1.0840999999999	0.280955268378877	0.297289999999938
1.0860999999999	0.281927272139602	0.298319999999948
1.0880999999999	0.282913086726377	0.299359999999948
1.0900999999999	0.283955747798678	0.300399999999948
1.0920999999999	0.28492338559388	0.301439999999948
1.0940999999999	0.285915164930067	0.302479999999938
1.0960999999999	0.286900327252564	0.303509999999948
1.0980999999999	0.287881361061549	0.304549999999948
1.1000999999999	0.288855708606251	0.305589999999948
1.1020999999999	0.289833566423682	0.306629999999948
1.10409999999989	0.290781810011876	0.307669999999937
1.10609999999989	0.291737135306707	0.308699999999947
1.10809999999989	0.292744933373484	0.309739999999947
1.11009999999989	0.293729189450565	0.310779999999947
1.11209999999989	0.29473880435795	0.311819999999936
1.11409999999989	0.295705078622021	0.312849999999947
1.11609999999989	0.29671087651758	0.313889999999947
1.11809999999989	0.297696174915641	0.314929999999947
1.12009999999989	0.298686225693124	0.315969999999946
1.12209999999989	0.299633365045315	0.317009999999936
1.12409999999989	0.300583520612842	0.318039999999946
1.12609999999989	0.301574862932928	0.319079999999946
1.12809999999989	0.302613482844009	0.320119999999946
1.13009999999989	0.303575705297665	0.321159999999935
1.13209999999989	0.304572193130651	0.322189999999946
1.13409999999989	0.305548734030936	0.323229999999946
1.13609999999989	0.306539270885692	0.324269999999946
1.13809999999989	0.307516432191947	0.325309999999946
1.14009999999989	0.308490189909471	0.326349999999935
1.14209999999989	0.309440137564705	0.327379999999945
1.14409999999989	0.310440834644275	0.328419999999945
1.14609999999989	0.311428341596951	0.329459999999945
1.14809999999989	0.312435419270094	0.330499999999945
1.15009999999989	0.313409504747985	0.331539999999934
1.15209999999989	0.314419851712324	0.332569999999945
1.15409999999989	0.315433573100893	0.333609999999945
1.15609999999989	0.316451244027564	0.334649999999945
1.15809999999989	0.317427373236795	0.335689999999944
1.16009999999989	0.318396789861439	0.336729999999933
1.16209999999989	0.319358646890326	0.337759999999944
1.16409999999989	0.320321134439705	0.338799999999944
1.16609999999989	0.321335456750942	0.339839999999944
1.16809999999989	0.322347185133648	0.340879999999944
1.17009999999989	0.323297641332108	0.341919999999933
1.17209999999989	0.324280839799897	0.342949999999944
1.17409999999989	0.325250161869069	0.343989999999944
1.17609999999989	0.326232533687211	0.345029999999943
1.17809999999989	0.3271921441109	0.346069999999943
1.18009999999989	0.328155345558723	0.347109999999943
1.18209999999989	0.329096829573113	0.348149999999932
1.18409999999989	0.330091218966329	0.349189999999932
1.18609999999989	0.331064614771578	0.350219999999943
1.18809999999989	0.332094852359725	0.351259999999943
1.19009999999989	0.333072782062909	0.352299999999943
1.19209999999989	0.334074579886656	0.353339999999943
1.19409999999988	0.335084078783455	0.354379999999942
1.19609999999988	0.336084930978445	0.355419999999942
1.19809999999988	0.33703146344547	0.356459999999931
1.20009999999988	0.338017507767155	0.357499999999931
1.20209999999988	0.338967351601569	0.358529999999942
1.20409999999988	0.339937686620145	0.359569999999942
1.20609999999988	0.340918893785699	0.360609999999942
1.20809999999988	0.342005830561899	0.361649999999942
1.21009999999988	0.342960118337622	0.362689999999942
1.21209999999988	0.343938965880993	0.363729999999941
1.21409999999988	0.344888203603539	0.364769999999941
1.21609999999988	0.345877461290791	0.365809999999941
1.21809999999988	0.346905523298053	0.366849999999941
1.22009999999988	0.347896681760004	0.367889999999941
1.22209999999988	0.348858890215659	0.368929999999941
1.22409999999988	0.349826737106535	0.369969999999941
1.22609999999988	0.350833587720494	0.371009999999941
1.22809999999988	0.35182561262472	0.372049999999941
1.23009999999988	0.352852006451465	0.37308999999994
1.23209999999988	0.353842229118698	0.37412999999994
1.23409999999988	0.354852385364294	0.37516999999994
1.23609999999988	0.355842548162333	0.37620999999994
1.23809999999988	0.356845300980662	0.37724999999994
1.24009999999988	0.357821015238442	0.37828999999994
1.24209999999988	0.35881867245846	0.37932999999994
1.24409999999988	0.35977157219961	0.38036999999994
1.24609999999988	0.360727143518284	0.38140999999994
1.24809999999988	0.361678051020426	0.38244999999994
1.25009999999988	0.362698951747696	0.383489999999939
1.25209999999988	0.363726102414184	0.384529999999939
1.25409999999988	0.364684835846662	0.385569999999939
1.25609999999988	0.365666294126152	0.386619999999927
1.25809999999988	0.366648239751902	0.387659999999927
1.26009999999988	0.367646955942184	0.388699999999939
1.26209999999988	0.368653726212914	0.389739999999939
1.26409999999988	0.36964647568852	0.390779999999939
1.26609999999988	0.370586827016582	0.391819999999939
1.26809999999988	0.371535206956586	0.392859999999938
1.27009999999988	0.372524184587065	0.393909999999926
1.27209999999988	0.373537644167701	0.394949999999926
1.27409999999988	0.374541721222379	0.395989999999938
1.27609999999988	0.375561694573162	0.397029999999938
1.27809999999988	0.3765696645098	0.398069999999938
1.28009999999988	0.377561575815894	0.399109999999938
1.28209999999988	0.3785586540975	0.400159999999938
1.28409999999988	0.379516156758732	0.401199999999938
1.28609999999987	0.380521800928665	0.402239999999937
1.28809999999987	0.381472623212589	0.403279999999937
1.29009999999987	0.382441499968409	0.404329999999937
1.29209999999987	0.38339455214228	0.405369999999937
1.29409999999987	0.384432552946372	0.406409999999937
1.29609999999987	0.385442394321414	0.407459999999924
1.29809999999987	0.386401940747136	0.408499999999937
1.30009999999987	0.387392043363385	0.409539999999937
1.30209999999987	0.388370837341446	0.410589999999924
1.30409999999987	0.389389172813924	0.411629999999936
1.30609999999987	0.390365513617673	0.412669999999936
1.30809999999987	0.391362079610329	0.413719999999923
1.31009999999987	0.392340135393975	0.414759999999936
1.31209999999987	0.393296659028289	0.415799999999936
1.31409999999987	0.394260493936437	0.416849999999936
1.31609999999987	0.395254364964929	0.417889999999936
1.31809999999987	0.396268042256759	0.418939999999923
1.32009999999987	0.39726373351235	0.419979999999936
1.32209999999987	0.398298214989943	0.421019999999935
1.32409999999987	0.399263062770101	0.422069999999935
1.32609999999987	0.400259417827845	0.423109999999935
1.32809999999987	0.401283100426751	0.424159999999935
1.33009999999987	0.402276350605952	0.425199999999935
1.33209999999987	0.40328055620362	0.426249999999935
1.33409999999987	0.404221467363851	0.427289999999935
1.33609999999987	0.405168549257181	0.428339999999935
1.33809999999987	0.406116838917843	0.429379999999934
1.34009999999987	0.407201617254794	0.430429999999934
1.34209999999987	0.408236690791152	0.431469999999934
1.34409999999987	0.409203745198164	0.432519999999934
1.34609999999987	0.410199274044791	0.433569999999921
1.34809999999987	0.411207109406153	0.434609999999934
1.35009999999987	0.412230131988584	0.435659999999934
1.35209999999987	0.413192907105209	0.436699999999934
1.35409999999987	0.414191694903714	0.437749999999934
1.35609999999987	0.415161375622351	0.43879999999992
1.35809999999987	0.416118960239002	0.439839999999933
1.36009999999987	0.417081535406045	0.440889999999933
1.36209999999987	0.418038086553545	0.44193999999992
1.36409999999987	0.419068281753767	0.442979999999933
1.36609999999987	0.420060068764836	0.444029999999933
1.36809999999987	0.421026006895996	0.445079999999933
1.37009999999987	0.422031382425184	0.446129999999919
1.37209999999987	0.423031013538103	0.447169999999933
1.37409999999987	0.424028397361402	0.448219999999933
1.37609999999986	0.425015106882683	0.449269999999932
1.37809999999986	0.426081438930751	0.450319999999919
1.38009999999986	0.427026716388096	0.451359999999932
1.38209999999986	0.427981838726146	0.452409999999932
1.38409999999986	0.428976484883207	0.453459999999932
1.38609999999986	0.429963194266625	0.454509999999932
1.38809999999986	0.430991920792036	0.455559999999918
1.39009999999986	0.432020486568702	0.456599999999932
1.39209999999986	0.432982793069049	0.457649999999932
1.39409999999986	0.433988589804477	0.458699999999932
1.39609999999986	0.434992006302017	0.459749999999931
1.39809999999986	0.436031121929568	0.460799999999931
1.40009999999986	0.436995241249987	0.461849999999931
1.40209999999986	0.438005461168758	0.462899999999931
1.40409999999986	0.438990735827837	0.463949999999931
1.40609999999986	0.439954281587173	0.464999999999931
1.40809999999986	0.440962358148394	0.466049999999931
1.41009999999986	0.441931999661184	0.467099999999931
1.41209999999986	0.442952692122996	0.468149999999931
1.41409999999986	0.443961945428629	0.46919999999993
1.41609999999986	0.444939880650083	0.47024999999993
1.41809999999986	0.445952320608462	0.47129999999993
1.42009999999986	0.446938237442246	0.47234999999993
1.42209999999986	0.447915812088695	0.47339999999993
1.42409999999986	0.448911679281423	0.47444999999993
1.42609999999986	0.449924049865284	0.47549999999993
1.42809999999986	0.450926663034765	0.47654999999993
1.43009999999986	0.451880128457922	0.477599999999929
1.43209999999986	0.452858333470966	0.478659999999915
1.43409999999986	0.453835678848823	0.479709999999929
1.43609999999986	0.454849981392214	0.480759999999929
1.43809999999986	0.455914671791867	0.481809999999929
1.44009999999986	0.456923284470716	0.482859999999929
1.44209999999986	0.457939884702753	0.483919999999915
1.44409999999986	0.458905091137103	0.484969999999929
1.44609999999986	0.459912908835449	0.486019999999929
1.44809999999986	0.460928790325014	0.487069999999929
1.45009999999986	0.461893713549049	0.488129999999914
1.45209999999986	0.462918630162008	0.489179999999928
1.45409999999986	0.463903665573334	0.490229999999928
1.45609999999986	0.46487387438763	0.491279999999928
1.45809999999986	0.465839367758913	0.492339999999928
1.46009999999986	0.466814646016592	0.493389999999928
1.46209999999986	0.467840000435433	0.494439999999928
1.46409999999986	0.468859756133555	0.495499999999928
1.46609999999985	0.469847458809069	0.496549999999927
1.46809999999985	0.470902356002672	0.497609999999913
1.47009999999985	0.471863184880248	0.498659999999927
1.47209999999985	0.472885043644166	0.499719999999913
1.47409999999985	0.473889722908293	0.500769999999927
1.47609999999985	0.474862038337539	0.501819999999927
1.47809999999985	0.475874131143889	0.502879999999927
1.48009999999985	0.476855207147224	0.503929999999927
1.48209999999985	0.47782357472682	0.504989999999927
1.48409999999985	0.478828934635672	0.506039999999927
1.48609999999985	0.479841770348209	0.507099999999926
1.48809999999985	0.480898497124869	0.508159999999912
1.49009999999985	0.481923207245748	0.509209999999926
1.49209999999985	0.482891596472083	0.510269999999911
1.49409999999985	0.483887589666356	0.511319999999926
1.49609999999985	0.484870025461061	0.512379999999926
1.49809999999985	0.485873239178654	0.513429999999926
1.50009999999985	0.486871774979793	0.514489999999926
1.50209999999985	0.487834810857944	0.51554999999991
1.50409999999985	0.488869938080543	0.516599999999925
1.50609999999985	0.48987601753081	0.517659999999925
1.50809999999985	0.490830433878877	0.518719999999925
1.51009999999985	0.491799837410541	0.51977999999991
1.51209999999985	0.492768705750166	0.520829999999925
1.51409999999985	0.493789422547762	0.521889999999925
1.51609999999985	0.494828788640906	0.522949999999925
1.51809999999985	0.495836158506177	0.524009999999909
1.52009999999985	0.496879055376805	0.525059999999924
1.52209999999985	0.497855634805303	0.526119999999924
1.52409999999985	0.498876638509342	0.527179999999924
1.52609999999985	0.499890390098979	0.528239999999924
1.52809999999985	0.50087206417213	0.529299999999909
1.53009999999985	0.501884269253094	0.530359999999909
1.53209999999985	0.502873619703737	0.531409999999924
1.53409999999985	0.503842700728814	0.532469999999924
1.53609999999985	0.504825086254661	0.533529999999924
1.53809999999985	0.505795479962166	0.534589999999924
1.54009999999985	0.506834140655516	0.535649999999923
1.54209999999985	0.507876044290714	0.536709999999923
1.54409999999985	0.508871591236771	0.537769999999923
1.54609999999985	0.509875046606082	0.538829999999923
1.54809999999985	0.510848814177244	0.539889999999923
1.55009999999985	0.511863586741729	0.540949999999923
1.55209999999985	0.512896022349167	0.542009999999923
1.55409999999985	0.513867742333909	0.543069999999923
1.55609999999985	0.514868373631287	0.544129999999923
1.55809999999984	0.515910869835412	0.545189999999922
1.56009999999984	0.516884918841996	0.546249999999922
1.56209999999984	0.517842302416711	0.547319999999907
1.56409999999984	0.518806613988141	0.548379999999906
1.56609999999984	0.519819895073847	0.549439999999922
1.56809999999984	0.520858569557826	0.550499999999922
1.57009999999984	0.521872187971756	0.551559999999922
1.57209999999984	0.522922863481787	0.552619999999922
1.57409999999984	0.523953472972244	0.553689999999906
1.57609999999984	0.524957144938411	0.554749999999921
1.57809999999984	0.525943332431111	0.555809999999921
1.58009999999984	0.526982513602678	0.556869999999921
1.58209999999984	0.527954965832893	0.557939999999905
1.58409999999984	0.52896962149064	0.558999999999921
1.58609999999984	0.529957531447632	0.560059999999921
1.58809999999984	0.530929204023457	0.561129999999905
1.59009999999984	0.531923889690719	0.562189999999921
1.59209999999984	0.53289201355377	0.563249999999921
1.59409999999984	0.533908797756548	0.564319999999904
1.59609999999984	0.534976142185894	0.56537999999992
1.59809999999984	0.53595182033173	0.56643999999992
1.60009999999984	0.536971300586702	0.56750999999992
1.60209999999984	0.537948505531129	0.56856999999992
1.60409999999984	0.538947138887874	0.569639999999904
1.60609999999984	0.53994742969285	0.57069999999992
1.60809999999984	0.54097137452341	0.571769999999904
1.61009999999984	0.54198952146868	0.572829999999919
1.61209999999984	0.543013411160887	0.573899999999903
1.61409999999984	0.544029841998434	0.574959999999919
1.61609999999984	0.544993022708316	0.576029999999903
1.61809999999984	0.545962266875506	0.577089999999919
1.62009999999984	0.546952197089063	0.578159999999919
1.62209999999984	0.54798584303401	0.579229999999903
1.62409999999984	0.548995120053687	0.580289999999919
1.62609999999984	0.550033042179486	0.581359999999902
1.62809999999984	0.551038232572208	0.582419999999919
1.63009999999984	0.552044876837279	0.583489999999918
1.63209999999984	0.553078845022627	0.584559999999902
1.63409999999984	0.554070599448081	0.585619999999918
1.63609999999984	0.555089169902054	0.586689999999918
1.63809999999984	0.556086454794845	0.587759999999918
1.64009999999984	0.55713863877051	0.588829999999901
1.64209999999984	0.558145678449914	0.589889999999918
1.64409999999984	0.559128359197286	0.590959999999918
1.64609999999984	0.560140009389158	0.592029999999918
1.64809999999983	0.561105985310389	0.593099999999901
1.65009999999983	0.562121250393858	0.594169999999901
1.65209999999983	0.563185193307768	0.595229999999917
1.65409999999983	0.564161172967152	0.596299999999917
1.65609999999983	0.565159260942267	0.597369999999917
1.65809999999983	0.566167951791361	0.598439999999917
1.66009999999983	0.567182505996219	0.599509999999917
1.66209999999983	0.568227304849827	0.6005799999999
1.66409999999983	0.569231256658081	0.6016499999999
1.66609999999983	0.570222863341328	0.6027199999999
1.66809999999983	0.571246605059294	0.6037899999999
1.67009999999983	0.572303188025211	0.604859999999899
1.67209999999983	0.573280920962397	0.605929999999899
1.67409999999983	0.574262078079229	0.606999999999899
1.67609999999983	0.575236731823452	0.608069999999899
1.67809999999983	0.576223887339097	0.609139999999899
1.68009999999983	0.577284813835614	0.610209999999899
1.68209999999983	0.578300899208454	0.611279999999916
1.68409999999983	0.579304429231538	0.612349999999915
1.68609999999983	0.580342135669626	0.613419999999915
1.68809999999983	0.581319613989528	0.614489999999915
1.69009999999983	0.582348774799696	0.615559999999915
1.69209999999983	0.583342140259324	0.616639999999898
1.69409999999983	0.584362849572777	0.617709999999898
1.69609999999983	0.585371023672685	0.618779999999915
1.69809999999983	0.586391787839073	0.619849999999915
1.70009999999983	0.587411533967481	0.620919999999915
1.70209999999983	0.588381271557103	0.621999999999897
1.70409999999983	0.589366156939733	0.623069999999897
1.70609999999983	0.590338071231823	0.624139999999914
1.70809999999983	0.591381155154116	0.625209999999914
1.71009999999983	0.592453560922402	0.626289999999897
1.71209999999983	0.593434324450358	0.627359999999914
1.71409999999983	0.594460300720341	0.628429999999914
1.71609999999983	0.595466724758907	0.629509999999897
1.71809999999983	0.596454842201016	0.630579999999914
1.72009999999983	0.59749610393534	0.631659999999896
1.72209999999983	0.598511044624875	0.632729999999913
1.72409999999983	0.599513156346644	0.633799999999913
1.72609999999983	0.600536555931661	0.634879999999896
1.72809999999983	0.601547779071144	0.635949999999913
1.73009999999983	0.602547929524982	0.637029999999895
1.73209999999983	0.603564805688396	0.638099999999913
1.73409999999983	0.604559532266752	0.639179999999895
1.73609999999983	0.605539896651079	0.640249999999913
1.73809999999983	0.606590555226716	0.641329999999895
1.74009999999982	0.607643829361617	0.642399999999912
1.74209999999982	0.608664147342017	0.643479999999895
1.74409999999982	0.609673689786957	0.644549999999912
1.74609999999982	0.610684958436775	0.645629999999912
1.74809999999982	0.611702570657477	0.646709999999894
1.75009999999982	0.61270556016838	0.647779999999912
1.75209999999982	0.613772528745483	0.648859999999912
1.75409999999982	0.614743303664426	0.649939999999894
1.75609999999982	0.615766580632292	0.651009999999911
1.75809999999982	0.61678264131262	0.652089999999911
1.76009999999982	0.617786167920256	0.653169999999894
1.76209999999982	0.618800113284638	0.654239999999911
1.76409999999982	0.619794064843827	0.655319999999911
1.76609999999982	0.620807896448251	0.656399999999911
1.76809999999982	0.621833668664849	0.657479999999893
1.77009999999982	0.622905351885585	0.658559999999893
1.77209999999982	0.623883786753228	0.659629999999911
1.77409999999982	0.624931294749601	0.660709999999911
1.77609999999982	0.625907414794974	0.66178999999991
1.77809999999982	0.626897410191958	0.662869999999892
1.78009999999982	0.627906435424842	0.663949999999892
1.78209999999982	0.628921150024482	0.665029999999892
1.78409999999982	0.629926993506977	0.666109999999892
1.78609999999982	0.630958032115373	0.66717999999991
1.78809999999982	0.631975507554106	0.66825999999991
1.79009999999982	0.633019326274696	0.66933999999991
1.79209999999982	0.634025954400417	0.67041999999991
1.79409999999982	0.635044066687067	0.671499999999909
1.79609999999982	0.636025607164677	0.672579999999909
1.79809999999982	0.637022550838384	0.673659999999909
1.80009999999982	0.638112244494369	0.674739999999909
1.80209999999982	0.639130766542216	0.675819999999909
1.80409999999982	0.640136026945136	0.676909999999891
1.80609999999982	0.641182133412302	0.677989999999891
1.80809999999982	0.642169089643477	0.67906999999989
1.81009999999982	0.643187085837666	0.68014999999989
1.81209999999982	0.644222394116705	0.681229999999908
1.81409999999982	0.645227195146096	0.682309999999908
1.81609999999982	0.646234801273533	0.683389999999908
1.81809999999982	0.647229170328246	0.68447999999989
1.82009999999982	0.648259445125185	0.685559999999889
1.82209999999982	0.649248544192688	0.686639999999908
1.82409999999982	0.650225573667979	0.687719999999908
1.82609999999982	0.651202032990948	0.688799999999908
1.82809999999982	0.652271552778671	0.689889999999889
1.83009999999981	0.653311123968088	0.690969999999907
1.83209999999981	0.654369242002051	0.692049999999907
1.83409999999981	0.655388710558537	0.693139999999889
1.83609999999981	0.656443820297302	0.694219999999888
1.83809999999981	0.657425776089969	0.695299999999907
1.84009999999981	0.658423980631834	0.696389999999888
1.84209999999981	0.659441832620322	0.697469999999907
1.84409999999981	0.660464421714375	0.698549999999907
1.84609999999981	0.661449659614234	0.699639999999888
1.84809999999981	0.662476943678014	0.700719999999906
1.85009999999981	0.663513641467536	0.701809999999888
1.85209999999981	0.664560384252535	0.702889999999906
1.85409999999981	0.665539426029219	0.703979999999887
1.85609999999981	0.666526720632638	0.705059999999906
1.85809999999981	0.66751586982989	0.706149999999887
1.86009999999981	0.668539631579661	0.707229999999906
1.86209999999981	0.669586271188977	0.708319999999887
1.86409999999981	0.670599835716747	0.709399999999906
1.86609999999981	0.671619149984255	0.710489999999886
1.86809999999981	0.672687171614769	0.711569999999905
1.87009999999981	0.673687397201523	0.712659999999886
1.87209999999981	0.674728560656388	0.713749999999886
1.87409999999981	0.675708395271026	0.714829999999905
1.87609999999981	0.67675575552176	0.715919999999886
1.87809999999981	0.677757421952406	0.716999999999905
1.88009999999981	0.678816494344633	0.718089999999905
1.88209999999981	0.679823578718851	0.719179999999885
1.88409999999981	0.680847625709735	0.720269999999885
1.88609999999981	0.681844963978579	0.721349999999904
1.88809999999981	0.682832727405886	0.722439999999904
1.89009999999981	0.683818446613017	0.723529999999885
1.89209999999981	0.684873790278985	0.724619999999885
1.89409999999981	0.685951597348385	0.725699999999904
1.89609999999981	0.686978732565073	0.726789999999904
1.89809999999981	0.688005312732971	0.727879999999904
1.90009999999981	0.689065039568766	0.728969999999884
1.90209999999981	0.690049601841184	0.730059999999884
1.90409999999981	0.691057853917541	0.731139999999903
1.90609999999981	0.69210779032741	0.732229999999903
1.90809999999981	0.693137151703096	0.733319999999903
1.91009999999981	0.694129394537837	0.734409999999903
1.91209999999981	0.695222659498211	0.735499999999903
1.91409999999981	0.696236749945098	0.736589999999903
1.91609999999981	0.697242145911891	0.737679999999903
1.91809999999981	0.698225493152174	0.738769999999903
1.9200999999998	0.699210826106709	0.739859999999902
1.9220999999998	0.700217431005604	0.740949999999902
1.9240999999998	0.701218770312488	0.742039999999902
1.9260999999998	0.702276143815898	0.743129999999902
1.9280999999998	0.703280689326019	0.744219999999902
1.9300999999998	0.704341689075145	0.745309999999902
1.9320999999998	0.705389826251175	0.746399999999902
1.9340999999998	0.706429074607786	0.747489999999902
1.9360999999998	0.707442948999471	0.748579999999902
1.9380999999998	0.708456500596022	0.749679999999882
1.9400999999998	0.709482235333954	0.750769999999882
1.9420999999998	0.71047298085151	0.751859999999881
1.9440999999998	0.711493575807883	0.752949999999901
1.9460999999998	0.712522648859532	0.754039999999901
1.9480999999998	0.713560062797396	0.755129999999901
1.9500999999998	0.714574476477994	0.756229999999881
1.9520999999998	0.715552471263922	0.757319999999881
1.9540999999998	0.716535757732152	0.758409999999901
1.9560999999998	0.717548378985006	0.7594999999999
1.9580999999998	0.71858127674188	0.760599999999881
1.9600999999998	0.719663643427667	0.76168999999988
1.9620999999998	0.720685493604451	0.7627799999999
1.9640999999998	0.721706468315477	0.76387999999988
1.9660999999998	0.722742506183512	0.76496999999988
1.9680999999998	0.723732229480969	0.7660599999999
1.9700999999998	0.724746178865872	0.76715999999988
1.9720999999998	0.725765985507792	0.7682499999999
1.9740999999998	0.726793300518601	0.7693399999999
1.9760999999998	0.72781715716519	0.770439999999879
1.9780999999998	0.728872946944213	0.771529999999899
1.9800999999998	0.729884616635	0.772629999999879
1.9820999999998	0.730879341613366	0.773719999999899
1.9840999999998	0.731855584061293	0.774819999999879
1.9860999999998	0.732837522838245	0.775909999999899
1.9880999999998	0.733824378560042	0.777009999999879
1.9900999999998	0.734831241962805	0.778099999999899
1.9920999999998	0.735872529411356	0.779199999999878
1.9940999999998	0.736906385521671	0.780289999999898
1.9960999999998	0.737948642235526	0.781389999999878
1.9980999999998	0.738964704156965	0.782479999999898
