t	fsi_A	fsi_V
0	0	0	0
0.002	0	0	0
0.0041	1	0.0108514212002751	1
0.006	1	0.0444325661066708	0.999962034279249
0.00800000000000001	1	0.100700847912211	0.999922217226418
0.0101	1	0.176428854868862	1
0.0121	1	0.25737467741816	1
0.0141	1	0.340642027276513	1
0.0161	1	0.421434053129084	1
0.0180999999999999	1	0.496570627974691	1
0.0200999999999999	1	0.564329687657536	1
0.0220999999999999	1	0.62410202528092	1
0.0240999999999999	1	0.676020767998021	0.999999999999999
0.0260999999999999	1	0.720650486106766	0.999999999999999
0.0280999999999999	1	0.758761795706641	0.999999999999998
0.0300999999999999	1	0.791185037052628	0.999999999999998
0.0320999999999999	1	0.818724700198648	0.999999999999998
0.0341	1	0.842115493322493	0.999999999999998
0.036	1	0.861084350009049	0.997151659122003
0.0380000000000001	1	0.8781641996012	0.996782524158645
0.0400000000000001	1	0.892750183264645	0.996394139296731
0.0420000000000002	1	0.905242752865895	0.99598587661221
0.0440000000000002	1	0.91597644504481	0.995564654180545
0.0460000000000003	1	0.925229804228306	0.99512891182917
0.0480000000000003	1	0.933234421402332	0.994683346364366
0.0500000000000004	1	0.940182834437431	0.994229352295601
0.0520000000000005	1	0.946235259534275	0.993770594536658
0.0540000000000005	1	0.951525234098587	0.993310544184564
0.0560000000000006	1	0.956164297815886	0.99284683937009
0.0580000000000006	1	0.96024585030534	0.992398331117374
0.0600000000000007	1	0.963848317718346	0.991935210599492
0.0620000000000007	1	0.967037746778796	0.991507530249619
0.0640000000000008	1	0.969869928358474	0.991068052592977
0.0660000000000009	1	0.972392136476957	0.990652868210076
0.0680000000000009	1	0.974644553881512	0.990248886684002
0.070000000000001	0.999990821904312	0.972439940512462	0.989866994284593
0.072000000000001	1	1.14972842059517	0.989503472372729
0.0740000000000011	1	1.27510099773605	0.989155137699626
0.0760000000000012	1	1.36718747271069	0.988831631726181
0.0780000000000012	1	1.43687635876991	0.988528772885703
0.0800000000000013	1	1.49090530762637	0.992944017120343
0.0820000000000013	1	1.53363676652138	0.970579969397797
0.0840000000000014	1	1.56800261754913	0.938237112612163
0.0860000000000014	1	1.59603581784625	0.899913034910242
0.0880000000000015	1	1.61918394534075	0.858447986644575
0.0900000000000016	1	1.63850158541179	0.815826958341789
0.0920000000000016	1	1.65477245018102	0.773419173030911
0.0940000000000017	1	1.66858920925343	0.732134708405553
0.0960000000000017	1	1.6804070377865	0.692560017838085
0.0980000000000018	1	1.69058036145439	0.655050699265283
0.100000000000002	1	1.6993885866233	0.619797073856726
0.102000000000002	1	1.70705444716466	0.586873849928409
0.104000000000002	1	1.7137573019728	0.556273398560889
0.106000000000002	1	1.71964291641274	0.527937594860726
0.108000000000002	1	1.72483075493948	0.501777347901194
0.110000000000002	1	1.7294194857115	0.47767643929313
0.112000000000002	1	1.73349118357676	0.455512018196718
0.114000000000002	1	1.73711457269648	0.435158982228227
0.116000000000002	0.999393731867262	1.73877836726814	0.416484494153513
0.118000000000002	0.997315180438188	1.73635215527565	0.399365613752972
0.120000000000002	0.993927455431996	1.73039398504003	0.383686176178064
0.122000000000002	0.989397759093526	1.72144980015397	0.369331737446892
0.124000000000003	0.983883795157176	1.71001942214192	0.356196757247045
0.126000000000002	0.977533222794735	1.6965568652995	0.344181469050421
0.128000000000002	0.970483338650377	1.68147141401646	0.333197981163326
0.130000000000002	0.962860956811041	1.66512929818144	0.323160651596476
0.132000000000002	0.95478245695692	1.64785581794445	0.313992490712502
0.134000000000002	0.946353972172598	1.62993778658038	0.305622646629798
0.136000000000001	0.937671689752721	1.61162617832064	0.297985115213132
0.138000000000001	0.928822240608138	1.5931388859127	0.291024835448442
0.140000000000001	0.919883155397573	1.57466350967639	0.284683297546224
0.142000000000001	0.910923368134006	1.55636011550234	0.278913646183944
0.144	0.902003750630512	1.5383639133086	0.273667766847181
0.146	0.893177663671602	1.52078781980258	0.268907918457911
0.148	0.88449151316127	1.50372487996561	0.264593491291461
0.1501	0.875565350461969	1.48644339940431	0.260506624491172
0.1521	0.867284718541132	1.47065131225348	0.257002792905389
0.154099999999999	0.8592482684492	1.45555606988048	0.253849027518896
0.156099999999999	0.851479722047242	1.44119162890092	0.251017647927117
0.158099999999999	0.843998452786267	1.42758177817643	0.248486703883787
0.160099999999999	0.836819929429013	1.41474156161567	0.24623190462674
0.162099999999998	0.829956130795331	1.4026785513976	0.244234745268516
0.164099999999998	0.823415931111683	1.39139398146376	0.24247325759355
0.166099999999998	0.817205456116753	1.38088375171668	0.240933306743399
0.168099999999998	0.811328410521108	1.3711393135634	0.23959813432953
0.170099999999998	0.805786377757788	1.36214844734835	0.238453834704618
0.172099999999997	0.800579093209145	1.35389594190808	0.237484850854218
0.174099999999997	0.795704692268496	1.3463641860132	0.236679044852106
0.176099999999997	0.791159934706469	1.33953368089372	0.236025908421194
0.178099999999997	0.786940406873172	1.33338348241175	0.235515667678944
0.180099999999996	0.783040703288524	1.32789158078371	0.235135359012012
0.182099999999996	0.779454589163033	1.32303522508448	0.234878553213705
0.184099999999996	0.776175145357231	1.31879119910894	0.234735375049138
0.186099999999996	0.773194897236022	1.31513605453199	0.234699692768111
0.188099999999996	0.770505928809449	1.31204630670762	0.234762792722866
0.190099999999995	0.76809998347793	1.3094985978846	0.234918521899352
0.192099999999995	0.765968552621258	1.30746983209492	0.23515921016346
0.194099999999995	0.764102953189173	1.30593728549263	0.235480305058618
0.196099999999995	0.762494395369257	1.30487869548369	0.235876928667685
0.198099999999995	0.761134041326833	1.30427233159255	0.236342158217895
0.200099999999994	0.760013055932687	1.3040970506549	0.236872781699752
0.202099999999994	0.759122650318578	1.304332338607	0.237463886047473
0.204099999999994	0.758454119028398	1.30495834085713	0.238111467917017
0.206099999999994	0.757998871464709	1.30595588297165	0.238812217656039
0.208099999999993	0.75774845826656	1.30730648318373	0.239561423137164
0.210099999999993	0.757694593194977	1.30899235803456	0.24035654509361
0.212099999999993	0.75834977597799	1.31234757455411	0.241193734585372
0.214099999999993	0.748908245697843	1.28932784169723	0.242072074296994
0.216099999999993	0.740361863311721	1.26849003028125	0.242985882956056
0.218099999999992	0.732273076010393	1.24870238899208	0.24393622859123
0.220099999999992	0.724628727926795	1.22993398669444	0.244915705103042
0.222099999999992	0.717414498141931	1.21215055762407	0.245927074025158
0.224099999999992	0.710615277882966	1.19531561558604	0.246967859526248
0.226099999999991	0.704215477461934	1.17939134786446	0.248031619213947
0.228099999999991	0.698199273985292	1.16433932558775	0.249122225117861
0.230099999999991	0.69255080940008	1.15012106209795	0.25023381101174
0.232099999999991	0.687254347105181	1.13669844617118	0.251366487345336
0.234099999999991	0.682294394157668	1.12403407276527	0.252517757426843
0.23609999999999	0.677655795045649	1.1120914962889	0.253688673136517
0.23809999999999	0.673323802073625	1.10083580692288	0.254875035759792
0.24009999999999	0.653686866728195	1.05153671482153	0.25607718503242
0.24209999999999	0.621028911779774	0.971456211239881	0.257293190212939
0.244099999999989	0.592980747517936	0.904333908760729	0.258522524462165
0.246099999999989	0.568686816742556	0.847446758200565	0.259764055834584
0.248099999999989	0.547490104037354	0.798767106951293	0.261016249457277
0.250099999999989	0.528877692446764	0.756756961034594	0.262279512123023
0.252099999999989	0.512443311567855	0.720230591943049	0.263553505792345
0.254099999999988	0.497860994327914	0.688260545571212	0.264834225067969
0.256099999999988	0.484866178137841	0.660111953734051	0.266124054929787
0.258099999999988	0.473241905620518	0.635195741637855	0.267419956533853
0.260099999999988	0.464334397597644	0.616068880735885	0.268723071784034
0.262099999999987	0.464006990674269	0.614156379859151	0.270032172251686
0.264099999999987	0.463551292464533	0.612012925846854	0.271346121608345
0.266099999999987	0.46298813994098	0.609677856514737	0.272665343164426
0.268099999999987	0.462336358327481	0.607186696581267	0.273989070816309
0.270099999999987	0.461612873671798	0.604571348736446	0.275316994656701
0.272099999999986	0.438148100987953	0.557824860254348	0.276647538507995
0.274099999999986	0.436232497072559	0.552866763528741	0.277980716406969
0.276099999999986	0.434176105170189	0.547695222539698	0.279317618869108
0.278099999999986	0.432009751122889	0.542367359153467	0.28065499426336
0.280099999999985	0.429760768146216	0.536933319576018	0.281996875568568
0.282099999999985	0.427453231229509	0.531436767672132	0.283338167558088
0.284099999999985	0.425108207797298	0.52591541537435	0.284680072341261
0.286099999999985	0.422744014144009	0.520401565656744	0.286023454846182
0.288099999999985	0.420376469717142	0.514922649746365	0.287367239642497
0.290099999999984	0.417392037710077	0.508346348546959	0.2887121725456
0.292099999999984	0.410679501527064	0.494983673449815	0.290056647599774
0.294099999999984	0.406039731283352	0.485501000264012	0.291400666024322
0.296099999999984	0.401526719031794	0.47634087191011	0.292744243594352
0.298099999999983	0.399619939529505	0.471839443893598	0.294086669527452
0.300099999999983	0.40128716664747	0.473618713669847	0.295428705385912
0.302099999999983	0.402596746447648	0.474787155002107	0.296768519955446
0.304099999999983	0.403579025974657	0.475397191691736	0.298107219594404
0.306099999999983	0.404263585359509	0.475500483188973	0.299444801397046
0.308099999999982	0.404678953931479	0.475147254823588	0.300781925713761
0.310099999999982	0.402164603008187	0.469658759235752	0.302115517873872
0.312099999999982	0.396956706844239	0.459489035833464	0.303448681598542
0.314099999999982	0.394863122297034	0.454788991298608	0.304777125804175
0.316099999999982	0.393141470589305	0.450774616326019	0.306106006158883
0.318099999999981	0.392300139150583	0.448306924904293	0.307430802837617
0.320099999999981	0.391857085946103	0.446537515416228	0.308752940906747
0.322099999999981	0.393687047088319	0.448624081632151	0.310072679238005
0.324099999999981	0.394351288345557	0.448732068343265	0.311390234374499
0.32609999999998	0.392345559610516	0.444305574530132	0.31270374630968
0.32809999999998	0.38947452428762	0.438452801488751	0.314014653697764
0.33009999999998	0.390160736939077	0.438615426320243	0.315322493655133
0.33209999999998	0.390456152324384	0.438137023143096	0.316624963132795
0.33409999999998	0.390397812570416	0.437081552025431	0.317926106533294
0.336099999999979	0.390402721628854	0.436149591441664	0.319225517459564
0.338099999999979	0.390082693896717	0.434688801117588	0.320518395561049
0.340099999999979	0.388550457762325	0.431212502190205	0.321807024072723
0.342099999999979	0.388733500955352	0.430593398928225	0.323093379628983
0.344099999999978	0.388544816234957	0.429373102492884	0.324375716508994
0.346099999999978	0.390019426719421	0.430902056605702	0.325653617332927
0.348099999999978	0.391152536910753	0.431874958766017	0.3269266277119
0.350099999999978	0.391342039157479	0.431299589537164	0.328196368129504
0.352099999999978	0.38953040609513	0.427441057041434	0.329461109294314
0.354099999999977	0.387679130318058	0.423532403869408	0.330721647566588
0.356099999999977	0.388734792860957	0.424394969811997	0.331976434417265
0.358099999999977	0.390010418819999	0.425621001237081	0.333227770211495
0.360099999999977	0.390945690597064	0.426299874382288	0.334473374833759
0.362099999999976	0.391685627663937	0.426669776969903	0.335714751532528
0.364099999999976	0.391389727554574	0.425344996376804	0.336949841935997
0.366099999999976	0.390019301550259	0.422280725704615	0.338180023902351
0.368099999999976	0.390704841584593	0.422563019438157	0.339404737141964
0.370099999999976	0.39159803835251	0.423192476051438	0.340626977213968
0.372099999999975	0.392103439186994	0.42320034561301	0.34184109583185
0.374099999999975	0.390773815817862	0.420249574536977	0.3430488366301
0.376099999999975	0.39203634323071	0.42148500368565	0.344252426816306
0.378099999999975	0.392838215264579	0.421988764232679	0.345449307211949
0.380099999999974	0.393982627060439	0.42304669463238	0.346638876607914
0.382099999999974	0.394167296980794	0.422565423380757	0.347824101738441
0.384099999999974	0.394480729855481	0.42228770921628	0.349001645978012
0.386099999999974	0.394711431140431	0.421880319925761	0.350172443037244
0.388099999999974	0.39610230498978	0.423336604272073	0.351338326104305
0.390099999999973	0.396756512427252	0.42362473588105	0.352496453655043
0.392099999999973	0.39481051732279	0.419780164477356	0.353646043199682
0.394099999999973	0.39518578430355	0.419657221602526	0.35479058948458
0.396099999999973	0.396237714416089	0.420616232513191	0.35592615157535
0.398099999999972	0.397604049606881	0.422078873716756	0.357054939153745
0.400099999999972	0.397936694963171	0.421909560416868	0.35817660464745
0.402099999999972	0.398624280123055	0.422296927644857	0.359289264915434
0.404099999999972	0.399397486681095	0.422817479526395	0.360393777608846
0.406099999999972	0.400138929779763	0.423297139803437	0.361490668252754
0.408099999999971	0.399645763105645	0.42182578434599	0.363055238094939
0.410099999999971	0.400872754538371	0.423087040483719	0.363749549549249
0.412099999999971	0.401205122808938	0.42294104617334	0.365391452991151
0.414099999999971	0.402314615363583	0.424031225647296	0.364920967742493
0.41609999999997	0.402037305760488	0.422940612874321	0.365496183206627
0.41809999999997	0.40285070804791	0.423578770283651	0.366997826087442
0.42009999999997	0.404115530812289	0.424928976254571	0.369334482758313
0.42209999999997	0.405078104002863	0.425807632495008	0.369996732025836
0.42409999999997	0.404635634084886	0.424477493029019	0.371552795030746
0.426099999999969	0.404672838249256	0.423914003995059	0.371714117647418
0.428099999999969	0.405640830688041	0.424825022474896	0.372796648045024
0.430099999999969	0.406228525740571	0.425142351461765	0.374703723403941
0.432099999999969	0.407113183300978	0.425930943680947	0.375452525252211
0.434099999999969	0.408174460702434	0.427002977833768	0.375233492823218
0.436099999999968	0.408768574691389	0.427352567040184	0.375928181818408
0.438099999999968	0.408319437781208	0.426077694299588	0.377439393939599
0.440099999999968	0.408878186950174	0.426392388438544	0.378125514403475
0.442099999999968	0.409553855724124	0.426897388896768	0.379607450980556
0.444099999999967	0.410011587870474	0.427068639552625	0.380597014925836
0.446099999999967	0.41049719454306	0.427292601763487	0.380782918149466
0.448099999999967	0.411551665424546	0.428418160416231	0.381756756757182
0.450099999999967	0.411604993792043	0.4279851709219	0.383870967742347
0.452099999999967	0.412321718765947	0.428591992191768	0.383435582822479
0.454099999999966	0.413203545433114	0.42946092507157	0.383040935672892
0.456099999999966	0.413887276576725	0.430030524318382	0.385474860335561
0.458099999999966	0.413705636820417	0.429267576885136	0.386666666666667
0.460099999999966	0.414204440239327	0.429581458641957	0.385786802030793
0.462099999999965	0.41413989455939	0.429023497690688	0.388349514562593
0.464099999999965	0.414810740469941	0.429615254683164	0.388888888888396
0.466099999999965	0.415657443775136	0.430487829880148	0.389380530973753
0.468099999999965	0.416076812066755	0.430711245840784	0.391120507399123
0.470099999999965	0.416415393406197	0.430818337349352	0.389898989899269
0.472099999999964	0.417072073427245	0.431429376761028	0.391891891891473
0.474099999999964	0.417470798462039	0.431646178612159	0.391143911439633
0.476099999999964	0.417381716487155	0.431120135663397	0.392226148410145
0.478099999999964	0.41733213316128	0.430669292712803	0.394247038916718
0.480099999999963	0.418280461295432	0.431773744512276	0.393203883495612
0.482099999999963	0.418827268838973	0.432266482981242	0.393798449612627
0.484099999999963	0.418873650316512	0.431993369412411	0.395245170876339
0.486099999999963	0.419184646686202	0.43213900240568	0.395448079658495
0.488099999999963	0.41959708053633	0.432454066339783	0.395634379263705
0.490099999999962	0.419881222616617	0.432586035045068	0.396596858638446
0.492099999999962	0.419913445352348	0.432343139597432	0.396486825595887
0.494099999999962	0.420063353489077	0.432292568118123	0.397590361445689
0.496099999999962	0.420569946036646	0.432800964770525	0.397687861271587
0.498099999999961	0.420579620864617	0.432556389460477	0.397777777778118
0.500099999999961	0.420577951139695	0.432309322115256	0.398078975453905
0.502099999999961	0.421035708079529	0.432782480294619	0.398974358974278
0.504099999999961	0.421216202443912	0.432837819684487	0.399408284023591
0.506099999999961	0.421673064737058	0.433330398432232	0.399430740037876
0.50809999999996	0.421529096796299	0.432911614984357	0.399635036496423
0.51009999999996	0.421569705008324	0.432791986520034	0.399824253075501
0.51209999999996	0.421908927512521	0.433144328476935	0.400169204737665
0.51409999999996	0.421823881706444	0.43285510589874	0.400162999184939
0.516099999999959	0.421905116676089	0.432831892704812	0.400628436763487
0.518099999999959	0.421769554807721	0.432487573345315	0.400454201362666
0.520099999999959	0.421661333046319	0.432198819619411	0.401022644265828
0.522099999999959	0.421970111428827	0.43256509280603	0.400986610288878
0.524099999999959	0.421637046183882	0.431957814275721	0.401087695445333
0.526099999999958	0.421535054543741	0.431716016001792	0.401181877872565
0.528099999999958	0.421510826353157	0.43160537065242	0.401395053899864
0.530099999999958	0.421298643937407	0.43121981957964	0.401348039215739
0.532099999999958	0.421463266592298	0.43142754660238	0.401658767772313
0.534099999999958	0.421156819834514	0.430923677206876	0.401489117984013
0.536099999999957	0.421151974116068	0.430892612156488	0.401108033241045
0.538099999999957	0.421265733975868	0.431055640746675	0.401072386059028
0.540099999999957	0.42072261332466	0.430225257273868	0.401349948078741
0.542099999999957	0.420480678402507	0.429870069682168	0.401206636500668
0.544099999999956	0.420241172417211	0.429528939827582	0.401072124756378
0.546099999999956	0.420254138348601	0.429584264499497	0.40103920642402
0.548099999999956	0.419819134176815	0.428964326885592	0.400641025641147
0.550099999999956	0.419540641069385	0.428596451721183	0.400266548200839
0.552099999999956	0.41935006674008	0.428373853478822	0.400000000000115
0.554099999999955	0.419041280983618	0.427980171084851	0.400167434072872
0.556099999999955	0.418849148788041	0.427775357413915	0.399999999999853
0.558099999999955	0.418240291191884	0.426942801081261	0.399526253454331
0.560099999999955	0.417813830075801	0.426398970958646	0.399079048350066
0.562099999999954	0.417509025010031	0.42605159212507	0.398880597014959
0.564099999999954	0.417036827554188	0.425458104948123	0.398766328011544
0.566099999999954	0.416855857637331	0.425319214935811	0.39816448994009
0.568099999999954	0.416576286840273	0.425037597507935	0.397938144329991
0.570099999999954	0.415914821835514	0.424180122213846	0.397457343593267
0.572099999999953	0.415390742728396	0.423542028691787	0.397197784294496
0.574099999999953	0.414707070813493	0.422668470627004	0.396825396825335
0.576099999999953	0.414388682279753	0.422360725453952	0.396471680594183
0.578099999999953	0.413882538888341	0.421774012932929	0.395896197948182
0.580099999999952	0.413442450029357	0.421296392461563	0.395526780459035
0.582099999999952	0.412910726616807	0.420685882199672	0.395061728395058
0.584099999999952	0.412342156246314	0.420025847609268	0.394618834080795
0.586099999999952	0.411847412381572	0.419484818703472	0.394254445964428
0.588099999999952	0.411470818522404	0.419131135117175	0.393639764831586
0.590099999999951	0.410641683646123	0.4180928139336	0.393211488250598
0.592099999999951	0.41011452334618	0.417521456106316	0.392702219954016
0.594099999999951	0.409545302306951	0.416891115637955	0.392117735095981
0.596099999999951	0.408954269387941	0.416232639766366	0.391463414634262
0.59809999999995	0.408372494954399	0.415593804760579	0.391076115485558
0.60009999999995	0.407716590958893	0.41484635244154	0.390614055568476
0.60209999999995	0.40715484071657	0.414246817214732	0.389853747714916
0.60409999999995	0.40675720668315	0.41390175001662	0.389348847616979
0.60609999999995	0.405890414230861	0.412845432936744	0.388694127958035
0.608099999999949	0.405339512433802	0.412275340919027	0.388364104765946
0.610099999999949	0.404757002494441	0.411660495124423	0.387673538073195
0.612099999999949	0.404044404238486	0.410850626997354	0.387010309278449
0.614099999999949	0.403464960197897	0.410247792110525	0.386496866787945
0.616099999999948	0.402830148683725	0.409563995379687	0.385804916732847
0.618099999999948	0.402038627610062	0.408644135226958	0.385333592686202
0.620099999999948	0.401327063401772	0.407848537144494	0.384732824427473
0.622099999999948	0.40075408762611	0.407266421281974	0.383967035025375
0.624099999999948	0.400014526995317	0.406432503601621	0.383413019492453
0.626099999999947	0.399482777852726	0.405917264376503	0.382809678584318
0.628099999999947	0.398813815043189	0.405194697431655	0.382227740333443
0.630099999999947	0.398086820348848	0.404385459486777	0.381666085744153
0.632099999999947	0.397438516737638	0.403698002560931	0.38088713820868
0.634099999999946	0.396802154270826	0.40303013857988	0.380239017000586
0.636099999999946	0.396126305383047	0.402303167976378	0.37961277511169
0.638099999999946	0.395459159540904	0.401590192263614	0.379007323026842
0.640099999999946	0.394754948562419	0.400821721659113	0.378421642388337
0.642099999999946	0.394008523756007	0.399989834160904	0.377795275590542
0.644099999999945	0.39332581195144	0.399255727944982	0.377130461729183
0.646099999999945	0.392760460194729	0.398700550822737	0.376544151288689
0.648099999999945	0.392230262675445	0.398198952186621	0.375769403993467
0.650099999999945	0.391511793886504	0.397411040356556	0.375166297117506
0.652099999999945	0.390863969662089	0.39673101650714	0.374581452904343
0.654099999999944	0.390113153823394	0.395894344112051	0.3739604244336
0.656099999999944	0.389301232571818	0.394964649566323	0.373216556010805
0.658099999999944	0.388624040692147	0.394240036661164	0.372633630289521
0.660099999999944	0.388015213162647	0.393619233083634	0.372067498971041
0.662099999999943	0.387340177621479	0.392897599633361	0.371331981068355
0.664099999999943	0.386637267448742	0.392133511677821	0.370750566591138
0.666099999999943	0.385954084010838	0.391398913545475	0.370053897725871
0.668099999999943	0.385334281888039	0.390759883904311	0.369506028782591
0.670099999999943	0.384597592570614	0.389942262069187	0.368845120859434
0.672099999999942	0.383976317226869	0.389299420032313	0.368201892744541
0.674099999999942	0.383449962729822	0.388800033060692	0.367529880478148
0.676099999999942	0.38278858776361	0.388094506528646	0.366998402752195
0.678099999999942	0.38217022636868	0.387453635157151	0.366403881140073
0.680099999999941	0.381378116336182	0.386547435866555	0.365780651340984
0.682099999999941	0.380799483917942	0.385964726545526	0.365130023640675
0.684099999999941	0.380271613145578	0.385458028963557	0.364538344811499
0.686099999999941	0.379546403174867	0.384650219412522	0.363845976481495
0.688099999999941	0.378825684830592	0.383848249839524	0.363284363967645
0.69009999999994	0.378190138024466	0.383174638144292	0.362695466306659
0.69209999999994	0.377593675499717	0.382559255672855	0.362049799911126
0.69409999999994	0.376966988990113	0.381896579747328	0.361489455184521
0.69609999999994	0.376330490410834	0.381217461277507	0.360833695180276
0.698099999999939	0.375789186048445	0.380681469223546	0.36030042918456
0.700099999999939	0.375285393411034	0.380201085032261	0.35971146706268
0.702099999999939	0.374609110536959	0.379457118287657	0.359098059779746
0.704099999999939	0.373896190348584	0.37865619501496	0.358498392616456
0.706099999999939	0.373246132099671	0.377949462705178	0.357912009024765
0.708099999999938	0.372729356585373	0.377443778919667	0.357338472461759
0.710099999999938	0.372165734593775	0.376865390034183	0.356777365305495
0.712099999999938	0.371477181818758	0.37609559763857	0.356228287841178
0.714099999999938	0.370939124520819	0.375552950737164	0.355655930871964
0.716099999999937	0.370342533289308	0.374919879589581	0.355033035367344
0.718099999999937	0.369696113875709	0.374209530947335	0.354519230769238
0.720099999999937	0.369085996659963	0.373552735366926	0.353920822230727
0.722099999999937	0.368557838499866	0.373018720408221	0.353428786736987
0.724099999999937	0.368000006287334	0.372437918948799	0.352853412905618
0.726099999999936	0.367508946572805	0.37195680668728	0.352256992522912
0.728099999999936	0.366935086982585	0.371348375806337	0.351704597386044
0.730099999999936	0.366302498588169	0.370649238805245	0.351163001176621
0.732099999999936	0.365778991687708	0.370114036530336	0.350631890293133
0.734099999999935	0.36514771714206	0.369413808700243	0.350110963160274
0.736099999999935	0.364580226809563	0.368808816670134	0.349599929658004
0.738099999999935	0.363995064040242	0.368175454100302	0.349068106601643
0.740099999999935	0.363496481126494	0.367671600895274	0.348576358930117
0.742099999999935	0.362947786263915	0.367089918484544	0.348008206531072
0.744099999999934	0.362492374155271	0.366648019955109	0.347535151617807
0.746099999999934	0.362000214376068	0.366148686919485	0.346986738291127
0.748099999999934	0.36145430589688	0.365566091367115	0.346531359174831
0.750099999999934	0.360889527121571	0.364953375587697	0.346001648804602
0.752099999999933	0.360380209951096	0.364423250467109	0.345481287792162
0.754099999999933	0.35987497301695	0.363897687409592	0.344970030779239
0.756099999999933	0.35930041467099	0.363265364630253	0.344467640918619
0.758099999999933	0.358792725203745	0.362732811919908	0.343973889508079
0.760099999999933	0.358351696951499	0.362299663925853	0.34348855564329
0.762099999999932	0.357889492771327	0.361832624802722	0.343011425888283
0.764099999999932	0.357415258531749	0.361345716691886	0.342542293962425
0.766099999999932	0.356880278267784	0.360765264732268	0.342080960443266
0.768099999999932	0.356332231301901	0.360163535610558	0.341550908258336
0.770099999999932	0.355822405227096	0.359618253779712	0.341105223315672
0.772099999999931	0.355289093359593	0.359035882864062	0.340617256138806
0.774099999999931	0.354855109907944	0.358602489719007	0.340186219739277
0.776099999999931	0.354314255442126	0.358005490139143	0.339688169659404
0.778099999999931	0.353857562938684	0.357534419054071	0.339222873900329
0.78009999999993	0.353438184958612	0.357118275972488	0.338812918242638
0.78209999999993	0.352983096507314	0.356646441441959	0.338337182448038
0.78409999999993	0.352555270700716	0.356214381925917	0.337893002936316
0.78609999999993	0.352032108630426	0.355636347182198	0.33743159690143
0.78809999999993	0.351556330021499	0.355128787597112	0.337000987445322
0.790099999999929	0.35108617845369	0.35462828174113	0.336576828841426
0.792099999999929	0.350633979866425	0.354153463970299	0.336135621482666
0.794099999999929	0.350212221316371	0.353723247803099	0.335655172413826
0.796099999999929	0.349812820019107	0.353325329365124	0.335250222496096
0.798099999999928	0.349315336949644	0.352777403902671	0.33482840638804
0.800099999999928	0.348906369978486	0.352362152390971	0.334367831601722
0.802099999999928	0.348466831923974	0.351899146063942	0.333980842655219
0.804099999999928	0.348044837058356	0.351461273003625	0.333532854482607
0.806099999999928	0.347641913822407	0.351050846158485	0.333157234365698
0.808099999999927	0.347204846849233	0.350587295816442	0.332721311475441
0.810099999999927	0.346738839966499	0.350078658776139	0.332291463176433
0.812099999999927	0.346288621488335	0.349592548394108	0.331932229694759
0.814099999999927	0.345911009441745	0.34921491658516	0.331513711386536
0.816099999999926	0.345508727778187	0.34879854017256	0.331100905727755
0.818099999999926	0.345153848691891	0.348452512691541	0.330693696547355
0.820099999999926	0.344675649087022	0.347918457207021	0.330291970802919
0.822099999999926	0.344294144738479	0.347529498416242	0.329916239529925
0.824099999999926	0.343921193950839	0.347152143136425	0.329524992238419
0.826099999999925	0.343459971506834	0.346639890062089	0.329138909449789
0.828099999999925	0.34307877422237	0.346247523633207	0.328716754504258
0.830099999999925	0.342718010609576	0.345884818671765	0.328340943683439
0.832099999999925	0.342291643467035	0.345421509778451	0.327989837275406
0.834099999999924	0.341849546757143	0.344933177556029	0.327563409063618
0.836099999999924	0.341518875594632	0.344612221572287	0.327221691352155
0.838099999999924	0.341148829087617	0.344230379600427	0.326864874488159
0.840099999999924	0.34080541595698	0.343887632074175	0.326472843073685
0.842099999999924	0.340466699938796	0.343550734969325	0.326144288812033
0.844099999999923	0.340001337661834	0.343020969837843	0.325742574257424
0.846099999999923	0.339606506009859	0.342596883900874	0.325364667747192
0.848099999999923	0.339271551227145	0.342262231657175	0.325048901162105
0.850099999999923	0.338867974580051	0.341822552368589	0.324679780420843
0.852099999999922	0.338501684945818	0.34143814851067	0.324296675191857
0.854099999999922	0.338179327459886	0.341119054574952	0.32393650076271
0.856099999999922	0.337826980432603	0.340753391019791	0.323580614365178
0.858099999999922	0.337425577643453	0.340312446829332	0.323228939876108
0.860099999999922	0.337062396099216	0.339928202141513	0.322881402963579
0.862099999999921	0.336724996834071	0.339581820230155	0.322537931034523
0.864099999999921	0.336358567845052	0.339190435510775	0.322198453184177
0.866099999999921	0.336051144332172	0.338887188823338	0.321880453752208
0.868099999999921	0.335726214309024	0.338556346452785	0.321548638976276
0.87009999999992	0.335338615090664	0.338129674177666	0.321220616778072
0.87209999999992	0.334993910415614	0.337766879556538	0.320842714699286
0.87409999999992	0.33469112674515	0.337466401466611	0.320522388059741
0.87609999999992	0.334359793729991	0.337121691065033	0.320222634508332
0.87809999999992	0.334017248310834	0.336758963994218	0.319856623267117
0.880099999999919	0.333714204101772	0.336454983971293	0.319563849863728
0.882099999999919	0.333377010300127	0.336098323765444	0.319257637368349
0.884099999999919	0.333003580198458	0.335685942459762	0.318902944836206
0.886099999999919	0.332660788219597	0.335318939749236	0.318620120662077
0.888099999999919	0.332367774146451	0.335026199986419	0.318272731935009
0.890099999999918	0.332024886997995	0.334657094162311	0.317945317282212
0.892099999999918	0.331689039444994	0.334297720001507	0.317672129483975
0.894099999999918	0.33141388672468	0.334029117480038	0.31733535200608
0.896099999999918	0.331063911268809	0.333646462174989	0.317018072289181
0.898099999999917	0.330726619687634	0.333282114159482	0.316754057428198
0.900099999999917	0.330401523488452	0.332935321709858	0.316427400526575
0.902099999999917	0.330095456167088	0.332616334068318	0.316119786519099
0.904099999999917	0.329801220911616	0.33231427426622	0.315815348311316
0.906099999999917	0.329498107693166	0.331997899074618	0.315514036975471
0.908099999999916	0.329241749747716	0.33175127041727	0.31520046710786
0.910099999999916	0.328930572108733	0.331420893150843	0.314953768698258
0.912099999999916	0.328628477356567	0.331103374960624	0.31466140063576
0.914099999999916	0.328314047318728	0.330766344568181	0.314371974888563
0.916099999999915	0.328046826495303	0.330499768307778	0.314037764638589
0.918099999999915	0.327731169942917	0.330159157937727	0.313754329363784
0.920099999999915	0.327450568085227	0.329870682769061	0.3134737040884
0.922099999999915	0.327193686469214	0.329617207018673	0.313195847230727
0.924099999999915	0.326887059635339	0.329287713467358	0.312920718025453
0.926099999999914	0.326540641095041	0.328897366229583	0.312648276503681
0.928099999999914	0.326240787762358	0.328576608798204	0.312332191463788
0.930099999999914	0.325984635444334	0.328321064332945	0.312065232413542
0.932099999999914	0.325710898040556	0.328038140723168	0.311815139149992
0.934099999999913	0.325418488685599	0.327726224682165	0.311553203139242
0.936099999999913	0.325175251303486	0.327487749154616	0.31124835384408
0.938099999999913	0.32492863903064	0.327243349261045	0.310991593600284
0.940099999999913	0.324627335202533	0.326915579623653	0.310706252811538
0.942099999999913	0.324314001385626	0.326568960419022	0.310454443698253
0.944099999999912	0.324055200295437	0.326304039553776	0.310160427807508
0.946099999999912	0.32376718573431	0.325994255959339	0.309927253371207
0.948099999999912	0.323498375742507	0.325712737717915	0.309638394631131
0.950099999999912	0.323270874687923	0.325492834072631	0.309396150127471
0.952099999999911	0.323010995815456	0.325223317374307	0.309125907778479
0.954099999999911	0.322709415291521	0.324890108808571	0.308888211470609
0.956099999999911	0.322427412522494	0.324585817446849	0.30862270776436
0.958099999999911	0.322179666934147	0.324332500642989	0.308346279993116
0.960099999999911	0.321939295824573	0.324089588740122	0.308115306955358
0.96209999999991	0.321687539142059	0.323828772060206	0.307856806808968
0.96409999999991	0.321416264264707	0.323537760809272	0.307600596125207
0.96609999999991	0.321187474921872	0.323310242313578	0.307333615938978
0.96809999999991	0.320945154242877	0.323061610954826	0.307124166455625
0.970099999999909	0.320694848398345	0.322800233781948	0.306861632841698
0.972099999999909	0.320417303154906	0.322497132839617	0.306614232523134
0.974099999999909	0.320136900955897	0.322189100157612	0.306356214595167
0.976099999999909	0.319894436386065	0.321937731061787	0.306113138686151
0.978099999999909	0.319645464470399	0.321675955431385	0.305872150644222
0.980099999999908	0.319399751728705	0.321418433454949	0.305620657045383
0.982099999999908	0.31917047847503	0.321185068510454	0.305383828045056
0.984099999999908	0.318952028165438	0.320967390018537	0.305149007297504
0.986099999999908	0.318645390128771	0.320615980850786	0.304916169366317
0.988099999999908	0.31842297832954	0.320391152285748	0.304672972754498
0.990099999999907	0.318178660220388	0.320132645540177	0.304444086627505
0.992099999999907	0.31795873968396	0.319910344446686	0.304217108955363
0.994099999999907	0.317731144526216	0.319675845160767	0.303992015968083
0.996099999999907	0.317476534946414	0.319399945646609	0.303756708407902
0.998099999999906	0.317277186364323	0.319206854209544	0.303535373530246
1.00009999999991	0.317053314066375	0.318976168026858	0.303315853802766
1.00209999999991	0.316815962649688	0.31872454499575	0.303058860486138
1.00409999999991	0.316544137277724	0.318420416607376	0.30284306440892
1.00609999999991	0.316299091497064	0.31815616126682	0.302629016553086
1.00809999999991	0.316090789356785	0.317946774492979	0.302416695760097
1.01009999999991	0.315860788382929	0.317704100289303	0.302194405810532
1.0120999999999	0.315629492348212	0.317458933381142	0.301947052485792
1.0140999999999	0.315433725800616	0.317266811695241	0.301739996933956
1.0160999999999	0.315223329399122	0.317052053225143	0.301534585432873
1.0180999999999	0.315010373702924	0.316832877625098	0.301292775665418
1.0200999999999	0.314756668053513	0.316551726405235	0.301090743826711
1.0220999999999	0.314543015591766	0.316330461749559	0.300852572808227
1.0240999999999	0.314324652875965	0.316101591867656	0.300653840372782
1.0260999999999	0.314100073718322	0.315862848010644	0.300456655187884
1.0280999999999	0.313891876379457	0.315648347927151	0.300223713646551
1.0300999999999	0.313666662758089	0.315407662167351	0.300029713266956
1.0320999999999	0.313479804621948	0.315224277345689	0.299800207192559
1.0340999999999	0.313272275253892	0.315009205639229	0.299609317411157
1.0360999999999	0.313036222453344	0.314750617864681	0.299383169334722
1.0380999999999	0.312808042269016	0.314503467152235	0.299195318215052
1.0400999999999	0.312580186358108	0.31425631522157	0.298972452995219
1.0420999999999	0.312390529662145	0.314066277620733	0.298787570785531
1.0440999999999	0.312187459646634	0.313855494191519	0.298567915521509
1.0460999999999	0.311979043880828	0.313636173004523	0.298360655737722
1.0480999999999	0.311812069239812	0.313478837462579	0.298180121325263
1.0500999999999	0.311621690838169	0.313285689453144	0.297965168258073
1.0520999999999	0.311404562521975	0.313051728880749	0.297751808173317
1.0540999999999	0.311168132040198	0.312788304185134	0.297575520925792
1.0560999999999	0.310987791475078	0.312609019575347	0.297365163572077
1.0580999999999	0.310765462374145	0.312365988526928	0.297156348003823
1.0600999999999	0.310572389270943	0.312166664133384	0.296984165993743
1.0620999999999	0.310371868850899	0.311955667366639	0.296778255850589
1.0640999999999	0.310144437390386	0.311703723524146	0.296584175670983
1.0660999999999	0.309970144412678	0.311531451200521	0.296381190525821
1.0680999999999	0.309796856729189	0.311360201681376	0.29621427088378
1.0700999999999	0.309616003373145	0.311177081924153	0.296014067995327
1.0720999999999	0.309397530486024	0.310936819003533	0.295815295815313
1.0740999999999	0.309212391547518	0.310746403334251	0.295617939061992
1.0760999999999	0.309005935570321	0.310523434288317	0.295432060860386
1.0780999999999	0.30880595972108	0.310309843620119	0.295271441683362
1.0800999999999	0.308616020324184	0.310110966922922	0.295078080010822
1.0820999999999	0.308417680223695	0.309899024558093	0.294886075949349
1.0840999999999	0.30826098379433	0.309749413192125	0.294695415251128
1.0860999999999	0.308082277417246	0.30956617912995	0.294515956020397
1.0880999999999	0.307894314655733	0.309368560473823	0.29432789951899
1.0900999999999	0.307666126574428	0.309109983873328	0.29414114513983
1.0920999999999	0.30749309635757	0.308934198097895	0.293955679405536
1.0940999999999	0.307303490371494	0.308733039453362	0.293771489024094
1.0960999999999	0.307119471192183	0.308539912283066	0.293598233995601
1.0980999999999	0.306939201390536	0.308352049601327	0.293416516171417
1.1000999999999	0.306764455065858	0.308172102651292	0.293236035210592
1.1020999999999	0.306587983370859	0.30798918377464	0.293056778527883
1.10409999999989	0.306433074167481	0.307838326687401	0.29287873370822
1.10609999999989	0.306273795786863	0.307680475117985	0.292711370262407
1.10809999999989	0.306078568579703	0.307468076180803	0.292535675082343
1.11009999999989	0.30590060856567	0.307281361545337	0.292361155801547
1.11209999999989	0.305705891964092	0.307069016514403	0.292187800654249
1.11409999999989	0.305541944083578	0.306902687217611	0.292024932076056
1.11609999999989	0.305351546542319	0.306696188643952	0.291853834145701
1.11809999999989	0.305176037889376	0.306511805348539	0.291652113168021
1.12009999999989	0.304998053020289	0.306323342305248	0.291483368674257
1.12209999999989	0.304849960468831	0.306179518156104	0.291315731364966
1.12409999999989	0.304700390480825	0.306033052148628	0.291158344862297
1.12609999999989	0.304523659833278	0.30584529327296	0.290992854456578
1.12809999999989	0.304316013612557	0.305610678789071	0.290828439335231
1.13009999999989	0.30416041354773	0.305454175329306	0.2906339519243
1.13209999999989	0.303982632182822	0.305263929243911	0.290480772215168
1.13409999999989	0.303818859413414	0.30509444308121	0.290319586672044
1.13609999999989	0.30364652758948	0.304911742434553	0.290159435038684
1.13809999999989	0.303483745664576	0.304743080699953	0.289969567489487
1.14009999999989	0.303323875891074	0.304578490281225	0.289811552014733
1.14209999999989	0.303180211953765	0.304437944297427	0.289663388111689
1.14409999999989	0.303004057043131	0.304248130029649	0.289507338164527
1.14609999999989	0.302837231519415	0.304072087337825	0.289321920718767
1.14809999999989	0.302658481986575	0.303877804073988	0.289167927382768
1.15009999999989	0.302501760310622	0.303716397684267	0.289014900162867
1.15209999999989	0.302322436809842	0.303520660814953	0.288841446913447
1.15409999999989	0.302141762474973	0.303322624907884	0.288690386978822
1.15609999999989	0.301959392993145	0.30312178123197	0.288540265949481
1.15809999999989	0.301804180432565	0.302961554734514	0.288361285710045
1.16009999999989	0.301653840477778	0.30280836545545	0.288213108425172
1.16209999999989	0.301508855256788	0.302662897516761	0.288074372335368
1.16409999999989	0.301364037549981	0.302517350921504	0.287898465171207
1.16609999999989	0.30118738577535	0.302323565998266	0.287753060263668
1.16809999999989	0.301013146096055	0.302133178944429	0.287579206758991
1.17009999999989	0.300877698550214	0.302000879692949	0.287435657463758
1.17209999999989	0.300722512300179	0.301838536985499	0.287272197113296
1.17409999999989	0.300576512932861	0.301689708543043	0.287130439838382
1.17609999999989	0.300423076562195	0.301529390469543	0.286989537141679
1.17809999999989	0.300284196039255	0.3013906665843	0.286820585430707
1.18009999999989	0.300143655341575	0.301249147637642	0.286681455446382
1.18209999999989	0.300016851832046	0.301127966271401	0.286514433433888
1.18409999999989	0.299858455195786	0.300958886960268	0.286377044016142
1.18609999999989	0.299713395777978	0.300809619166135	0.286220090229013
1.18809999999989	0.299534725609565	0.300609508138443	0.286084381939286
1.19009999999989	0.299388200540261	0.300457590158606	0.285921089980145
1.19209999999989	0.299228016852722	0.300284828973902	0.285787060621479
1.19409999999988	0.299063928309185	0.300105941900112	0.28562559963882
1.19609999999988	0.298905665076577	0.299935610835172	0.285465083563122
1.19809999999988	0.298780167385522	0.299814335855301	0.285333557762465
1.20009999999988	0.298631842268	0.299658427175647	0.285174825174848
1.20209999999988	0.298505371278289	0.299535097888279	0.285052854712311
1.20409999999988	0.298367366377004	0.299394105918083	0.284895847818241
1.20609999999988	0.298223555009539	0.299244086107483	0.284767477330061
1.20809999999988	0.29801886843109	0.299002290016295	0.284612194110341
1.21009999999988	0.297891976787367	0.298877395707904	0.284457801428231
1.21209999999988	0.297751372098691	0.298731571856202	0.284331784565488
1.21409999999988	0.297628354365913	0.298611932373753	0.284179071743852
1.21609999999988	0.29748281906877	0.298458157440591	0.2840545638446
1.21809999999988	0.297315687387468	0.298271697734952	0.283903502794071
1.22009999999988	0.297170301827945	0.298117713965102	0.283753295822134
1.22209999999988	0.297041928326944	0.297989109735877	0.283631041118893
1.22409999999988	0.296910838098415	0.29785613216664	0.283482444522542
1.22609999999988	0.29675823884619	0.297690539858933	0.283334681005916
1.22809999999988	0.296614599952386	0.29753823776931	0.283187743582865
1.23009999999988	0.296452273044944	0.297357660058026	0.283068428529323
1.23209999999988	0.296310828961409	0.29720831298092	0.282923048138361
1.23409999999988	0.296158852960973	0.297042903984397	0.282778473758576
1.23609999999988	0.296018596394956	0.29689488687962	0.282661279604458
1.23809999999988	0.295871933595547	0.296737004220815	0.28251822398941
1.24009999999988	0.29574075962075	0.296602233159829	0.282375954955206
1.24209999999988	0.295598028559223	0.296449845853061	0.282234466032228
1.24409999999988	0.29548037651935	0.296334916759961	0.282120041012679
1.24609999999988	0.295361683343818	0.296218138002044	0.281980021499187
1.24809999999988	0.295245950607542	0.296105536645422	0.281840763498509
1.25009999999988	0.295092645797062	0.29593620098911	0.281702260815158
1.25209999999988	0.294936600695084	0.295762592206934	0.281590513093888
1.25409999999988	0.294818081008201	0.295645197528352	0.281453432580348
1.25609999999988	0.294687773027464	0.295509844895396	0.281309813253345
1.25809999999988	0.29455770416999	0.295374582359356	0.281174224836218
1.26009999999988	0.294419170988296	0.295226374333891	0.28103936197583
1.26209999999988	0.294276879730088	0.295072405249564	0.280930876994901
1.26409999999988	0.294142596515892	0.294930256998049	0.280797379599787
1.26609999999988	0.294036545417205	0.294830319134185	0.280664590883582
1.26809999999988	0.293926611377684	0.294724268714524	0.280532505218157
1.27009999999988	0.293795702136408	0.294586426236794	0.28039399862915
1.27209999999988	0.293652458700651	0.294429856190283	0.280263324471473
1.27409999999988	0.293514686107274	0.294281359422747	0.280158589863362
1.27609999999988	0.293369169316205	0.294121059913568	0.280029216935729
1.27809999999988	0.293230467114304	0.293970863423059	0.279900520009056
1.28009999999988	0.293100621470956	0.293833772462439	0.279772493798715
1.28209999999988	0.29296859687404	0.293693212447938	0.279638144742116
1.28409999999988	0.292857433107478	0.293583823444841	0.279511465603203
1.28609999999987	0.292721954686215	0.293437688251154	0.279385441527459
1.28809999999987	0.292615041377647	0.293334270786351	0.279260067446948
1.29009999999987	0.292499283521931	0.293217307158991	0.279128434694445
1.29209999999987	0.292391984017269	0.293112825785897	0.279004366381343
1.29409999999987	0.292241983081258	0.292943956553614	0.278905538741646
1.29609999999987	0.29210682257784	0.292797271930773	0.278775830756383
1.29809999999987	0.291997527247451	0.292689261855017	0.278653610771095
1.30009999999987	0.291873254869606	0.292558535444141	0.278532011525138
1.30209999999987	0.291755105844139	0.292436806465366	0.278404247546235
1.30409999999987	0.291617632000664	0.292285862524291	0.278283895731616
1.30609999999987	0.291501601350951	0.292166985456323	0.278164150531914
1.30809999999987	0.291375947241982	0.292033431826864	0.278038286764016
1.31009999999987	0.291259920180016	0.291914188015092	0.27791976082555
1.31209999999987	0.291154937282323	0.291811315054116	0.27780182780184
1.31409999999987	0.291046707836206	0.291703341905351	0.277677821758438
1.31609999999987	0.290924117626146	0.291573550457655	0.277561080667173
1.31809999999987	0.290792285509346	0.291429718339167	0.277438296653479
1.32009999999987	0.290669719774818	0.291299688846485	0.277322729653805
1.32209999999987	0.290528746090427	0.291141795478358	0.277207733599366
1.32409999999987	0.290422091366171	0.291035359947746	0.277086739166501
1.32609999999987	0.290300557097287	0.290906398761972	0.276972891210335
1.32809999999987	0.290166286836126	0.290758148387624	0.276853074311592
1.33009999999987	0.290047161788346	0.290632494205796	0.276740357478845
1.33209999999987	0.289923209472164	0.29049945689139	0.276621700879777
1.33409999999987	0.289829971360632	0.290412377518583	0.276510098527913
1.33609999999987	0.289734091512013	0.290321080037429	0.276392585329392
1.33809999999987	0.289637947135297	0.290229153376796	0.27628208114023
1.34009999999987	0.289477389467513	0.290040309622499	0.276142462188985
1.34209999999987	0.289340983249849	0.289887706415817	0.276033096159652
1.34409999999987	0.28923715693737	0.289783905048432	0.275917876629994
1.34609999999987	0.289120296236754	0.289660347322442	0.275803215167121
1.34809999999987	0.288998089309432	0.289528583499549	0.275695451094096
1.35009999999987	0.288869224978443	0.289386699422932	0.275581875774698
1.35209999999987	0.288768909338267	0.289287572674316	0.275475154568365
1.35409999999987	0.288652198213685	0.289163595980911	0.275362649914346
1.35609999999987	0.288549386342226	0.289060363279997	0.275250683682791
1.35809999999987	0.288452513406783	0.288965846902668	0.275145507457238
1.36009999999987	0.28835366085804	0.288868139731522	0.275034589126521
1.36209999999987	0.288257911657324	0.288774872814603	0.274901570348936
1.36409999999987	0.288128701531566	0.288631199030345	0.274797959275825
1.36609999999987	0.288017530108444	0.288514501848333	0.274688647163491
1.36809999999987	0.28791853613807	0.288415914980264	0.274579850813348
1.37009999999987	0.287801935236594	0.288290714425348	0.274471566583751
1.37209999999987	0.287688357591431	0.288169885955957	0.274369926426172
1.37409999999987	0.287576192456217	0.28805104913054	0.274262638882673
1.37609999999986	0.287469229671566	0.287939899454472	0.274133594497752
1.37809999999986	0.287326827554315	0.287775366412465	0.27402735832299
1.38009999999986	0.28723926027289	0.287693103963994	0.273927685218019
1.38209999999986	0.287147567462938	0.287604415259951	0.273822417718452
1.38409999999986	0.287038527059933	0.287489500501517	0.273717637718854
1.38609999999986	0.286933390551999	0.287380299035403	0.273591340124541
1.38809999999986	0.286809957301264	0.287243504940943	0.273487575730988
1.39009999999986	0.286687035488689	0.287107423837224	0.273390275952705
1.39209999999986	0.286593808063529	0.287015770563216	0.273287446738785
1.39409999999986	0.286481732136185	0.286895665285775	0.273185088292983
1.39609999999986	0.286371099140292	0.286777549100867	0.273061446438293
1.39809999999986	0.286245211606278	0.286636437703985	0.272960069444455
1.40009999999986	0.286152516841887	0.286545083825807	0.272859153404796
1.40209999999986	0.286040052072839	0.28642384228602	0.272758695182556
1.40409999999986	0.28593880790512	0.286319348341871	0.272658691669342
1.40609999999986	0.285847318035411	0.286229321469843	0.272537634408613
1.40809999999986	0.285736873681658	0.286110683302014	0.272438579551561
1.41009999999986	0.285643374787071	0.286017343540078	0.272339970027842
1.41209999999986	0.285528237237558	0.285891347686611	0.272241802840951
1.41409999999986	0.285418400602631	0.285773224873438	0.272122762148348
1.41609999999986	0.285322331542138	0.285675641229956	0.272025518341319
1.41809999999986	0.285211864167891	0.285556281735245	0.271928707829419
1.42009999999986	0.285113061688237	0.285454291367289	0.271832327723068
1.42209999999986	0.285018116939348	0.28535797028123	0.271715251373057
1.42409999999986	0.28491573978219	0.285250334506832	0.271619770260312
1.42609999999986	0.28480673916188	0.285132608175869	0.271524710830715
1.42809999999986	0.28470220537531	0.28502151572958	0.271409086139975
1.43009999999986	0.284618663761817	0.284941786384423	0.271314907872707
1.43209999999986	0.284525014442678	0.28484670310407	0.271215476538689
1.43409999999986	0.284432021001515	0.284752460421563	0.271122136290657
1.43609999999986	0.284323913545153	0.284635405321289	0.271008403361355
1.43809999999986	0.284195222414881	0.284487373241168	0.270915921213767
1.44009999999986	0.284090243763056	0.28437486830625	0.270823841279027
1.44209999999986	0.283982305647031	0.284257833827457	0.270705901801969
1.44409999999986	0.283895933293795	0.284173045231375	0.270614677196538
1.44609999999986	0.283792298992281	0.28406217888555	0.270523846755258
1.44809999999986	0.283685697122705	0.283946751572956	0.27041287699921
1.45009999999986	0.283600312875128	0.283863059893085	0.270317333497242
1.45209999999986	0.283490697115066	0.283742836018818	0.270227728034651
1.45409999999986	0.283397692230914	0.283647458625799	0.270118107826949
1.45609999999986	0.283311016229586	0.28356141605313	0.270029311187113
1.45809999999986	0.283226527419225	0.283478483874463	0.269935410488668
1.46009999999986	0.283138347225704	0.283389829760177	0.26982711445308
1.46209999999986	0.283030240409877	0.283271136000922	0.269739503276444
1.46409999999986	0.282924744142433	0.283156288840885	0.269646821392514
1.46609999999985	0.282832460787132	0.283061175436461	0.269539824791068
1.46809999999985	0.282713567355986	0.282926011907505	0.269447961254816
1.47009999999985	0.282632647919213	0.282847764946246	0.269341836120814
1.47209999999985	0.282527653006636	0.282733261818429	0.269250780437063
1.47409999999985	0.282429834674415	0.282629415698935	0.269165485152875
1.47609999999985	0.28234516206988	0.282545180941506	0.269060619345592
1.47809999999985	0.282245017140262	0.282437596787498	0.268970728603255
1.48009999999985	0.282157434630582	0.282348750845156	0.268886551703591
1.48209999999985	0.282075132283342	0.282267661150289	0.268777599556437
1.48409999999985	0.281978548818499	0.282165015279339	0.268694174373577
1.48609999999985	0.281879347063535	0.282058326433653	0.268586077696717
1.48809999999985	0.281763306109564	0.281926318217032	0.268498110831252
1.49009999999985	0.281660128696896	0.281813592899446	0.268415781308282
1.49209999999985	0.281579195443304	0.281734100295083	0.268308934485682
1.49409999999985	0.281487799592073	0.281638767444788	0.268227333176885
1.49609999999985	0.281401939114586	0.281551612476945	0.268121316210635
1.49809999999985	0.281308321675046	0.281452690961207	0.268040433944267
1.50009999999985	0.281216802572947	0.281356800013659	0.267935236836489
1.50209999999985	0.281139219206807	0.281281669707048	0.267849869071883
1.50409999999985	0.281034237455408	0.281165276284577	0.267770034843187
1.50609999999985	0.280940698771986	0.281065994001081	0.267666035621846
1.50809999999985	0.280867166555966	0.280996605974091	0.267581739666882
1.51009999999985	0.28078814878743	0.280918815128737	0.26747854861674
1.51209999999985	0.280709576947724	0.280841527777594	0.267400111360722
1.51409999999985	0.280611588285987	0.280734992072372	0.267297706413239
1.51609999999985	0.280506853931883	0.280618276336242	0.267214838894742
1.51809999999985	0.280414513239203	0.280520116427927	0.267113223030112
1.52009999999985	0.280309098103835	0.280402242883748	0.267036148249733
1.52209999999985	0.280228915317209	0.280322139002485	0.266954307002186
1.52409999999985	0.280132327755333	0.280217336307486	0.266853826017689
1.52609999999985	0.280038758084562	0.280116953779706	0.266772679085245
1.52809999999985	0.27995742957871	0.280034852064436	0.266672964292479
1.53009999999985	0.279864990707289	0.27993596671014	0.266592503205358
1.53209999999985	0.27978131813598	0.279850130252315	0.266498560433573
1.53409999999985	0.27970540672027	0.279775792793757	0.266418765376434
1.53609999999985	0.279624808335976	0.279694274853867	0.266320544299299
1.53809999999985	0.279548875682957	0.279619613361843	0.26624141865727
1.54009999999985	0.279448064737596	0.279507520431083	0.266143937272482
1.54209999999985	0.279346378614984	0.279394077442246	0.266065472974213
1.54409999999985	0.27926198284358	0.279306482655465	0.265968722688148
1.54609999999985	0.279174954547115	0.27921483112822	0.265890911790341
1.54809999999985	0.279099011372905	0.279139685993232	0.265794884143076
1.55009999999985	0.279008388639394	0.279042390419823	0.265717718827969
1.55209999999985	0.278911633352599	0.278935826531262	0.265622405490683
1.55409999999985	0.27883714308261	0.278862588789311	0.265545878063582
1.55609999999985	0.278752437148124	0.278773889640614	0.265451270836023
1.55809999999984	0.278652900672477	0.278662878381307	0.265375373722903
1.56009999999984	0.278578274748631	0.278589148594399	0.265281464530902
1.56209999999984	0.278509853533801	0.278524553656357	0.26520134473433
1.56409999999984	0.278439154869709	0.278456377082607	0.265108136693551
1.56609999999984	0.278351180397581	0.278362140065399	0.265015288293544
1.56809999999984	0.278254419163017	0.278254671084133	0.264940962761135
1.57009999999984	0.278166855301044	0.278160950667873	0.264848792515783
1.57209999999984	0.278066397769949	0.278047871461208	0.264775071477697
1.57409999999984	0.277973348319182	0.277945864443355	0.264678791381476
1.57609999999984	0.277890099435798	0.277858448173807	0.264605678233448
1.57809999999984	0.277813249408159	0.277780548981955	0.264514852197703
1.58009999999984	0.277717999410758	0.277674956634237	0.264442329448506
1.58209999999984	0.277646439052894	0.277604811275814	0.264347420869644
1.58409999999984	0.277560315982075	0.277512714874478	0.264257602862263
1.58609999999984	0.277483791170095	0.27743490900972	0.264185980073573
1.58809999999984	0.277413151969997	0.277365792867864	0.264092099869922
1.59009999999984	0.277334719692368	0.277284849788971	0.264021060495571
1.59209999999984	0.277265732643539	0.277217955613691	0.263932534398589
1.59409999999984	0.277180090121689	0.277125984882311	0.26385738588034
1.59609999999984	0.27707723184005	0.277008157020525	0.263769500159194
1.59809999999984	0.27700628598191	0.27693811203428	0.26368194336559
1.60009999999984	0.276920482440472	0.27684566273129	0.263607689732348
1.60209999999984	0.276849436038514	0.27677526604572	0.26352076261499
1.60409999999984	0.276771259463603	0.276694047404938	0.263447089389806
1.60609999999984	0.276692734546107	0.2766122361983	0.263360785000885
1.60809999999984	0.276606370384614	0.276518587211696	0.263287685607838
1.61009999999984	0.276522227070632	0.27642821570973	0.263201997102116
1.61209999999984	0.276436386039172	0.276335210754695	0.263112040425178
1.61409999999984	0.276353321727781	0.276246301147822	0.263044385696405
1.61609999999984	0.276288503096848	0.276184639271108	0.262955054424265
1.61809999999984	0.276221827372646	0.27612003979009	0.262870609437012
1.62009999999984	0.276148382299448	0.27604514610201	0.262799225128001
1.62209999999984	0.27606045937351	0.275948458071127	0.262710840253456
1.62409999999984	0.27598096084981	0.275864348435646	0.262644539799047
1.62609999999984	0.275892102783448	0.275766149653777	0.262556763451234
1.62809999999984	0.275814433286526	0.27568465108323	0.262473816146432
1.63009999999984	0.275736490677922	0.275602693722717	0.262403811547764
1.63209999999984	0.275649692447217	0.275507374028039	0.262316956343249
1.63409999999984	0.275577144694464	0.275433357723967	0.262234896349177
1.63609999999984	0.275495927785015	0.275346250851054	0.262165709318388
1.63809999999984	0.275421982968703	0.275269937897055	0.262079760446449
1.64009999999984	0.275330141075363	0.275166759889994	0.262011106771043
1.64209999999984	0.275253416451648	0.275086183253304	0.261930190374485
1.64409999999984	0.275184903757487	0.275017823530037	0.261845133342367
1.64609999999984	0.275107102739586	0.274935410517277	0.261777274800244
1.64809999999983	0.27504445326837	0.274875613789147	0.261692800539554
1.65009999999983	0.274965889599233	0.274791877111247	0.261608630526633
1.65209999999983	0.27487170389181	0.27468466583562	0.261545957025024
1.65409999999983	0.274806368815848	0.274620632810762	0.261462351165529
1.65609999999983	0.274734051748248	0.274546015121237	0.261379044813106
1.65809999999983	0.274658501625811	0.274466481048733	0.261312746474175
1.66009999999983	0.27458127757019	0.274384336193178	0.261230004503687
1.66209999999983	0.274494508767967	0.274287878288729	0.261147557361233
1.66409999999983	0.274421129020014	0.27421140114073	0.261082024432826
1.66609999999983	0.274351920250988	0.274141069148631	0.261000132731632
1.66809999999983	0.274272618092742	0.27405550983046	0.260918531277447
1.67009999999983	0.274183034906002	0.273954520250569	0.260853751281304
1.67209999999983	0.274118845964411	0.273891536545812	0.260772696516115
1.67409999999983	0.274053747687357	0.273827065543707	0.260691927512372
1.67609999999983	0.273990901696985	0.27376583665863	0.26062788823654
1.67809999999983	0.273924272863347	0.273698805318809	0.260547657353005
1.68009999999983	0.273834468953163	0.273597027273274	0.260467707838301
1.68209999999983	0.273759074140662	0.273516804509691	0.260404397330173
1.68409999999983	0.27368785051807	0.273442739012435	0.26032497754553
1.68609999999983	0.273606083554083	0.273352782986377	0.260245834827696
1.68809999999983	0.27354344325083	0.273291421224468	0.260166967729345
1.69009999999983	0.273464785081794	0.273205969867372	0.260104620183256
1.69209999999983	0.273397538570557	0.273137531252188	0.2600220550078
1.69409999999983	0.273321936089871	0.273056518396543	0.259943986660422
1.69609999999983	0.273250455544375	0.272981575823837	0.259882349138636
1.69809999999983	0.273175250984227	0.272901005855455	0.259804791481818
1.70009999999983	0.273100570409672	0.272821151412353	0.259727501127368
1.70209999999983	0.273041581023207	0.272764696162574	0.25966237942121
1.70409999999983	0.272978080694185	0.272701346549625	0.259585600333846
1.70609999999983	0.272918760306314	0.272644130397592	0.259509084500281
1.70809999999983	0.272837698615319	0.272554253396582	0.259432830568937
1.71009999999983	0.272747846737679	0.272451206097047	0.259368663079392
1.71209999999983	0.272686323826858	0.272390568494023	0.259292909971954
1.71409999999983	0.272611133831098	0.272309379283163	0.259217414827435
1.71609999999983	0.272542113823967	0.272237377740831	0.259138059760781
1.71809999999983	0.272478870154353	0.272173910239479	0.259078943195162
1.72009999999983	0.272399631069925	0.272086418721951	0.259000094987825
1.72209999999983	0.272328599783497	0.272011158439117	0.258925608079284
1.72409999999983	0.272261642152747	0.271941940819723	0.25886715052065
1.72609999999983	0.272188449972641	0.271863250691134	0.258789062500015
1.72809999999983	0.272119125926975	0.271790300797713	0.258715307807226
1.73009999999983	0.272053314296333	0.27172256103442	0.258637740765756
1.73209999999983	0.271982655453786	0.271647473985538	0.258580159849534
1.73409999999983	0.27191883665049	0.271582539607809	0.258503082073922
1.73609999999983	0.271859495472419	0.27152419938541	0.258430300663811
1.73809999999983	0.271779308291765	0.271434548933646	0.258353733647279
1.74009999999982	0.271698531378617	0.271344059803041	0.258297011207951
1.74209999999982	0.271627783046477	0.271268539927766	0.258220923727248
1.74409999999982	0.271560432544733	0.27119801946808	0.258149096268723
1.74609999999982	0.271492738029031	0.271126944939831	0.258073509595287
1.74809999999982	0.271423357858946	0.271053242021163	0.258013638261341
1.75009999999982	0.271358473054807	0.270986226625989	0.257942511346453
1.75209999999982	0.271274895161152	0.270891165328931	0.257867644792413
1.75409999999982	0.271219844006174	0.270838778268158	0.257793027048666
1.75609999999982	0.271149528821546	0.270763410424414	0.257722615628032
1.75809999999982	0.271081516275406	0.270691426420322	0.257663819411412
1.76009999999982	0.271017346601413	0.270625139161627	0.257589907681017
1.76209999999982	0.270950311679196	0.270554463339271	0.257520176082179
1.76409999999982	0.270889286263897	0.270492699258251	0.257446743575665
1.76609999999982	0.270822645935786	0.270422422606402	0.257388787324783
1.76809999999982	0.27075270869302	0.270347154630595	0.257315811887829
1.77009999999982	0.270669618051545	0.270252233515729	0.257243075801764
1.77209999999982	0.270613733182608	0.270197980328474	0.257174476600526
1.77409999999982	0.270538054567835	0.270113996484854	0.257102208230548
1.77609999999982	0.270483149446554	0.270061058562872	0.257045286269039
1.77809999999982	0.270424415259362	0.270002237631408	0.256973463876793
1.78009999999982	0.270360366462369	0.269935386061031	0.256901875141215
1.78209999999982	0.270294861138514	0.269866263721703	0.256830518923973
1.78409999999982	0.270232065084825	0.269801128645027	0.256759394094083
1.78609999999982	0.270162238107595	0.269725398494233	0.25670733535176
1.78809999999982	0.270096449411077	0.269655687666489	0.25663663843415
1.79009999999982	0.270023328835599	0.269574965499347	0.256566169659672
1.79209999999982	0.269960972048029	0.269510272141131	0.256495927925786
1.79409999999982	0.269895532375551	0.269440863290105	0.256425912137014
1.79609999999982	0.269840602562273	0.269387136496279	0.256370989324671
1.79809999999982	0.269781477284328	0.269327006055931	0.25630139833151
1.80009999999982	0.269696340525084	0.269227925648159	0.256232030115311
1.80209999999982	0.26963145230392	0.269159135088623	0.256162883608069
1.80409999999982	0.269570455001236	0.269096107487645	0.256090174469294
1.80609999999982	0.269498157156508	0.269016119517495	0.256021475243012
1.80809999999982	0.269442599947013	0.268961130409322	0.255967720559014
1.81009999999982	0.269378516012518	0.268893294071789	0.255899433948408
1.81209999999982	0.269309788892937	0.268818396724867	0.255831363856561
1.81409999999982	0.269249706173167	0.268756448231753	0.255763509255331
1.81609999999982	0.269189021872711	0.268693461478095	0.255695869123056
1.81809999999982	0.269132162761486	0.268636131742658	0.255639317438043
1.82009999999982	0.269065519439002	0.268564055683936	0.255572087052935
1.82209999999982	0.269010416107404	0.268509214262899	0.255505068157994
1.82409999999982	0.268958801300827	0.26845945816141	0.255438259756885
1.82609999999982	0.268907493125365	0.268410021184646	0.255371660859473
1.82809999999982	0.268830735880068	0.268322411106874	0.255301569815492
1.83009999999981	0.26876237119322	0.268247393071433	0.255249866130203
1.83209999999981	0.268689074790473	0.268165028628076	0.255183873997551
1.83409999999981	0.268626540494406	0.268098705378662	0.255114406901939
1.83609999999981	0.268554432000581	0.26801802327028	0.255048831782446
1.83809999999981	0.268502427690487	0.26796739379789	0.254983460376823
1.84009999999981	0.268446155126487	0.267910240971436	0.25491463116933
1.84209999999981	0.268384685016351	0.267845254958769	0.254849670953597
1.84409999999981	0.268322091325541	0.267778515058282	0.254799226970133
1.84609999999981	0.268269772517811	0.26772705107851	0.254731004516623
1.84809999999981	0.268206237237246	0.267658714103387	0.254666628610579
1.85009999999981	0.268140299485142	0.267586796378978	0.254598823043288
1.85209999999981	0.26807182106303	0.267511043439009	0.254534848980644
1.85409999999981	0.268021713149819	0.267462684463105	0.254467456461845
1.85609999999981	0.26796953403861	0.267411097573765	0.254403880520814
1.85809999999981	0.267917005393232	0.267358865277063	0.254351058556951
1.86009999999981	0.267855367802956	0.267292907813884	0.254287855436004
1.86209999999981	0.267787780520084	0.267218002659043	0.254221255929537
1.86409999999981	0.267729157074751	0.267156498532695	0.254158443755293
1.86609999999981	0.267669151681527	0.26709286517646	0.254092246196301
1.86809999999981	0.267596371258219	0.267010070276799	0.254029821380897
1.87009999999981	0.267541716078112	0.266954393189545	0.253964022114346
1.87209999999981	0.267476380435531	0.266882652951727	0.253898423817877
1.87409999999981	0.267427395163906	0.266835322414868	0.253850565868789
1.87609999999981	0.267360737122063	0.266761481457875	0.253785339144052
1.87809999999981	0.267306271250895	0.266705814966596	0.253723849372392
1.88009999999981	0.267236868058215	0.266627737481694	0.253659012101554
1.88209999999981	0.267181257464262	0.266570273732806	0.253594371367404
1.88409999999981	0.267121339062323	0.266506319184476	0.25352992627766
1.88609999999981	0.267068552098068	0.266452956936786	0.253469189713738
1.88809999999981	0.267018406434979	0.266403437246086	0.253405127069383
1.89009999999981	0.266968936969225	0.266354800270157	0.253341257446146
1.89209999999981	0.266901480368728	0.266279217890724	0.253291380309667
1.89409999999981	0.266828356462277	0.266195144373277	0.253231362822083
1.89609999999981	0.266768514329584	0.266130974520563	0.253168040286747
1.89809999999981	0.266708958995606	0.266067190129883	0.253104907402326
1.90009999999981	0.266640982414013	0.265990794636061	0.25304196331812
1.90209999999981	0.266592548951087	0.265943566305458	0.252979207188464
1.90409999999981	0.266538160500256	0.265887304006584	0.252920097382177
1.90609999999981	0.266473185000365	0.265815188515239	0.252857708643466
1.90809999999981	0.266413635074153	0.265751168696219	0.252795505372832
1.91009999999981	0.26636374527607	0.265701503782219	0.252733486744468
1.91209999999981	0.266288172340736	0.265613356008731	0.252685248130504
1.91409999999981	0.266232959849179	0.265555682407673	0.252623576209269
1.91609999999981	0.266180090418143	0.265501465365121	0.252562086541597
1.91809999999981	0.266132972223074	0.265455735439014	0.252500778320729
1.9200999999998	0.266085487753684	0.26540932131869	0.252439650744742
1.9220999999998	0.266032744349214	0.265354927543579	0.252378703016405
1.9240999999998	0.265981471334374	0.265302643881439	0.252317934343169
1.9260999999998	0.26591618431829	0.265229311684809	0.252257343937138
1.9280999999998	0.265864356953071	0.265176114127019	0.252196931015029
1.9300999999998	0.26579842793743	0.265101814916006	0.252136694798145
1.9320999999998	0.265735883379283	0.265032564101343	0.252076634512333
1.9340999999998	0.265675698093221	0.264966859329663	0.252016749387958
1.9360999999998	0.265622032919074	0.264910804446273	0.25195703865987
1.9380999999998	0.265568562962017	0.264855021735057	0.251907480525011
1.9400999999998	0.265512206524957	0.264794799487195	0.251848102614636
1.9420999999998	0.265464709479202	0.264747757028285	0.251788896869111
1.9440999999998	0.265409912771036	0.264689698213351	0.25172986254068
1.9460999999998	0.265353133334069	0.26462864359234	0.251670998886008
1.9480999999998	0.265294424185407	0.264564649783969	0.251612305166005
1.9500999999998	0.265241534275448	0.264509350114328	0.251550454226902
1.9520999999998	0.265197801766871	0.264467608450301	0.251492103734234
1.9540999999998	0.265152898866249	0.264423965218389	0.251433920966239
1.9560999999998	0.265100896163733	0.264369583925422	0.251375905200797
1.9580999999998	0.265044026265841	0.264307877484186	0.251314751511977
1.9600999999998	0.264975123526359	0.264228191576413	0.25125707308749
1.9620999999998	0.264921210802965	0.264170924228363	0.251199559506024
1.9640999999998	0.264867626726245	0.264114131249038	0.251138922343837
1.9660999999998	0.264810488529218	0.264051974941682	0.251081741767664
1.9680999999998	0.264764805999544	0.264006847031789	0.251024723911972
1.9700999999998	0.264713342005908	0.263952981472609	0.250964596694314
1.9720999999998	0.264660580917769	0.26389710904569	0.250920924178308
1.9740999999998	0.26460611510969	0.263838652965917	0.25086437725841
1.9760999999998	0.264552637996738	0.263781573374502	0.250804734956635
1.9780999999998	0.264491555535405	0.26371308880122	0.250748512695534
1.9800999999998	0.264441278425084	0.263660720976201	0.250689204405744
1.9820999999998	0.264395213642836	0.263614579532023	0.250633304037643
1.9840999999998	0.264353737291663	0.263575163047068	0.250574326940464
1.9860999999998	0.264311019979287	0.263533741945182	0.250518745730826
1.9880999999998	0.264267249639646	0.263490611194939	0.250460097038661
1.9900999999998	0.26421880924113	0.26344037440549	0.250404832283775
1.9920999999998	0.264162249121496	0.263377926507815	0.25034650924026
1.9940999999998	0.264107565131844	0.263318325388996	0.250291558266805
1.9960999999998	0.264051001617754	0.26325587990644	0.250233558146393
1.9980999999998	0.264000828646924	0.263202904581138	0.250178918311018
