t	La
0	0	0
0.002	0	0
0.0041	0.0361284284565204	0.03481
0.006	0.0365469177345933	0.03481
0.00800000000000001	0.0372942043701972	0.03482
0.0101	0.0384048552824833	0.03483
0.0121	0.0397539125734	0.03485
0.0141	0.0413638135308972	0.03488
0.0161	0.0432092712002773	0.03493
0.0180999999999999	0.0452645884754676	0.03498
0.0200999999999999	0.0475050344530842	0.03506
0.0220999999999999	0.0499077177815744	0.03515
0.0240999999999999	0.0524520351005454	0.03527
0.0260999999999999	0.0551198080167313	0.03542
0.0280999999999999	0.0578952180645388	0.0356
0.0300999999999999	0.0607646270182332	0.0358
0.0320999999999999	0.0637163442057999	0.03605
0.0341	0.0667403802363209	0.03634
0.036	0.0696724203110083	0.03663
0.0380000000000001	0.0728140967244638	0.037
0.0400000000000001	0.076006358863426	0.03743
0.0420000000000002	0.0792438390861373	0.0379100000000001
0.0440000000000002	0.0825219291263599	0.0384500000000001
0.0460000000000003	0.0858366609157082	0.0390500000000002
0.0480000000000003	0.0891846065845505	0.0397200000000002
0.0500000000000004	0.0925627948264125	0.0404600000000003
0.0520000000000005	0.0959686410502109	0.0412800000000004
0.0540000000000005	0.0993998890570501	0.0421900000000005
0.0560000000000006	0.10285456230221	0.0431800000000006
0.0580000000000006	0.106330923107213	0.0442600000000007
0.0600000000000007	0.109827438457815	0.0454300000000009
0.0620000000000007	0.113342751257497	0.046710000000001
0.0640000000000008	0.11687565610356	0.0481000000000011
0.0660000000000009	0.120425078817706	0.0495900000000014
0.0680000000000009	0.123990059099194	0.0512100000000016
0.070000000000001	0.127570321208381	0.0529500000000017
0.072000000000001	0.138740936416233	0.054810000000002
0.0740000000000011	0.149604784941576	0.0568100000000023
0.0760000000000012	0.160246866504716	0.0589500000000025
0.0780000000000012	0.170732171464346	0.0612400000000028
0.0800000000000013	0.181111854271032	0.0658800000000032
0.0820000000000013	0.191427420752247	0.0710800000000034
0.0840000000000014	0.201713446331293	0.076600000000004
0.0860000000000014	0.211999409575645	0.0824700000000043
0.0880000000000015	0.222310969461212	0.0886900000000048
0.0900000000000016	0.232670879939879	0.0952700000000053
0.0920000000000016	0.243099660631107	0.102240000000006
0.0940000000000017	0.253616099125296	0.109590000000006
0.0960000000000017	0.26423763430547	0.117360000000007
0.0980000000000018	0.274980653868789	0.125540000000007
0.100000000000002	0.285860728831105	0.134160000000008
0.102000000000002	0.296892800945504	0.143220000000009
0.104000000000002	0.308091334331601	0.15275000000001
0.106000000000002	0.319470439429286	0.16275000000001
0.108000000000002	0.331043975299347	0.173250000000011
0.110000000000002	0.342825635394784	0.184250000000012
0.112000000000002	0.354829023142105	0.195770000000013
0.114000000000002	0.367067721417178	0.207830000000014
0.116000000000002	0.379671022579777	0.220440000000015
0.118000000000002	0.392839281726965	0.233620000000016
0.120000000000002	0.406590712569817	0.247390000000017
0.122000000000002	0.420941384623191	0.261750000000018
0.124000000000003	0.435907567561351	0.276730000000019
0.126000000000002	0.45150573162934	0.292340000000019
0.128000000000002	0.467752548068626	0.308600000000018
0.130000000000002	0.484664889556406	0.325520000000017
0.132000000000002	0.502259830657964	0.343130000000016
0.134000000000002	0.520554648291542	0.361440000000015
0.136000000000001	0.539566822205186	0.380470000000013
0.138000000000001	0.55931403546505	0.400230000000011
0.140000000000001	0.579814174954704	0.420750000000009
0.142000000000001	0.60108533188495	0.442040000000008
0.144	0.623145802313717	0.464120000000005
0.146	0.646014087675599	0.487010000000003
0.148	0.669708895320622	0.51072
0.1501	0.695498686042946	0.536529999999997
0.1521	0.720947220201748	0.561999999999994
0.154099999999999	0.747280611583942	0.588359999999991
0.156099999999999	0.77451840718226	0.615619999999988
0.158099999999999	0.80268036275225	0.643799999999985
0.160099999999999	0.831786443398451	0.67292999999998
0.162099999999998	0.861856824167037	0.703029999999977
0.164099999999998	0.89291189064459	0.734109999999973
0.166099999999998	0.924972239562561	0.766189999999968
0.168099999999998	0.95805867940708	0.799309999999963
0.170099999999998	0.992192231033677	0.833469999999958
0.172099999999997	1.02739412828651	0.868699999999953
0.174099999999997	1.0636858186217	0.905019999999947
0.176099999999997	1.10108896373426	0.942459999999942
0.178099999999997	1.13962544018829	0.981019999999936
0.180099999999996	1.1793173400498	1.02074999999993
0.182099999999996	1.22018697152179	1.06164999999992
0.184099999999996	1.26225685958103	1.10375999999992
0.186099999999996	1.30554974661588	1.14708999999991
0.188099999999996	1.35008859306477	1.1916599999999
0.190099999999995	1.39589657805451	1.23750999999989
0.192099999999995	1.44299710003792	1.28464999999988
0.194099999999995	1.49141377742996	1.33309999999988
0.196099999999995	1.54117044924174	1.38289999999987
0.198099999999995	1.59229117571149	1.43405999999986
0.200099999999994	1.64480023893176	1.48661999999985
0.202099999999994	1.69872214347181	1.54057999999984
0.204099999999994	1.75408161699433	1.59598999999983
0.206099999999994	1.81090361086537	1.65285999999982
0.208099999999993	1.86921330075646	1.7112199999998
0.210099999999993	1.92903608723757	1.77108999999979
0.212099999999993	1.99008695344065	1.83249999999978
0.214099999999993	2.05301303766036	1.89547999999977
0.216099999999993	2.11752977625712	1.96004999999976
0.218099999999992	2.18366347536495	2.02623999999974
0.220099999999992	2.25144066883744	2.09406999999973
0.222099999999992	2.32088811875901	2.16357999999971
0.224099999999992	2.39203281593773	2.2347799999997
0.226099999999991	2.46490198037645	2.30770999999968
0.228099999999991	2.53952306171987	2.38239999999967
0.230099999999991	2.61592373967531	2.45885999999965
0.232099999999991	2.69413192440467	2.53712999999964
0.234099999999991	2.77417575688482	2.61723999999962
0.23609999999999	2.85608360923369	2.6992199999996
0.23809999999999	2.93988408499803	2.78308999999958
0.24009999999999	2.96693256647877	2.86888999999956
0.24209999999999	3.05460506917642	2.95662999999954
0.244099999999989	3.1442574471518	3.04635999999952
0.246099999999989	3.2359192373007	3.1380999999995
0.248099999999989	3.32962020912656	3.23187999999948
0.250099999999989	3.42539036476574	3.32772999999946
0.252099999999989	3.52325993894933	3.42567999999944
0.254099999999988	3.62325939889664	3.52576999999941
0.256099999999988	3.72541944413528	3.62800999999939
0.258099999999988	3.82977100624224	3.73244999999936
0.260099999999988	3.93627279914647	3.83911999999934
0.262099999999987	4.04510109294217	3.94803999999931
0.264099999999987	4.15621504731053	4.05923999999928
0.266099999999987	4.26964651374124	4.17276999999926
0.268099999999987	4.38542757277586	4.28864999999923
0.270099999999987	4.50359053311002	4.4069199999992
0.272099999999986	4.60281335540214	4.52759999999916
0.274099999999986	4.72583816446208	4.65072999999914
0.276099999999986	4.85134321379114	4.77633999999911
0.278099999999986	4.97936171977364	4.90446999999907
0.280099999999985	5.10992712099419	5.03513999999904
0.282099999999985	5.24307307646433	5.16839999999901
0.284099999999985	5.37883346365809	5.30427999999897
0.286099999999985	5.51724237634349	5.44280999999894
0.288099999999985	5.65833412219659	5.5840199999989
0.290099999999984	5.78836589172202	5.72794999999886
0.292099999999984	5.93476201735345	5.87463999999883
0.294099999999984	6.08411043037503	6.02411999999879
0.296099999999984	6.23628111516733	6.17641999999875
0.298099999999983	6.36854230375307	6.33158999999871
0.300099999999983	6.52646361480407	6.48963999999867
0.302099999999983	6.68731363383303	6.65062999999862
0.304099999999983	6.8511282667447	6.81458999999858
0.306099999999983	7.01794359997872	6.98154999999854
0.308099999999982	7.18779589508041	7.15154999999849
0.310099999999982	7.35743038026411	7.32462999999845
0.312099999999982	7.51966343878698	7.5008199999984
0.314099999999982	7.69884663082003	7.68015999999835
0.316099999999982	7.88107307532176	7.8626899999983
0.318099999999981	8.066661075543	8.04843999999825
0.320099999999981	8.24958451587897	8.23744999999819
0.322099999999981	8.4320905986164	8.42975999999814
0.324099999999981	8.6245999700285	8.62540999999809
0.32609999999998	8.82344406964699	8.82442999999803
0.32809999999998	9.01526390083874	9.02685999999797
0.33009999999998	9.22096203100611	9.23273999999792
0.33209999999998	9.43014344205772	9.44209999999786
0.33409999999998	9.64284600621644	9.6549899999978
0.336099999999979	9.85872995311756	9.87144999999774
0.338099999999979	10.0768285619325	10.0914999999977
0.340099999999979	10.2890923428715	10.3151899999976
0.342099999999979	10.5162589015162	10.5425599999976
0.344099999999978	10.743377511869	10.7736399999975
0.346099999999978	10.9714659340095	11.0084699999974
0.348099999999978	11.209877197689	11.2470999999973
0.350099999999978	11.4528387032939	11.4895499999973
0.352099999999978	11.6989354717728	11.7358599999972
0.354099999999977	11.9392843727435	11.9860799999971
0.356099999999977	12.1845920266442	12.2402399999971
0.358099999999977	12.4424980964582	12.498369999997
0.360099999999977	12.7030662603263	12.7605199999969
0.362099999999976	12.9687248165073	13.0267199999968
0.364099999999976	13.2253232734058	13.2969999999968
0.366099999999976	13.4932123365971	13.5714099999967
0.368099999999976	13.7712405047942	13.8499699999966
0.370099999999976	14.0488026433098	14.1327299999965
0.372099999999975	14.337800648569	14.4197199999964
0.374099999999975	14.6154833997632	14.7109699999964
0.376099999999975	14.9107748854701	15.0065099999963
0.378099999999975	15.2085394788768	15.3063899999962
0.380099999999974	15.5045728118024	15.6106199999961
0.382099999999974	15.8130400677483	15.919259999996
0.384099999999974	16.1097974109759	16.2323199999959
0.386099999999974	16.4213772775839	16.5498299999958
0.388099999999974	16.7388582316857	16.8718299999957
0.390099999999973	17.0663070411637	17.1983499999956
0.392099999999973	17.4014156722295	17.5294099999955
0.394099999999973	17.7365278155898	17.8650399999954
0.396099999999973	18.0665516279617	18.2052599999953
0.398099999999972	18.414604161633	18.5501099999952
0.400099999999972	18.7525379763054	18.8995999999951
0.402099999999972	19.0946757305482	19.253759999995
0.404099999999972	19.4477351955473	19.6125999999949
0.406099999999972	19.8027208504541	19.9761599999948
0.408099999999971	20.1705150984296	20.3444299999947
0.410099999999971	20.5390183884919	20.7174499999946
0.412099999999971	20.9100409163387	21.0952199999945
0.414099999999971	21.2924969224842	21.4777599999944
0.41609999999997	21.6781945873634	21.8650799999943
0.41809999999997	22.0570686538215	22.2571899999941
0.42009999999997	22.4442403512442	22.654099999994
0.42209999999997	22.8408814775481	23.0557999999939
0.42409999999997	23.2420356029073	23.4622999999938
0.426099999999969	23.6505078741504	23.8736099999937
0.428099999999969	24.0631952162293	24.2897199999936
0.430099999999969	24.4714667591963	24.7106199999934
0.432099999999969	24.8888621372037	25.1363099999933
0.434099999999969	25.3140685456395	25.5667799999932
0.436099999999968	25.7486158042238	26.002009999993
0.438099999999968	26.1864743928434	26.4419899999929
0.440099999999968	26.6239657997651	26.8866899999928
0.442099999999968	27.0658229654735	27.3360999999927
0.444099999999967	27.5164396042605	27.7901899999926
0.446099999999967	27.9718681506603	28.2489299999924
0.448099999999967	28.4329625208977	28.7122899999923
0.450099999999967	28.8843441381911	29.1802299999922
0.452099999999967	29.3484318832904	29.6526999999921
0.454099999999966	29.8115879227199	30.1296799999919
0.456099999999966	30.2896799967369	30.6110999999918
0.458099999999966	30.7841831020103	31.0969199999917
0.460099999999966	31.273852828963	31.5870899999915
0.462099999999965	31.7489864241571	32.0815299999914
0.464099999999965	32.232038080295	32.5801899999913
0.466099999999965	32.7346122400494	33.0830099999912
0.468099999999965	33.236469618844	33.589899999991
0.470099999999965	33.7420159583635	34.1007899999909
0.472099999999964	34.2407778749079	34.6156099999908
0.474099999999964	34.7515872346278	35.1342599999907
0.476099999999964	35.2782774316475	35.6566599999905
0.478099999999964	35.7962085570223	36.1827099999904
0.480099999999963	36.3192737922749	36.7123199999903
0.482099999999963	36.8400432544653	37.2453899999902
0.484099999999963	37.3638646350311	37.7817999999901
0.486099999999963	37.8922355207285	38.3214599999899
0.488099999999963	38.4352988102296	38.8642399999898
0.490099999999962	38.9814023946092	39.4100299999897
0.492099999999962	39.5242710649779	39.9587099999896
0.494099999999962	40.0634285405005	40.5101499999895
0.496099999999962	40.6051807956784	41.0642199999894
0.498099999999961	41.1608524868157	41.6207999999892
0.500099999999961	41.7180783184576	42.1797399999892
0.502099999999961	42.2663472079246	42.740919999989
0.504099999999961	42.8185929387177	43.3041899999889
0.506099999999961	43.3787521186122	43.8693999999888
0.50809999999996	43.9454015572073	44.4364099999887
0.51009999999996	44.509319888931	45.0050799999887
0.51209999999996	45.0702371557278	45.5752599999886
0.51409999999996	45.6286408062031	46.1467899999884
0.516099999999959	46.1938261198554	46.7195199999884
0.518099999999959	46.7549480948264	47.2932999999883
0.520099999999959	47.3299814549583	47.8679799999882
0.522099999999959	47.9032589053801	48.4433999999881
0.524099999999959	48.4694930263508	49.0193999999881
0.526099999999958	49.035299450784	49.595839999988
0.528099999999958	49.603467909642	50.1725499999879
0.530099999999958	50.1816032224976	50.7493899999879
0.532099999999958	50.7595262430729	51.3261999999878
0.534099999999958	51.3189684524602	51.9028199999877
0.536099999999957	51.8859058574612	52.4791199999877
0.538099999999957	52.4593459031939	53.0549399999876
0.540099999999957	53.0405203572078	53.6301299999876
0.542099999999957	53.6098942511431	54.2045599999875
0.544099999999956	54.1678740884971	54.7780699999875
0.546099999999956	54.7321795739711	55.3505299999875
0.548099999999956	55.3040199384593	55.9218099999874
0.550099999999956	55.8674679148924	56.4917699999874
0.552099999999956	56.4290280023609	57.0602799999874
0.554099999999955	56.9891566662075	57.6272099999873
0.556099999999955	57.5477081067971	58.1924499999873
0.558099999999955	58.1051434763605	58.7558699999873
0.560099999999955	58.6618928280965	59.3173499999873
0.562099999999954	59.2188279199974	59.8767999999873
0.564099999999954	59.7714490354054	60.4340999999873
0.566099999999954	60.3189799243394	60.9891499999872
0.568099999999954	60.8646224046985	61.5418499999872
0.570099999999954	61.407685849283	62.0920999999873
0.572099999999953	61.9559829194788	62.6398299999872
0.574099999999953	62.4928529426954	63.1849399999872
0.576099999999953	63.0314893796445	63.7273499999873
0.578099999999953	63.5688307582299	64.2669799999873
0.580099999999952	64.1045761064605	64.8037699999873
0.582099999999952	64.6292438738694	65.3376499999873
0.584099999999952	65.153721994271	65.8685499999873
0.586099999999952	65.6790122787973	66.3964099999873
0.588099999999952	66.2026750827007	66.9211899999873
0.590099999999951	66.7204358210884	67.4428299999874
0.592099999999951	67.2328375966597	67.9612799999874
0.594099999999951	67.7425308929354	68.4764999999874
0.596099999999951	68.2502729719412	68.9884499999874
0.59809999999995	68.7552660818089	69.4970999999874
0.60009999999995	69.2514328040703	70.0024199999875
0.60209999999995	69.7470648911196	70.5043799999875
0.60409999999995	70.2408844171204	71.0029499999875
0.60609999999995	70.7380474835693	71.4981199999876
0.608099999999949	71.2241653222755	71.9898699999876
0.610099999999949	71.7070180783135	72.4781799999876
0.612099999999949	72.1893838008638	72.9630399999877
0.614099999999949	72.6734917548845	73.4444499999877
0.616099999999948	73.1466750676907	73.9223899999877
0.618099999999948	73.6150653390386	74.3968699999878
0.620099999999948	74.0822604856376	74.8678899999878
0.622099999999948	74.5430437877439	75.3354399999878
0.624099999999948	75.0031546406966	75.7995299999879
0.626099999999947	75.4580107982593	76.2601699999879
0.628099999999947	75.9109330380235	76.717359999988
0.630099999999947	76.3630131877616	77.171129999988
0.632099999999947	76.8099590213582	77.6214699999881
0.634099999999946	77.2519870862586	78.0683999999881
0.636099999999946	77.6897546657718	78.5119399999881
0.638099999999946	78.1236665667513	78.9520999999882
0.640099999999946	78.5563327362113	79.3889099999882
0.642099999999946	78.9903224436208	79.8223799999883
0.644099999999945	79.4135166285102	80.2525399999883
0.646099999999945	79.832765345122	80.6793999999883
0.648099999999945	80.2528171163432	81.1029899999884
0.650099999999945	80.667737616035	81.5233299999884
0.652099999999945	81.0856327861325	81.9404499999885
0.654099999999944	81.4912244823232	82.3543799999885
0.656099999999944	81.9003103306848	82.7651299999886
0.658099999999944	82.3048212783761	83.1727499999886
0.660099999999944	82.7075027802758	83.5772399999886
0.662099999999943	83.111053674491	83.9786599999887
0.664099999999943	83.503756945735	84.3770099999887
0.666099999999943	83.896306919402	84.7723399999888
0.668099999999943	84.2810103857836	85.1646699999888
0.670099999999943	84.6666239292294	85.5540299999889
0.672099999999942	85.0465799464361	85.9404599999889
0.674099999999942	85.4267597178712	86.3239699999889
0.676099999999942	85.8061675036375	86.704609999989
0.678099999999942	86.1829413273284	87.082399999989
0.680099999999941	86.5506061636448	87.4573799999891
0.682099999999941	86.9151196584558	87.8295699999891
0.684099999999941	87.2844387351023	88.1990099999891
0.686099999999941	87.6476609707516	88.5657299999892
0.688099999999941	88.0100524840368	88.9297499999892
0.69009999999994	88.3684011479205	89.2911199999892
0.69209999999994	88.7237023258875	89.6498599999893
0.69409999999994	89.0766657207511	90.0059899999893
0.69609999999994	89.4227383626695	90.3595599999894
0.698099999999939	89.769199324081	90.7105899999894
0.700099999999939	90.1135863266583	91.0591199999894
0.702099999999939	90.4575667709688	91.4051699999895
0.704099999999939	90.7979029394498	91.7487699999895
0.706099999999939	91.1385246344499	92.0899499999896
0.708099999999938	91.4736488981695	92.4287499999896
0.710099999999938	91.8075974584417	92.7651899999896
0.712099999999938	92.1364375616623	93.0992999999897
0.714099999999938	92.4671990296883	93.4310999999897
0.716099999999937	92.7926877057083	93.7606399999897
0.718099999999937	93.1156399350513	94.0879299999898
0.720099999999937	93.4365055797258	94.4130099999898
0.722099999999937	93.7554814200639	94.7358999999898
0.724099999999937	94.069467392668	95.0566299999899
0.726099999999936	94.3870616509468	95.3752299999899
0.728099999999936	94.7009452652795	95.6917199999899
0.730099999999936	95.0105931870552	96.00611999999
0.732099999999936	95.3222095302965	96.31847999999
0.734099999999935	95.6309720483321	96.62880999999
0.736099999999935	95.9362270302302	96.93712999999
0.738099999999935	96.2397628083049	97.2434799999901
0.740099999999935	96.5354638452952	97.5478799999901
0.742099999999935	96.8322240846771	97.8503499999901
0.744099999999934	97.1295051620359	98.1509099999902
0.746099999999934	97.4254117161813	98.4495999999902
0.748099999999934	97.7173328283052	98.7464299999902
0.750099999999934	98.0138748719755	99.0414299999903
0.752099999999933	98.3033326511455	99.3346199999903
0.754099999999933	98.5916772067425	99.6260199999903
0.756099999999933	98.8792209768391	99.9156599999903
0.758099999999933	99.1605162519785	100.20355999999
0.760099999999933	99.4433503704484	100.48972999999
0.762099999999932	99.722461318313	100.77420999999
0.764099999999932	100.002506045842	101.05700999999
0.766099999999932	100.285978334423	101.33815999999
0.768099999999932	100.562702058812	101.61766999999
0.770099999999932	100.838646540063	101.895559999991
0.772099999999931	101.113180259389	102.171859999991
0.774099999999931	101.382033617668	102.446579999991
0.776099999999931	101.649894655755	102.719739999991
0.778099999999931	101.916719867093	102.991369999991
0.78009999999993	102.184022586957	103.261479999991
0.78209999999993	102.449283412085	103.530079999991
0.78409999999993	102.713315956442	103.797209999991
0.78609999999993	102.979848475033	104.062869999991
0.78809999999993	103.239741436383	104.327089999991
0.790099999999929	103.500379632988	104.589879999991
0.792099999999929	103.758110192894	104.851249999991
0.794099999999929	104.012204378172	105.111239999991
0.796099999999929	104.268817004263	105.369839999991
0.798099999999928	104.522616010659	105.627079999991
0.800099999999928	104.775491377091	105.882979999991
0.802099999999928	105.028054129804	106.137549999991
0.804099999999928	105.277298621203	106.390809999991
0.806099999999928	105.526722048509	106.642759999991
0.808099999999927	105.774571361421	106.893439999991
0.810099999999927	106.021184903342	107.142839999991
0.812099999999927	106.264136357032	107.390999999991
0.814099999999927	106.507062353019	107.637909999991
0.816099999999926	106.747924229455	107.883609999991
0.818099999999926	106.990500126612	108.128089999991
0.820099999999926	107.230636294238	108.371369999991
0.822099999999926	107.469745926332	108.613479999991
0.824099999999926	107.707896592478	108.854409999991
0.826099999999925	107.943642314045	109.094189999991
0.828099999999925	108.181190328769	109.332829999991
0.830099999999925	108.415672587621	109.570339999991
0.832099999999925	108.648564834199	109.806729999991
0.834099999999924	108.878839949519	110.042019999991
0.836099999999924	109.109334040653	110.276209999991
0.838099999999924	109.341609033901	110.509319999991
0.840099999999924	109.569896075354	110.741369999991
0.842099999999924	109.799063392106	110.972359999991
0.844099999999923	110.023391617916	111.202309999991
0.846099999999923	110.254223018994	111.431219999991
0.848099999999923	110.477359303773	111.659109999991
0.850099999999923	110.699187323903	111.885989999991
0.852099999999922	110.922600649229	112.111879999991
0.854099999999922	111.145817926723	112.336769999991
0.856099999999922	111.365013959399	112.560679999991
0.858099999999922	111.585808165231	112.783629999991
0.860099999999922	111.80256980683	113.005609999991
0.862099999999921	112.02098489531	113.226659999991
0.864099999999921	112.237767986639	113.446759999991
0.866099999999921	112.454619473726	113.665929999991
0.868099999999921	112.670880377875	113.884189999991
0.87009999999992	112.883329765763	114.101539999991
0.87209999999992	113.09719853294	114.317989999991
0.87409999999992	113.310740025395	114.533549999991
0.87609999999992	113.520894653623	114.748229999991
0.87809999999992	113.732856533383	114.962039999991
0.880099999999919	113.943688142275	115.174979999991
0.882099999999919	114.153036173375	115.387069999991
0.884099999999919	114.36241192572	115.598319999991
0.886099999999919	114.567917754404	115.808729999991
0.888099999999919	114.775986881169	116.018309999991
0.890099999999918	114.98223625009	116.227069999991
0.892099999999918	115.185438477084	116.435019999991
0.894099999999918	115.390988427364	116.642159999992
0.896099999999918	115.595283230948	116.848509999992
0.898099999999917	115.797531975124	117.054069999992
0.900099999999917	115.999336885197	117.258849999992
0.902099999999917	116.198158464932	117.462859999992
0.904099999999917	116.397962930001	117.666099999992
0.906099999999917	116.598858225193	117.868589999992
0.908099999999916	116.798644014522	118.070319999992
0.910099999999916	116.995266667402	118.271309999992
0.912099999999916	117.193296258871	118.471569999992
0.914099999999916	117.388907177614	118.671089999992
0.916099999999915	117.58505997702	118.869889999992
0.918099999999915	117.781191429565	119.067979999992
0.920099999999915	117.975029751185	119.265359999992
0.922099999999915	118.169887149533	119.462029999992
0.924099999999915	118.363697355042	119.658009999992
0.926099999999914	118.55415074846	119.853299999992
0.928099999999914	118.746211662405	120.047909999992
0.930099999999914	118.93700648567	120.241839999992
0.932099999999914	119.128552384938	120.435089999992
0.934099999999913	119.318184825292	120.627689999992
0.936099999999913	119.5053244164	120.819619999992
0.938099999999913	119.694785246255	121.010909999992
0.940099999999913	119.884345565609	121.201539999992
0.942099999999913	120.071958515663	121.391539999992
0.944099999999912	120.259473370173	121.580899999992
0.946099999999912	120.446248574488	121.769629999992
0.948099999999912	120.629753120357	121.957739999992
0.950099999999912	120.814632573677	122.145229999992
0.952099999999911	121.000842889592	122.332099999992
0.954099999999911	121.184600017192	122.518369999992
0.956099999999911	121.36357722174	122.704029999992
0.958099999999911	121.544027166546	122.889099999992
0.960099999999911	121.727803564976	123.073579999992
0.96209999999991	121.907533143821	123.257469999992
0.96409999999991	122.088828083145	123.440769999992
0.96609999999991	122.268588922621	123.623499999992
0.96809999999991	122.44929314135	123.805659999992
0.970099999999909	122.627220521339	123.987249999992
0.972099999999909	122.806317355775	124.168269999992
0.974099999999909	122.985282964709	124.348739999992
0.976099999999909	123.165603007173	124.528659999992
0.978099999999909	123.339560966933	124.708029999992
0.980099999999908	123.514795235344	124.886849999992
0.982099999999908	123.692305774745	125.065129999992
0.984099999999908	123.865872309531	125.242879999992
0.986099999999908	124.039423398926	125.420089999992
0.988099999999908	124.213526949053	125.596779999992
0.990099999999907	124.385395579067	125.772949999992
0.992099999999907	124.559986263878	125.948599999992
0.994099999999907	124.731839140249	126.123739999992
0.996099999999907	124.902501533322	126.298359999992
0.998099999999906	125.074848301332	126.472479999992
1.00009999999991	125.247259520647	126.646099999992
1.00209999999991	125.416969104704	126.819219999992
1.00409999999991	125.588004497375	126.991839999992
1.00609999999991	125.755269440672	127.163979999992
1.00809999999991	125.925203433822	127.335629999992
1.01009999999991	126.094962005247	127.506789999992
1.0120999999999	126.262442587885	127.677479999992
1.0140999999999	126.431203485089	127.847689999992
1.0160999999999	126.600090050008	128.017429999992
1.0180999999999	126.765724440539	128.186709999992
1.0200999999999	126.92989125219	128.355519999992
1.0220999999999	127.098042631794	128.523859999992
1.0240999999999	127.264265244309	128.691749999992
1.0260999999999	127.431548641428	128.859189999992
1.0280999999999	127.595388816549	129.026179999992
1.0300999999999	127.755930867969	129.192719999992
1.0320999999999	127.921483776587	129.358809999992
1.0340999999999	128.085167681767	129.524469999992
1.0360999999999	128.245465940123	129.689679999992
1.0380999999999	128.406600689113	129.854469999992
1.0400999999999	128.567310458611	130.018819999992
1.0420999999999	128.72847233212	130.182739999992
1.0440999999999	128.889122061569	130.346239999992
1.0460999999999	129.049375822444	130.509319999992
1.0480999999999	129.209716903334	130.671979999992
1.0500999999999	129.371054621372	130.834219999992
1.0520999999999	129.532579125425	130.996049999992
1.0540999999999	129.689470712297	131.157469999992
1.0560999999999	129.84942885619	131.318489999992
1.0580999999999	130.007116981763	131.479099999992
1.0600999999999	130.166856899867	131.639309999992
1.0620999999999	130.323705722273	131.799119999992
1.0640999999999	130.482432799741	131.958529999992
1.0660999999999	130.639038218047	132.117559999992
1.0680999999999	130.795658521896	132.276189999992
1.0700999999999	130.950502697697	132.434429999992
1.0720999999999	131.106006579684	132.592289999992
1.0740999999999	131.259742839602	132.749769999992
1.0760999999999	131.412706557679	132.906869999992
1.0780999999999	131.567422690368	133.063589999992
1.0800999999999	131.721199238176	133.219939999992
1.0820999999999	131.874622082784	133.375909999992
1.0840999999999	132.026950902033	133.531519999992
1.0860999999999	132.180538991612	133.686759999992
1.0880999999999	132.332757077178	133.841629999992
1.0900999999999	132.483720052712	133.996139999992
1.0920999999999	132.636795250726	134.150299999992
1.0940999999999	132.786747464614	134.304089999992
1.0960999999999	132.938831099104	134.457529999992
1.0980999999999	133.088170912729	134.610619999992
1.1000999999999	133.2376880538	134.763349999992
1.1020999999999	133.387995485007	134.915739999992
1.10409999999989	133.538241795143	135.067789999992
1.10609999999989	133.689050447441	135.219489999992
1.10809999999989	133.835650126595	135.370839999992
1.11009999999989	133.984569974029	135.521859999992
1.11209999999989	134.131692595675	135.672539999992
1.11409999999989	134.280567640111	135.822889999992
1.11609999999989	134.428850959859	135.972899999992
1.11809999999989	134.576509928228	136.122589999992
1.12009999999989	134.723254909329	136.271939999992
1.12209999999989	134.869248917525	136.420969999992
1.12409999999989	135.015439038569	136.569669999992
1.12609999999989	135.16285654791	136.718049999992
1.12809999999989	135.305649745461	136.866109999992
1.13009999999989	135.452506081891	137.013849999992
1.13209999999989	135.597745899509	137.161279999992
1.13409999999989	135.742848627923	137.308389999992
1.13609999999989	135.886605728275	137.455179999992
1.13809999999989	136.02995839502	137.601669999992
1.14009999999989	136.174641985092	137.747849999992
1.14209999999989	136.319608416402	137.893719999992
1.14409999999989	136.464943296188	138.039279999992
1.14609999999989	136.607323740672	138.184539999992
1.14809999999989	136.749953499552	138.329499999992
1.15009999999989	136.89194886468	138.474159999992
1.15209999999989	137.033804259951	138.618519999992
1.15409999999989	137.175790328775	138.762579999992
1.15609999999989	137.318321649531	138.906349999992
1.15809999999989	137.461150398606	139.049829999992
1.16009999999989	137.600658644751	139.193019999992
1.16209999999989	137.741956017144	139.335909999992
1.16409999999989	137.882651601494	139.478519999992
1.16609999999989	138.022642285397	139.620839999992
1.16809999999989	138.160519320197	139.762879999992
1.17009999999989	138.297811347816	139.904639999992
1.17209999999989	138.436776069038	140.046109999992
1.17409999999989	138.576144542026	140.187299999992
1.17609999999989	138.714105586549	140.328219999992
1.17809999999989	138.851506586247	140.468859999992
1.18009999999989	138.990360140807	140.609219999992
1.18209999999989	139.12982539173	140.749309999992
1.18409999999989	139.265570778174	140.889129999992
1.18609999999989	139.403028406696	141.028679999992
1.18809999999989	139.540889126506	141.167959999992
1.19009999999989	139.676401541583	141.306969999992
1.19209999999989	139.81132819675	141.445709999992
1.19409999999988	139.949490567602	141.584189999992
1.19609999999988	140.085165167068	141.722409999992
1.19809999999988	140.221141744857	141.860369999992
1.20009999999988	140.356369245064	141.998059999992
1.20209999999988	140.491153714086	142.135499999992
1.20409999999988	140.626556314379	142.272679999992
1.20609999999988	140.761582298813	142.409609999992
1.20809999999988	140.894567916994	142.546279999992
1.21009999999988	141.029412208922	142.682689999992
1.21209999999988	141.16220750369	142.818859999992
1.21409999999988	141.297202921972	142.954769999992
1.21609999999988	141.431657298877	143.090429999992
1.21809999999988	141.564452742186	143.225849999992
1.22009999999988	141.69810980325	143.361019999992
1.22209999999988	141.830833961391	143.495949999992
1.22409999999988	141.964881385131	143.630629999992
1.22609999999988	142.098064473047	143.765059999992
1.22809999999988	142.229973076172	143.899259999992
1.23009999999988	142.363862329406	144.033219999992
1.23209999999988	142.494888360372	144.166929999992
1.23409999999988	142.626012105504	144.300409999992
1.23609999999988	142.755883226985	144.433659999992
1.23809999999988	142.886091898348	144.566659999992
1.24009999999988	143.016949197174	144.699439999992
1.24209999999988	143.145838783799	144.831979999992
1.24409999999988	143.275398715288	144.964289999992
1.24609999999988	143.406011065143	145.096359999992
1.24809999999988	143.536240001537	145.228209999992
1.25009999999988	143.665657051011	145.359829999992
1.25209999999988	143.792806188046	145.491229999992
1.25409999999988	143.922468624249	145.622389999992
1.25609999999988	144.049040318571	145.753329999992
1.25809999999988	144.178154649904	145.884049999992
1.26009999999988	144.305795446339	146.014549999992
1.26209999999988	144.43716645374	146.144819999992
1.26409999999988	144.564453340692	146.274879999992
1.26609999999988	144.692986102976	146.404709999992
1.26809999999988	144.821742969563	146.534319999992
1.27009999999988	144.949252977877	146.663719999992
1.27209999999988	145.073810520602	146.792909999992
1.27409999999988	145.20212538024	146.921869999992
1.27609999999988	145.329090926363	147.050619999992
1.27809999999988	145.455155335985	147.179159999992
1.28009999999988	145.581986159993	147.307489999992
1.28209999999988	145.708280150538	147.435609999992
1.28409999999988	145.835444202823	147.563509999992
1.28609999999987	145.959704747004	147.691209999992
1.28809999999987	146.085611606338	147.818699999992
1.29009999999987	146.211106982708	147.945979999992
1.29209999999987	146.33664499633	148.073059999992
1.29409999999987	146.460751600628	148.199929999992
1.29609999999987	146.583420838115	148.326589999992
1.29809999999987	146.707115202668	148.453059999992
1.30009999999987	146.832396091446	148.579319999992
1.30209999999987	146.957654223047	148.705379999992
1.30409999999987	147.081284386449	148.831229999992
1.30609999999987	147.204003162152	148.956889999992
1.30809999999987	147.326336220381	149.082349999992
1.31009999999987	147.448828305709	149.207619999992
1.31209999999987	147.573575323946	149.332679999992
1.31409999999987	147.696757327566	149.457549999992
1.31609999999987	147.817236306424	149.582229999992
1.31809999999987	147.940435593864	149.706709999992
1.32009999999987	148.06239090679	149.830989999992
1.32209999999987	148.181725629099	149.955089999992
1.32409999999987	148.305024387971	150.078989999992
1.32609999999987	148.427302116717	150.202699999992
1.32809999999987	148.548394164832	150.326229999992
1.33009999999987	148.671030268071	150.449559999992
1.33209999999987	148.79164923758	150.572709999992
1.33409999999987	148.911972438331	150.695659999992
1.33609999999987	149.034173126388	150.818429999992
1.33809999999987	149.155862495091	150.941019999992
1.34009999999987	149.277353261081	151.063419999992
1.34209999999987	149.394407094802	151.185639999992
1.34409999999987	149.51497943136	151.307669999992
1.34609999999987	149.633960764785	151.429519999992
1.34809999999987	149.755052240511	151.551189999992
1.35009999999987	149.876308576855	151.672679999992
1.35209999999987	149.994878010204	151.793989999992
1.35409999999987	150.113351557988	151.915119999992
1.35609999999987	150.233034304345	152.036069999992
1.35809999999987	150.35190324426	152.156839999992
1.36009999999987	150.468448726942	152.277429999992
1.36209999999987	150.586425563158	152.397849999992
1.36409999999987	150.70365531965	152.518089999992
1.36609999999987	150.82308833406	152.638159999992
1.36809999999987	150.940740912994	152.758059999992
1.37009999999987	151.05770652054	152.877779999992
1.37209999999987	151.176325154534	152.997329999992
1.37409999999987	151.292376138848	153.116699999992
1.37609999999986	151.409891775182	153.235909999992
1.37809999999986	151.525002469889	153.354939999992
1.38009999999986	151.641720608108	153.473809999992
1.38209999999986	151.758749723778	153.592499999992
1.38409999999986	151.877881638077	153.711029999992
1.38609999999986	151.995525101671	153.829389999992
1.38809999999986	152.112449360984	153.947579999992
1.39009999999986	152.22579432128	154.065599999992
1.39209999999986	152.34101114563	154.183459999992
1.39409999999986	152.456055076618	154.301159999992
1.39609999999986	152.572774044315	154.418689999992
1.39809999999986	152.690380456509	154.536059999992
1.40009999999986	152.804583564627	154.653259999992
1.40209999999986	152.918033052979	154.770299999992
1.40409999999986	153.032313452028	154.887179999992
1.40609999999986	153.147481367036	155.003899999992
1.40809999999986	153.263519869525	155.120459999992
1.41009999999986	153.377382717647	155.236859999992
1.41209999999986	153.489061600907	155.353099999992
1.41409999999986	153.604875113799	155.469179999992
1.41609999999986	153.71732912194	155.585099999992
1.41809999999986	153.830443475922	155.700859999992
1.42009999999986	153.944486732074	155.816469999992
1.42209999999986	154.058767848475	155.931929999992
1.42409999999986	154.171513604154	156.047219999992
1.42609999999986	154.286602402551	156.162369999992
1.42809999999986	154.400029866024	156.277349999992
1.43009999999986	154.513094275422	156.392189999992
1.43209999999986	154.627712828069	156.506869999992
1.43409999999986	154.741397988087	156.621399999992
1.43609999999986	154.85369355499	156.735769999992
1.43809999999986	154.965225142577	156.849999999992
1.44009999999986	155.078513917703	156.964079999992
1.44209999999986	155.190778756468	157.077999999992
1.44409999999986	155.301313791185	157.191769999992
1.44609999999986	155.412812581381	157.305399999992
1.44809999999986	155.52502673165	157.418879999992
1.45009999999986	155.635766049168	157.532209999992
1.45209999999986	155.746209643969	157.645389999992
1.45409999999986	155.857049241376	157.758429999992
1.45609999999986	155.966537121557	157.871309999992
1.45809999999986	156.076624673596	157.984059999992
1.46009999999986	156.187856812482	158.096659999992
1.46209999999986	156.29731106277	158.209109999992
1.46409999999986	156.408682766888	158.321419999992
1.46609999999985	156.518561149596	158.433579999992
1.46809999999985	156.628002316174	158.545609999992
1.47009999999985	156.737792871779	158.657489999992
1.47209999999985	156.848104096514	158.769229999992
1.47409999999985	156.958183735776	158.880819999992
1.47609999999985	157.066646560668	158.992279999992
1.47809999999985	157.174816178708	159.103589999992
1.48009999999985	157.286071707699	159.214769999992
1.48209999999985	157.395818673584	159.325809999992
1.48409999999985	157.505518028756	159.436699999992
1.48609999999985	157.614784768457	159.547459999992
1.48809999999985	157.723358946835	159.658079999992
1.49009999999985	157.829094718474	159.768569999992
1.49209999999985	157.938029783899	159.878909999992
1.49409999999985	158.045479046025	159.989119999992
1.49609999999985	158.153127626045	160.099199999992
1.49809999999985	158.261484178544	160.209129999992
1.50009999999985	158.369192468461	160.318939999992
1.50209999999985	158.475422850435	160.428609999992
1.50409999999985	158.582818497961	160.538139999992
1.50609999999985	158.691107004017	160.647539999992
1.50809999999985	158.798513067668	160.756809999992
1.51009999999985	158.906041220014	160.865949999992
1.51209999999985	159.012386090641	160.974949999992
1.51409999999985	159.118827170101	161.083819999992
1.51609999999985	159.228322963531	161.192559999992
1.51809999999985	159.334929449044	161.301169999992
1.52009999999985	159.440053309326	161.409649999992
1.52209999999985	159.546948851379	161.517999999992
1.52409999999985	159.653767918563	161.626219999992
1.52609999999985	159.760122642044	161.734309999992
1.52809999999985	159.867755562258	161.842269999992
1.53009999999985	159.972662697584	161.950099999992
1.53209999999985	160.079426666636	162.057809999992
1.53409999999985	160.185663420638	162.165389999992
1.53609999999985	160.291326719644	162.272839999992
1.53809999999985	160.395278555755	162.380159999992
1.54009999999985	160.499114135754	162.487359999992
1.54209999999985	160.602228410067	162.594439999992
1.54409999999985	160.708135842274	162.701389999992
1.54609999999985	160.812170564115	162.808209999992
1.54809999999985	160.915946028014	162.914909999992
1.55009999999985	161.021023418066	163.021479999992
1.55209999999985	161.127177457193	163.127939999992
1.55409999999985	161.229819856243	163.234269999992
1.55609999999985	161.332353762732	163.340469999992
1.55809999999984	161.437355707297	163.446559999992
1.56009999999984	161.540191496237	163.552519999992
1.56209999999984	161.644931723463	163.658359999992
1.56409999999984	161.748907287558	163.764079999992
1.56609999999984	161.85218499942	163.869679999992
1.56809999999984	161.95505046259	163.975149999992
1.57009999999984	162.059363664351	164.080509999992
1.57209999999984	162.162785822802	164.185749999992
1.57409999999984	162.264074068784	164.290869999992
1.57609999999984	162.368555781141	164.395869999992
1.57809999999984	162.471909416621	164.500759999992
1.58009999999984	162.573660239838	164.605519999992
1.58209999999984	162.676830849539	164.710169999992
1.58409999999984	162.778116067821	164.814699999992
1.58609999999984	162.881358046466	164.919109999992
1.58809999999984	162.983388432373	165.023409999992
1.59009999999984	163.086391294379	165.127589999992
1.59209999999984	163.188830155327	165.231649999992
1.59409999999984	163.290211681016	165.335599999992
1.59609999999984	163.390672734063	165.439439999992
1.59809999999984	163.493279516442	165.543159999992
1.60009999999984	163.595679064684	165.646759999992
1.60209999999984	163.695814130775	165.750249999992
1.60409999999984	163.798372202804	165.853629999992
1.60609999999984	163.899509967673	165.956899999992
1.60809999999984	164.000236953438	166.060049999992
1.61009999999984	164.101439513835	166.163089999992
1.61209999999984	164.201248397619	166.266009999992
1.61409999999984	164.303556292068	166.368829999992
1.61609999999984	164.405672265156	166.471529999992
1.61809999999984	164.506075547286	166.574129999992
1.62009999999984	164.607187920257	166.676609999992
1.62209999999984	164.704344505422	166.778979999992
1.62409999999984	164.805662103242	166.881239999992
1.62609999999984	164.905885509675	166.983389999992
1.62809999999984	165.00515925584	167.085429999992
1.63009999999984	165.105637101335	167.187369999992
1.63209999999984	165.204437346328	167.289189999992
1.63409999999984	165.304688660427	167.390909999992
1.63609999999984	165.402588734327	167.492509999992
1.63809999999984	165.501572363349	167.594009999992
1.64009999999984	165.600556683744	167.695409999992
1.64209999999984	165.700661823431	167.796689999992
1.64409999999984	165.800471889196	167.897869999992
1.64609999999984	165.899180281569	167.998939999992
1.64809999999983	165.998797145326	168.099909999992
1.65009999999983	166.09711512368	168.200769999992
1.65209999999983	166.194282955923	168.301519999992
1.65409999999983	166.294012119063	168.402169999992
1.65609999999983	166.391282665791	168.502709999992
1.65809999999983	166.489332326268	168.603149999992
1.66009999999983	166.58844343456	168.703489999992
1.66209999999983	166.686027989053	168.803719999992
1.66409999999983	166.783983777425	168.903849999992
1.66609999999983	166.88227213168	169.003869999992
1.66809999999983	166.980037597236	169.103789999992
1.67009999999983	167.078554295341	169.203609999992
1.67209999999983	167.176577943453	169.303319999992
1.67409999999983	167.276110393061	169.402939999992
1.67609999999983	167.373685872553	169.502449999992
1.67809999999983	167.469572614827	169.601859999992
1.68009999999983	167.567013060841	169.701169999992
1.68209999999983	167.664835467885	169.800369999992
1.68409999999983	167.761627486741	169.899479999992
1.68609999999983	167.857786598524	169.998479999992
1.68809999999983	167.955664550238	170.097389999992
1.69009999999983	168.051788131921	170.196199999992
1.69209999999983	168.148571986227	170.294899999992
1.69409999999983	168.246130986915	170.393509999992
1.69609999999983	168.342978173713	170.492019999992
1.69809999999983	168.437461194734	170.590429999992
1.70009999999983	168.533868493845	170.688739999992
1.70209999999983	168.629417194274	170.786949999992
1.70409999999983	168.725953265544	170.885059999992
1.70609999999983	168.822015606399	170.983079999992
1.70809999999983	168.918541120977	171.080999999992
1.71009999999983	169.012402565317	171.178819999992
1.71209999999983	169.108523911422	171.276549999992
1.71409999999983	169.203450562317	171.374169999992
1.71609999999983	169.298958684465	171.471709999992
1.71809999999983	169.394099267661	171.569139999992
1.72009999999983	169.488874072154	171.666479999992
1.72209999999983	169.583499275782	171.763729999992
1.72409999999983	169.677419352066	171.860879999992
1.72609999999983	169.772068556206	171.957929999992
1.72809999999983	169.865907488392	172.054889999992
1.73009999999983	169.96088187323	172.151759999992
1.73209999999983	170.055452094584	172.248529999992
1.73409999999983	170.150902735449	172.345209999992
1.73609999999983	170.244754469011	172.441789999992
1.73809999999983	170.337837776402	172.538279999992
1.74009999999982	170.433882347224	172.634679999992
1.74209999999982	170.529067487251	172.730979999992
1.74409999999982	170.622199082601	172.827189999992
1.74609999999982	170.717637113249	172.923309999992
1.74809999999982	170.810892396156	173.019339999992
1.75009999999982	170.904860014891	173.115269999992
1.75209999999982	170.999246371123	173.211109999992
1.75409999999982	171.092030222181	173.306859999992
1.75609999999982	171.184922640053	173.402519999992
1.75809999999982	171.28010557129	173.498089999992
1.76009999999982	171.372255633806	173.593569999992
1.76209999999982	171.465247809402	173.688959999992
1.76409999999982	171.558225054913	173.784249999992
1.76609999999982	171.651997659973	173.879459999992
1.76809999999982	171.74699159283	173.974579999992
1.77009999999982	171.837895767455	174.069609999992
1.77209999999982	171.929398196907	174.164539999992
1.77409999999982	172.022907314338	174.259389999992
1.77609999999982	172.114549146128	174.354149999992
1.77809999999982	172.20708223913	174.448829999991
1.78009999999982	172.299092395559	174.543409999992
1.78209999999982	172.390842544598	174.637899999992
1.78409999999982	172.483970381573	174.732309999992
1.78609999999982	172.573926395617	174.826629999991
1.78809999999982	172.666693420404	174.920859999991
1.79009999999982	172.758796690033	175.015009999991
1.79209999999982	172.851279105805	175.109059999992
1.79409999999982	172.94422524751	175.203029999992
1.79609999999982	173.035335386167	175.296919999991
1.79809999999982	173.125821278609	175.390709999992
1.80009999999982	173.216795814964	175.484429999991
1.80209999999982	173.308418021345	175.578049999991
1.80409999999982	173.399243089284	175.671589999991
1.80609999999982	173.490219278768	175.765039999991
1.80809999999982	173.582254992155	175.858409999991
1.81009999999982	173.672660996788	175.951689999991
1.81209999999982	173.762227984681	176.044889999991
1.81409999999982	173.853925048288	176.138009999991
1.81609999999982	173.944384716679	176.231039999991
1.81809999999982	174.03422675884	176.323979999991
1.82009999999982	174.125463333309	176.416839999991
1.82209999999982	174.216692777373	176.509619999991
1.82409999999982	174.30785227626	176.602309999991
1.82609999999982	174.397278923356	176.694919999991
1.82809999999982	174.488951239452	176.787449999991
1.83009999999981	174.579692993918	176.879889999991
1.83209999999981	174.668505833209	176.972249999991
1.83409999999981	174.7583189554	177.064529999991
1.83609999999981	174.847942154817	177.156719999991
1.83809999999981	174.937090234748	177.248839999991
1.84009999999981	175.028341781168	177.340869999991
1.84209999999981	175.118911006728	177.432819999991
1.84409999999981	175.206865402762	177.524679999991
1.84609999999981	175.296213727181	177.616469999991
1.84809999999981	175.384630999647	177.708169999991
1.85009999999981	175.47571218691	177.799799999991
1.85209999999981	175.565505987807	177.891339999991
1.85409999999981	175.65602408289	177.982799999991
1.85609999999981	175.745099381586	178.074179999991
1.85809999999981	175.834266000553	178.165479999991
1.86009999999981	175.921909609965	178.256709999991
1.86209999999981	176.010257663665	178.347849999991
1.86409999999981	176.098671821268	178.438909999991
1.86609999999981	176.187442178222	178.529889999991
1.86809999999981	176.276408377047	178.620789999991
1.87009999999981	176.364630637777	178.711609999991
1.87209999999981	176.452002444361	178.802359999991
1.87409999999981	176.540964441671	178.893019999991
1.87609999999981	176.629406958479	178.983609999991
1.87809999999981	176.718011141125	179.074119999991
1.88009999999981	176.804759643451	179.164549999991
1.88209999999981	176.893753892524	179.254899999991
1.88409999999981	176.982220265094	179.345169999991
1.88609999999981	177.070715818237	179.435369999991
1.88809999999981	177.158386354179	179.525489999991
1.89009999999981	177.245078841639	179.615529999991
1.89209999999981	177.33249884976	179.705489999991
1.89409999999981	177.418877185718	179.795379999991
1.89609999999981	177.507132298183	179.885189999991
1.89809999999981	177.595379643647	179.974919999991
1.90009999999981	177.680556891583	180.064579999991
1.90209999999981	177.767916262683	180.154159999991
1.90409999999981	177.854911478977	180.243659999991
1.90609999999981	177.942469882656	180.333089999991
1.90809999999981	178.029209967434	180.422439999991
1.91009999999981	178.114845350781	180.511709999991
1.91209999999981	178.200908341676	180.600919999991
1.91409999999981	178.287928473763	180.690039999991
1.91609999999981	178.375468265121	180.779089999991
1.91809999999981	178.463022457004	180.868069999991
1.9200999999998	178.55022397251	180.956959999991
1.9220999999998	178.638069662894	181.045789999991
1.9240999999998	178.722199237922	181.134539999991
1.9260999999998	178.807827215025	181.223219999991
1.9280999999998	178.894883754109	181.311819999991
1.9300999999998	178.981005464801	181.400349999991
1.9320999999998	179.065215625996	181.488799999991
1.9340999999998	179.151806862952	181.577179999991
1.9360999999998	179.237600937313	181.665489999991
1.9380999999998	179.323499306194	181.753719999991
1.9400999999998	179.409523076438	181.841879999991
1.9420999999998	179.496450811309	181.929969999991
1.9440999999998	179.583650512403	182.017979999991
1.9460999999998	179.667803458647	182.105919999991
1.9480999999998	179.753350154902	182.193789999991
1.9500999999998	179.838082365198	182.281579999991
1.9520999999998	179.923967547335	182.369309999991
1.9540999999998	180.008276417583	182.456959999991
1.9560999999998	180.094552188145	182.544539999991
1.9580999999998	180.180153963778	182.632039999991
1.9600999999998	180.26216373456	182.719479999991
1.9620999999998	180.347477970268	182.806839999991
1.9640999999998	180.432481942282	182.894129999991
1.9660999999998	180.516776537022	182.981349999991
1.9680999999998	180.601123816488	183.068499999991
1.9700999999998	180.68466032002	183.155579999991
1.9720999999998	180.770077293218	183.242589999991
1.9740999999998	180.85340850393	183.329519999991
1.9760999999998	180.936706472835	183.416389999991
1.9780999999998	181.018927523084	183.503179999991
1.9800999999998	181.10241337095	183.589909999991
1.9820999999998	181.187012936314	183.676559999991
1.9840999999998	181.272332362191	183.763149999991
1.9860999999998	181.35684387881	183.849659999991
1.9880999999998	181.440565909069	183.936099999991
1.9900999999998	181.5232179865	184.022479999991
1.9920999999998	181.605935745753	184.108779999991
1.9940999999998	181.690203532253	184.195019999991
1.9960999999998	181.773843728095	184.281189999991
1.9980999999998	181.85692236005	184.367279999991
