t	La
0	0	0
0.01	0	2.51415744421884
0.02	1.30142365790023	5.02831488843767
0.03	2.60284731580045	7.54247233265651
0.04	3.90427097370068	10.0566297768753
0.05	5.20569463160091	12.5707872210942
0.06	6.50711828950113	15.084944665313
0.07	7.80854194740136	17.5991021095319
0.08	9.10996560530158	20.1132595537507
0.09	10.4113892632018	22.6274169979695
0.1	11.712812921102	25.1415744421884
0.11	13.0142365790023	27.6557318864072
0.12	13.7350073686247	30.169889330626
0.13	13.7350073686247	32.6840467748449
0.14	27.4700147372493	35.1982042190637
0.15	27.4700147372493	37.7123616632825
0.16	27.4700147372493	40.2265191075014
0.17	27.4700147372493	42.7406765517202
0.18	27.4700147372493	45.2548339959391
0.19	41.205022105874	47.7689914401579
0.2	41.205022105874	50.2831488843767
0.21	41.205022105874	52.7973063285956
0.22	41.205022105874	55.3114637728144
0.23	41.205022105874	57.8256212170332
0.24	41.205022105874	60.3397786612521
0.25	41.205022105874	62.8539361054709
0.26	41.205022105874	65.3680935496897
0.27	54.9400294744986	67.8822509939086
0.28	54.9400294744986	70.3964084381274
0.29	54.9400294744986	72.9105658823463
0.3	68.6750368431233	75.4247233265651
0.31	68.6750368431233	77.938880770784
0.32	68.6750368431233	80.4530382150028
0.33	68.6750368431233	82.9671956592216
0.34	68.6750368431233	85.4813531034405
0.35	68.6750368431233	87.9955105476593
0.36	68.6750368431233	90.5096679918781
0.37	82.4100442117479	93.023825436097
0.38	82.4100442117479	95.5379828803158
0.39	82.4100442117479	98.0521403245346
0.4	82.4100442117479	100.566297768753
0.41	82.4100442117479	103.080455212972
0.42	82.4100442117479	105.594612657191
0.43	96.1450515803726	108.10877010141
0.44	96.1450515803726	110.622927545629
0.45	96.1450515803726	113.137084989848
0.46	109.880058948997	115.651242434067
0.47	109.880058948997	118.165399878285
0.48	109.880058948997	120.679557322504
0.49	109.880058948997	123.193714766723
0.5	109.880058948997	125.707872210942
0.51	109.880058948997	128.222029655161
0.52	109.880058948997	130.736187099379
0.53	109.880058948997	133.250344543598
0.54	123.615066317622	135.764501987817
0.55	123.615066317622	138.278659432036
0.56	123.615066317622	140.792816876255
0.57	123.615066317622	143.306974320474
0.58	123.615066317622	145.821131764693
0.59	137.350073686247	148.335289208911
0.6	137.350073686247	150.84944665313
0.61	137.350073686247	153.363604097349
0.62	151.085081054871	155.877761541568
0.63	151.085081054871	158.391918985787
0.64	151.085081054871	160.906076430006
0.65	151.085081054871	163.420233874224
0.66	151.085081054871	165.934391318443
0.67	151.085081054871	168.448548762662
0.68	151.085081054871	170.962706206881
0.69	151.085081054871	173.4768636511
0.7	151.085081054871	175.991021095319
0.71	151.085081054871	178.505178539537
0.72	164.820088423496	181.019335983756
0.73	164.820088423496	183.533493427975
0.74	178.555095792121	186.047650872194
0.75	178.555095792121	188.561808316413
0.76	178.555095792121	191.075965760632
0.77	178.555095792121	193.59012320485
0.78	178.555095792121	196.104280649069
0.79	178.555095792121	198.618438093288
0.8	192.290103160745	201.132595537507
0.810000000000001	192.290103160745	203.646752981726
0.820000000000001	192.290103160745	206.160910425945
0.830000000000001	192.290103160745	208.675067870164
0.840000000000001	192.290103160745	211.189225314382
0.850000000000001	192.290103160745	213.703382758601
0.860000000000001	192.290103160745	216.21754020282
0.870000000000001	206.02511052937	218.731697647039
0.880000000000001	206.02511052937	221.245855091258
0.890000000000001	206.02511052937	223.760012535477
0.900000000000001	206.02511052937	226.274169979695
0.910000000000001	219.760117897994	228.788327423914
0.920000000000001	219.760117897994	231.302484868133
0.930000000000001	219.760117897994	233.816642312352
0.940000000000001	219.760117897994	236.330799756571
0.950000000000001	219.760117897994	238.84495720079
0.960000000000001	219.760117897994	241.359114645008
0.970000000000001	233.495125266619	243.873272089227
0.980000000000001	233.495125266619	246.387429533446
0.990000000000001	233.495125266619	248.901586977665
1	233.495125266619	251.415744421884
1.01	233.495125266619	253.929901866103
1.02	233.495125266619	256.444059310321
1.03	247.230132635244	258.95821675454
1.04	247.230132635244	261.472374198759
1.05	247.230132635244	263.986531642978
1.06	260.965140003868	266.500689087197
1.07	260.965140003868	269.014846531416
1.08	260.965140003868	271.529003975634
1.09	260.965140003868	274.043161419853
1.1	260.965140003868	276.557318864072
1.11	260.965140003868	279.071476308291
1.12	260.965140003868	281.58563375251
1.13	260.965140003868	284.099791196729
1.14	260.965140003868	286.613948640948
1.15	274.700147372493	289.128106085166
1.16	274.700147372493	291.642263529385
1.17	274.700147372493	294.156420973604
1.18	274.700147372493	296.670578417823
1.19	288.435154741117	299.184735862042
1.2	288.435154741117	301.698893306261
1.21	288.435154741117	304.213050750479
1.22	302.170162109742	306.727208194698
1.23	302.170162109742	309.241365638917
1.24	302.170162109742	311.755523083136
1.25	302.170162109742	314.269680527355
1.26	302.170162109742	316.783837971574
1.27	302.170162109742	319.297995415792
1.28	302.170162109742	321.812152860011
1.29	302.170162109742	324.32631030423
1.3	302.170162109742	326.840467748449
1.31	315.905169478366	329.354625192668
1.32	315.905169478366	331.868782636887
1.33	315.905169478366	334.382940081105
1.34	329.640176846991	336.897097525324
1.35	329.640176846991	339.411254969543
1.36	329.640176846991	341.925412413762
1.37	329.640176846991	344.439569857981
1.38	329.640176846991	346.9537273022
1.39	329.640176846991	349.467884746418
1.4	343.375184215616	351.982042190637
1.41	343.375184215616	354.496199634856
1.42	343.375184215616	357.010357079075
1.43	343.375184215616	359.524514523294
1.44	343.375184215616	362.038671967513
1.45	343.375184215616	364.552829411731
1.46	343.375184215616	367.06698685595
1.47	357.11019158424	369.581144300169
1.48	357.11019158424	372.095301744388
1.49	357.11019158424	374.609459188607
1.5	370.845198952865	377.123616632826
1.51	370.845198952865	379.637774077044
1.52	370.845198952865	382.151931521263
1.53	370.845198952865	384.666088965482
1.54	370.845198952865	387.180246409701
1.55	370.845198952865	389.69440385392
1.56	370.845198952865	392.208561298139
1.57	370.845198952865	394.722718742358
1.58	384.580206321489	397.236876186576
1.59	384.580206321489	399.751033630795
1.6	384.580206321489	402.265191075014
1.61	384.580206321489	404.779348519233
1.62	384.580206321489	407.293505963452
1.63	398.315213690114	409.807663407671
1.64	398.315213690114	412.321820851889
1.65	398.315213690114	414.835978296108
1.66	412.050221058738	417.350135740327
1.67	412.050221058738	419.864293184546
1.68	412.050221058738	422.378450628765
1.69	412.050221058738	424.892608072984
1.7	412.050221058738	427.406765517202
1.71	412.050221058738	429.920922961421
1.72	412.050221058738	432.43508040564
1.73	412.050221058738	434.949237849859
1.74	412.050221058738	437.463395294078
1.75	425.785228427363	439.977552738297
1.76	425.785228427363	442.491710182515
1.77	425.785228427363	445.005867626734
1.78	439.520235795988	447.520025070953
1.79	439.520235795988	450.034182515172
1.8	439.520235795988	452.548339959391
1.81	439.520235795988	455.06249740361
1.82	439.520235795988	457.576654847828
1.83	453.255243164613	460.090812292047
1.84	453.255243164613	462.604969736266
1.85	453.255243164613	465.119127180485
1.86	453.255243164613	467.633284624704
1.87	453.255243164613	470.147442068923
1.88	453.255243164613	472.661599513141
1.89	453.255243164613	475.17575695736
1.9	453.255243164613	477.689914401579
1.91	466.990250533237	480.204071845798
1.92	466.990250533237	482.718229290017
1.93	466.990250533237	485.232386734236
1.94	480.725257901862	487.746544178455
1.95	480.725257901862	490.260701622673
1.96	480.725257901862	492.774859066892
1.97	480.725257901862	495.289016511111
1.98	480.725257901862	497.80317395533
1.99	480.725257901862	500.317331399549
2	494.460265270487	502.831488843767
2.01	494.460265270487	505.345646287986
2.02	494.460265270487	507.859803732205
2.03	494.460265270487	510.373961176424
2.04	494.460265270487	512.888118620643
2.05	494.460265270487	515.402276064861
2.06	494.460265270487	517.91643350908
2.07	508.195272639112	520.430590953299
2.08	508.195272639112	522.944748397518
2.09	508.195272639112	525.458905841737
2.1	521.930280007736	527.973063285955
2.11	521.930280007736	530.487220730174
2.12	521.930280007736	533.001378174393
2.13	521.930280007736	535.515535618612
2.14	521.930280007736	538.02969306283
2.15	521.930280007736	540.543850507049
2.16	521.930280007736	543.058007951268
2.17	521.930280007736	545.572165395487
2.18	535.665287376361	548.086322839706
2.19	535.665287376361	550.600480283924
2.2	535.665287376361	553.114637728143
2.21	535.665287376361	555.628795172362
2.22	535.665287376361	558.142952616581
2.23	549.400294744986	560.657110060799
2.24	549.400294744986	563.171267505018
2.25	549.400294744986	565.685424949237
2.26	563.135302113611	568.199582393456
2.27	563.135302113611	570.713739837675
2.28	563.135302113611	573.227897281893
2.29	563.135302113611	575.742054726112
2.29999999999999	563.135302113611	578.256212170331
2.30999999999999	563.135302113611	580.77036961455
2.31999999999999	563.135302113611	583.284527058769
2.32999999999999	563.135302113611	585.798684502987
2.33999999999999	563.135302113611	588.312841947206
2.34999999999999	563.135302113611	590.826999391425
2.35999999999999	576.870309482235	593.341156835644
2.36999999999999	576.870309482235	595.855314279863
2.37999999999999	590.60531685086	598.369471724081
2.38999999999999	590.60531685086	600.8836291683
2.39999999999999	590.60531685086	603.397786612519
2.40999999999999	590.60531685086	605.911944056738
2.41999999999999	590.60531685086	608.426101500956
2.42999999999999	604.340324219485	610.940258945175
2.43999999999999	604.340324219485	613.454416389394
2.44999999999999	604.340324219485	615.968573833613
2.45999999999999	604.340324219485	618.482731277831
2.46999999999999	604.340324219485	620.99688872205
2.47999999999999	604.340324219485	623.511046166269
2.48999999999999	604.340324219485	626.025203610488
2.49999999999999	604.340324219485	628.539361054707
2.50999999999999	618.07533158811	631.053518498925
2.51999999999999	618.07533158811	633.567675943144
2.52999999999999	618.07533158811	636.081833387363
2.53999999999999	631.810338956734	638.595990831582
2.54999999999999	631.810338956734	641.110148275801
2.55999999999999	631.810338956734	643.624305720019
2.56999999999999	631.810338956734	646.138463164238
2.57999999999999	631.810338956734	648.652620608457
2.58999999999999	631.810338956734	651.166778052676
2.59999999999999	631.810338956734	653.680935496894
2.60999999999999	645.545346325359	656.195092941113
2.61999999999999	645.545346325359	658.709250385332
2.62999999999999	645.545346325359	661.223407829551
2.63999999999999	645.545346325359	663.73756527377
2.64999999999999	645.545346325359	666.251722717988
2.65999999999999	645.545346325359	668.765880162207
2.66999999999999	659.280353693984	671.280037606426
2.67999999999999	659.280353693984	673.794195050645
2.68999999999999	659.280353693984	676.308352494863
2.69999999999999	673.015361062609	678.822509939082
2.70999999999999	673.015361062609	681.336667383301
2.71999999999999	673.015361062609	683.85082482752
2.72999999999999	673.015361062609	686.364982271739
2.73999999999999	673.015361062609	688.879139715957
2.74999999999999	673.015361062609	691.393297160176
2.75999999999999	673.015361062609	693.907454604395
2.76999999999998	673.015361062609	696.421612048614
2.77999999999998	673.015361062609	698.935769492832
2.78999999999998	686.750368431233	701.449926937051
2.79999999999998	686.750368431233	703.96408438127
2.80999999999998	686.750368431233	706.478241825489
2.81999999999998	686.750368431233	708.992399269708
2.82999999999998	700.485375799858	711.506556713926
2.83999999999998	700.485375799858	714.020714158145
2.84999999999998	700.485375799858	716.534871602364
2.85999999999998	714.220383168483	719.049029046583
2.86999999999998	714.220383168483	721.563186490802
2.87999999999998	714.220383168483	724.07734393502
2.88999999999998	714.220383168483	726.591501379239
2.89999999999998	714.220383168483	729.105658823458
2.90999999999998	714.220383168483	731.619816267677
2.91999999999998	714.220383168483	734.133973711896
2.92999999999998	714.220383168483	736.648131156114
2.93999999999998	714.220383168483	739.162288600333
2.94999999999998	714.220383168483	741.676446044552
2.95999999999998	727.955390537108	744.190603488771
2.96999999999998	727.955390537108	746.704760932989
2.97999999999998	741.690397905732	749.218918377208
2.98999999999998	741.690397905732	751.733075821427
2.99999999999998	741.690397905732	754.247233265646
3.00999999999998	741.690397905732	756.761390709864
3.01999999999998	741.690397905732	759.275548154083
3.02999999999998	741.690397905732	761.789705598302
3.03999999999998	755.425405274357	764.303863042521
3.04999999999998	755.425405274357	766.81802048674
3.05999999999998	755.425405274357	769.332177930958
3.06999999999998	755.425405274357	771.846335375177
3.07999999999998	755.425405274357	774.360492819396
3.08999999999998	755.425405274357	776.874650263615
3.09999999999998	755.425405274357	779.388807707834
3.10999999999998	769.160412642982	781.902965152052
3.11999999999998	769.160412642982	784.417122596271
3.12999999999998	769.160412642982	786.93128004049
3.13999999999998	769.160412642982	789.445437484709
3.14999999999998	782.895420011607	791.959594928927
3.15999999999998	782.895420011607	794.473752373146
3.16999999999998	782.895420011607	796.987909817365
3.17999999999998	782.895420011607	799.502067261584
3.18999999999998	782.895420011607	802.016224705803
3.19999999999998	782.895420011607	804.530382150021
3.20999999999998	796.630427380231	807.04453959424
3.21999999999998	796.630427380231	809.558697038459
3.22999999999998	796.630427380231	812.072854482678
3.23999999999997	796.630427380231	814.587011926897
3.24999999999997	796.630427380231	817.101169371115
3.25999999999997	796.630427380231	819.615326815334
3.26999999999997	810.365434748856	822.129484259553
3.27999999999997	810.365434748856	824.643641703772
3.28999999999997	810.365434748856	827.15779914799
3.29999999999997	824.100442117481	829.671956592209
3.30999999999997	824.100442117481	832.186114036428
3.31999999999997	824.100442117481	834.700271480647
3.32999999999997	824.100442117481	837.214428924865
3.33999999999997	824.100442117481	839.728586369084
3.34999999999997	824.100442117481	842.242743813303
3.35999999999997	824.100442117481	844.756901257522
3.36999999999997	824.100442117481	847.271058701741
3.37999999999997	824.100442117481	849.785216145959
3.38999999999997	837.835449486105	852.299373590178
3.39999999999997	837.835449486105	854.813531034397
3.40999999999997	837.835449486105	857.327688478616
3.41999999999997	851.57045685473	859.841845922835
3.42999999999997	851.57045685473	862.356003367053
3.43999999999997	851.57045685473	864.870160811272
3.44999999999997	851.57045685473	867.384318255491
3.45999999999997	865.305464223354	869.89847569971
3.46999999999997	865.305464223354	872.412633143929
3.47999999999997	865.305464223354	874.926790588147
3.48999999999997	865.305464223354	877.440948032366
3.49999999999997	865.305464223354	879.955105476585
3.50999999999997	865.305464223354	882.469262920804
3.51999999999997	865.305464223354	884.983420365022
3.52999999999997	865.305464223354	887.497577809241
3.53999999999997	865.305464223354	890.01173525346
3.54999999999997	879.040471591979	892.525892697679
3.55999999999997	879.040471591979	895.040050141898
3.56999999999997	879.040471591979	897.554207586116
3.57999999999997	892.775478960603	900.068365030335
3.58999999999997	892.775478960603	902.582522474554
3.59999999999997	892.775478960603	905.096679918773
3.60999999999997	892.775478960603	907.610837362991
3.61999999999997	892.775478960603	910.12499480721
3.62999999999997	892.775478960603	912.639152251429
3.63999999999997	906.510486329227	915.153309695648
3.64999999999997	906.510486329227	917.667467139867
3.65999999999997	906.510486329227	920.181624584085
3.66999999999997	906.510486329227	922.695782028304
3.67999999999997	906.510486329227	925.209939472523
3.68999999999997	906.510486329227	927.724096916742
3.69999999999997	906.510486329227	930.23825436096
3.70999999999996	920.245493697852	932.752411805179
3.71999999999996	920.245493697852	935.266569249398
3.72999999999996	920.245493697852	937.780726693617
3.73999999999996	933.980501066476	940.294884137836
3.74999999999996	933.980501066476	942.809041582054
3.75999999999996	933.980501066476	945.323199026273
3.76999999999996	933.980501066476	947.837356470492
3.77999999999996	933.980501066476	950.351513914711
3.78999999999996	933.980501066476	952.865671358929
3.79999999999996	933.980501066476	955.379828803148
3.80999999999996	933.980501066476	957.893986247367
3.81999999999996	947.7155084351	960.408143691586
3.82999999999996	947.7155084351	962.922301135805
3.83999999999996	947.7155084351	965.436458580023
3.84999999999996	947.7155084351	967.950616024242
3.85999999999996	947.7155084351	970.464773468461
3.86999999999996	961.450515803725	972.97893091268
3.87999999999996	961.450515803725	975.493088356899
3.88999999999996	975.185523172349	978.007245801117
3.89999999999996	975.185523172349	980.521403245336
3.90999999999996	975.185523172349	983.035560689555
3.91999999999996	975.185523172349	985.549718133774
3.92999999999996	975.185523172349	988.063875577993
3.93999999999996	975.185523172349	990.578033022211
3.94999999999996	975.185523172349	993.09219046643
3.95999999999996	975.185523172349	995.606347910649
3.96999999999996	975.185523172349	998.120505354868
3.97999999999996	975.185523172349	1000.63466279909
3.98999999999996	988.920530540974	1003.14882024331
3.99999999999996	988.920530540974	1005.66297768752
4.00999999999996	988.920530540974	1008.17713513174
4.01999999999996	1002.6555379096	1010.69129257596
4.02999999999996	1002.6555379096	1013.20545002018
4.03999999999996	1002.6555379096	1015.7196074644
4.04999999999996	1002.6555379096	1018.23376490862
4.05999999999996	1002.6555379096	1020.74792235284
4.06999999999996	1016.39054527822	1023.26207979706
4.07999999999996	1016.39054527822	1025.77623724127
4.08999999999996	1016.39054527822	1028.29039468549
4.09999999999996	1016.39054527822	1030.80455212971
4.10999999999996	1016.39054527822	1033.31870957393
4.11999999999996	1016.39054527822	1035.83286701815
4.12999999999996	1016.39054527822	1038.34702446237
4.13999999999996	1016.39054527822	1040.86118190659
4.14999999999996	1030.12555264685	1043.37533935081
4.15999999999996	1030.12555264685	1045.88949679502
4.16999999999996	1030.12555264685	1048.40365423924
4.17999999999996	1043.86056001547	1050.91781168346
4.18999999999996	1043.86056001547	1053.43196912768
4.19999999999995	1043.86056001547	1055.9461265719
4.20999999999995	1043.86056001547	1058.46028401612
4.21999999999995	1043.86056001547	1060.97444146034
4.22999999999995	1043.86056001547	1063.48859890456
4.23999999999995	1043.86056001547	1066.00275634877
4.24999999999995	1057.5955673841	1068.51691379299
4.25999999999995	1057.5955673841	1071.03107123721
4.26999999999995	1057.5955673841	1073.54522868143
4.27999999999995	1057.5955673841	1076.05938612565
4.28999999999995	1057.5955673841	1078.57354356987
4.29999999999995	1057.5955673841	1081.08770101409
4.30999999999995	1071.33057475272	1083.60185845831
4.31999999999995	1071.33057475272	1086.11601590253
4.32999999999995	1071.33057475272	1088.63017334674
4.33999999999995	1085.06558212134	1091.14433079096
4.34999999999995	1085.06558212134	1093.65848823518
4.35999999999995	1085.06558212134	1096.1726456794
4.36999999999995	1085.06558212134	1098.68680312362
4.37999999999995	1085.06558212134	1101.20096056784
4.38999999999995	1085.06558212134	1103.71511801206
4.39999999999995	1085.06558212134	1106.22927545628
4.40999999999995	1085.06558212134	1108.74343290049
4.41999999999995	1098.80058948997	1111.25759034471
4.42999999999995	1098.80058948997	1113.77174778893
4.43999999999995	1098.80058948997	1116.28590523315
4.44999999999995	1098.80058948997	1118.80006267737
4.45999999999995	1098.80058948997	1121.31422012159
4.46999999999995	1112.53559685859	1123.82837756581
4.47999999999995	1112.53559685859	1126.34253501003
4.48999999999995	1112.53559685859	1128.85669245424
4.49999999999995	1126.27060422722	1131.37084989846
4.50999999999995	1126.27060422722	1133.88500734268
4.51999999999995	1126.27060422722	1136.3991647869
4.52999999999995	1126.27060422722	1138.91332223112
4.53999999999995	1126.27060422722	1141.42747967534
4.54999999999995	1126.27060422722	1143.94163711956
4.55999999999995	1126.27060422722	1146.45579456378
4.56999999999995	1126.27060422722	1148.96995200799
4.57999999999995	1126.27060422722	1151.48410945221
4.58999999999995	1126.27060422722	1153.99826689643
4.59999999999995	1140.00561159584	1156.51242434065
4.60999999999995	1140.00561159584	1159.02658178487
4.61999999999995	1153.74061896447	1161.54073922909
4.62999999999995	1153.74061896447	1164.05489667331
4.63999999999995	1153.74061896447	1166.56905411753
4.64999999999995	1153.74061896447	1169.08321156174
4.65999999999995	1153.74061896447	1171.59736900596
4.66999999999994	1167.47562633309	1174.11152645018
4.67999999999994	1167.47562633309	1176.6256838944
4.68999999999994	1167.47562633309	1179.13984133862
4.69999999999994	1167.47562633309	1181.65399878284
4.70999999999994	1167.47562633309	1184.16815622706
4.71999999999994	1167.47562633309	1186.68231367128
4.72999999999994	1167.47562633309	1189.1964711155
4.73999999999994	1167.47562633309	1191.71062855971
4.74999999999994	1181.21063370171	1194.22478600393
4.75999999999994	1181.21063370171	1196.73894344815
4.76999999999994	1181.21063370171	1199.25310089237
4.77999999999994	1194.94564107034	1201.76725833659
4.78999999999994	1194.94564107034	1204.28141578081
4.79999999999994	1194.94564107034	1206.79557322503
4.80999999999994	1194.94564107034	1209.30973066925
4.81999999999994	1194.94564107034	1211.82388811346
4.82999999999994	1194.94564107034	1214.33804555768
4.83999999999994	1194.94564107034	1216.8522030019
4.84999999999994	1208.68064843896	1219.36636044612
4.85999999999994	1208.68064843896	1221.88051789034
4.86999999999994	1208.68064843896	1224.39467533456
4.87999999999994	1208.68064843896	1226.90883277878
4.88999999999994	1208.68064843896	1229.422990223
4.89999999999994	1208.68064843896	1231.93714766721
4.90999999999994	1222.41565580759	1234.45130511143
4.91999999999994	1222.41565580759	1236.96546255565
4.92999999999994	1222.41565580759	1239.47961999987
4.93999999999994	1236.15066317621	1241.99377744409
4.94999999999994	1236.15066317621	1244.50793488831
4.95999999999994	1236.15066317621	1247.02209233253
4.96999999999994	1236.15066317621	1249.53624977675
4.97999999999994	1236.15066317621	1252.05040722096
4.98999999999994	1236.15066317621	1254.56456466518
4.99999999999994	1236.15066317621	1257.0787221094
5.00999999999994	1236.15066317621	1259.59287955362
5.01999999999994	1236.15066317621	1262.10703699784
5.02999999999994	1249.88567054484	1264.62119444206
5.03999999999994	1249.88567054484	1267.13535188628
5.04999999999994	1249.88567054484	1269.6495093305
5.05999999999994	1249.88567054484	1272.16366677471
5.06999999999994	1263.62067791346	1274.67782421893
5.07999999999994	1263.62067791346	1277.19198166315
5.08999999999994	1263.62067791346	1279.70613910737
5.09999999999994	1277.35568528209	1282.22029655159
5.10999999999994	1277.35568528209	1284.73445399581
5.11999999999994	1277.35568528209	1287.24861144003
5.12999999999994	1277.35568528209	1289.76276888425
5.13999999999993	1277.35568528209	1292.27692632847
5.14999999999993	1277.35568528209	1294.79108377268
5.15999999999993	1277.35568528209	1297.3052412169
5.16999999999993	1277.35568528209	1299.81939866112
5.17999999999993	1277.35568528209	1302.33355610534
5.18999999999993	1291.09069265071	1304.84771354956
5.19999999999993	1291.09069265071	1307.36187099378
5.20999999999993	1291.09069265071	1309.876028438
5.21999999999993	1304.82570001933	1312.39018588222
5.22999999999993	1304.82570001933	1314.90434332643
5.23999999999993	1304.82570001933	1317.41850077065
5.24999999999993	1304.82570001933	1319.93265821487
5.25999999999993	1304.82570001933	1322.44681565909
5.26999999999993	1304.82570001933	1324.96097310331
5.27999999999993	1318.56070738796	1327.47513054753
5.28999999999993	1318.56070738796	1329.98928799175
5.29999999999993	1318.56070738796	1332.50344543597
5.30999999999993	1318.56070738796	1335.01760288018
5.31999999999993	1318.56070738796	1337.5317603244
5.32999999999993	1318.56070738796	1340.04591776862
5.33999999999993	1318.56070738796	1342.56007521284
5.34999999999993	1332.29571475658	1345.07423265706
5.35999999999993	1332.29571475658	1347.58839010128
5.36999999999993	1332.29571475658	1350.1025475455
5.37999999999993	1346.03072212521	1352.61670498972
5.38999999999993	1346.03072212521	1355.13086243393
5.39999999999993	1346.03072212521	1357.64501987815
5.40999999999993	1346.03072212521	1360.15917732237
5.41999999999993	1346.03072212521	1362.67333476659
5.42999999999993	1346.03072212521	1365.18749221081
5.43999999999993	1346.03072212521	1367.70164965503
5.44999999999993	1359.76572949383	1370.21580709925
5.45999999999993	1359.76572949383	1372.72996454347
5.46999999999993	1359.76572949383	1375.24412198769
5.47999999999993	1359.76572949383	1377.7582794319
5.48999999999993	1359.76572949383	1380.27243687612
5.49999999999993	1359.76572949383	1382.78659432034
5.50999999999993	1373.50073686246	1385.30075176456
5.51999999999993	1373.50073686246	1387.81490920878
5.52999999999993	1373.50073686246	1390.329066653
5.53999999999993	1387.23574423108	1392.84322409722
5.54999999999993	1387.23574423108	1395.35738154144
5.55999999999993	1387.23574423108	1397.87153898565
5.56999999999993	1387.23574423108	1400.38569642987
5.57999999999993	1387.23574423108	1402.89985387409
5.58999999999993	1387.23574423108	1405.41401131831
5.59999999999993	1387.23574423108	1407.92816876253
5.60999999999992	1387.23574423108	1410.44232620675
5.61999999999992	1387.23574423108	1412.95648365097
5.62999999999992	1400.9707515997	1415.47064109519
5.63999999999992	1400.9707515997	1417.9847985394
5.64999999999992	1400.9707515997	1420.49895598362
5.65999999999992	1414.70575896833	1423.01311342784
5.66999999999992	1414.70575896833	1425.52727087206
5.67999999999992	1414.70575896833	1428.04142831628
5.68999999999992	1414.70575896833	1430.5555857605
5.69999999999992	1414.70575896833	1433.06974320472
5.70999999999992	1428.44076633695	1435.58390064894
5.71999999999992	1428.44076633695	1438.09805809315
5.72999999999992	1428.44076633695	1440.61221553737
5.73999999999992	1428.44076633695	1443.12637298159
5.74999999999992	1428.44076633695	1445.64053042581
5.75999999999992	1428.44076633695	1448.15468787003
5.76999999999992	1428.44076633695	1450.66884531425
5.77999999999992	1428.44076633695	1453.18300275847
5.78999999999992	1442.17577370558	1455.69716020269
5.79999999999992	1442.17577370558	1458.2113176469
5.80999999999992	1442.17577370558	1460.72547509112
5.81999999999992	1455.9107810742	1463.23963253534
5.82999999999992	1455.9107810742	1465.75378997956
5.83999999999992	1455.9107810742	1468.26794742378
5.84999999999992	1455.9107810742	1470.782104868
5.85999999999992	1455.9107810742	1473.29626231222
5.86999999999992	1455.9107810742	1475.81041975644
5.87999999999992	1469.64578844283	1478.32457720066
5.88999999999992	1469.64578844283	1480.83873464487
5.89999999999992	1469.64578844283	1483.35289208909
5.90999999999992	1469.64578844283	1485.86704953331
5.91999999999992	1469.64578844283	1488.38120697753
5.92999999999992	1469.64578844283	1490.89536442175
5.93999999999992	1469.64578844283	1493.40952186597
5.94999999999992	1483.38079581145	1495.92367931019
5.95999999999992	1483.38079581145	1498.43783675441
5.96999999999992	1483.38079581145	1500.95199419862
5.97999999999992	1497.11580318008	1503.46615164284
5.98999999999992	1497.11580318008	1505.98030908706
5.99999999999992	1497.11580318008	1508.49446653128
6.00999999999992	1497.11580318008	1511.0086239755
6.01999999999992	1497.11580318008	1513.52278141972
6.02999999999992	1497.11580318008	1516.03693886394
6.03999999999992	1497.11580318008	1518.55109630816
6.04999999999992	1497.11580318008	1521.06525375237
6.05999999999992	1510.8508105487	1523.57941119659
6.06999999999992	1510.8508105487	1526.09356864081
6.07999999999991	1510.8508105487	1528.60772608503
6.08999999999991	1510.8508105487	1531.12188352925
6.09999999999991	1510.8508105487	1533.63604097347
6.10999999999991	1524.58581791732	1536.15019841769
6.11999999999991	1524.58581791732	1538.66435586191
6.12999999999991	1538.32082528595	1541.17851330612
6.13999999999991	1538.32082528595	1543.69267075034
6.14999999999991	1538.32082528595	1546.20682819456
6.15999999999991	1538.32082528595	1548.72098563878
6.16999999999991	1538.32082528595	1551.235143083
6.17999999999991	1538.32082528595	1553.74930052722
6.18999999999991	1538.32082528595	1556.26345797144
6.19999999999991	1538.32082528595	1558.77761541566
6.20999999999991	1538.32082528595	1561.29177285987
6.21999999999991	1538.32082528595	1563.80593030409
6.22999999999991	1552.05583265457	1566.32008774831
6.23999999999991	1552.05583265457	1568.83424519253
6.24999999999991	1552.05583265457	1571.34840263675
6.25999999999991	1565.7908400232	1573.86256008097
6.26999999999991	1565.7908400232	1576.37671752519
6.27999999999991	1565.7908400232	1578.89087496941
6.28999999999991	1565.7908400232	1581.40503241363
6.29999999999991	1565.7908400232	1583.91918985784
6.30999999999991	1579.52584739182	1586.43334730206
6.31999999999991	1579.52584739182	1588.94750474628
6.32999999999991	1579.52584739182	1591.4616621905
6.33999999999991	1579.52584739182	1593.97581963472
6.34999999999991	1579.52584739182	1596.48997707894
6.35999999999991	1579.52584739182	1599.00413452316
6.36999999999991	1579.52584739182	1601.51829196738
6.37999999999991	1579.52584739182	1604.03244941159
6.38999999999991	1593.26085476045	1606.54660685581
6.39999999999991	1593.26085476045	1609.06076430003
6.40999999999991	1593.26085476045	1611.57492174425
6.41999999999991	1606.99586212907	1614.08907918847
6.42999999999991	1606.99586212907	1616.60323663269
6.43999999999991	1606.99586212907	1619.11739407691
6.44999999999991	1606.99586212907	1621.63155152113
6.45999999999991	1606.99586212907	1624.14570896534
6.46999999999991	1606.99586212907	1626.65986640956
6.47999999999991	1606.99586212907	1629.17402385378
6.48999999999991	1620.7308694977	1631.688181298
6.49999999999991	1620.7308694977	1634.20233874222
6.50999999999991	1620.7308694977	1636.71649618644
6.51999999999991	1620.7308694977	1639.23065363066
6.52999999999991	1620.7308694977	1641.74481107488
6.53999999999991	1620.7308694977	1644.25896851909
6.5499999999999	1634.46587686632	1646.77312596331
6.5599999999999	1634.46587686632	1649.28728340753
6.5699999999999	1634.46587686632	1651.80144085175
6.5799999999999	1648.20088423494	1654.31559829597
6.5899999999999	1648.20088423494	1656.82975574019
6.5999999999999	1648.20088423494	1659.34391318441
6.6099999999999	1648.20088423494	1661.85807062863
6.6199999999999	1648.20088423494	1664.37222807285
6.6299999999999	1648.20088423494	1666.88638551706
6.6399999999999	1648.20088423494	1669.40054296128
6.6499999999999	1648.20088423494	1671.9147004055
6.6599999999999	1661.93589160357	1674.42885784972
6.6699999999999	1661.93589160357	1676.94301529394
6.6799999999999	1661.93589160357	1679.45717273816
6.6899999999999	1661.93589160357	1681.97133018238
6.6999999999999	1661.93589160357	1684.4854876266
6.7099999999999	1675.67089897219	1686.99964507081
6.7199999999999	1675.67089897219	1689.51380251503
6.7299999999999	1675.67089897219	1692.02795995925
6.7399999999999	1689.40590634082	1694.54211740347
6.7499999999999	1689.40590634082	1697.05627484769
6.7599999999999	1689.40590634082	1699.57043229191
6.7699999999999	1689.40590634082	1702.08458973613
6.7799999999999	1689.40590634082	1704.59874718035
6.7899999999999	1689.40590634082	1707.11290462456
6.7999999999999	1689.40590634082	1709.62706206878
6.8099999999999	1689.40590634082	1712.141219513
6.8199999999999	1689.40590634082	1714.65537695722
6.8299999999999	1703.14091370944	1717.16953440144
6.8399999999999	1703.14091370944	1719.68369184566
6.8499999999999	1703.14091370944	1722.19784928988
6.8599999999999	1716.87592107807	1724.7120067341
6.8699999999999	1716.87592107807	1727.22616417831
6.8799999999999	1716.87592107807	1729.74032162253
6.8899999999999	1716.87592107807	1732.25447906675
6.8999999999999	1716.87592107807	1734.76863651097
6.9099999999999	1730.61092844669	1737.28279395519
6.9199999999999	1730.61092844669	1739.79695139941
6.9299999999999	1730.61092844669	1742.31110884363
6.9399999999999	1730.61092844669	1744.82526628785
6.9499999999999	1730.61092844669	1747.33942373206
6.9599999999999	1730.61092844669	1749.85358117628
6.9699999999999	1730.61092844669	1752.3677386205
6.9799999999999	1730.61092844669	1754.88189606472
6.9899999999999	1744.34593581532	1757.39605350894
6.9999999999999	1744.34593581532	1759.91021095316
7.0099999999999	1744.34593581532	1762.42436839738
7.01999999999989	1758.08094318394	1764.9385258416
7.02999999999989	1758.08094318394	1767.45268328581
7.03999999999989	1758.08094318394	1769.96684073003
7.04999999999989	1758.08094318394	1772.48099817425
7.05999999999989	1758.08094318394	1774.99515561847
7.06999999999989	1758.08094318394	1777.50931306269
7.07999999999989	1758.08094318394	1780.02347050691
7.08999999999989	1771.81595055257	1782.53762795113
7.09999999999989	1771.81595055257	1785.05178539535
7.10999999999989	1771.81595055257	1787.56594283957
7.11999999999989	1771.81595055257	1790.08010028378
7.12999999999989	1771.81595055257	1792.594257728
7.13999999999989	1771.81595055257	1795.10841517222
7.14999999999989	1785.55095792119	1797.62257261644
7.15999999999989	1785.55095792119	1800.13673006066
7.16999999999989	1785.55095792119	1802.65088750488
7.17999999999989	1799.28596528982	1805.1650449491
7.18999999999989	1799.28596528982	1807.67920239332
7.19999999999989	1799.28596528982	1810.19335983753
7.20999999999989	1799.28596528982	1812.70751728175
7.21999999999989	1799.28596528982	1815.22167472597
7.22999999999989	1799.28596528982	1817.73583217019
7.23999999999989	1799.28596528982	1820.24998961441
7.24999999999989	1799.28596528982	1822.76414705863
7.25999999999989	1799.28596528982	1825.27830450285
7.26999999999989	1813.02097265844	1827.79246194707
7.27999999999989	1813.02097265844	1830.30661939128
7.28999999999989	1813.02097265844	1832.8207768355
7.29999999999989	1826.75598002707	1835.33493427972
7.30999999999989	1826.75598002707	1837.84909172394
7.31999999999989	1826.75598002707	1840.36324916816
7.32999999999989	1826.75598002707	1842.87740661238
7.33999999999989	1840.49098739569	1845.3915640566
7.34999999999989	1840.49098739569	1847.90572150082
7.35999999999989	1840.49098739569	1850.41987894503
7.36999999999989	1840.49098739569	1852.93403638925
7.37999999999989	1840.49098739569	1855.44819383347
7.38999999999989	1840.49098739569	1857.96235127769
7.39999999999989	1840.49098739569	1860.47650872191
7.40999999999989	1840.49098739569	1862.99066616613
7.41999999999989	1840.49098739569	1865.50482361035
7.42999999999989	1854.22599476432	1868.01898105457
7.43999999999989	1854.22599476432	1870.53313849879
7.44999999999989	1854.22599476432	1873.047295943
7.45999999999989	1867.96100213295	1875.56145338722
7.46999999999989	1867.96100213295	1878.07561083144
7.47999999999989	1867.96100213295	1880.58976827566
7.48999999999988	1867.96100213295	1883.10392571988
7.49999999999988	1867.96100213295	1885.6180831641
7.50999999999988	1867.96100213295	1888.13224060832
7.51999999999988	1881.69600950157	1890.64639805254
7.52999999999988	1881.69600950157	1893.16055549675
7.53999999999988	1881.69600950157	1895.67471294097
7.54999999999988	1881.69600950157	1898.18887038519
7.55999999999988	1881.69600950157	1900.70302782941
7.56999999999988	1881.69600950157	1903.21718527363
7.57999999999988	1881.69600950157	1905.73134271785
7.58999999999988	1895.4310168702	1908.24550016207
7.59999999999988	1895.4310168702	1910.75965760629
7.60999999999988	1895.4310168702	1913.2738150505
7.61999999999988	1909.16602423882	1915.78797249472
7.62999999999988	1909.16602423882	1918.30212993894
7.63999999999988	1909.16602423882	1920.81628738316
7.64999999999988	1909.16602423882	1923.33044482738
7.65999999999988	1909.16602423882	1925.8446022716
7.66999999999988	1909.16602423882	1928.35875971582
7.67999999999988	1909.16602423882	1930.87291716004
7.68999999999988	1922.90103160745	1933.38707460425
7.69999999999988	1922.90103160745	1935.90123204847
7.70999999999988	1922.90103160745	1938.41538949269
7.71999999999988	1922.90103160745	1940.92954693691
7.72999999999988	1922.90103160745	1943.44370438113
7.73999999999988	1922.90103160745	1945.95786182535
7.74999999999988	1936.63603897607	1948.47201926957
7.75999999999988	1936.63603897607	1950.98617671379
7.76999999999988	1950.3710463447	1953.500334158
7.77999999999988	1950.3710463447	1956.01449160222
7.78999999999988	1950.3710463447	1958.52864904644
7.79999999999988	1950.3710463447	1961.04280649066
7.80999999999988	1950.3710463447	1963.55696393488
7.81999999999988	1950.3710463447	1966.0711213791
7.82999999999988	1950.3710463447	1968.58527882332
7.83999999999988	1950.3710463447	1971.09943626754
7.84999999999988	1950.3710463447	1973.61359371175
7.85999999999988	1950.3710463447	1976.12775115597
7.86999999999988	1964.10605371332	1978.64190860019
7.87999999999988	1964.10605371332	1981.15606604441
7.88999999999988	1964.10605371332	1983.67022348863
7.89999999999988	1977.84106108195	1986.18438093285
7.90999999999988	1977.84106108195	1988.69853837707
7.91999999999988	1977.84106108195	1991.21269582129
7.92999999999988	1977.84106108195	1993.72685326551
7.93999999999988	1977.84106108195	1996.24101070972
7.94999999999987	1991.57606845057	1998.75516815394
7.95999999999987	1991.57606845057	2001.26932559816
7.96999999999987	1991.57606845057	2003.78348304238
7.97999999999987	1991.57606845057	2006.2976404866
7.98999999999987	1991.57606845057	2008.81179793082
7.99999999999987	1991.57606845057	2011.32595537504
8.00999999999987	1991.57606845057	2013.84011281926
8.01999999999987	1991.57606845057	2016.35427026347
8.02999999999987	2005.3110758192	2018.86842770769
8.03999999999987	2005.3110758192	2021.38258515191
8.04999999999987	2005.3110758192	2023.89674259613
8.05999999999987	2019.04608318782	2026.41090004035
8.06999999999987	2019.04608318782	2028.92505748457
8.07999999999987	2019.04608318782	2031.43921492879
8.08999999999987	2019.04608318782	2033.95337237301
8.09999999999987	2019.04608318782	2036.46752981722
8.10999999999987	2019.04608318782	2038.98168726144
8.11999999999987	2032.78109055645	2041.49584470566
8.12999999999987	2032.78109055645	2044.01000214988
8.13999999999987	2032.78109055645	2046.5241595941
8.14999999999987	2032.78109055645	2049.03831703832
8.15999999999987	2032.78109055645	2051.55247448254
8.16999999999987	2032.78109055645	2054.06663192676
8.17999999999987	2032.78109055645	2056.58078937098
8.18999999999987	2046.51609792507	2059.09494681519
8.19999999999987	2046.51609792507	2061.60910425941
8.20999999999987	2046.51609792507	2064.12326170363
8.21999999999987	2060.2511052937	2066.63741914785
8.22999999999987	2060.2511052937	2069.15157659207
8.23999999999987	2060.2511052937	2071.66573403629
8.24999999999987	2060.2511052937	2074.17989148051
8.25999999999987	2060.2511052937	2076.69404892473
8.26999999999987	2060.2511052937	2079.20820636894
8.27999999999987	2060.2511052937	2081.72236381316
8.28999999999987	2060.2511052937	2084.23652125738
8.29999999999987	2073.98611266232	2086.7506787016
8.30999999999987	2073.98611266232	2089.26483614582
8.31999999999987	2073.98611266232	2091.77899359004
8.32999999999987	2073.98611266232	2094.29315103426
8.33999999999987	2073.98611266232	2096.80730847848
8.34999999999987	2087.72112003095	2099.32146592269
8.35999999999987	2087.72112003095	2101.83562336691
8.36999999999987	2101.45612739957	2104.34978081113
8.37999999999987	2101.45612739957	2106.86393825535
8.38999999999987	2101.45612739957	2109.37809569957
8.39999999999987	2101.45612739957	2111.89225314379
8.40999999999987	2101.45612739957	2114.40641058801
8.41999999999986	2101.45612739957	2116.92056803223
8.42999999999986	2101.45612739957	2119.43472547644
8.43999999999986	2101.45612739957	2121.94888292066
8.44999999999986	2101.45612739957	2124.46304036488
8.45999999999986	2101.45612739957	2126.9771978091
8.46999999999986	2101.45612739957	2129.49135525332
8.47999999999986	2115.1911347682	2132.00551269754
8.48999999999986	2115.1911347682	2134.51967014176
8.49999999999986	2128.92614213682	2137.03382758598
8.50999999999986	2128.92614213682	2139.54798503019
8.51999999999986	2128.92614213682	2142.06214247441
8.52999999999986	2128.92614213682	2144.57629991863
8.53999999999986	2128.92614213682	2147.09045736285
8.54999999999986	2142.66114950545	2149.60461480707
8.55999999999986	2142.66114950545	2152.11877225129
8.56999999999986	2142.66114950545	2154.63292969551
8.57999999999986	2142.66114950545	2157.14708713973
8.58999999999986	2142.66114950545	2159.66124458395
8.59999999999986	2142.66114950545	2162.17540202816
8.60999999999986	2142.66114950545	2164.68955947238
8.61999999999986	2142.66114950545	2167.2037169166
8.62999999999986	2156.39615687407	2169.71787436082
8.63999999999986	2156.39615687407	2172.23203180504
8.64999999999986	2156.39615687407	2174.74618924926
8.65999999999986	2170.1311642427	2177.26034669348
8.66999999999986	2170.1311642427	2172.42363914642
8.67999999999986	2170.1311642427	2167.39532425798
8.68999999999986	2170.1311642427	2162.36700936954
8.69999999999986	2170.1311642427	2157.33869448111
8.70999999999986	2170.1311642427	2152.31037959267
8.71999999999986	2170.1311642427	2147.28206470423
8.72999999999986	2170.1311642427	2142.25374981579
8.73999999999986	2170.1311642427	2137.22543492735
8.74999999999986	2156.39615687407	2132.19712003892
8.75999999999986	2156.39615687407	2127.16880515048
8.76999999999986	2156.39615687407	2122.14049026204
8.77999999999986	2142.66114950545	2117.1121753736
8.78999999999986	2142.66114950545	2112.08386048517
8.79999999999986	2142.66114950545	2107.05554559673
8.80999999999986	2135.79364582113	2102.02723070829
8.81999999999986	2135.79364582113	2096.99891581985
8.82999999999986	2135.79364582113	2091.97060093142
8.83999999999986	2128.92614213682	2086.94228604298
8.84999999999986	2122.05863845251	2081.91397115454
8.85999999999986	2115.1911347682	2076.8856562661
8.86999999999986	2101.45612739957	2071.85734137767
8.87999999999986	2101.45612739957	2066.82902648923
8.88999999999985	2101.45612739957	2061.80071160079
8.89999999999985	2101.45612739957	2056.77239671235
8.90999999999985	2094.58862371526	2051.74408182392
8.91999999999985	2080.85361634663	2046.71576693548
8.92999999999985	2073.98611266232	2041.68745204704
8.93999999999985	2073.98611266232	2036.6591371586
8.94999999999985	2067.11860897801	2031.63082227017
8.95999999999985	2067.11860897801	2026.60250738173
8.96999999999985	2067.11860897801	2021.57419249329
8.97999999999985	2067.11860897801	2016.54587760485
8.98999999999985	2046.51609792507	2011.51756271642
8.99999999999985	2039.64859424076	2006.48924782798
9.00999999999985	2039.64859424076	2001.46093293954
9.01999999999985	2039.64859424076	1996.4326180511
9.02999999999985	2032.78109055645	1991.40430316267
9.03999999999985	2019.04608318782	1986.37598827423
9.04999999999985	2012.17857950351	1981.34767338579
9.05999999999985	2012.17857950351	1976.31935849735
9.06999999999985	2012.17857950351	1971.29104360891
9.07999999999985	1998.44357213488	1966.26272872048
9.08999999999985	1991.57606845057	1961.23441383204
9.09999999999985	1991.57606845057	1956.2060989436
9.10999999999985	1984.70856476626	1951.17778405516
9.11999999999985	1984.70856476626	1946.14946916673
9.12999999999985	1984.70856476626	1941.12115427829
9.13999999999985	1970.97355739763	1936.09283938985
9.14999999999985	1964.10605371332	1931.06452450141
9.15999999999985	1950.3710463447	1926.03620961298
9.16999999999985	1957.23855002901	1921.00789472454
9.17999999999985	1957.23855002901	1915.9795798361
9.18999999999985	1950.3710463447	1910.95126494766
9.19999999999985	1936.63603897607	1905.92295005923
9.20999999999985	1936.63603897607	1900.89463517079
9.21999999999985	1936.63603897607	1895.86632028235
9.22999999999985	1929.76853529176	1890.83800539391
9.23999999999985	1922.90103160745	1885.80969050548
9.24999999999985	1916.03352792313	1880.78137561704
9.25999999999985	1916.03352792313	1875.7530607286
9.26999999999985	1909.16602423882	1870.72474584016
9.27999999999985	1902.29852055451	1865.69643095173
9.28999999999985	1902.29852055451	1860.66811606329
9.29999999999985	1902.29852055451	1855.63980117485
9.30999999999985	1895.4310168702	1850.61148628641
9.31999999999985	1888.56351318588	1845.58317139798
9.32999999999985	1867.96100213295	1840.55485650954
9.33999999999985	1867.96100213295	1835.5265416211
9.34999999999985	1867.96100213295	1830.49822673266
9.35999999999984	1867.96100213295	1825.46991184423
9.36999999999984	1874.82850581726	1820.44159695579
9.37999999999984	1854.22599476432	1815.41328206735
9.38999999999984	1847.35849108001	1810.38496717891
9.39999999999984	1840.49098739569	1805.35665229048
9.40999999999984	1833.62348371138	1800.32833740204
9.41999999999984	1833.62348371138	1795.3000225136
9.42999999999984	1826.75598002707	1790.27170762516
9.43999999999984	1819.88847634276	1785.24339273672
9.44999999999984	1819.88847634276	1780.21507784829
9.45999999999984	1806.15346897413	1775.18676295985
9.46999999999984	1813.02097265844	1770.15844807141
9.47999999999984	1813.02097265844	1765.13013318297
9.48999999999984	1799.28596528982	1760.10181829454
9.49999999999984	1792.41846160551	1755.0735034061
9.50999999999984	1792.41846160551	1750.04518851766
9.51999999999984	1771.81595055257	1745.01687362922
9.52999999999984	1771.81595055257	1739.98855874079
9.53999999999984	1771.81595055257	1734.96024385235
9.54999999999984	1758.08094318394	1729.93192896391
9.55999999999984	1758.08094318394	1724.90361407547
9.56999999999984	1751.21343949963	1719.87529918704
9.57999999999984	1751.21343949963	1714.8469842986
9.58999999999984	1744.34593581532	1709.81866941016
9.59999999999984	1744.34593581532	1704.79035452172
9.60999999999984	1744.34593581532	1699.76203963329
9.61999999999984	1737.47843213101	1694.73372474485
9.62999999999984	1723.74342476238	1689.70540985641
9.63999999999984	1716.87592107807	1684.67709496797
9.64999999999984	1716.87592107807	1679.64878007954
9.65999999999984	1716.87592107807	1674.6204651911
9.66999999999984	1716.87592107807	1669.59215030266
9.67999999999984	1716.87592107807	1664.56383541422
9.68999999999984	1710.00841739376	1659.53552052579
9.69999999999984	1696.27341002513	1654.50720563735
9.70999999999984	1689.40590634082	1649.47889074891
9.71999999999984	1689.40590634082	1644.45057586047
9.72999999999984	1682.53840265651	1639.42226097204
9.73999999999984	1668.80339528788	1634.3939460836
9.74999999999984	1668.80339528788	1629.36563119516
9.75999999999984	1661.93589160357	1624.33731630672
9.76999999999984	1661.93589160357	1619.30900141829
9.77999999999984	1661.93589160357	1614.28068652985
9.78999999999984	1648.20088423494	1609.25237164141
9.79999999999984	1634.46587686632	1604.22405675297
9.80999999999984	1634.46587686632	1599.19574186453
9.81999999999984	1627.59837318201	1594.1674269761
9.82999999999983	1627.59837318201	1589.13911208766
9.83999999999983	1627.59837318201	1584.11079719922
9.84999999999983	1613.86336581338	1579.08248231079
9.85999999999983	1606.99586212907	1574.05416742235
9.86999999999983	1600.12835844476	1569.02585253391
9.87999999999983	1600.12835844476	1563.99753764547
9.88999999999983	1600.12835844476	1558.96922275703
9.89999999999983	1586.39335107613	1553.9409078686
9.90999999999983	1579.52584739182	1548.91259298016
9.91999999999983	1579.52584739182	1543.88427809172
9.92999999999983	1579.52584739182	1538.85596320328
9.93999999999983	1565.7908400232	1533.82764831485
9.94999999999983	1565.7908400232	1528.79933342641
9.95999999999983	1558.92333633889	1523.77101853797
9.96999999999983	1558.92333633889	1518.74270364953
9.97999999999983	1558.92333633889	1513.7143887611
9.98999999999983	1552.05583265457	1508.68607387266
9.99999999999983	1545.18832897026	1503.65775898422
10.0099999999998	1538.32082528595	1498.62944409578
10.0199999999998	1531.45332160164	1493.60112920735
10.0299999999998	1531.45332160164	1488.57281431891
10.0399999999998	1517.71831423301	1483.54449943047
10.0499999999998	1517.71831423301	1478.51618454203
10.0599999999998	1517.71831423301	1473.4878696536
10.0699999999998	1510.8508105487	1468.45955476516
10.0799999999998	1503.98330686439	1463.43123987672
10.0899999999998	1490.24829949576	1458.40292498828
10.0999999999998	1490.24829949576	1453.37461009985
10.1099999999998	1483.38079581145	1448.34629521141
10.1199999999998	1483.38079581145	1443.31798032297
10.1299999999998	1483.38079581145	1438.28966543453
10.1399999999998	1483.38079581145	1433.2613505461
10.1499999999998	1469.64578844283	1428.23303565766
10.1599999999998	1455.9107810742	1423.20472076922
10.1699999999998	1449.04327738989	1418.17640588078
10.1799999999998	1449.04327738989	1413.14809099234
10.1899999999998	1449.04327738989	1408.11977610391
10.1999999999998	1435.30827002127	1403.09146121547
10.2099999999998	1435.30827002127	1398.06314632703
10.2199999999998	1435.30827002127	1393.0348314386
10.2299999999998	1421.57326265264	1388.00651655016
10.2399999999998	1414.70575896833	1382.97820166172
10.2499999999998	1414.70575896833	1377.94988677328
10.2599999999998	1407.83825528402	1372.92157188484
10.2699999999998	1400.9707515997	1367.89325699641
10.2799999999998	1394.10324791539	1362.86494210797
10.2899999999998	1400.9707515997	1357.83662721953
10.2999999999998	1394.10324791539	1352.80831233109
10.3099999999998	1380.36824054677	1347.77999744266
10.3199999999998	1380.36824054677	1342.75168255422
10.3299999999998	1373.50073686246	1337.72336766578
10.3399999999998	1366.63323317814	1332.69505277734
10.3499999999998	1359.76572949383	1327.66673788891
10.3599999999998	1359.76572949383	1322.63842300047
10.3699999999998	1352.89822580952	1317.61010811203
10.3799999999998	1352.89822580952	1312.58179322359
10.3899999999998	1346.03072212521	1307.55347833516
10.3999999999998	1346.03072212521	1302.52516344672
10.4099999999998	1346.03072212521	1297.49684855828
10.4199999999998	1339.1632184409	1292.46853366984
10.4299999999998	1325.42821107227	1287.44021878141
10.4399999999998	1325.42821107227	1282.41190389297
10.4499999999998	1304.82570001933	1277.38358900453
10.4599999999998	1304.82570001933	1272.35527411609
10.4699999999998	1304.82570001933	1267.32695922766
10.4799999999998	1304.82570001933	1262.29864433922
10.4899999999998	1311.69320370365	1257.27032945078
10.4999999999998	1297.95819633502	1252.24201456234
10.5099999999998	1277.35568528209	1247.21369967391
10.5199999999998	1277.35568528209	1242.18538478547
10.5299999999998	1270.48818159777	1237.15706989703
10.5399999999998	1270.48818159777	1232.12875500859
10.5499999999998	1270.48818159777	1227.10044012016
10.5599999999998	1256.75317422915	1222.07212523172
10.5699999999998	1249.88567054484	1217.04381034328
10.5799999999998	1243.01816686052	1212.01549545484
10.5899999999998	1243.01816686052	1206.98718056641
10.5999999999998	1249.88567054484	1201.95886567797
10.6099999999998	1236.15066317621	1196.93055078953
10.6199999999998	1229.2831594919	1191.90223590109
10.6299999999998	1222.41565580759	1186.87392101265
10.6399999999998	1215.54815212328	1181.84560612422
10.6499999999998	1215.54815212328	1176.81729123578
10.6599999999998	1215.54815212328	1171.78897634734
10.6699999999998	1201.81314475465	1166.7606614589
10.6799999999998	1194.94564107034	1161.73234657047
10.6899999999998	1188.07813738603	1156.70403168203
10.6999999999998	1194.94564107034	1151.67571679359
10.7099999999998	1194.94564107034	1146.64740190515
10.7199999999998	1194.94564107034	1141.61908701672
10.7299999999998	1181.21063370171	1136.59077212828
10.7399999999998	1174.3431300174	1131.56245723984
10.7499999999998	1167.47562633309	1126.5341423514
10.7599999999998	1160.60812264878	1121.50582746297
10.7699999999998	1153.74061896447	1116.47751257453
10.7799999999998	1153.74061896447	1111.44919768609
10.7899999999998	1153.74061896447	1106.42088279765
10.7999999999998	1140.00561159584	1101.39256790922
10.8099999999998	1133.13810791153	1096.36425302078
10.8199999999998	1133.13810791153	1091.33593813234
10.8299999999998	1126.27060422722	1086.3076232439
10.8399999999998	1119.40310054291	1081.27930835547
10.8499999999998	1119.40310054291	1076.25099346703
10.8599999999998	1105.66809317428	1071.22267857859
10.8699999999998	1105.66809317428	1066.19436369015
10.8799999999998	1105.66809317428	1061.16604880172
10.8899999999998	1105.66809317428	1056.13773391328
10.8999999999998	1091.93308580566	1051.10941902484
10.9099999999998	1071.33057475272	1046.0811041364
10.9199999999998	1071.33057475272	1041.05278924797
10.9299999999998	1071.33057475272	1036.02447435953
10.9399999999998	1057.5955673841	1030.99615947109
10.9499999999998	1057.5955673841	1025.96784458265
10.9599999999998	1057.5955673841	1020.93952969422
10.9699999999998	1043.86056001547	1015.91121480578
10.9799999999998	1043.86056001547	1010.88289991734
10.9899999999998	1036.99305633116	1005.8545850289
10.9999999999998	1036.99305633116	1000.82627014047
11.0099999999998	1036.99305633116	995.797955252027
11.0199999999998	1030.12555264685	990.76964036359
11.0299999999998	1016.39054527822	985.741325475152
11.0399999999998	1016.39054527822	980.713010586715
11.0499999999998	1009.52304159391	975.684695698277
11.0599999999998	1002.6555379096	970.65638080984
11.0699999999998	1002.6555379096	965.628065921402
11.0799999999998	995.788034225286	960.599751032964
11.0899999999998	988.920530540974	955.571436144527
11.0999999999998	982.053026856661	950.54312125609
11.1099999999998	995.788034225286	945.514806367652
11.1199999999998	988.920530540974	940.486491479214
11.1299999999998	982.053026856661	935.458176590776
11.1399999999998	975.185523172349	930.429861702339
11.1499999999998	975.185523172349	925.401546813901
11.1599999999998	961.450515803725	920.373231925464
11.1699999999998	954.583012119413	915.344917037026
11.1799999999998	947.7155084351	910.31660214859
11.1899999999998	940.848004750788	905.288287260151
11.1999999999998	940.848004750788	900.259972371714
11.2099999999998	920.245493697852	895.231657483276
11.2199999999998	920.245493697852	890.203342594838
11.2299999999998	920.245493697852	885.175027706401
11.2399999999998	920.245493697852	880.146712817964
11.2499999999998	920.245493697852	875.118397929525
11.2599999999998	920.245493697852	870.090083041088
11.2699999999998	913.377990013539	865.061768152651
11.2799999999998	892.775478960603	860.033453264214
11.2899999999998	879.040471591979	855.005138375776
11.2999999999998	879.040471591979	849.976823487337
11.3099999999998	885.907975276291	844.948508598901
11.3199999999998	872.172967907666	839.920193710463
11.3299999999998	865.305464223354	834.891878822026
11.3399999999998	865.305464223354	829.863563933587
11.3499999999998	851.57045685473	824.83524904515
11.3599999999998	851.57045685473	819.806934156713
11.3699999999998	851.57045685473	814.778619268276
11.3799999999998	844.702953170418	809.750304379837
11.3899999999998	844.702953170418	804.721989491399
11.3999999999998	830.967945801793	799.693674602962
11.4099999999998	837.835449486105	794.665359714526
11.4199999999998	830.967945801793	789.637044826087
11.4299999999998	817.232938433169	784.608729937649
11.4399999999998	810.365434748856	779.580415049213
11.4499999999998	810.365434748856	774.552100160776
11.4599999999998	810.365434748856	769.523785272336
11.4699999999998	803.497931064544	764.495470383899
11.4799999999998	803.497931064544	759.467155495463
11.4899999999998	796.630427380231	754.438840607024
11.4999999999998	796.630427380231	749.410525718586
11.5099999999998	776.027916327294	744.382210830149
11.5199999999998	776.027916327294	739.353895941713
11.5299999999998	776.027916327294	734.325581053275
11.5399999999998	776.027916327294	729.297266164836
11.5499999999998	762.29290895867	724.268951276399
11.5599999999998	762.29290895867	719.240636387961
11.5699999999998	741.690397905732	714.212321499524
11.5799999999998	741.690397905732	709.184006611086
11.5899999999998	734.82289422142	704.155691722649
11.5999999999998	734.82289422142	699.127376834211
11.6099999999998	734.82289422142	694.099061945775
11.6199999999998	727.955390537108	689.070747057336
11.6299999999998	721.087886852795	684.042432168898
11.6399999999998	721.087886852795	679.014117280461
11.6499999999998	707.352879484171	673.985802392022
11.6599999999998	707.352879484171	668.957487503586
11.6699999999998	707.352879484171	663.929172615148
11.6799999999998	693.617872115546	658.900857726711
11.6899999999998	686.750368431233	653.872542838273
11.6999999999998	686.750368431233	648.844227949834
11.7099999999998	686.750368431233	643.815913061398
11.7199999999998	700.485375799858	638.787598172961
11.7299999999998	666.147857378296	633.759283284523
11.7399999999998	666.147857378296	628.730968396085
11.7499999999998	666.147857378296	623.702653507648
11.7599999999998	659.280353693984	618.674338619211
11.7699999999998	652.412850009672	613.646023730771
11.7799999999998	652.412850009672	608.617708842335
11.7899999999998	645.545346325359	603.589393953898
11.7999999999998	645.545346325359	598.561079065461
11.8099999999998	618.07533158811	593.532764177021
11.8199999999998	618.07533158811	588.504449288585
11.8299999999998	618.07533158811	583.476134400148
11.8399999999998	611.207827903797	578.44781951171
11.8499999999998	604.340324219485	573.419504623271
11.8599999999998	604.340324219485	568.391189734835
11.8699999999998	597.472820535173	563.362874846398
11.8799999999998	590.60531685086	558.33455995796
11.8899999999998	590.60531685086	553.306245069521
11.8999999999998	576.870309482235	548.277930181084
11.9099999999998	576.870309482235	543.249615292647
11.9199999999998	576.870309482235	538.22130040421
11.9299999999998	576.870309482235	533.192985515771
11.9399999999998	570.002805797923	528.164670627333
11.9499999999998	556.267798429298	523.136355738896
11.9599999999998	549.400294744986	518.10804085046
11.9699999999998	549.400294744986	513.079725962021
11.9799999999998	549.400294744986	508.051411073583
11.9899999999998	549.400294744986	503.023096185146
11.9999999999998	535.665287376361	497.99478129671
12.0099999999998	535.665287376361	492.96646640827
12.0199999999998	521.930280007736	487.938151519833
12.0299999999998	508.195272639112	482.909836631397
12.0399999999998	508.195272639112	477.88152174296
12.0499999999998	508.195272639112	472.85320685452
12.0599999999998	508.195272639112	467.824891966083
12.0699999999998	508.195272639112	462.796577077647
12.0799999999998	501.327768954799	457.768262189209
12.0899999999998	487.592761586175	452.73994730077
12.0999999999998	480.725257901862	447.711632412333
12.1099999999998	473.85775421755	442.683317523897
12.1199999999998	473.85775421755	437.655002635458
12.1299999999998	480.725257901862	432.62668774702
12.1399999999998	466.990250533237	427.598372858583
12.1499999999998	460.122746848925	422.570057970145
12.1599999999998	460.122746848925	417.541743081708
12.1699999999998	453.255243164613	412.51342819327
12.1799999999998	439.520235795988	407.485113304833
12.1899999999998	439.520235795988	402.456798416395
12.1999999999998	425.785228427363	397.428483527956
12.2099999999998	425.785228427363	392.40016863952
12.2199999999998	418.917724743051	387.371853751082
12.2299999999998	425.785228427363	382.343538862645
12.2399999999998	418.917724743051	377.315223974206
12.2499999999998	412.050221058738	372.286909085768
12.2599999999998	412.050221058738	367.258594197332
12.2699999999998	405.182717374426	362.230279308895
12.2799999999998	391.447710005802	357.201964420457
12.2899999999998	391.447710005802	352.173649532018
12.2999999999998	384.580206321489	347.145334643582
12.3099999999998	377.712702637177	342.117019755145
12.3199999999998	377.712702637177	337.088704866707
12.3299999999998	370.845198952865	332.060389978269
12.3399999999998	363.977695268552	327.032075089832
12.3499999999998	363.977695268552	322.003760201395
12.3599999999998	350.242687899928	316.975445312955
12.3699999999998	350.242687899928	311.947130424519
12.3799999999998	350.242687899928	306.918815536082
12.3899999999998	350.242687899928	301.890500647644
12.3999999999998	336.507680531303	296.862185759205
12.4099999999998	322.772673162679	291.833870870768
12.4199999999998	322.772673162679	286.805555982332
12.4299999999998	329.640176846991	281.777241093894
12.4399999999998	329.640176846991	276.748926205455
12.4499999999998	322.772673162679	271.720611317018
12.4599999999998	315.905169478366	266.69229642858
12.4699999999998	288.435154741117	261.663981540143
12.4799999999998	288.435154741117	256.635666651705
12.4899999999998	288.435154741117	251.607351763268
12.4999999999998	281.567651056805	246.57903687483
12.5099999999998	281.567651056805	241.550721986394
12.5199999999998	281.567651056805	236.522407097955
12.5299999999998	281.567651056805	231.494092209517
12.5399999999998	274.700147372493	226.46577732108
12.5499999999998	247.230132635244	221.437462432644
12.5599999999998	247.230132635244	216.409147544205
12.5699999999998	247.230132635244	211.380832655767
12.5799999999998	240.362628950931	206.35251776733
12.5899999999998	233.495125266619	201.324202878894
12.5999999999998	233.495125266619	196.295887990454
12.6099999999998	219.760117897994	191.267573102017
12.6199999999998	219.760117897994	186.239258213581
12.6299999999998	206.02511052937	181.210943325142
12.6399999999998	206.02511052937	176.182628436704
12.6499999999998	206.02511052937	171.154313548267
12.6599999999998	206.02511052937	166.12599865983
12.6699999999998	206.02511052937	161.097683771392
12.6799999999998	206.02511052937	156.069368882954
12.6899999999998	185.422599476433	151.041053994517
12.6999999999998	178.555095792121	146.012739106079
12.7099999999998	178.555095792121	140.984424217642
12.7199999999998	171.687592107808	135.956109329203
12.7299999999998	171.687592107808	130.927794440767
12.7399999999998	164.820088423496	125.899479552329
12.7499999999998	157.952584739184	120.871164663892
12.7599999999998	157.952584739184	115.842849775454
12.7699999999998	137.350073686247	110.814534887015
12.7799999999998	137.350073686247	105.786219998579
12.7899999999998	137.350073686247	100.75790511014
12.7999999999998	137.350073686247	95.7295902217037
12.8099999999998	137.350073686247	90.7012753332656
12.8199999999998	123.615066317622	85.672960444829
12.8299999999998	116.74756263331	80.6446455563904
12.8399999999998	130.482570001934	75.6163306679523
12.8499999999998	116.74756263331	70.5880157795157
12.8599999999998	109.880058948997	65.5597008910791
12.8699999999998	109.880058948997	60.5313860026406
12.8799999999998	96.1450515803726	55.5030711142024
12.8899999999998	89.2775478960603	50.4747562257659
12.8999999999998	89.2775478960603	45.4464413373289
12.9099999999998	82.4100442117479	40.4181264488911
12.9199999999998	75.5425405274356	35.3898115604526
12.9299999999998	61.8075331588109	30.3614966720156
12.9399999999998	61.8075331588109	25.3331817835775
12.9499999999998	61.8075331588109	20.3048668951389
12.9599999999998	48.0725257901863	15.2765520067023
12.9699999999998	48.0725257901863	10.2482371182653
12.9799999999998	48.0725257901863	5.21992222982759
12.9899999999998	41.205022105874	0.191607341388681
12.9999999999998	34.3375184215616	0
13.0099999999998	34.3375184215616	0
13.0199999999998	27.4700147372493	0
13.0299999999998	20.602511052937	0
13.0399999999998	13.7350073686247	0
13.0499999999998	6.86750368431233	0
13.0599999999998	6.86750368431233	0
13.0699999999998	6.86750368431233	0
13.0799999999998	0	0
13.0899999999998	0	0
13.0999999999998	0	0
13.1099999999998	0	0
13.1199999999998	0	0
13.1299999999998	0	0
13.1399999999998	0	0
13.1499999999998	0	0
13.1599999999998	0	0
13.1699999999998	0	0
13.1799999999998	0	0
13.1899999999998	0	0
13.1999999999998	0	0
13.2099999999998	0	0
13.2199999999998	0	0
13.2299999999998	0	0
13.2399999999998	0	0
13.2499999999998	0	0
13.2599999999998	0	0
13.2699999999998	0	0
13.2799999999998	0	0
13.2899999999998	0	0
13.2999999999998	0	0
13.3099999999998	0	0
13.3199999999998	0	0
13.3299999999998	0	0
13.3399999999998	0	0
13.3499999999998	0	0
13.3599999999998	0	0
13.3699999999998	0	0
13.3799999999998	0	0
13.3899999999998	0	0
13.3999999999998	0	0
13.4099999999998	0	0
13.4199999999998	0	0
13.4299999999998	0	0
13.4399999999998	0	0
13.4499999999998	0	0
13.4599999999998	0	0
13.4699999999998	0	0
13.4799999999998	0	0
13.4899999999998	0	0
13.4999999999998	0	0
13.5099999999998	0	0
13.5199999999998	0	0
13.5299999999998	0	0
13.5399999999998	0	0
13.5499999999998	0	0
13.5599999999998	0	0
13.5699999999998	0	0
13.5799999999998	0	0
13.5899999999998	0	0
13.5999999999998	0	0
13.6099999999998	0	0
13.6199999999998	0	0
13.6299999999998	0	0
13.6399999999998	0	0
13.6499999999998	0	0
13.6599999999998	0	0
13.6699999999998	0	0
13.6799999999998	0	0
13.6899999999998	0	0
13.6999999999998	0	0
13.7099999999998	0	0
13.7199999999998	0	0
13.7299999999998	0	0
13.7399999999998	0	0
13.7499999999998	0	0
13.7599999999998	0	0
13.7699999999998	0	0
13.7799999999998	0	0
13.7899999999998	0	0
13.7999999999998	0	0
13.8099999999998	0	0
13.8199999999997	0	0
13.8299999999997	0	0
13.8399999999997	0	0
13.8499999999997	0	0
13.8599999999997	0	0
13.8699999999997	0	0
13.8799999999997	0	0
13.8899999999997	0	0
13.8999999999997	0	0
13.9099999999997	0	0
13.9199999999997	0	0
13.9299999999997	0	0
13.9399999999997	0	0
13.9499999999997	0	0
13.9599999999997	0	0
13.9699999999997	0	0
13.9799999999997	0	0
13.9899999999997	0	0
13.9999999999997	0	0
14.0099999999997	0	0
14.0199999999997	0	0
14.0299999999997	0	0
14.0399999999997	0	0
14.0499999999997	0	0
14.0599999999997	0	0
14.0699999999997	0	0
14.0799999999997	0	0
14.0899999999997	0	0
14.0999999999997	0	0
14.1099999999997	0	0
14.1199999999997	0	0
14.1299999999997	0	0
14.1399999999997	0	0
14.1499999999997	0	0
14.1599999999997	0	0
14.1699999999997	0	0
14.1799999999997	0	0
14.1899999999997	0	0
14.1999999999997	0	0
14.2099999999997	0	0
14.2199999999997	0	0
14.2299999999997	0	0
14.2399999999997	0	0
14.2499999999997	0	0
14.2599999999997	0	0
14.2699999999997	0	0
14.2799999999997	0	0
14.2899999999997	0	0
14.2999999999997	0	0
14.3099999999997	0	0
14.3199999999997	0	0
14.3299999999997	0	0
14.3399999999997	0	0
14.3499999999997	0	0
14.3599999999997	0	0
14.3699999999997	0	0
14.3799999999997	0	0
14.3899999999997	0	0
14.3999999999997	0	0
14.4099999999997	0	0
14.4199999999997	0	0
14.4299999999997	0	0
14.4399999999997	0	0
14.4499999999997	0	0
14.4599999999997	0	0
14.4699999999997	0	0
14.4799999999997	0	0
14.4899999999997	0	0
14.4999999999997	0	0
14.5099999999997	0	0
14.5199999999997	0	0
14.5299999999997	0	0
14.5399999999997	0	0
14.5499999999997	0	0
14.5599999999997	0	0
14.5699999999997	0	0
14.5799999999997	0	0
14.5899999999997	0	0
14.5999999999997	0	0
14.6099999999997	0	0
14.6199999999997	0	0
14.6299999999997	0	0
14.6399999999997	0	0
14.6499999999997	0	0
14.6599999999997	0	0
14.6699999999997	0	0
14.6799999999997	0	0
14.6899999999997	0	0
14.6999999999997	0	0
14.7099999999997	0	0
14.7199999999997	0	0
14.7299999999997	0	0
14.7399999999997	0	0
14.7499999999997	0	0
14.7599999999997	0	0
14.7699999999997	0	0
14.7799999999997	0	0
14.7899999999997	0	0
14.7999999999997	0	0
14.8099999999997	0	0
14.8199999999997	0	0
14.8299999999997	0	0
14.8399999999997	0	0
14.8499999999997	0	0
14.8599999999997	0	0
14.8699999999997	0	0
14.8799999999997	0	0
14.8899999999997	0	0
14.8999999999997	0	0
14.9099999999997	0	0
14.9199999999997	0	0
14.9299999999997	0	0
14.9399999999997	0	0
14.9499999999997	0	0
14.9599999999997	0	0
14.9699999999997	0	0
14.9799999999997	0	0
14.9899999999997	0	0
14.9999999999997	0	0
15.0099999999997	0	0
15.0199999999997	0	0
15.0299999999997	0	0
15.0399999999997	0	0
15.0499999999997	0	0
15.0599999999997	0	0
15.0699999999997	0	0
15.0799999999997	0	0
15.0899999999997	0	0
15.0999999999997	0	0
