-5
-4.98333333333333
-4.96666666666667
-4.95
-4.93333333333333
-4.91666666666667
-4.9
-4.88333333333333
-4.86666666666667
-4.85
-4.83333333333333
-4.81666666666667
-4.8
-4.78333333333333
-4.76666666666667
-4.75
-4.73333333333333
-4.71666666666667
-4.7
-4.68333333333333
-4.66666666666667
-4.65
-4.63333333333333
-4.61666666666667
-4.6
-4.58333333333333
-4.56666666666667
-4.55
-4.53333333333333
-4.51666666666667
-4.5
-4.48333333333333
-4.46666666666667
-4.45
-4.43333333333333
-4.41666666666667
-4.4
-4.38333333333333
-4.36666666666667
-4.35
-4.33333333333333
-4.31666666666667
-4.3
-4.28333333333333
-4.26666666666667
-4.25
-4.23333333333333
-4.21666666666667
-4.2
-4.18333333333333
-4.16666666666667
-4.15
-4.13333333333333
-4.11666666666667
-4.1
-4.08333333333333
-4.06666666666667
-4.05
-4.03333333333333
-4.01666666666667
-4
-3.98333333333333
-3.96666666666667
-3.95
-3.93333333333333
-3.91666666666667
-3.9
-3.88333333333333
-3.86666666666667
-3.85
-3.83333333333333
-3.81666666666667
-3.8
-3.78333333333333
-3.76666666666667
-3.75
-3.73333333333333
-3.71666666666667
-3.7
-3.68333333333333
-3.66666666666667
-3.65
-3.63333333333333
-3.61666666666667
-3.6
-3.58333333333333
-3.56666666666667
-3.55
-3.53333333333333
-3.51666666666667
-3.5
-3.48333333333333
-3.46666666666667
-3.45
-3.43333333333333
-3.41666666666667
-3.4
-3.38333333333333
-3.36666666666667
-3.35
-3.33333333333333
-3.31666666666667
-3.3
-3.28333333333333
-3.26666666666667
-3.25
-3.23333333333333
-3.21666666666667
-3.2
-3.18333333333333
-3.16666666666667
-3.15
-3.13333333333333
-3.11666666666667
-3.1
-3.08333333333333
-3.06666666666667
-3.05
-3.03333333333333
-3.01666666666667
-3
-2.98333333333333
-2.96666666666667
-2.95
-2.93333333333333
-2.91666666666667
-2.9
-2.88333333333333
-2.86666666666667
-2.85
-2.83333333333333
-2.81666666666667
-2.8
-2.78333333333333
-2.76666666666667
-2.75
-2.73333333333333
-2.71666666666667
-2.7
-2.68333333333333
-2.66666666666667
-2.65
-2.63333333333333
-2.61666666666667
-2.6
-2.58333333333333
-2.56666666666667
-2.55
-2.53333333333333
-2.51666666666667
-2.5
-2.48333333333333
-2.46666666666667
-2.45
-2.43333333333333
-2.41666666666667
-2.4
-2.38333333333333
-2.36666666666667
-2.35
-2.33333333333333
-2.31666666666667
-2.3
-2.28333333333333
-2.26666666666667
-2.25
-2.23333333333333
-2.21666666666667
-2.2
-2.18333333333333
-2.16666666666667
-2.15
-2.13333333333333
-2.11666666666667
-2.1
-2.08333333333333
-2.06666666666667
-2.05
-2.03333333333333
-2.01666666666667
-2
-1.98333333333333
-1.96666666666667
-1.95
-1.93333333333333
-1.91666666666667
-1.9
-1.88333333333333
-1.86666666666667
-1.85
-1.83333333333333
-1.81666666666667
-1.8
-1.78333333333333
-1.76666666666667
-1.75
-1.73333333333333
-1.71666666666667
-1.7
-1.68333333333333
-1.66666666666667
-1.65
-1.63333333333333
-1.61666666666667
-1.6
-1.58333333333333
-1.56666666666667
-1.55
-1.53333333333333
-1.51666666666667
-1.5
-1.48333333333333
-1.46666666666667
-1.45
-1.43333333333333
-1.41666666666667
-1.4
-1.38333333333333
-1.36666666666667
-1.35
-1.33333333333333
-1.31666666666667
-1.3
-1.28333333333333
-1.26666666666667
-1.25
-1.23333333333333
-1.21666666666667
-1.2
-1.18333333333333
-1.16666666666667
-1.15
-1.13333333333333
-1.11666666666667
-1.1
-1.08333333333333
-1.06666666666667
-1.05
-1.03333333333333
-1.01666666666667
-1
-0.983333333333333
-0.966666666666667
-0.95
-0.933333333333334
-0.916666666666667
-0.9
-0.883333333333334
-0.866666666666667
-0.85
-0.833333333333333
-0.816666666666666
-0.8
-0.783333333333333
-0.766666666666667
-0.75
-0.733333333333333
-0.716666666666667
-0.7
-0.683333333333334
-0.666666666666667
-0.65
-0.633333333333334
-0.616666666666667
-0.6
-0.583333333333333
-0.566666666666666
-0.55
-0.533333333333333
-0.516666666666667
-0.5
-0.483333333333333
-0.466666666666667
-0.45
-0.433333333333334
-0.416666666666667
-0.4
-0.383333333333334
-0.366666666666667
-0.35
-0.333333333333333
-0.316666666666666
-0.3
-0.283333333333333
-0.266666666666667
-0.25
-0.233333333333333
-0.216666666666667
-0.2
-0.183333333333334
-0.166666666666667
-0.15
-0.133333333333334
-0.116666666666667
-0.0999999999999996
-0.083333333333333
-0.0666666666666664
-0.0499999999999998
-0.0333333333333332
-0.0166666666666666
0

