t	fg_V
0	0	0
0.002	0	0
0.0041	1.05215627718152E-12	5.27465E-12
0.006	1.08914400523248E-12	5.26791E-12
0.00800000000000001	1.15732964488033E-12	5.27109E-12
0.0101	1.26383808164395E-12	5.29672E-12
0.0121	1.40175680567122E-12	5.3097E-12
0.0141	1.57904589660513E-12	5.32713999999999E-12
0.0161	1.79996417843882E-12	5.35015999999999E-12
0.0180999999999999	2.06923000562963E-12	5.37996999999998E-12
0.0200999999999999	2.39194919316972E-12	5.41789999999998E-12
0.0220999999999999	2.7735510899714E-12	5.46536999999997E-12
0.0240999999999999	3.21973455046592E-12	5.52392999999996E-12
0.0260999999999999	3.73642377813483E-12	5.59525999999995E-12
0.0280999999999999	4.3297330492165E-12	5.68121999999994E-12
0.0300999999999999	5.00593893936035E-12	5.78384999999993E-12
0.0320999999999999	5.77145863918949E-12	5.90539999999994E-12
0.0341	6.63283308302754E-12	6.04839999999997E-12
0.036	7.54598141086114E-12	6.15446E-12
0.0380000000000001	8.6134956268789E-12	6.34659000000004E-12
0.0400000000000001	9.79676796684416E-12	6.56986000000008E-12
0.0420000000000002	1.11027244300281E-11	6.82839000000012E-12
0.0440000000000002	1.25383721063257E-11	7.12684000000017E-12
0.0460000000000003	1.41107950348099E-11	7.47061000000021E-12
0.0480000000000003	1.58271508292886E-11	7.86585000000026E-12
0.0500000000000004	1.76946678965963E-11	8.3196900000003E-12
0.0520000000000005	1.97206431156684E-11	8.84033000000036E-12
0.0540000000000005	2.19124398771995E-11	9.43724000000041E-12
0.0560000000000006	2.42774864075082E-11	1.01214000000005E-11
0.0580000000000006	2.68232743181209E-11	1.09055000000005E-11
0.0600000000000007	2.95573573360653E-11	1.18044000000005E-11
0.0620000000000007	3.24873501800435E-11	1.28349000000006E-11
0.0640000000000008	3.5620927555378E-11	1.40171000000006E-11
0.0660000000000009	3.89658232465097E-11	1.53737000000006E-11
0.0680000000000009	4.25298292903309E-11	1.69314000000006E-11
0.070000000000001	4.63214329294775E-11	1.87210000000006E-11
0.072000000000001	5.95863663864301E-11	2.07783000000005E-11
0.0740000000000011	7.47084095698256E-11	2.31446000000004E-11
0.0760000000000012	9.18124711204082E-11	2.58677000000002E-11
0.0780000000000012	1.11039917488086E-10	2.9003E-11
0.0800000000000013	1.32548149698012E-10	3.57002000000052E-11
0.0820000000000013	1.5651122186851E-10	4.48334000000067E-11
0.0840000000000014	1.83120762078774E-10	5.61227000000086E-11
0.0860000000000014	2.12587141728047E-10	7.00281000000112E-11
0.0880000000000015	2.45140866175053E-10	8.70959000000141E-11
0.0900000000000016	2.81034175190471E-10	1.07974000000018E-10
0.0920000000000016	3.20542851729913E-10	1.33427000000023E-10
0.0940000000000017	3.63968244333188E-10	1.64355000000028E-10
0.0960000000000017	4.11639513451731E-10	2.01815000000036E-10
0.0980000000000018	4.63916115944595E-10	2.47045000000044E-10
0.100000000000002	5.21190545253355E-10	3.01489000000055E-10
0.102000000000002	5.83891347536631E-10	3.66825000000068E-10
0.104000000000002	6.5248643637416E-10	4.45006000000084E-10
0.106000000000002	7.27486730725397E-10	5.38289000000102E-10
0.108000000000002	8.0945014368295E-10	6.49282000000125E-10
0.110000000000002	8.98985957186847E-10	7.80991000000152E-10
0.112000000000002	9.96759642980188E-10	9.36871000000186E-10
0.114000000000002	1.10349819437849E-09	1.12088000000022E-09
0.116000000000002	1.22111170767765E-09	1.33756000000027E-09
0.118000000000002	1.35262610303035E-09	1.59209000000033E-09
0.120000000000002	1.49970348928789E-09	1.89036000000039E-09
0.122000000000002	1.66417086847926E-09	2.23909000000047E-09
0.124000000000003	1.84806084457821E-09	2.64590000000056E-09
0.126000000000002	2.05363304195356E-09	3.11943000000063E-09
0.128000000000002	2.28339752479695E-09	3.66944000000066E-09
0.130000000000002	2.54014037943767E-09	4.30696000000068E-09
0.132000000000002	2.82695163235271E-09	5.04442000000071E-09
0.134000000000002	3.14725568816386E-09	5.89580000000071E-09
0.136000000000001	3.50484448400449E-09	6.8768200000007E-09
0.138000000000001	3.90391356936519E-09	8.00509000000067E-09
0.140000000000001	4.34910133391028E-09	9.30037000000061E-09
0.142000000000001	4.84553161982669E-09	1.07847000000005E-08
0.144	5.39885997004719E-09	1.24828000000004E-08
0.146	6.01532377921088E-09	1.44220000000002E-08
0.148	6.70179663051191E-09	1.66331E-08
0.1501	7.50623201968474E-09	1.92844999999997E-08
0.1521	8.36071574628318E-09	2.21632999999993E-08
0.154099999999999	9.31073974321749E-09	2.54297999999989E-08
0.156099999999999	1.03664074615612E-08	2.91308999999983E-08
0.158099999999999	1.15388083353728E-08	3.33179999999976E-08
0.160099999999999	1.28401045211029E-08	3.80483999999967E-08
0.162099999999998	1.42836243535886E-08	4.33848999999957E-08
0.164099999999998	1.58839629646459E-08	4.93971999999944E-08
0.166099999999998	1.7657090534949E-08	5.61615999999929E-08
0.168099999999998	1.96204686756614E-08	6.37625999999912E-08
0.170099999999998	2.17931754632006E-08	7.22923999999891E-08
0.172099999999997	2.41960396786163E-08	8.18527999999867E-08
0.174099999999997	2.68517848323727E-08	9.25552999999837E-08
0.176099999999997	2.97851835859029E-08	1.04521999999981E-07
0.178099999999997	3.30232232131739E-08	1.17885999999977E-07
0.180099999999996	3.65952827787217E-08	1.32794999999972E-07
0.182099999999996	4.05333227432179E-08	1.49406999999967E-07
0.184099999999996	4.48720877436687E-08	1.67897999999961E-07
0.186099999999996	4.96493233328551E-08	1.88456999999955E-07
0.188099999999996	5.4906007501666E-08	2.11291999999947E-07
0.190099999999995	6.06865978485699E-08	2.36627999999939E-07
0.192099999999995	6.70392953027035E-08	2.64712999999929E-07
0.194099999999995	7.40163253509379E-08	2.95811999999917E-07
0.196099999999995	8.16742377648832E-08	3.30214999999905E-07
0.198099999999995	9.00742258711591E-08	3.68238999999891E-07
0.200099999999994	9.92824664574431E-08	4.10223999999874E-07
0.202099999999994	1.09370481457849E-07	4.56540999999856E-07
0.204099999999994	1.20415522614145E-07	5.07589999999836E-07
0.206099999999994	1.32500980364263E-07	5.63806999999813E-07
0.208099999999993	1.45716818266481E-07	6.25659999999787E-07
0.210099999999993	1.60160034326685E-07	6.93656999999757E-07
0.212099999999993	1.75935150657264E-07	7.68344999999724E-07
0.214099999999993	1.93154732959478E-07	8.50316999999689E-07
0.216099999999993	2.11939941386711E-07	9.40210999999649E-07
0.218099999999992	2.32421114413789E-07	1.03870999999961E-06
0.220099999999992	2.54738387407695E-07	1.14656999999956E-06
0.222099999999992	2.79042347667518E-07	1.2645699999995E-06
0.224099999999992	3.05494727776365E-07	1.39356999999944E-06
0.226099999999991	3.34269139185364E-07	1.53450999999937E-06
0.228099999999991	3.65551848029745E-07	1.68835999999929E-06
0.230099999999991	3.99542595259414E-07	1.85619999999921E-06
0.232099999999991	4.36455463251443E-07	2.03916999999912E-06
0.234099999999991	4.76519791159485E-07	2.23849999999902E-06
0.23609999999999	5.19981141345376E-07	2.45548999999891E-06
0.23809999999999	5.67102319331139E-07	2.69156999999878E-06
0.24009999999999	6.18164449805113E-07	2.94823999999865E-06
0.24209999999999	6.73468111314315E-07	3.2271199999985E-06
0.244099999999989	7.33334532376029E-07	3.52993999999834E-06
0.246099999999989	7.98106851845409E-07	3.85853999999816E-06
0.248099999999989	8.68151446482129E-07	4.21490999999797E-06
0.250099999999989	9.4385932876822E-07	4.60115999999775E-06
0.252099999999989	1.02564761814089E-06	5.01954999999751E-06
0.254099999999988	1.11396108891831E-06	5.47247999999726E-06
0.256099999999988	1.20927379831313E-06	5.96251999999697E-06
0.258099999999988	1.31209079804781E-06	6.49240999999667E-06
0.260099999999988	1.42294993320708E-06	7.06507999999635E-06
0.262099999999987	1.54242373208722E-06	7.68363999999597E-06
0.264099999999987	1.67112139092715E-06	8.35139999999557E-06
0.266099999999987	1.80969085753463E-06	9.07188999999515E-06
0.268099999999987	1.95882101795033E-06	9.84885999999468E-06
0.270099999999987	2.11924399042383E-06	1.06862999999942E-05
0.272099999999986	2.29173753110798E-06	1.15884999999936E-05
0.274099999999986	2.4771275560119E-06	1.2559899999993E-05
0.276099999999986	2.67629078388683E-06	1.36052999999924E-05
0.278099999999986	2.89015750485421E-06	1.47298999999917E-05
0.280099999999985	3.11971447971957E-06	1.59388999999909E-05
0.282099999999985	3.3660079750503E-06	1.72381999999901E-05
0.284099999999985	3.63014693922854E-06	1.86338999999892E-05
0.286099999999985	3.91330632482205E-06	2.01322999999882E-05
0.288099999999985	4.2167305627457E-06	2.17402999999872E-05
0.290099999999984	4.54173719381258E-06	2.3465099999986E-05
0.292099999999984	4.88972066339727E-06	2.53143999999849E-05
0.294099999999984	5.26215628505218E-06	2.72962999999836E-05
0.296099999999984	5.66060437903131E-06	2.94193999999821E-05
0.298099999999983	6.08671459178239E-06	3.16927999999807E-05
0.300099999999983	6.54223040256842E-06	3.4125999999979E-05
0.302099999999983	7.02899382346914E-06	3.67292999999773E-05
0.304099999999983	7.54895029909448E-06	3.95132999999754E-05
0.306099999999983	8.10415381241007E-06	4.24892999999733E-05
0.308099999999982	8.69677220313094E-06	4.56692999999711E-05
0.310099999999982	9.32909270518014E-06	4.90659999999688E-05
0.312099999999982	1.00035277097326E-05	5.26925999999663E-05
0.314099999999982	1.0722620760369E-05	5.65632999999636E-05
0.316099999999982	1.16390592771637E-05	6.06926999999607E-05
0.318099999999981	1.26362827609927E-05	6.50965999999575E-05
0.320099999999981	1.37108434330795E-05	6.97913999999541E-05
0.322099999999981	1.48679600043622E-05	7.47943999999506E-05
0.324099999999981	1.61131522877236E-05	8.01238999999468E-05
0.32609999999998	1.74522557615537E-05	8.57990999999428E-05
0.32809999999998	1.88914366941546E-05	9.18402999999385E-05
0.33009999999998	2.04372078415363E-05	9.82685999999337E-05
0.33209999999998	2.20964447306858E-05	0.000105106999999929
0.33409999999998	2.3876402539828E-05	0.000112377999999923
0.336099999999979	2.57847335865306E-05	0.000120105999999918
0.338099999999979	2.78295054337214E-05	0.000128318999999912
0.340099999999979	3.00192196227837E-05	0.000137042999999905
0.342099999999979	3.23628310418509E-05	0.000146305999999898
0.344099999999978	3.48697679362384E-05	0.000156138999999891
0.346099999999978	3.75499525666005E-05	0.000166572999999883
0.348099999999978	4.04138225188869E-05	0.000177641999999875
0.350099999999978	4.34723526684692E-05	0.000189378999999866
0.352099999999978	4.80022992273322E-05	0.000201821999999856
0.354099999999977	5.42270891060101E-05	0.000215007999999846
0.356099999999977	6.09951156099809E-05	0.000228977999999836
0.358099999999977	6.8340473961081E-05	0.000243771999999825
0.360099999999977	7.62990921678907E-05	0.000259434999999813
0.362099999999976	8.49087984406521E-05	0.0002760119999998
0.364099999999976	9.42093915674204E-05	0.000293551999999786
0.366099999999976	0.00010424271399176	0.000312102999999772
0.368099999999976	0.000115052727374638	0.000331718999999757
0.370099999999976	0.000126685590450637	0.00035245299999974
0.372099999999975	0.000139189739005162	0.000374363999999723
0.374099999999975	0.000152615967807862	0.000397508999999704
0.376099999999975	0.000167017514339691	0.000421951999999685
0.378099999999975	0.000182450144148456	0.000447755999999665
0.380099999999974	0.000197822936506879	0.000474989999999643
0.382099999999974	0.000210771663759405	0.00050372299999962
0.384099999999974	0.000224561702657585	0.000534028999999597
0.386099999999974	0.000239240650071151	0.000565983999999571
0.388099999999974	0.000254858312420033	0.000599666999999545
0.390099999999973	0.000271466775951178	0.000635160999999516
0.392099999999973	0.000289120477138647	0.000672550999999486
0.394099999999973	0.0003079052943771	0.000711926999999454
0.396099999999973	0.000334911073836312	0.00075338099999942
0.398099999999972	0.000376837737314801	0.000797008999999385
0.400099999999972	0.000402218238582795	0.000842910999999348
0.402099999999972	0.000429306821368215	0.00089118999999931
0.404099999999972	0.000458200464077667	0.000941952999999267
0.406099999999972	0.000489000438687013	0.000995311999999223
0.408099999999971	0.000521812416400663	0.00105
0.410099999999971	0.000556746570327626	0.00111
0.412099999999971	0.000593917674568744	0.00117
0.414099999999971	0.000633445199067437	0.00123999999999708
0.41609999999997	0.000675453399534021	0.00130999999999705
0.41809999999997	0.000720071401711649	0.00137999999999703
0.42009999999997	0.00076743327921029	0.00145
0.42209999999997	0.00081972922036869	0.00153
0.42409999999997	0.000884651052441117	0.00161
0.426099999999969	0.000947769991093843	0.00169999999999694
0.428099999999969	0.00101498814525447	0.00178999999999691
0.430099999999969	0.00108651843370705	0.00188
0.432099999999969	0.00116235410113578	0.00198
0.434099999999969	0.00122548205844497	0.00208999999999685
0.436099999999968	0.00128959769379854	0.00219999999999683
0.438099999999968	0.00135755167525593	0.00230999999999681
0.440099999999968	0.00142952889714224	0.00242999999999679
0.442099999999968	0.00150572034599103	0.00254999999999676
0.444099999999967	0.00158632305944175	0.00267999999999674
0.446099999999967	0.0016715400647265	0.00281
0.448099999999967	0.0017615802956132	0.0029599999999967
0.450099999999967	0.00186907140231251	0.00309999999999667
0.452099999999967	0.00200781871206947	0.00325999999999665
0.454099999999966	0.00212659422205175	0.00341999999999663
0.456099999999966	0.00225241940857983	0.00357999999999661
0.458099999999966	0.00238561193044569	0.00375
0.460099999999966	0.00251903037282691	0.00393999999999656
0.462099999999965	0.00265696307590699	0.00411999999999655
0.464099999999965	0.00280266143795227	0.00431999999999652
0.466099999999965	0.00294248028612331	0.0045199999999965
0.468099999999965	0.00307889803604358	0.00472999999999647
0.470099999999965	0.00322272882708372	0.00494999999999646
0.472099999999964	0.00339223438087042	0.00517999999999643
0.474099999999964	0.00358049022203121	0.00541999999999282
0.476099999999964	0.00377928657314804	0.00565999999999638
0.478099999999964	0.00399072653407975	0.00590999999999637
0.480099999999963	0.00417912098135412	0.00617999999999268
0.482099999999963	0.00437765761653396	0.00644999999999633
0.484099999999963	0.00458670264990683	0.00672999999999631
0.486099999999963	0.00480662551864627	0.00702999999999256
0.488099999999963	0.0050377981164715	0.00732999999999252
0.490099999999962	0.00527225330114594	0.00763999999999624
0.492099999999962	0.00551322735560072	0.00796999999999243
0.494099999999962	0.00579343369324993	0.00829999999999238
0.496099999999962	0.00608406981904079	0.00864999999999233
0.498099999999961	0.00635568899709275	0.00899999999999229
0.500099999999961	0.00664130425981893	0.00936999999999225
0.502099999999961	0.00694133864113949	0.00974999999999221
0.504099999999961	0.00723225126027492	0.0101399999999922
0.506099999999961	0.00752139140677828	0.0105399999999921
0.50809999999996	0.00782440914765301	0.0109599999999881
0.51009999999996	0.00814165652972179	0.011379999999992
0.51209999999996	0.00847824521453203	0.011819999999992
0.51409999999996	0.00886766707025447	0.0122699999999919
0.516099999999959	0.00927532525918347	0.0127299999999919
0.518099999999959	0.00973314218495739	0.0132099999999878
0.520099999999959	0.0101185165227677	0.0136899999999918
0.522099999999959	0.0105008788138149	0.0141899999999918
0.524099999999959	0.0108818637293005	0.0147099999999876
0.526099999999958	0.0112792588698223	0.0152299999999917
0.528099999999958	0.0116933492088334	0.0157699999999874
0.530099999999958	0.0121172232163394	0.0163199999999874
0.532099999999958	0.0125393203853119	0.0168799999999873
0.534099999999958	0.0130148265737099	0.0174599999999873
0.536099999999957	0.0135103714916394	0.0180499999999872
0.538099999999957	0.0140050642556892	0.0186499999999871
0.540099999999957	0.0145195121010387	0.019259999999987
0.542099999999957	0.0150987359309184	0.0198899999999826
0.544099999999956	0.0156133200772422	0.0205199999999869
0.546099999999956	0.0161307980650319	0.0211699999999868
0.548099999999956	0.0166614895743349	0.0218399999999824
0.550099999999956	0.0171791005270937	0.0225099999999867
0.552099999999956	0.0177447075754814	0.0231999999999822
0.554099999999955	0.0183534426909024	0.0238899999999866
0.556099999999955	0.0190569588447279	0.0245999999999865
0.558099999999955	0.0196144599163951	0.0253299999999819
0.560099999999955	0.0201914820067299	0.0260599999999818
0.562099999999954	0.0207881002464863	0.0267999999999863
0.564099999999954	0.0214043767844032	0.0275599999999817
0.566099999999954	0.0220185708718497	0.0283299999999816
0.568099999999954	0.0226361800152286	0.0290999999999815
0.570099999999954	0.0232585311058182	0.0298899999999814
0.572099999999953	0.0239263821926668	0.0306899999999813
0.574099999999953	0.0246253544466728	0.0314999999999812
0.576099999999953	0.0253316143194574	0.0323099999999812
0.578099999999953	0.0260108894886774	0.0331399999999811
0.580099999999952	0.0267278399512153	0.033979999999981
0.582099999999952	0.0274645174948514	0.0348299999999762
0.584099999999952	0.0281384771916837	0.0356799999999808
0.586099999999952	0.0288152656835778	0.0365499999999759
0.588099999999952	0.0295107240317889	0.0374199999999806
0.590099999999951	0.0302247571958607	0.0382999999999806
0.592099999999951	0.0309559600078316	0.0391899999999804
0.594099999999951	0.0318250942241553	0.0400899999999804
0.596099999999951	0.0326172809898972	0.0409999999999753
0.59809999999995	0.0335573160075327	0.0419099999999753
0.60009999999995	0.0343401875194107	0.0428299999999801
0.60209999999995	0.0351399603355695	0.043759999999975
0.60409999999995	0.0359422985350229	0.0446899999999799
0.60609999999995	0.0367461849929181	0.0456399999999749
0.608099999999949	0.0374935298142081	0.0465799999999797
0.610099999999949	0.0382481785310989	0.0475399999999746
0.612099999999949	0.0390194944062956	0.0484999999999745
0.614099999999949	0.0397867778884318	0.0494699999999744
0.616099999999948	0.0406132424856266	0.0504399999999742
0.618099999999948	0.0414557069680779	0.0514099999999793
0.620099999999948	0.0423067647770191	0.052399999999974
0.622099999999948	0.0431558526363013	0.053389999999974
0.624099999999948	0.0439846053594787	0.0543799999999738
0.626099999999947	0.0448021953707471	0.0553799999999737
0.628099999999947	0.045643130479914	0.0563799999999736
0.630099999999947	0.0464657731442095	0.0573799999999735
0.632099999999947	0.0473040512257496	0.0583899999999734
0.634099999999946	0.0481577853051782	0.0594099999999733
0.636099999999946	0.0490192666763119	0.0604299999999731
0.638099999999946	0.0498607884787528	0.061449999999973
0.640099999999946	0.0507137479296999	0.0624699999999729
0.642099999999946	0.0515891189780291	0.0634999999999728
0.644099999999945	0.0524749576400144	0.0645399999999672
0.646099999999945	0.0536270295115498	0.0655699999999726
0.648099999999945	0.0544777479556036	0.0666099999999725
0.650099999999945	0.0553308979394749	0.0676499999999723
0.652099999999945	0.0561984536684374	0.0686899999999722
0.654099999999944	0.0570802411672439	0.0697399999999721
0.656099999999944	0.0581814938552599	0.070789999999972
0.658099999999944	0.0590315571048878	0.0718399999999719
0.660099999999944	0.0598803038243568	0.0728899999999718
0.662099999999943	0.0607335857140803	0.0739499999999717
0.664099999999943	0.0615997050506917	0.0750099999999659
0.666099999999943	0.0624784986906944	0.0760699999999657
0.668099999999943	0.0634153834520794	0.0771299999999657
0.670099999999943	0.0643767399922691	0.0781899999999712
0.672099999999942	0.0653299838655045	0.0792499999999711
0.674099999999942	0.066265489407467	0.080319999999971
0.676099999999942	0.0672443661995557	0.0813899999999651
0.678099999999942	0.0681590579485249	0.0824499999999708
0.680099999999941	0.0690540684276713	0.0835199999999707
0.682099999999941	0.0699524879593308	0.0845999999999647
0.684099999999941	0.0708415096933715	0.0856699999999646
0.686099999999941	0.0717364720760274	0.0867399999999703
0.688099999999941	0.0726156906683468	0.0878099999999702
0.69009999999994	0.0735014137293465	0.0888899999999702
0.69209999999994	0.0743666779612617	0.08995999999997
0.69409999999994	0.0752234215699784	0.0910399999999699
0.69609999999994	0.076090700497486	0.0921199999999638
0.698099999999939	0.0769914473101454	0.0931999999999636
0.700099999999939	0.0779142865750852	0.0942699999999696
0.702099999999939	0.078838758763327	0.0953499999999695
0.704099999999939	0.0797609408339752	0.0964299999999694
0.706099999999939	0.0809614406985878	0.0975099999999693
0.708099999999938	0.0818789568225931	0.0985899999999692
0.710099999999938	0.0828072452072811	0.0996699999999691
0.712099999999938	0.0837462001332333	0.100749999999969
0.714099999999938	0.0846616278600002	0.101839999999963
0.716099999999937	0.0857347481883353	0.102919999999962
0.718099999999937	0.0866589834903766	0.103999999999962
0.720099999999937	0.0875480085715868	0.105079999999969
0.722099999999937	0.088443220807662	0.106159999999968
0.724099999999937	0.0893455179331301	0.107239999999968
0.726099999999936	0.0902426490857436	0.108329999999962
0.728099999999936	0.0911351141667778	0.109409999999962
0.730099999999936	0.0920365086889623	0.110489999999968
0.732099999999936	0.0929673812092459	0.111569999999968
0.734099999999935	0.0939996288387565	0.112649999999968
0.736099999999935	0.0949258943861785	0.113729999999968
0.738099999999935	0.0958488789939988	0.114819999999961
0.740099999999935	0.0967645046892326	0.115899999999961
0.742099999999935	0.097682370897391	0.116979999999967
0.744099999999934	0.098691332673275	0.118059999999967
0.746099999999934	0.0996006024347807	0.119139999999967
0.748099999999934	0.100505833090918	0.120219999999967
0.750099999999934	0.101467478424543	0.121299999999967
0.752099999999933	0.102362689095547	0.122379999999967
0.754099999999933	0.10326225991021	0.123459999999967
0.756099999999933	0.104170469230914	0.124539999999967
0.758099999999933	0.105087249401941	0.125619999999966
0.760099999999933	0.106000253577857	0.126699999999966
0.762099999999932	0.106887735278071	0.127779999999966
0.764099999999932	0.107751887247368	0.128859999999966
0.766099999999932	0.108615552713424	0.129939999999966
0.768099999999932	0.10948689421959	0.131019999999959
0.770099999999932	0.110372102310312	0.132099999999959
0.772099999999931	0.111303433472458	0.133169999999966
0.774099999999931	0.112231772024613	0.134249999999966
0.776099999999931	0.113168425143903	0.135329999999958
0.778099999999931	0.114154398811178	0.136399999999965
0.78009999999993	0.115075330947231	0.137479999999965
0.78209999999993	0.116298413847475	0.138559999999958
0.78409999999993	0.117192649925895	0.139629999999965
0.78609999999993	0.118094350243418	0.140709999999958
0.78809999999993	0.1189952443806	0.141779999999965
0.790099999999929	0.119932256850787	0.142849999999965
0.792099999999929	0.120816695043602	0.143929999999957
0.794099999999929	0.122083093855668	0.144999999999964
0.796099999999929	0.122959659569978	0.146069999999964
0.798099999999928	0.123843864976185	0.147149999999957
0.800099999999928	0.124735662893121	0.148219999999957
0.802099999999928	0.125635008510507	0.149289999999964
0.804099999999928	0.126528489227707	0.150359999999964
0.806099999999928	0.127409617783592	0.151429999999964
0.808099999999927	0.128298093500625	0.152499999999964
0.810099999999927	0.129193875415517	0.153569999999964
0.812099999999927	0.130096924677412	0.154639999999963
0.814099999999927	0.131017329525973	0.155709999999963
0.816099999999926	0.131960199755683	0.156779999999963
0.818099999999926	0.132934040967852	0.157849999999956
0.820099999999926	0.133883311858131	0.158919999999956
0.822099999999926	0.134825823748154	0.159979999999963
0.824099999999926	0.135757675797894	0.161049999999963
0.826099999999925	0.136677572942486	0.162119999999955
0.828099999999925	0.137791926736303	0.163179999999963
0.830099999999925	0.138709748548363	0.164249999999962
0.832099999999925	0.139621980353432	0.165309999999962
0.834099999999924	0.140533091927658	0.166379999999962
0.836099999999924	0.141441248569712	0.167439999999962
0.838099999999924	0.142353487328917	0.168509999999955
0.840099999999924	0.143272736147661	0.169569999999962
0.842099999999924	0.144196693628206	0.170629999999962
0.844099999999923	0.145102540123376	0.171699999999954
0.846099999999923	0.145983869630478	0.172759999999962
0.848099999999923	0.146854711173164	0.173819999999962
0.850099999999923	0.147939070405694	0.174879999999961
0.852099999999922	0.148804408892751	0.175949999999954
0.854099999999922	0.14966246178242	0.177009999999953
0.856099999999922	0.150524269892176	0.178069999999953
0.858099999999922	0.151382015126494	0.179129999999953
0.860099999999922	0.152246029261498	0.180189999999953
0.862099999999921	0.153116287060665	0.181249999999953
0.864099999999921	0.154029493022082	0.182309999999953
0.866099999999921	0.154954846678518	0.18335999999996
0.868099999999921	0.155875999040014	0.18441999999996
0.87009999999992	0.156782744397732	0.18547999999996
0.87209999999992	0.157735217016221	0.18653999999996
0.87409999999992	0.158636680127928	0.187599999999952
0.87609999999992	0.159528493696903	0.18864999999996
0.87809999999992	0.160754254449308	0.18970999999996
0.880099999999919	0.161652148057017	0.19075999999996
0.882099999999919	0.162542705749555	0.19181999999996
0.884099999999919	0.16343757266684	0.192879999999951
0.886099999999919	0.164338797991912	0.193929999999959
0.888099999999919	0.1652463658726	0.194989999999951
0.890099999999918	0.166160261636264	0.196039999999959
0.892099999999918	0.167055015711901	0.197089999999959
0.894099999999918	0.168082788979263	0.198149999999959
0.896099999999918	0.168965919873822	0.199199999999959
0.898099999999917	0.169850598399011	0.200249999999959
0.900099999999917	0.170741375558677	0.201309999999959
0.902099999999917	0.171638237268053	0.202359999999958
0.904099999999917	0.172541170512355	0.203409999999958
0.906099999999917	0.173450163317288	0.204459999999958
0.908099999999916	0.17436520472089	0.20551999999995
0.910099999999916	0.175274572081401	0.20656999999995
0.912099999999916	0.176178453020263	0.207619999999958
0.914099999999916	0.177077416042022	0.208669999999958
0.916099999999915	0.177955072854754	0.209719999999958
0.918099999999915	0.178831732544461	0.210769999999958
0.920099999999915	0.179729476264701	0.211819999999957
0.922099999999915	0.180622220980599	0.212869999999957
0.924099999999915	0.181520241638632	0.213919999999957
0.926099999999914	0.182424283655176	0.214969999999957
0.928099999999914	0.183334338394497	0.216019999999948
0.930099999999914	0.184228072116968	0.217069999999948
0.932099999999914	0.185118660775673	0.218109999999957
0.934099999999913	0.186006401103985	0.219159999999957
0.936099999999913	0.187128166149294	0.220209999999957
0.938099999999913	0.187989336896163	0.221259999999948
0.940099999999913	0.188856048597209	0.222299999999956
0.942099999999913	0.189728291147517	0.223349999999956
0.944099999999912	0.190606055288685	0.224399999999956
0.946099999999912	0.191463857284032	0.225439999999956
0.948099999999912	0.192308225709741	0.226489999999956
0.950099999999912	0.193157876417082	0.227539999999956
0.952099999999911	0.194012799427621	0.228579999999956
0.954099999999911	0.19502999024614	0.229629999999956
0.956099999999911	0.195888602289874	0.230669999999956
0.958099999999911	0.196835635872861	0.231719999999955
0.960099999999911	0.197686558799536	0.232769999999946
0.96209999999991	0.19870200365567	0.233809999999955
0.96409999999991	0.199557664698077	0.234849999999955
0.96609999999991	0.200418584544186	0.235899999999955
0.96809999999991	0.201284755844094	0.236939999999955
0.970099999999909	0.202156171970937	0.237989999999955
0.972099999999909	0.203032827003126	0.239029999999955
0.974099999999909	0.203902622645558	0.240079999999945
0.976099999999909	0.204847005470629	0.241119999999954
0.978099999999909	0.205728101808142	0.242159999999954
0.980099999999908	0.206642289796906	0.243209999999945
0.982099999999908	0.20756223269719	0.244249999999954
0.984099999999908	0.208487929691485	0.245289999999954
0.986099999999908	0.209419380661706	0.246329999999954
0.988099999999908	0.210356586175819	0.247379999999944
0.990099999999907	0.211294589090812	0.248419999999954
0.992099999999907	0.212396246393495	0.249459999999954
0.994099999999907	0.213311320368716	0.250499999999953
0.996099999999907	0.214580191162944	0.251549999999944
0.998099999999906	0.215485873565579	0.252589999999953
1.00009999999991	0.216389754554869	0.253629999999953
1.00209999999991	0.217288481495769	0.254669999999953
1.00409999999991	0.218185774207707	0.255709999999953
1.00609999999991	0.219083829622308	0.256749999999953
1.00809999999991	0.219982789426731	0.257789999999953
1.01009999999991	0.220880829169429	0.258839999999943
1.0120999999999	0.221774967379576	0.259879999999943
1.0140999999999	0.222666417138534	0.260919999999943
1.0160999999999	0.223551940449413	0.261959999999952
1.0180999999999	0.224428712295705	0.262999999999952
1.0200999999999	0.225308589558442	0.264039999999952
1.0220999999999	0.226190220016232	0.265079999999952
1.0240999999999	0.227069491772763	0.266119999999952
1.0260999999999	0.227953928909655	0.267159999999952
1.0280999999999	0.228843530624813	0.268199999999952
1.0300999999999	0.229792358407966	0.269239999999951
1.0320999999999	0.230665534101555	0.270279999999951
1.0340999999999	0.231568088861983	0.271319999999951
1.0360999999999	0.232406071197166	0.272359999999951
1.0380999999999	0.233245916007127	0.273399999999951
1.0400999999999	0.234076702283748	0.274439999999941
1.0420999999999	0.234912210233318	0.275479999999941
1.0440999999999	0.235752436461941	0.276519999999941
1.0460999999999	0.236630218449942	0.277549999999951
1.0480999999999	0.237516226583747	0.27858999999995
1.0500999999999	0.238407415221094	0.27962999999995
1.0520999999999	0.23930378575887	0.28066999999995
1.0540999999999	0.240205340133622	0.28170999999995
1.0560999999999	0.241112080812512	0.28274999999995
1.0580999999999	0.242024010784713	0.28378999999995
1.0600999999999	0.242926312212159	0.28482999999994
1.0620999999999	0.243815938943074	0.28586999999994
1.0640999999999	0.244895815937326	0.28689999999995
1.0660999999999	0.246079396071371	0.287939999999949
1.0680999999999	0.246947947521029	0.288979999999949
1.0700999999999	0.247821383756556	0.290019999999949
1.0720999999999	0.248688303983322	0.291059999999949
1.0740999999999	0.249553561485381	0.292099999999939
1.0760999999999	0.25042359572752	0.293129999999949
1.0780999999999	0.251298407608733	0.294169999999949
1.0800999999999	0.252177998501747	0.295209999999949
1.0820999999999	0.25306237024479	0.296249999999949
1.0840999999999	0.253939264666675	0.297289999999938
1.0860999999999	0.254819955647753	0.298319999999948
1.0880999999999	0.255705369027229	0.299359999999948
1.0900999999999	0.256595507467314	0.300399999999948
1.0920999999999	0.257870198820881	0.301439999999948
1.0940999999999	0.258749567951963	0.302479999999938
1.0960999999999	0.259628234810828	0.303509999999948
1.0980999999999	0.260507544180059	0.304549999999948
1.1000999999999	0.261489852742517	0.305589999999948
1.1020999999999	0.262360789599816	0.306629999999948
1.10409999999989	0.263228984398358	0.307669999999937
1.10609999999989	0.26410182877538	0.308699999999947
1.10809999999989	0.264970386989851	0.309739999999947
1.11009999999989	0.265842213255854	0.310779999999947
1.11209999999989	0.26671865741987	0.311819999999936
1.11409999999989	0.267599722372407	0.312849999999947
1.11609999999989	0.268485411419421	0.313889999999947
1.11809999999989	0.269383247496223	0.314929999999947
1.12009999999989	0.27030229225478	0.315969999999946
1.12209999999989	0.271226373091306	0.317009999999936
1.12409999999989	0.272140648542066	0.318039999999946
1.12609999999989	0.273047088790768	0.319079999999946
1.12809999999989	0.273934291445336	0.320119999999946
1.13009999999989	0.274826293485187	0.321159999999935
1.13209999999989	0.275723099696505	0.322189999999946
1.13409999999989	0.276643940908499	0.323229999999946
1.13609999999989	0.277524734877284	0.324269999999946
1.13809999999989	0.278390957193446	0.325309999999946
1.14009999999989	0.279642507106863	0.326349999999935
1.14209999999989	0.280512555167324	0.327379999999945
1.14409999999989	0.281387299951471	0.328419999999945
1.14609999999989	0.282266745334124	0.329459999999945
1.14809999999989	0.283150895615733	0.330499999999945
1.15009999999989	0.284039755516563	0.331539999999934
1.15209999999989	0.284933330171198	0.332569999999945
1.15409999999989	0.285831625123335	0.333609999999945
1.15609999999989	0.286734646320893	0.334649999999945
1.15809999999989	0.287619998584885	0.335689999999944
1.16009999999989	0.288500841083194	0.336729999999933
1.16209999999989	0.289371719991057	0.337759999999944
1.16409999999989	0.29023457469896	0.338799999999944
1.16609999999989	0.291101842698733	0.339839999999944
1.16809999999989	0.291973528036516	0.340879999999944
1.17009999999989	0.292844692794914	0.341919999999933
1.17209999999989	0.29371115878498	0.342949999999944
1.17409999999989	0.294581978161689	0.343989999999944
1.17609999999989	0.295457155463382	0.345029999999943
1.17809999999989	0.296568731513035	0.346069999999943
1.18009999999989	0.297447645456869	0.347109999999943
1.18209999999989	0.298517514586363	0.348149999999932
1.18409999999989	0.299374142889675	0.349189999999932
1.18609999999989	0.300235010266229	0.350219999999943
1.18809999999989	0.30110012078919	0.351259999999943
1.19009999999989	0.301969478876528	0.352299999999943
1.19209999999989	0.302843089286521	0.353339999999943
1.19409999999988	0.303720957113501	0.354379999999942
1.19609999999988	0.304603087783825	0.355419999999942
1.19809999999988	0.305513270835186	0.356459999999931
1.20009999999988	0.306437329962913	0.357499999999931
1.20209999999988	0.30735762235775	0.358529999999942
1.20409999999988	0.30827044072129	0.359569999999942
1.20609999999988	0.309187804596109	0.360609999999942
1.20809999999988	0.310106264364487	0.361649999999942
1.21009999999988	0.311022358804829	0.362689999999942
1.21209999999988	0.311943041851519	0.363729999999941
1.21409999999988	0.312858207709109	0.364769999999941
1.21609999999988	0.313762412938295	0.365809999999941
1.21809999999988	0.314670954174118	0.366849999999941
1.22009999999988	0.3159919386001	0.367889999999941
1.22209999999988	0.317251711317511	0.368929999999941
1.22409999999988	0.318175000669323	0.369969999999941
1.22609999999988	0.319049657636782	0.371009999999941
1.22809999999988	0.319925293919865	0.372049999999941
1.23009999999988	0.320802953662044	0.37308999999994
1.23209999999988	0.321676404705683	0.37412999999994
1.23409999999988	0.322542501643312	0.37516999999994
1.23609999999988	0.323406926457937	0.37620999999994
1.23809999999988	0.324259586550703	0.37724999999994
1.24009999999988	0.325116278276668	0.37828999999994
1.24209999999988	0.325977046052311	0.37932999999994
1.24409999999988	0.326841895143825	0.38036999999994
1.24609999999988	0.327710831132509	0.38140999999994
1.24809999999988	0.328583859911255	0.38244999999994
1.25009999999988	0.329460987681254	0.383489999999939
1.25209999999988	0.330325995118197	0.384529999999939
1.25409999999988	0.331465116846994	0.385569999999939
1.25609999999988	0.332330305611945	0.386619999999927
1.25809999999988	0.333199418949396	0.387659999999927
1.26009999999988	0.334072612817733	0.388699999999939
1.26209999999988	0.334949893676454	0.389739999999939
1.26409999999988	0.335897072181397	0.390779999999939
1.26609999999988	0.33677461603049	0.391819999999939
1.26809999999988	0.337656273558094	0.392859999999938
1.27009999999988	0.33854205196332	0.393909999999926
1.27209999999988	0.339431958746563	0.394949999999926
1.27409999999988	0.340326001707128	0.395989999999938
1.27609999999988	0.341214146524308	0.397029999999938
1.27809999999988	0.342093088146605	0.398069999999938
1.28009999999988	0.342967276169438	0.399109999999938
1.28209999999988	0.343879814731236	0.400159999999938
1.28409999999988	0.344772848178725	0.401199999999938
1.28609999999987	0.345675779529554	0.402239999999937
1.28809999999987	0.346576210202888	0.403279999999937
1.29009999999987	0.347473113891633	0.404329999999937
1.29209999999987	0.348366220237474	0.405369999999937
1.29409999999987	0.349258058836303	0.406409999999937
1.29609999999987	0.350154105445207	0.407459999999924
1.29809999999987	0.351054368951951	0.408499999999937
1.30009999999987	0.351958858549521	0.409539999999937
1.30209999999987	0.352857914675221	0.410589999999924
1.30409999999987	0.35375552700165	0.411629999999936
1.30609999999987	0.35465729375947	0.412669999999936
1.30809999999987	0.35597547863693	0.413719999999923
1.31009999999987	0.356880641130138	0.414759999999936
1.31209999999987	0.357789990922243	0.415799999999936
1.31409999999987	0.358703537852747	0.416849999999936
1.31609999999987	0.359621292058152	0.417889999999936
1.31809999999987	0.360543263970919	0.418939999999923
1.32009999999987	0.361661807343267	0.419979999999936
1.32209999999987	0.362572597562446	0.421019999999935
1.32409999999987	0.363478150905471	0.422069999999935
1.32609999999987	0.364375164351261	0.423109999999935
1.32809999999987	0.365271895222997	0.424159999999935
1.33009999999987	0.366161824341294	0.425199999999935
1.33209999999987	0.367055757492643	0.426249999999935
1.33409999999987	0.367953703651035	0.427289999999935
1.33609999999987	0.368848065803573	0.428339999999935
1.33809999999987	0.369732046818658	0.429379999999934
1.34009999999987	0.370618680649234	0.430429999999934
1.34209999999987	0.371509235260401	0.431469999999934
1.34409999999987	0.372385008488054	0.432519999999934
1.34609999999987	0.373261752361909	0.433569999999921
1.34809999999987	0.374142331977857	0.434609999999934
1.35009999999987	0.375026755637025	0.435659999999934
1.35209999999987	0.375915031903629	0.436699999999934
1.35409999999987	0.376884962277285	0.437749999999934
1.35609999999987	0.377755804348834	0.43879999999992
1.35809999999987	0.378950115353897	0.439839999999933
1.36009999999987	0.379797967453277	0.440889999999933
1.36209999999987	0.380649440536122	0.44193999999992
1.36409999999987	0.381496335583356	0.442979999999933
1.36609999999987	0.382345808414167	0.444029999999933
1.36809999999987	0.383198883788138	0.445079999999933
1.37009999999987	0.384055568559195	0.446129999999919
1.37209999999987	0.384915869828544	0.447169999999933
1.37409999999987	0.385779794942772	0.448219999999933
1.37609999999986	0.386666409814862	0.449269999999932
1.37809999999986	0.38756682152822	0.450319999999919
1.38009999999986	0.388455927932886	0.451359999999932
1.38209999999986	0.389347003869884	0.452409999999932
1.38409999999986	0.390242010315388	0.453459999999932
1.38609999999986	0.391140957303858	0.454509999999932
1.38809999999986	0.392043855140634	0.455559999999918
1.39009999999986	0.392950714401292	0.456599999999932
1.39209999999986	0.393861545931138	0.457649999999932
1.39409999999986	0.394776360844832	0.458699999999932
1.39609999999986	0.395684015274582	0.459749999999931
1.39809999999986	0.396582833131506	0.460799999999931
1.40009999999986	0.397480642912225	0.461849999999931
1.40209999999986	0.398558658974727	0.462899999999931
1.40409999999986	0.400248685413789	0.463949999999931
1.40609999999986	0.401337709851064	0.464999999999931
1.40809999999986	0.402194620225197	0.466049999999931
1.41009999999986	0.403055216692562	0.467099999999931
1.41209999999986	0.403919507162021	0.468149999999931
1.41409999999986	0.404787499810474	0.46919999999993
1.41609999999986	0.405659203081131	0.47024999999993
1.41809999999986	0.406534625681935	0.47129999999993
1.42009999999986	0.407413776584133	0.47234999999993
1.42209999999986	0.408296665021	0.47339999999993
1.42409999999986	0.409183300486708	0.47444999999993
1.42609999999986	0.410073692735331	0.47549999999993
1.42809999999986	0.410967851779997	0.47654999999993
1.43009999999986	0.41186578789217	0.477599999999929
1.43209999999986	0.41276751160108	0.478659999999915
1.43409999999986	0.413673033693268	0.479709999999929
1.43609999999986	0.414582365212281	0.480759999999929
1.43809999999986	0.415495517458476	0.481809999999929
1.44009999999986	0.41641250198898	0.482859999999929
1.44209999999986	0.417331751156074	0.483919999999915
1.44409999999986	0.418249530469985	0.484969999999929
1.44609999999986	0.419156326446492	0.486019999999929
1.44809999999986	0.420066900021557	0.487069999999929
1.45009999999986	0.421157742373887	0.488129999999914
1.45209999999986	0.42211738645058	0.489179999999928
1.45409999999986	0.423025455680395	0.490229999999928
1.45609999999986	0.423937348471062	0.491279999999928
1.45809999999986	0.424853076638255	0.492339999999928
1.46009999999986	0.425764059941096	0.493389999999928
1.46209999999986	0.426678548295749	0.494439999999928
1.46409999999986	0.427596861582606	0.495499999999928
1.46609999999985	0.428691542938851	0.496549999999927
1.46809999999985	0.429600579542357	0.497609999999913
1.47009999999985	0.430513417180323	0.498659999999927
1.47209999999985	0.431430067886353	0.499719999999913
1.47409999999985	0.432348433311861	0.500769999999927
1.47609999999985	0.43329242067207	0.501819999999927
1.47809999999985	0.434218669495818	0.502879999999927
1.48009999999985	0.435142758030806	0.503929999999927
1.48209999999985	0.436063928053201	0.504989999999927
1.48409999999985	0.436989060389859	0.506039999999927
1.48609999999985	0.437918168501022	0.507099999999926
1.48809999999985	0.438843149683457	0.508159999999912
1.49009999999985	0.439768224155042	0.509209999999926
1.49209999999985	0.440697236554512	0.510269999999911
1.49409999999985	0.441619513475278	0.511319999999926
1.49609999999985	0.44252952786282	0.512379999999926
1.49809999999985	0.443436925620165	0.513429999999926
1.50009999999985	0.444348106608771	0.514489999999926
1.50209999999985	0.445261221811368	0.51554999999991
1.50409999999985	0.446612744147878	0.516599999999925
1.50609999999985	0.447522295300879	0.517659999999925
1.50809999999985	0.448435628711289	0.518719999999925
1.51009999999985	0.449352757043115	0.51977999999991
1.51209999999985	0.450273693232188	0.520829999999925
1.51409999999985	0.451292868446071	0.521889999999925
1.51609999999985	0.452207073002983	0.522949999999925
1.51809999999985	0.453125018349236	0.524009999999909
1.52009999999985	0.454035279917204	0.525059999999924
1.52209999999985	0.454942500639993	0.526119999999924
1.52409999999985	0.45584773856968	0.527179999999924
1.52609999999985	0.456732850968159	0.528239999999924
1.52809999999985	0.457607394379552	0.529299999999909
1.53009999999985	0.458485355855256	0.530359999999909
1.53209999999985	0.459360633610875	0.531409999999924
1.53409999999985	0.460233746627236	0.532469999999924
1.53609999999985	0.461110238612667	0.533529999999924
1.53809999999985	0.461990119827739	0.534589999999924
1.54009999999985	0.462864135052205	0.535649999999923
1.54209999999985	0.463739896669033	0.536709999999923
1.54409999999985	0.464619015629571	0.537769999999923
1.54609999999985	0.465491954517028	0.538829999999923
1.54809999999985	0.466364899403174	0.539889999999923
1.55009999999985	0.467234765196004	0.540949999999923
1.55209999999985	0.468107925754376	0.542009999999923
1.55409999999985	0.469225342606126	0.543069999999923
1.55609999999985	0.470093985378512	0.544129999999923
1.55809999999984	0.471339962690297	0.545189999999922
1.56009999999984	0.472206618160843	0.546249999999922
1.56209999999984	0.473076488715308	0.547319999999907
1.56409999999984	0.473949584331233	0.548379999999906
1.56609999999984	0.474825915198926	0.549439999999922
1.56809999999984	0.475705491721254	0.550499999999922
1.57009999999984	0.476588324513545	0.551559999999922
1.57209999999984	0.477474424403598	0.552619999999922
1.57409999999984	0.478363802431792	0.553689999999906
1.57609999999984	0.479256469851314	0.554749999999921
1.57809999999984	0.480152438128473	0.555809999999921
1.58009999999984	0.481056701597026	0.556869999999921
1.58209999999984	0.481987735499306	0.557939999999905
1.58409999999984	0.48290621272763	0.558999999999921
1.58609999999984	0.483821564438636	0.560059999999921
1.58809999999984	0.484740460618794	0.561129999999905
1.59009999999984	0.485662914994526	0.562189999999921
1.59209999999984	0.486588941537721	0.563249999999921
1.59409999999984	0.487511772526378	0.564319999999904
1.59609999999984	0.488430876231383	0.56537999999992
1.59809999999984	0.48935348975639	0.56643999999992
1.60009999999984	0.490480902483843	0.56750999999992
1.60209999999984	0.491405575518246	0.56856999999992
1.60409999999984	0.49232114276161	0.569639999999904
1.60609999999984	0.49323888365651	0.57069999999992
1.60809999999984	0.494154909303603	0.571769999999904
1.61009999999984	0.495071066899005	0.572829999999919
1.61209999999984	0.496546640426127	0.573899999999903
1.61409999999984	0.497875563152953	0.574959999999919
1.61609999999984	0.498787088625294	0.576029999999903
1.61809999999984	0.499729835095844	0.577089999999919
1.62009999999984	0.500642958135822	0.578159999999919
1.62209999999984	0.501559568820495	0.579229999999903
1.62409999999984	0.50247573670804	0.580289999999919
1.62609999999984	0.503390792206352	0.581359999999902
1.62809999999984	0.504309327365141	0.582419999999919
1.63009999999984	0.505231356318094	0.583489999999918
1.63209999999984	0.506149557786809	0.584559999999902
1.63409999999984	0.507066305909446	0.585619999999918
1.63609999999984	0.507979775061637	0.586689999999918
1.63809999999984	0.508896675216599	0.587759999999918
1.64009999999984	0.509817020458159	0.588829999999901
1.64209999999984	0.510740825119046	0.589889999999918
1.64409999999984	0.511663705619584	0.590959999999918
1.64609999999984	0.512583895354994	0.592029999999918
1.64809999999983	0.513500264839304	0.593099999999901
1.65009999999983	0.514416520182128	0.594169999999901
1.65209999999983	0.515326799004133	0.595229999999917
1.65409999999983	0.516240420644214	0.596299999999917
1.65609999999983	0.517150010398108	0.597369999999917
1.65809999999983	0.518061843285407	0.598439999999917
1.66009999999983	0.518977010321938	0.599509999999917
1.66209999999983	0.519895525594368	0.6005799999999
1.66409999999983	0.520817403427665	0.6016499999999
1.66609999999983	0.521735731500463	0.6027199999999
1.66809999999983	0.522685357990853	0.6037899999999
1.67009999999983	0.523595642105738	0.604859999999899
1.67209999999983	0.524499437707829	0.605929999999899
1.67409999999983	0.525398312383154	0.606999999999899
1.67609999999983	0.526291638217626	0.608069999999899
1.67809999999983	0.527188158574549	0.609139999999899
1.68009999999983	0.528087886591623	0.610209999999899
1.68209999999983	0.528990835633279	0.611279999999916
1.68409999999983	0.529886975477744	0.612349999999915
1.68609999999983	0.530786102171792	0.613419999999915
1.68809999999983	0.531688422601491	0.614489999999915
1.69009999999983	0.532592565465566	0.615559999999915
1.69209999999983	0.533487662684615	0.616639999999898
1.69409999999983	0.534397616608773	0.617709999999898
1.69609999999983	0.535304891105808	0.618779999999915
1.69809999999983	0.536215404702749	0.619849999999915
1.70009999999983	0.537129115388129	0.620919999999915
1.70209999999983	0.538037311410694	0.621999999999897
1.70409999999983	0.538947799010584	0.623069999999897
1.70609999999983	0.539854205067042	0.624139999999914
1.70809999999983	0.540763427356553	0.625209999999914
1.71009999999983	0.541675956715268	0.626289999999897
1.71209999999983	0.542591808098966	0.627359999999914
1.71409999999983	0.543510996709967	0.628429999999914
1.71609999999983	0.544433537999054	0.629509999999897
1.71809999999983	0.545349569169547	0.630579999999914
1.72009999999983	0.546265253625975	0.631659999999896
1.72209999999983	0.547184230532585	0.632729999999913
1.72409999999983	0.548106515297244	0.633799999999913
1.72609999999983	0.549032295354043	0.634879999999896
1.72809999999983	0.550431890920148	0.635949999999913
1.73009999999983	0.55136111441863	0.637029999999895
1.73209999999983	0.552293694331162	0.638099999999913
1.73409999999983	0.553229647109525	0.639179999999895
1.73609999999983	0.554432962027006	0.640249999999913
1.73809999999983	0.555356869008251	0.641329999999895
1.74009999999982	0.556260756793997	0.642399999999912
1.74209999999982	0.557162777027081	0.643479999999895
1.74409999999982	0.558116966288139	0.644549999999912
1.74609999999982	0.55898768260383	0.645629999999912
1.74809999999982	0.559861227623308	0.646709999999894
1.75009999999982	0.560737613584321	0.647779999999912
1.75209999999982	0.561608374365872	0.648859999999912
1.75409999999982	0.562476988204476	0.649939999999894
1.75609999999982	0.563348381747651	0.651009999999911
1.75809999999982	0.564222567149329	0.652089999999911
1.76009999999982	0.565099556753945	0.653169999999894
1.76209999999982	0.565979363097365	0.654239999999911
1.76409999999982	0.566861998907894	0.655319999999911
1.76609999999982	0.567747477107382	0.656399999999911
1.76809999999982	0.568635810812418	0.657479999999893
1.77009999999982	0.569524486937838	0.658559999999893
1.77209999999982	0.5704104015427	0.659629999999911
1.77409999999982	0.571299160468823	0.660709999999911
1.77609999999982	0.572190777121213	0.66178999999991
1.77809999999982	0.573085265101334	0.662869999999892
1.78009999999982	0.573982638208637	0.663949999999892
1.78209999999982	0.57488291044221	0.665029999999892
1.78409999999982	0.576209845994966	0.666109999999892
1.78609999999982	0.577114728629928	0.66717999999991
1.78809999999982	0.578450632881221	0.66825999999991
1.79009999999982	0.579346717758093	0.66933999999991
1.79209999999982	0.580245665541737	0.67041999999991
1.79409999999982	0.581147490457592	0.671499999999909
1.79609999999982	0.582048137276845	0.672579999999909
1.79809999999982	0.583115447178404	0.673659999999909
1.80009999999982	0.584003256179615	0.674739999999909
1.80209999999982	0.58489387503775	0.675819999999909
1.80409999999982	0.585787317677446	0.676909999999891
1.80609999999982	0.586683598226244	0.677989999999891
1.80809999999982	0.587582731016282	0.67906999999989
1.81009999999982	0.58848473058608	0.68014999999989
1.81209999999982	0.589389611682427	0.681229999999908
1.81409999999982	0.590303676250881	0.682309999999908
1.81609999999982	0.59123375833258	0.683389999999908
1.81809999999982	0.592167050968119	0.68447999999989
1.82009999999982	0.593103571959599	0.685559999999889
1.82209999999982	0.59404107739748	0.686639999999908
1.82409999999982	0.595137331862495	0.687719999999908
1.82609999999982	0.596070738378748	0.688799999999908
1.82809999999982	0.596997441714323	0.689889999999889
1.83009999999981	0.597926920843507	0.690969999999907
1.83209999999981	0.598859582514999	0.692049999999907
1.83409999999981	0.599795444725095	0.693139999999889
1.83609999999981	0.600732316649474	0.694219999999888
1.83809999999981	0.601664345008464	0.695299999999907
1.84009999999981	0.602589979483494	0.696389999999888
1.84209999999981	0.603512569883083	0.697469999999907
1.84409999999981	0.604432566421966	0.698549999999907
1.84609999999981	0.60535561116207	0.699639999999888
1.84809999999981	0.606281721375937	0.700719999999906
1.85009999999981	0.607677968195889	0.701809999999888
1.85209999999981	0.608785013437016	0.702889999999906
1.85409999999981	0.610105990393421	0.703979999999887
1.85609999999981	0.61100420920146	0.705059999999906
1.85809999999981	0.611905305308365	0.706149999999887
1.86009999999981	0.612809294675995	0.707229999999906
1.86209999999981	0.613716193504252	0.708319999999887
1.86409999999981	0.614626018233493	0.709399999999906
1.86609999999981	0.615538785547061	0.710489999999886
1.86809999999981	0.616454512373951	0.711569999999905
1.87009999999981	0.617373215891589	0.712659999999886
1.87209999999981	0.618289760534609	0.713749999999886
1.87409999999981	0.619205876239842	0.714829999999905
1.87609999999981	0.620121896877571	0.715919999999886
1.87809999999981	0.621035511932487	0.716999999999905
1.88009999999981	0.62195206279575	0.718089999999905
1.88209999999981	0.622871566865396	0.719179999999885
1.88409999999981	0.623794041790073	0.720269999999885
1.88609999999981	0.624719505472256	0.721349999999904
1.88809999999981	0.625641249790219	0.722439999999904
1.89009999999981	0.626560136306886	0.723529999999885
1.89209999999981	0.627481954611038	0.724619999999885
1.89409999999981	0.628406722576576	0.725699999999904
1.89609999999981	0.629334458330277	0.726789999999904
1.89809999999981	0.630287871639756	0.727879999999904
1.90009999999981	0.631210857251615	0.728969999999884
1.90209999999981	0.632121858397995	0.730059999999884
1.90409999999981	0.633028777714743	0.731139999999903
1.90609999999981	0.633938483728942	0.732229999999903
1.90809999999981	0.634846041217937	0.733319999999903
1.91009999999981	0.635751848401188	0.734409999999903
1.91209999999981	0.636654980901172	0.735499999999903
1.91409999999981	0.637569493466804	0.736589999999903
1.91609999999981	0.638456949763227	0.737679999999903
1.91809999999981	0.639347028559972	0.738769999999903
1.9200999999998	0.640239745730333	0.739859999999902
1.9220999999998	0.641135117360005	0.740949999999902
1.9240999999998	0.642033159749696	0.742039999999902
1.9260999999998	0.64293388941786	0.743129999999902
1.9280999999998	0.643829648093542	0.744219999999902
1.9300999999998	0.644721620323497	0.745309999999902
1.9320999999998	0.645616201050437	0.746399999999902
1.9340999999998	0.646513406555428	0.747489999999902
1.9360999999998	0.647413253331795	0.748579999999902
1.9380999999998	0.648315758088027	0.749679999999882
1.9400999999998	0.649220937750775	0.750769999999882
1.9420999999998	0.650139763617161	0.751859999999881
1.9440999999998	0.651064329023656	0.752949999999901
1.9460999999998	0.651991852165467	0.754039999999901
1.9480999999998	0.652918330702825	0.755129999999901
1.9500999999998	0.653843982647966	0.756229999999881
1.9520999999998	0.654772586083609	0.757319999999881
1.9540999999998	0.655704160905709	0.758409999999901
1.9560999999998	0.656638727290323	0.7594999999999
1.9580999999998	0.6575763056983	0.760599999999881
1.9600999999998	0.658516916880151	0.76168999999988
1.9620999999998	0.659452407921553	0.7627799999999
1.9640999999998	0.660387574631855	0.76387999999988
1.9660999999998	0.661325724414611	0.76496999999988
1.9680999999998	0.662261342571867	0.7660599999999
1.9700999999998	0.663186797959113	0.76715999999988
1.9720999999998	0.664165990254168	0.7682499999999
1.9740999999998	0.665089085868477	0.7693399999999
1.9760999999998	0.666012261958968	0.770439999999879
1.9780999999998	0.666933304192987	0.771529999999899
1.9800999999998	0.668353830072772	0.772629999999879
1.9820999999998	0.669266203703334	0.773719999999899
1.9840999999998	0.670181292830263	0.774819999999879
1.9860999999998	0.671099116593112	0.775909999999899
1.9880999999998	0.672693316747914	0.777009999999879
1.9900999999998	0.673607587573023	0.778099999999899
1.9920999999998	0.674689443609343	0.779199999999878
1.9940999999998	0.675596513699621	0.780289999999898
1.9960999999998	0.6764997074921	0.781389999999878
1.9980999999998	0.677405461555107	0.782479999999898
