t	fsi_A	fsi_V
0	0	0	0
0.002	0	0	0
0.0041	1	0.0108514211427423	1
0.006	1	0.0444325660351959	0.999962034279249
0.00800000000000001	1	0.100700847837473	0.999922217226418
0.0101	1	0.176428854797309	1
0.0121	1	0.257374677353227	1
0.0141	1	0.34064202721983	1
0.0161	1	0.421434053080957	1
0.0180999999999999	1	0.496570627934615	1
0.0200999999999999	1	0.564329687624594	1
0.0220999999999999	1	0.624102025254053	1
0.0240999999999999	1	0.676020767976205	0.999999999999999
0.0260999999999999	1	0.720650486089084	0.999999999999999
0.0280999999999999	1	0.758761795692308	0.999999999999998
0.0300999999999999	1	0.791185037040992	0.999999999999998
0.0320999999999999	1	0.818724700189176	0.999999999999998
0.0341	1	0.842115493314756	0.999999999999998
0.036	1	0.861084350002644	0.997151659122003
0.0380000000000001	1	0.878164199595932	0.996782524158645
0.0400000000000001	1	0.892750183260296	0.996394139296731
0.0420000000000002	1	0.905242752862294	0.99598587661221
0.0440000000000002	1	0.915976445041821	0.995564654180545
0.0460000000000003	1	0.925229804225818	0.99512891182917
0.0480000000000003	1	0.933234421400259	0.994683346364366
0.0500000000000004	1	0.940182834435701	0.994229352295601
0.0520000000000005	1	0.946235259532831	0.993770594536658
0.0540000000000005	1	0.951525234097382	0.993310544184564
0.0560000000000006	1	0.956164297814882	0.99284683937009
0.0580000000000006	1	0.960245850304508	0.992398331117374
0.0600000000000007	1	0.963848317717658	0.991935210599492
0.0620000000000007	1	0.967037746778232	0.991507530249619
0.0640000000000008	1	0.969869928358016	0.991068052592977
0.0660000000000009	1	0.972392136476591	0.990652868210076
0.0680000000000009	1	0.974644553881225	0.990248886684002
0.070000000000001	0.999990821903998	0.972439940511682	0.989866994284593
0.072000000000001	1	1.1497284206028	0.989503472372729
0.0740000000000011	1	1.27510099775009	0.989155137699626
0.0760000000000012	1	1.36718747272988	0.988831631726181
0.0780000000000012	1	1.43687635879326	0.988528772885703
0.0800000000000013	1	1.49090530765315	0.992944017120343
0.0820000000000013	1	1.53363676655097	0.970579969397797
0.0840000000000014	1	1.56800261758108	0.938237112612163
0.0860000000000014	1	1.59603581788019	0.899913034910242
0.0880000000000015	1	1.61918394537638	0.858447986644575
0.0900000000000016	1	1.63850158544887	0.815826958341789
0.0920000000000016	1	1.65477245021935	0.773419173030911
0.0940000000000017	1	1.66858920929285	0.732134708405553
0.0960000000000017	1	1.68040703782688	0.692560017838085
0.0980000000000018	1	1.69058036149561	0.655050699265283
0.100000000000002	1	1.69938858666526	0.619797073856726
0.102000000000002	1	1.70705444720728	0.586873849928409
0.104000000000002	1	1.713757302016	0.556273398560889
0.106000000000002	1	1.71964291645647	0.527937594860726
0.108000000000002	1	1.72483075498368	0.501777347901194
0.110000000000002	1	1.72941948575611	0.47767643929313
0.112000000000002	1	1.73349118362174	0.455512018196718
0.114000000000002	1	1.73711457274181	0.435158982228227
0.116000000000002	0.999393731826685	1.73877836720914	0.416484494153513
0.118000000000002	0.997315180348355	1.73635215509312	0.399365613752972
0.120000000000002	0.993927455291605	1.73039398473414	0.383686176178064
0.122000000000002	0.989397758901637	1.72144979972589	0.369331737446892
0.124000000000003	0.983883794913213	1.71001942159375	0.356196757247045
0.126000000000002	0.977533222498493	1.69655686463427	0.344181469050421
0.128000000000002	0.97048333830202	1.68147141323804	0.333197981163326
0.130000000000002	0.962860956411107	1.66512929729454	0.323160651596476
0.132000000000002	0.954782456506328	1.64785581695458	0.313992490712502
0.134000000000002	0.946353971672648	1.62993778549383	0.305622646629798
0.136000000000001	0.937671689205116	1.61162617714447	0.297985115213132
0.138000000000001	0.928822240014993	1.59313888465478	0.291024835448442
0.140000000000001	0.91988315476144	1.57466350834538	0.284683297546224
0.142000000000001	0.910923367457892	1.55636011410777	0.278913646183944
0.144	0.902003749917923	1.5383639118609	0.273667766847181
0.146	0.893177662926574	1.52078781831316	0.268907918457911
0.148	0.884491512388416	1.50372487844696	0.264593491291461
0.1501	0.87556534966556	1.48644339786971	0.260506624491172
0.1521	0.867284717728404	1.47065131071908	0.257002792905389
0.154099999999999	0.859248267626905	1.4555560683628	0.253849027518896
0.156099999999999	0.851479721222981	1.44119162741809	0.251017647927117
0.158099999999999	0.843998451968583	1.42758177674842	0.248486703883787
0.160099999999999	0.836819928627498	1.41474156026446	0.24623190462674
0.162099999999998	0.829956130020733	1.40267855014744	0.244234745268516
0.164099999999998	0.823415930376036	1.3913939803414	0.24247325759355
0.166099999999998	0.817205455433515	1.38088375075169	0.240933306743399
0.168099999999998	0.811328409905316	1.37113931278846	0.23959813432953
0.170099999999998	0.805786377226225	1.36214844679959	0.238453834704618
0.172099999999997	0.800579092780525	1.35389594162546	0.237484850854218
0.174099999999997	0.795704691963665	1.34636418604091	0.236679044852106
0.176099999999997	0.791159934548626	1.3395336812806	0.236025908421194
0.178099999999997	0.786940406888108	1.33338348321183	0.235515667678944
0.180099999999996	0.783040703504882	1.32789158205667	0.235135359012012
0.182099999999996	0.77945458961259	1.32303522689624	0.234878553213705
0.184099999999996	0.776175146075209	1.31879120153226	0.234735375049138
0.186099999999996	0.773194898261416	1.31513605764715	0.234699692768111
0.188099999999996	0.770505930185387	1.31204631060314	0.234762792722866
0.190099999999995	0.768099985252063	1.30949860265796	0.234918521899352
0.192099999999995	0.765968554846177	1.30746983785347	0.23515921016346
0.194099999999995	0.764102955922863	1.30593729235443	0.235480305058618
0.196099999999995	0.762494398675582	1.30487870357853	0.235876928667685
0.198099999999995	0.76113404527607	1.30427234106295	0.236342158217895
0.200099999999994	0.76001306060208	1.30409706165729	0.236872781699752
0.202099999999994	0.759122655792952	1.30433235131288	0.237463886047473
0.204099999999994	0.75845412540081	1.30495835545441	0.238111467917017
0.206099999999994	0.757998878837151	1.30595589966604	0.238812217656039
0.208099999999993	0.757748466750705	1.30730650220024	0.239561423137164
0.210099999999993	0.757694602912991	1.30899237961913	0.24035654509361
0.212099999999993	0.757829182132811	1.31099644670377	0.241193734585372
0.214099999999993	0.758144294670031	1.31330231161303	0.242072074296994
0.216099999999993	0.758632237572152	1.31589426713948	0.242985882956056
0.218099999999992	0.75928552331429	1.31875727879158	0.24393622859123
0.220099999999992	0.760096886083945	1.32187697032862	0.244915705103042
0.222099999999992	0.761059286016186	1.32523960728514	0.245927074025158
0.224099999999992	0.762165911652426	1.32883207894327	0.246967859526248
0.226099999999991	0.76341018086642	1.33264187914325	0.248031619213947
0.228099999999991	0.764785740474445	1.33665708626368	0.249122225117861
0.230099999999991	0.766286464722489	1.34086634265135	0.25023381101174
0.232099999999991	0.767906452821473	1.34525883373651	0.251366487345336
0.234099999999991	0.769640025681939	1.34982426703079	0.252517757426843
0.23609999999999	0.771481721981951	1.35455285117196	0.253688673136517
0.23809999999999	0.773426293686118	1.35943527515112	0.254875035759792
0.24009999999999	0.775468701119428	1.36446268783322	0.25607718503242
0.24209999999999	0.777604107686828	1.36962667786077	0.257293190212939
0.244099999999989	0.779827874318082	1.37491925401246	0.258522524462165
0.246099999999989	0.782135553707291	1.38033282607278	0.259764055834584
0.248099999999989	0.784522884407338	1.38586018625571	0.261016249457277
0.250099999999989	0.786985784831448	1.39149449121407	0.262279512123023
0.252099999999989	0.78952034720687	1.39722924465666	0.263553505792345
0.254099999999988	0.792122831519272	1.40305828058737	0.264834225067969
0.256099999999988	0.794789659480808	1.40897574717351	0.266124054929787
0.258099999999988	0.79751740854976	1.41497609124489	0.267419956533853
0.260099999999988	0.800302806025278	1.42105404342079	0.268723071784034
0.262099999999987	0.803142723236779	1.42720460385759	0.270032172251686
0.264099999999987	0.806034169844185	1.43342302860718	0.271346121608345
0.266099999999987	0.808974288262107	1.43970481657327	0.272665343164426
0.268099999999987	0.811960348218484	1.44604569705099	0.273989070816309
0.270099999999987	0.814989741455831	1.4524416178334	0.275316994656701
0.272099999999986	0.818059976581284	1.45888873386743	0.276647538507995
0.274099999999986	0.82116867406983	1.46538339644084	0.277980716406969
0.276099999999986	0.824313561423652	1.47192214288118	0.279317618869108
0.278099999999986	0.827492468489168	1.4785016867475	0.28065499426336
0.280099999999985	0.830703322932248	1.48511890849508	0.281996875568568
0.282099999999985	0.833944145871141	1.49177084659387	0.283338167558088
0.284099999999985	0.837213047665827	1.49845468908104	0.284680072341261
0.286099999999985	0.840508223861814	1.50516776552855	0.286023454846182
0.288099999999985	0.843827951285863	1.51190753940691	0.287367239642497
0.290099999999984	0.847170584290621	1.5186716008266	0.2887121725456
0.292099999999984	0.850534551144777	1.52545765963931	0.290056647599774
0.294099999999984	0.853918350565055	1.53226353888135	0.291400666024322
0.296099999999984	0.857320548386067	1.53908716854247	0.292744243594352
0.298099999999983	0.86073977436395	1.54592657964358	0.294086669527452
0.300099999999983	0.864174719109493	1.55277989860763	0.295428705385912
0.302099999999983	0.867624131146426	1.55964534190845	0.296768519955446
0.304099999999983	0.871086814090455	1.56652121098294	0.298107219594404
0.306099999999983	0.874561623944621	1.57340588739252	0.299444801397046
0.308099999999982	0.878047466506581	1.58029782822047	0.300781925713761
0.310099999999982	0.881543294883401	1.58719556169234	0.302115517873872
0.312099999999982	0.885048107109534	1.59409768300696	0.303448681598542
0.314099999999982	0.888560943863699	1.60100285036651	0.304777125804175
0.316099999999982	0.884403245405831	1.58716977936477	0.306106006158883
0.318099999999981	0.879938566178667	1.57252941143567	0.307430802837617
0.320099999999981	0.875630572436344	1.55833553765902	0.308752940906747
0.322099999999981	0.871478782747828	1.54458666693697	0.310072679238005
0.324099999999981	0.86748209447131	1.53127938966597	0.311390234374499
0.32609999999998	0.863638883992579	1.51840870454363	0.31270374630968
0.32809999999998	0.859947094187874	1.50596830185705	0.314014653697764
0.33009999999998	0.856404310555123	1.49395080836047	0.315322493655133
0.33209999999998	0.853007827320817	1.48234799835298	0.316624963132795
0.33409999999998	0.849754704699822	1.47115097509458	0.317926106533294
0.336099999999979	0.84664181836374	1.4603503262554	0.319225517459564
0.338099999999979	0.843665902060717	1.44993625668423	0.320518395561049
0.340099999999979	0.840823584226195	1.43989870140717	0.321807024072723
0.342099999999979	0.838111419329951	1.43022742142752	0.323093379628983
0.344099999999978	0.83552591461947	1.42091208459125	0.324375716508994
0.346099999999978	0.833063552843081	1.41194233350792	0.325653617332927
0.348099999999978	0.830720811467429	1.40330784227127	0.3269266277119
0.350099999999978	0.828494178842443	1.39499836350632	0.328196368129504
0.352099999999978	0.811448817485567	1.34874979626627	0.329461109294314
0.354099999999977	0.782327614896273	1.27284199628719	0.330721647566588
0.356099999999977	0.756349523804153	1.20629309301212	0.331976434417265
0.358099999999977	0.733059276402694	1.14757201992444	0.333227770211495
0.360099999999977	0.712084964463522	1.09545642239958	0.334473374833759
0.362099999999976	0.693119805011538	1.04895967321648	0.335714751532528
0.364099999999976	0.675908491231284	1.00727746626668	0.336949841935997
0.366099999999976	0.66023683749407	0.969748163740791	0.338180023902351
0.368099999999976	0.645923826824396	0.935822962161613	0.339404737141964
0.370099999999976	0.632815434709799	0.905043172204184	0.340626977213968
0.372099999999975	0.620779782944673	0.877022722431621	0.34184109583185
0.374099999999975	0.609703300916731	0.851434546987745	0.3430488366301
0.376099999999975	0.599487658172464	0.827999894202892	0.344252426816306
0.378099999999975	0.590047293319504	0.806479855230416	0.345449307211949
0.380099999999974	0.583555491613219	0.79123578867887	0.346638876607914
0.382099999999974	0.583779185529565	0.789758125031887	0.347824101738441
0.384099999999974	0.583882676841601	0.788080821598878	0.349001645978012
0.386099999999974	0.583877254571834	0.786226092784221	0.350172443037244
0.388099999999974	0.583773471600309	0.784214613692817	0.351338326104305
0.390099999999973	0.583581167510002	0.782065569976525	0.352496453655043
0.392099999999973	0.583309494435735	0.779796714871307	0.353646043199682
0.394099999999973	0.582930313130445	0.777351155898157	0.35479058948458
0.396099999999973	0.574229617504206	0.758278351093873	0.35592615157535
0.398099999999972	0.55293314333235	0.714777918312755	0.357054939153745
0.400099999999972	0.551378079839561	0.710106606438301	0.35817660464745
0.402099999999972	0.549713331113039	0.705285951525708	0.359289264915434
0.404099999999972	0.547954041463258	0.700344318369921	0.360393777608846
0.406099999999972	0.546114124003536	0.695307510512636	0.361490668252754
0.408099999999971	0.544206316755193	0.690198902103044	0.363055238094939
0.410099999999971	0.542242242664245	0.685039577652332	0.363749549549249
0.412099999999971	0.540232471954375	0.679848475964394	0.365391452991151
0.414099999999971	0.538186585512436	0.674642535209428	0.364920967742493
0.41609999999997	0.536113238245077	0.66943683671287	0.365496183206627
0.41809999999997	0.534020221558033	0.664244745559609	0.366997826087442
0.42009999999997	0.531914524294752	0.659078046567092	0.369334482758313
0.42209999999997	0.528911608807716	0.652285986639453	0.369996732025836
0.42409999999997	0.522187180712588	0.638646174475203	0.371552795030746
0.426099999999969	0.517961224406049	0.62971015322825	0.371714117647418
0.428099999999969	0.51380059010757	0.620979834944327	0.372796648045024
0.430099999999969	0.509710034617401	0.612459600094348	0.374703723403941
0.432099999999969	0.505759285905938	0.604270292264961	0.375452525252211
0.434099999999969	0.506578349651103	0.604591929459298	0.375233492823218
0.436099999999968	0.507904567792895	0.605830115041248	0.375928181818408
0.438099999999968	0.508991475337912	0.606670207310645	0.377439393939599
0.440099999999968	0.509853450253427	0.607137503999838	0.378125514403475
0.442099999999968	0.510504578289688	0.607256950615654	0.379607450980556
0.444099999999967	0.510958582248666	0.607052975557943	0.380597014925836
0.446099999999967	0.511228763625903	0.606549352123076	0.380782918149466
0.448099999999967	0.511327955696186	0.605769085607122	0.381756756757182
0.450099999999967	0.508999884985445	0.600705313679576	0.383870967742347
0.452099999999967	0.502400015439596	0.588159249074349	0.383435582822479
0.454099999999966	0.500448086715147	0.583818867225162	0.383040935672892
0.456099999999966	0.498382966587855	0.579326650968535	0.385474860335561
0.458099999999966	0.496219141377615	0.574708273583369	0.386666666666667
0.460099999999966	0.494944613588393	0.571675057070904	0.385786802030793
0.462099999999965	0.493914839158584	0.569099479212902	0.388349514562593
0.464099999999965	0.492737912714229	0.566301703522571	0.388888888888396
0.466099999999965	0.492968342805555	0.5659364288823	0.389380530973753
0.468099999999965	0.494158517494585	0.567220634540944	0.391120507399123
0.470099999999965	0.495106911173375	0.568113637434076	0.389898989899269
0.472099999999964	0.494072334861416	0.565616467467967	0.391891891891473
0.474099999999964	0.492008370599692	0.561385451087944	0.391143911439633
0.476099999999964	0.489818311186982	0.556980108285573	0.392226148410145
0.478099999999964	0.487372672089578	0.55216556371642	0.394247038916718
0.480099999999963	0.487494021885538	0.551735960606812	0.393203883495612
0.482099999999963	0.487387318454616	0.550944768637779	0.393798449612627
0.484099999999963	0.487068356718349	0.549819377610039	0.395245170876339
0.486099999999963	0.486552459501751	0.548386440660444	0.395448079658495
0.488099999999963	0.485854413937468	0.546671728717035	0.395634379263705
0.490099999999962	0.485499214715861	0.545560456710989	0.396596858638446
0.492099999999962	0.485260911352668	0.544669552192588	0.396486825595887
0.494099999999962	0.483304100888358	0.540908185699084	0.397590361445689
0.496099999999962	0.481415775646816	0.537290605344374	0.397687861271587
0.498099999999961	0.48107411263048	0.53627432177305	0.397777777778118
0.500099999999961	0.480499601080374	0.534892778211225	0.398078975453905
0.502099999999961	0.479709557256188	0.533175847145531	0.398974358974278
0.504099999999961	0.479771074529689	0.532890796822617	0.399408284023591
0.506099999999961	0.480273711865895	0.533353104612835	0.399430740037876
0.50809999999996	0.480533750765883	0.53343292789238	0.399635036496423
0.51009999999996	0.48056586355155	0.533154718623703	0.399824253075501
0.51209999999996	0.4802045706091	0.5322437047454	0.400169204737665
0.51409999999996	0.478292928773859	0.528782641487452	0.400162999184939
0.516099999999959	0.476232109016048	0.52510462045092	0.400628436763487
0.518099999999959	0.473012599356061	0.519537046141497	0.400454201362666
0.520099999999959	0.472602316993622	0.518623761082725	0.401022644265828
0.522099999999959	0.472587739383864	0.518375413902165	0.400986610288878
0.524099999999959	0.472877294836494	0.518640126247956	0.401087695445333
0.526099999999958	0.472944442943986	0.518558715081319	0.401181877872565
0.528099999999958	0.472802791180255	0.518153460275275	0.401395053899864
0.530099999999958	0.472651188148356	0.51774860543744	0.401348039215739
0.532099999999958	0.472779901777213	0.51782372990327	0.401658767772313
0.534099999999958	0.471821647494059	0.516132440990143	0.401489117984013
0.536099999999957	0.470667535767158	0.514132413287603	0.401108033241045
0.538099999999957	0.469805175303112	0.512620679812982	0.401072386059028
0.540099999999957	0.468763055748354	0.510835133632671	0.401349948078741
0.542099999999957	0.466630723365117	0.507287427419693	0.401206636500668
0.544099999999956	0.466100346929447	0.506370653438081	0.401072124756378
0.546099999999956	0.465707465018168	0.505695488104271	0.40103920642402
0.548099999999956	0.465243880052983	0.504921735739786	0.400641025641147
0.550099999999956	0.465185494037737	0.504819370415119	0.400266548200839
0.552099999999956	0.464427062439361	0.503595176415999	0.400000000000115
0.554099999999955	0.463117504863667	0.501493299583621	0.400167434072872
0.556099999999955	0.460476919102941	0.49724578753119	0.399999999999853
0.558099999999955	0.460399327338333	0.497162682534262	0.399526253454331
0.560099999999955	0.460135160747808	0.496792123886916	0.399079048350066
0.562099999999954	0.459696205175346	0.496152903996805	0.398880597014959
0.564099999999954	0.459093922427912	0.495263397183023	0.398766328011544
0.566099999999954	0.458641044632141	0.494628023420793	0.39816448994009
0.568099999999954	0.458246902200915	0.494097651911413	0.397938144329991
0.570099999999954	0.457885484601398	0.493628083541799	0.397457343593267
0.572099999999953	0.457033633876146	0.492378375866045	0.397197784294496
0.574099999999953	0.455909631805789	0.490702111249964	0.396825396825335
0.576099999999953	0.454819019213491	0.489087153458324	0.396471680594183
0.578099999999953	0.454154243112954	0.488163505892943	0.395896197948182
0.580099999999952	0.453148965310645	0.486702534775321	0.395526780459035
0.582099999999952	0.45202698866377	0.485063721699953	0.395061728395058
0.584099999999952	0.451675395604894	0.484673081299039	0.394618834080795
0.586099999999952	0.451349653762341	0.484331336899042	0.394254445964428
0.588099999999952	0.450885149734958	0.483776076483663	0.393639764831586
0.590099999999951	0.45029068194841	0.483021126788474	0.393211488250598
0.592099999999951	0.449587365957592	0.482100196350076	0.392702219954016
0.594099999999951	0.447646239460948	0.479200722314411	0.392117735095981
0.596099999999951	0.446532808251616	0.477646134113307	0.391463414634262
0.59809999999995	0.444184232232584	0.474119873202075	0.391076115485558
0.60009999999995	0.443325040167248	0.472988122173945	0.390614055568476
0.60209999999995	0.442378389673635	0.471723671987202	0.389853747714916
0.60409999999995	0.44146658104851	0.470521811098629	0.389348847616979
0.60609999999995	0.440593761679341	0.469388196076143	0.388694127958035
0.608099999999949	0.440208460700402	0.469035159653978	0.388364104765946
0.610099999999949	0.439789969506095	0.468633705867889	0.387673538073195
0.612099999999949	0.439268943220069	0.468073612543674	0.387010309278449
0.614099999999949	0.438802317050496	0.46760472665975	0.386496866787945
0.616099999999948	0.43793169547415	0.466497646701197	0.385804916732847
0.618099999999948	0.436985173587955	0.465274118635406	0.385333592686202
0.620099999999948	0.43601758106326	0.464020610330558	0.384732824427473
0.622099999999948	0.435100134508105	0.462849525544223	0.383967035025375
0.624099999999948	0.4343494805733	0.461946037855139	0.383413019492453
0.626099999999947	0.433695423924765	0.461198121518937	0.382809678584318
0.628099999999947	0.432913076102668	0.460246057804604	0.382227740333443
0.630099999999947	0.432267763338459	0.459514942423576	0.381666085744153
0.632099999999947	0.43154472073007	0.458662739587914	0.38088713820868
0.634099999999946	0.430748859701867	0.457697138617383	0.380239017000586
0.636099999999946	0.429928906052389	0.456695661395381	0.37961277511169
0.638099999999946	0.429244514602292	0.455912383169832	0.379007323026842
0.640099999999946	0.428510316399447	0.455049590031552	0.378421642388337
0.642099999999946	0.427668374685117	0.454016524279565	0.377795275590542
0.644099999999945	0.426789129548627	0.452925678052014	0.377130461729183
0.646099999999945	0.424519690504997	0.449625101521726	0.376544151288689
0.648099999999945	0.423888145891627	0.448928997358681	0.375769403993467
0.650099999999945	0.423254000112028	0.448229407867996	0.375166297117506
0.652099999999945	0.422557150517122	0.447431267929079	0.374581452904343
0.654099999999944	0.421801366136886	0.446540470538792	0.3739604244336
0.656099999999944	0.419999534526684	0.443990890840588	0.373216556010805
0.658099999999944	0.419437299921524	0.443408882749005	0.372633630289521
0.660099999999944	0.418886491581048	0.442844514357024	0.372067498971041
0.662099999999943	0.418319497013476	0.442254054385062	0.371331981068355
0.664099999999943	0.417699460445011	0.441579659209152	0.370750566591138
0.666099999999943	0.417029413018375	0.44082604964205	0.370053897725871
0.668099999999943	0.416112884751294	0.43968187731326	0.369506028782591
0.670099999999943	0.415106830402427	0.438396172502298	0.368845120859434
0.672099999999942	0.414153425188179	0.437193740503159	0.368201892744541
0.674099999999942	0.413289889681315	0.436132508137139	0.367529880478148
0.676099999999942	0.4122623781695	0.434812918200122	0.366998402752195
0.678099999999942	0.411511031882915	0.433929906236786	0.366403881140073
0.680099999999941	0.41084661941919	0.43318346145959	0.365780651340984
0.682099999999941	0.410174964225896	0.432423926435207	0.365130023640675
0.684099999999941	0.409545633859153	0.431728813162695	0.364538344811499
0.686099999999941	0.408898711253263	0.431005048535147	0.363845976481495
0.688099999999941	0.408316092594916	0.430381524316171	0.363284363967645
0.69009999999994	0.40771290088543	0.429724433027221	0.362695466306659
0.69209999999994	0.407188273846933	0.429189549253041	0.362049799911126
0.69409999999994	0.406696079631921	0.428704088439497	0.361489455184521
0.69609999999994	0.406167366829079	0.428159795852942	0.360833695180276
0.698099999999939	0.405523036446543	0.427431566197152	0.36030042918456
0.700099999999939	0.404807196589312	0.426589136159467	0.35971146706268
0.702099999999939	0.404092681382495	0.425747266215933	0.359098059779746
0.704099999999939	0.403392707754507	0.424926750324306	0.358498392616456
0.706099999999939	0.401776272767717	0.422657750402189	0.357912009024765
0.708099999999938	0.401117210085569	0.421899406363044	0.357338472461759
0.710099999999938	0.400428754057985	0.421093520568743	0.356777365305495
0.712099999999938	0.399712463772947	0.42024256942197	0.356228287841178
0.714099999999938	0.399076866649339	0.419517018915688	0.355655930871964
0.716099999999937	0.397957447647263	0.418027470131296	0.355033035367344
0.718099999999937	0.397310732108196	0.417281954612861	0.354519230769238
0.720099999999937	0.396775337740679	0.416710373555618	0.353920822230727
0.722099999999937	0.396223759043075	0.416111841125473	0.353428786736987
0.724099999999937	0.395653987844903	0.415483172524439	0.352853412905618
0.726099999999936	0.395102460380759	0.414881626939623	0.352256992522912
0.728099999999936	0.394567167576514	0.41430390592917	0.351704597386044
0.730099999999936	0.394008840524554	0.413688392939534	0.351163001176621
0.732099999999936	0.393370382047698	0.41294521588217	0.350631890293133
0.734099999999935	0.392454550411408	0.411763951614603	0.350110963160274
0.736099999999935	0.391842147699775	0.411059149940165	0.349599929658004
0.738099999999935	0.391243057424786	0.410373340381817	0.349068106601643
0.740099999999935	0.390667895477	0.409723258297742	0.348576358930117
0.742099999999935	0.390090378550787	0.409067779231241	0.348008206531072
0.744099999999934	0.389276976340728	0.408039961901246	0.347535151617807
0.746099999999934	0.388732018527395	0.407432842473668	0.346986738291127
0.748099999999934	0.388200520600727	0.40684505785877	0.346531359174831
0.750099999999934	0.387528219089319	0.406035010840914	0.346001648804602
0.752099999999933	0.38702919925251	0.405495395408738	0.345481287792162
0.754099999999933	0.386521525867983	0.404940335825276	0.344970030779239
0.756099999999933	0.38599497241202	0.404354036113695	0.344467640918619
0.758099999999933	0.38545036430868	0.40373782134917	0.343973889508079
0.760099999999933	0.384918225137633	0.403139573839255	0.34348855564329
0.762099999999932	0.384450374782314	0.402640192603113	0.343011425888283
0.764099999999932	0.384039786498618	0.402228492678081	0.342542293962425
0.766099999999932	0.383631131522342	0.401817989249444	0.342080960443266
0.768099999999932	0.383205379058381	0.401378999749837	0.341550908258336
0.770099999999932	0.382748760415567	0.400889927005636	0.341105223315672
0.772099999999931	0.382188410825777	0.400236512385929	0.340617256138806
0.774099999999931	0.381638783898098	0.399598500157474	0.340186219739277
0.776099999999931	0.381074263574191	0.398935674134204	0.339688169659404
0.778099999999931	0.380404380503306	0.398105416148711	0.339222873900329
0.78009999999993	0.379883864291728	0.39750783636132	0.338812918242638
0.78209999999993	0.378709780321685	0.395883544488855	0.338337182448038
0.78409999999993	0.378260110504208	0.395394000387929	0.337893002936316
0.78609999999993	0.377796577283038	0.394881235785041	0.33743159690143
0.78809999999993	0.377337105689074	0.394373326973757	0.337000987445322
0.790099999999929	0.37680435226292	0.39374937568038	0.336576828841426
0.792099999999929	0.376384392760108	0.393300588646146	0.336135621482666
0.794099999999929	0.375181700774724	0.39162425390064	0.335655172413826
0.796099999999929	0.374788525072383	0.39121467967308	0.335250222496096
0.798099999999928	0.374381262557813	0.390781587037554	0.33482840638804
0.800099999999928	0.373960422229635	0.390325800543593	0.334367831601722
0.802099999999928	0.37352649658113	0.389848120335493	0.333980842655219
0.804099999999928	0.373106267315662	0.389390227057052	0.333532854482607
0.806099999999928	0.372712051737695	0.388971588500809	0.333157234365698
0.808099999999927	0.372305162656218	0.388531708863331	0.332721311475441
0.810099999999927	0.371886045952479	0.38807131500067	0.332291463176433
0.812099999999927	0.371455133299959	0.387591112578833	0.331932229694759
0.814099999999927	0.370993728393507	0.387061895667358	0.331513711386536
0.816099999999926	0.370493139891988	0.38646998367447	0.331100905727755
0.818099999999926	0.369938631557574	0.385792793143825	0.330693696547355
0.820099999999926	0.369433809689891	0.38519242024918	0.330291970802919
0.822099999999926	0.368945004439752	0.384615766760419	0.329916239529925
0.824099999999926	0.368478934670779	0.384073217409846	0.329524992238419
0.826099999999925	0.368037413753873	0.383567424309034	0.329138909449789
0.828099999999925	0.367252685293845	0.382524173028906	0.328716754504258
0.830099999999925	0.366823157636776	0.382035339496732	0.328340943683439
0.832099999999925	0.36640592546213	0.381564509156322	0.327989837275406
0.834099999999924	0.365992975993599	0.381099151933371	0.327563409063618
0.836099999999924	0.365587419188077	0.380644136431184	0.327221691352155
0.838099999999924	0.365177092519942	0.380180472937545	0.326864874488159
0.840099999999924	0.364757185413331	0.379700678073456	0.326472843073685
0.842099999999924	0.364331843932025	0.37921124541996	0.326144288812033
0.844099999999923	0.363939394191394	0.378771877877143	0.325742574257424
0.846099999999923	0.363589786489169	0.37839790096339	0.325364667747192
0.848099999999923	0.363258982937214	0.378051899531724	0.325048901162105
0.850099999999923	0.362580393721394	0.377162290231308	0.324679780420843
0.852099999999922	0.362263674791488	0.376836342931747	0.324296675191857
0.854099999999922	0.361959805495965	0.376529123358867	0.32393650076271
0.856099999999922	0.361650871090326	0.376212751481813	0.323580614365178
0.858099999999922	0.361349456007026	0.3759067930893	0.323228939876108
0.860099999999922	0.361039096318939	0.375585686199029	0.322881402963579
0.862099999999921	0.360720046858077	0.375249853419213	0.322537931034523
0.864099999999921	0.360335270984836	0.37481042897257	0.322198453184177
0.866099999999921	0.359933914723511	0.374344138286916	0.321880453752208
0.868099999999921	0.359541518272898	0.373890790190625	0.321548638976276
0.87009999999992	0.359173502994705	0.373474348033016	0.321220616778072
0.87209999999992	0.358738216545313	0.372951868001568	0.320842714699286
0.87409999999992	0.358382885157573	0.372552564443368	0.320522388059741
0.87609999999992	0.358043922524178	0.372177552122955	0.320222634508332
0.87809999999992	0.357211439442892	0.371032563372245	0.319856623267117
0.880099999999919	0.356870593272403	0.370652996468019	0.319563849863728
0.882099999999919	0.356542277291174	0.370291677340908	0.319257637368349
0.884099999999919	0.356209313547661	0.369922065269217	0.318902944836206
0.886099999999919	0.355868852882161	0.369539818760665	0.318620120662077
0.888099999999919	0.355521095988036	0.369145276308018	0.318272731935009
0.890099999999918	0.355166238206869	0.368738768148583	0.317945317282212
0.892099999999918	0.354840576068418	0.368376464553855	0.317672129483975
0.894099999999918	0.354329602726347	0.367724615150476	0.31733535200608
0.896099999999918	0.354024881784712	0.367392833192335	0.317018072289181
0.898099999999917	0.353719440058672	0.367058902362025	0.316754057428198
0.900099999999917	0.353407019402103	0.366713200986615	0.316427400526575
0.902099999999917	0.353087795711139	0.366356026741848	0.316119786519099
0.904099999999917	0.352761940356274	0.365987670318695	0.315815348311316
0.906099999999917	0.352429620305301	0.365608415585228	0.315514036975471
0.908099999999916	0.352090998242589	0.36521853974491	0.31520046710786
0.910099999999916	0.351761897324885	0.364842671257831	0.314953768698258
0.912099999999916	0.351441922211318	0.364480149250924	0.31466140063576
0.914099999999916	0.351130170434776	0.364129549294991	0.314371974888563
0.916099999999915	0.350848093772935	0.363824025701291	0.314037764638589
0.918099999999915	0.350568635434452	0.363521478019721	0.313754329363784
0.920099999999915	0.350263033154255	0.363177519408664	0.3134737040884
0.922099999999915	0.349965484291486	0.362845236877209	0.313195847230727
0.924099999999915	0.34966266092698	0.362503958947306	0.312920718025453
0.926099999999914	0.349353725779882	0.362152412287397	0.312648276503681
0.928099999999914	0.349038820453001	0.361790839780388	0.312332191463788
0.930099999999914	0.348746286246938	0.361463154497797	0.312065232413542
0.932099999999914	0.34845919436116	0.361143084788216	0.311815139149992
0.934099999999913	0.348177098170062	0.360829961906905	0.311553203139242
0.936099999999913	0.347606420331249	0.360068209490024	0.31124835384408
0.938099999999913	0.347361535348102	0.359812066879928	0.310991593600284
0.940099999999913	0.347110830607202	0.359546075259183	0.310706252811538
0.942099999999913	0.346854431311009	0.359270449352412	0.310454443698253
0.944099999999912	0.34659245971439	0.358985399305036	0.310160427807508
0.946099999999912	0.346355772673512	0.358738765248846	0.309927253371207
0.948099999999912	0.34613616340946	0.35851768373128	0.309638394631131
0.950099999999912	0.345910999952975	0.358287173926367	0.309396150127471
0.952099999999911	0.34568039656118	0.358047432232995	0.309125907778479
0.954099999999911	0.345259091076985	0.357511145074716	0.308888211470609
0.956099999999911	0.345026956040569	0.357268070447159	0.30862270776436
0.958099999999911	0.344692539921126	0.356865543497013	0.308346279993116
0.960099999999911	0.344471763055311	0.356638767703963	0.308115306955358
0.96209999999991	0.344061793379893	0.356117569182099	0.307856806808968
0.96409999999991	0.343838261099298	0.355885362106995	0.307600596125207
0.96609999999991	0.343609586138113	0.355644439025637	0.307333615938978
0.96809999999991	0.343375869558315	0.355394975366633	0.307124166455625
0.970099999999909	0.343137210159408	0.35513714300478	0.306861632841698
0.972099999999909	0.342893704535763	0.354871110338581	0.306614232523134
0.974099999999909	0.342659033963236	0.354617965084666	0.306356214595167
0.976099999999909	0.342342259282638	0.354237037370584	0.306113138686151
0.978099999999909	0.342097505625004	0.353967267655433	0.305872150644222
0.980099999999908	0.341817399442343	0.353642072439299	0.305620657045383
0.982099999999908	0.341532510290799	0.35330890427708	0.305383828045056
0.984099999999908	0.341242929889784	0.352967924843728	0.305149007297504
0.986099999999908	0.340948747960087	0.352619292592459	0.304916169366317
0.988099999999908	0.340650052271379	0.352263162821497	0.304672972754498
0.990099999999907	0.340352266511014	0.351907916428585	0.304444086627505
0.992099999999907	0.339881699287756	0.351284268153563	0.304217108955363
0.994099999999907	0.339612818877494	0.350972889188215	0.303992015968083
0.996099999999907	0.338972340125049	0.35008525118314	0.303756708407902
0.998099999999906	0.33871832172186	0.349796286559642	0.303535373530246
1.00009999999991	0.338467479365336	0.349511657638058	0.303315853802766
1.00209999999991	0.338223295128796	0.349236618010289	0.303058860486138
1.00409999999991	0.337981795491659	0.348965171566235	0.30284306440892
1.00609999999991	0.337740692588252	0.348693774330001	0.302629016553086
1.00809999999991	0.337499847605395	0.348422223216668	0.302416695760097
1.01009999999991	0.337261125027859	0.348153396784888	0.302194405810532
1.0120999999999	0.33702754414764	0.347891913864892	0.301947052485792
1.0140999999999	0.336797815422558	0.347635768062523	0.301739996933956
1.0160999999999	0.336575156902	0.347389904346338	0.301534585432873
1.0180999999999	0.336362293588186	0.347158545524139	0.301292775665418
1.0200999999999	0.336147277585071	0.346923291489487	0.301090743826711
1.0220999999999	0.335931488104354	0.346686290425316	0.300852572808227
1.0240999999999	0.335719005368531	0.346453827895489	0.300653840372782
1.0260999999999	0.335502397612233	0.346214456329508	0.300456655187884
1.0280999999999	0.335281731786181	0.345968295404331	0.300223713646551
1.0300999999999	0.335004522808042	0.345634142450363	0.300029713266956
1.0320999999999	0.334802103402418	0.345415262483809	0.299800207192559
1.0340999999999	0.334572267121218	0.345153405301067	0.299609317411157
1.0360999999999	0.334405512629194	0.344988522532539	0.299383169334722
1.0380999999999	0.334237544821584	0.344821165385674	0.299195318215052
1.0400999999999	0.334078817114377	0.344667371860554	0.298972452995219
1.0420999999999	0.333916119161972	0.344506855598228	0.298787570785531
1.0440999999999	0.333749511059581	0.344339724254768	0.298567915521509
1.0460999999999	0.333548160601029	0.344118406272678	0.298360655737722
1.0480999999999	0.333339998088463	0.34388609418102	0.298180121325263
1.0500999999999	0.333127961473481	0.343647339101892	0.297965168258073
1.0520999999999	0.332912108695338	0.343402245840936	0.297751808173317
1.0540999999999	0.332692496572829	0.343150917367913	0.297575520925792
1.0560999999999	0.332469180829273	0.34289345485264	0.297365163572077
1.0580999999999	0.33224221611675	0.342629957700024	0.297156348003823
1.0600999999999	0.332025180792644	0.34238136779372	0.296984165993743
1.0620999999999	0.331820717077496	0.342151720603861	0.296778255850589
1.0640999999999	0.331445419186827	0.341657646232955	0.296584175670983
1.0660999999999	0.330979726626562	0.341024345653629	0.296381190525821
1.0680999999999	0.330798740998991	0.340830965769696	0.29621427088378
1.0700999999999	0.33061415010812	0.340631545745774	0.296014067995327
1.0720999999999	0.330436124761552	0.3404417449932	0.295815295815313
1.0740999999999	0.330260300784853	0.340254829973865	0.295617939061992
1.0760999999999	0.330080985564572	0.340062058912302	0.295432060860386
1.0780999999999	0.329898227160574	0.339863519961853	0.295271441683362
1.0800999999999	0.329712072725629	0.339659299774516	0.295078080010822
1.0820999999999	0.329522568525875	0.339449483530844	0.294886075949349
1.0840999999999	0.32934041529251	0.339250440112399	0.294695415251128
1.0860999999999	0.329155771505323	0.339047112283724	0.294515956020397
1.0880999999999	0.328967873190509	0.33883835160433	0.29432789951899
1.0900999999999	0.328776763619154	0.338624238180522	0.29414114513983
1.0920999999999	0.328259767312906	0.337906574613472	0.293955679405536
1.0940999999999	0.328080859784604	0.337711262160447	0.293771489024094
1.0960999999999	0.327903315643216	0.337517586983812	0.293598233995601
1.0980999999999	0.327725995574458	0.337323803104143	0.293416516171417
1.1000999999999	0.32746345140765	0.33699800787768	0.293236035210592
1.1020999999999	0.327294988733537	0.336817130698973	0.293056778527883
1.10409999999989	0.327129483710578	0.336640383006885	0.29287873370822
1.10609999999989	0.326960800631455	0.336458319783147	0.292711370262407
1.10809999999989	0.32679633598937	0.336282339475212	0.292535675082343
1.11009999999989	0.326629852413423	0.336102832689577	0.292361155801547
1.11209999999989	0.326460274511486	0.335918158027262	0.292187800654249
1.11409999999989	0.326287640340303	0.33572838684629	0.292024932076056
1.11609999999989	0.32611198726865	0.33553358934205	0.291853834145701
1.11809999999989	0.325927291202061	0.335324470092599	0.291652113168021
1.12009999999989	0.325726379812681	0.335090024037407	0.291483368674257
1.12209999999989	0.325522393800083	0.334850552852327	0.291315731364966
1.12409999999989	0.325327214777682	0.33462435705618	0.291158344862297
1.12609999999989	0.325139199236422	0.334408828771127	0.290992854456578
1.12809999999989	0.324967267011765	0.334217724744081	0.290828439335231
1.13009999999989	0.324792284124744	0.334021577966018	0.2906339519243
1.13209999999989	0.32461428589523	0.333820455327077	0.290480772215168
1.13409999999989	0.324418285214691	0.333591226902903	0.290319586672044
1.13609999999989	0.324254391453778	0.333411244820735	0.290159435038684
1.13809999999989	0.324102501200264	0.33324936064731	0.289969567489487
1.14009999999989	0.323653604706627	0.332629417754238	0.289811552014733
1.14209999999989	0.323501108725107	0.332466390750437	0.289663388111689
1.14409999999989	0.323345608955992	0.332298373177904	0.289507338164527
1.14609999999989	0.3231871387353	0.33212542863624	0.289321920718767
1.14809999999989	0.323025730810045	0.331947619719214	0.289167927382768
1.15009999999989	0.32286141735077	0.331765008034015	0.289014900162867
1.15209999999989	0.322694229963664	0.331577654219961	0.288841446913447
1.15409999999989	0.322524199702317	0.331385617966684	0.288690386978822
1.15609999999989	0.32235135707908	0.331188958031818	0.288540265949481
1.15809999999989	0.322192500278452	0.331013448993732	0.288361285710045
1.16009999999989	0.322037662732119	0.33084377586952	0.288213108425172
1.16209999999989	0.321890852491009	0.330686107780168	0.288074372335368
1.16409999999989	0.32175055758649	0.330538085012931	0.287898465171207
1.16609999999989	0.321607537053371	0.330385518626614	0.287753060263668
1.16809999999989	0.321461819155794	0.330228463482836	0.287579206758991
1.17009999999989	0.321317055756004	0.330072532436688	0.287435657463758
1.17209999999989	0.321176293687378	0.329922392113871	0.287272197113296
1.17409999999989	0.321032902311993	0.329767875370174	0.287130439838382
1.17609999999989	0.320886908190096	0.329609034106531	0.286989537141679
1.17809999999989	0.320570997487087	0.329188401005249	0.286820585430707
1.18009999999989	0.320423997590252	0.329027948479084	0.286681455446382
1.18209999999989	0.320140988215456	0.328657758664291	0.286514433433888
1.18409999999989	0.320011522921981	0.328523938760408	0.286377044016142
1.18609999999989	0.319879510132781	0.328385854677914	0.286220090229013
1.18809999999989	0.319744974777355	0.328243555646885	0.286084381939286
1.19009999999989	0.319607941356841	0.328097090142113	0.285921089980145
1.19209999999989	0.319468433953058	0.327946505897609	0.285787060621479
1.19409999999988	0.319326476237246	0.327791849920695	0.28562559963882
1.19609999999988	0.319182091478529	0.327633168505714	0.285465083563122
1.19809999999988	0.319018740102957	0.327445032980263	0.285333557762465
1.20009999999988	0.318846457443279	0.327242944706991	0.285174825174848
1.20209999999988	0.318677537497862	0.327045833249135	0.285052854712311
1.20409999999988	0.318514538816124	0.326857526818744	0.284895847818241
1.20609999999988	0.318349114834696	0.32666527429916	0.284767477330061
1.20809999999988	0.318183666631388	0.326472744926782	0.284612194110341
1.21009999999988	0.318020574937047	0.326283551946129	0.284457801428231
1.21209999999988	0.317855062295587	0.326090431127037	0.284331784565488
1.21409999999988	0.317694005198036	0.32590394929369	0.284179071743852
1.21609999999988	0.317541041316792	0.325729661570836	0.2840545638446
1.21809999999988	0.317385790720051	0.325551633372335	0.283903502794071
1.22009999999988	0.316955103227098	0.324949975278036	0.283753295822134
1.22209999999988	0.316568196730118	0.324416417765786	0.283631041118893
1.22409999999988	0.316406776416866	0.324229551592542	0.283482444522542
1.22609999999988	0.316278213320336	0.324092854128548	0.283334681005916
1.22809999999988	0.31614948353449	0.323955589337357	0.283187743582865
1.23009999999988	0.316019901369744	0.323816721593299	0.283068428529323
1.23209999999988	0.315893564950152	0.323682528849299	0.282923048138361
1.23409999999988	0.315772494520648	0.323556121929414	0.282778473758576
1.23609999999988	0.315652949145044	0.323431743339218	0.282661279604458
1.23809999999988	0.315541478332857	0.323319412358691	0.28251822398941
1.24009999999988	0.315427775505246	0.323203335945212	0.282375954955206
1.24209999999988	0.315311833766051	0.323083513561379	0.282234466032228
1.24409999999988	0.315193671579196	0.322959983557364	0.282120041012679
1.24609999999988	0.315073307093717	0.322832783706829	0.281980021499187
1.24809999999988	0.314950758150246	0.322701951217925	0.281840763498509
1.25009999999988	0.314826042287265	0.322567522743977	0.281702260815158
1.25209999999988	0.314709498886331	0.322445346794619	0.281590513093888
1.25409999999988	0.31441990759675	0.322056960663194	0.281453432580348
1.25609999999988	0.314304577677566	0.321936517050907	0.281309813253345
1.25809999999988	0.314187184699347	0.321812625813529	0.281174224836218
1.26009999999988	0.31406765074813	0.321685176885375	0.28103936197583
1.26209999999988	0.313945992357895	0.321554205237809	0.280930876994901
1.26409999999988	0.313781260472455	0.321356841970346	0.280797379599787
1.26609999999988	0.313660476044852	0.321226749576453	0.280664590883582
1.26809999999988	0.313537582873498	0.321093171737512	0.280532505218157
1.27009999999988	0.313412596722966	0.320956142053509	0.28039399862915
1.27209999999988	0.313285533091893	0.320815693630177	0.280263324471473
1.27409999999988	0.313156407218022	0.320671859087897	0.280158589863362
1.27609999999988	0.313031384785702	0.320534091503786	0.280029216935729
1.27809999999988	0.312912456484056	0.320405409338585	0.279900520009056
1.28009999999988	0.312796857194279	0.32028158110653	0.279772493798715
1.28209999999988	0.312658427532962	0.320122447684292	0.279638144742116
1.28409999999988	0.31253232288495	0.319982072330488	0.279511465603203
1.28609999999987	0.312400723153871	0.319833067820367	0.279385441527459
1.28809999999987	0.31227113900061	0.319686945976648	0.279260067446948
1.29009999999987	0.31214417509652	0.319544611693254	0.279128434694445
1.29209999999987	0.312019974677475	0.319406277322865	0.279004366381343
1.29409999999987	0.311897006464915	0.319269591381382	0.278905538741646
1.29609999999987	0.311771994565019	0.319129569017443	0.278775830756383
1.29809999999987	0.311644952669161	0.318986240240105	0.278653610771095
1.30009999999987	0.311515894236534	0.318839634622816	0.278532011525138
1.30209999999987	0.31139052944856	0.318698502861835	0.278404247546235
1.30409999999987	0.311266485648847	0.318559197075544	0.278283895731616
1.30609999999987	0.311140472666341	0.318416685613598	0.278164150531914
1.30809999999987	0.31077233594795	0.317902433603183	0.278038286764016
1.31009999999987	0.310645982022774	0.317759649805687	0.27791976082555
1.31209999999987	0.310517677647107	0.317613697655657	0.27780182780184
1.31409999999987	0.310387435092131	0.317464604673824	0.277677821758438
1.31609999999987	0.310255266417844	0.317312397981008	0.277561080667173
1.31809999999987	0.31012118347655	0.317157104304733	0.277438296653479
1.32009999999987	0.30987527232711	0.316830192365489	0.277322729653805
1.32209999999987	0.309748817747578	0.316686796327956	0.277207733599366
1.32409999999987	0.309625808161939	0.316548511311774	0.277086739166501
1.32609999999987	0.30950812570005	0.316418118895321	0.276972891210335
1.32809999999987	0.309391033836897	0.316288425917689	0.276853074311592
1.33009999999987	0.309278212886121	0.316165038641092	0.276740357478845
1.33209999999987	0.309163543489901	0.316038615823507	0.276621700879777
1.33409999999987	0.309047036635687	0.315909182898307	0.276510098527913
1.33609999999987	0.308932963854321	0.31578326321573	0.276392585329392
1.33809999999987	0.308825097635951	0.315666615092661	0.27628208114023
1.34009999999987	0.308716134425415	0.315548074996467	0.276142462188985
1.34209999999987	0.30860538073667	0.315426589680629	0.276033096159652
1.34409999999987	0.308503216797024	0.315317987613927	0.275917876629994
1.34609999999987	0.30840087216081	0.315208873873066	0.275803215167121
1.34809999999987	0.308296768737175	0.315096851274886	0.275695451094096
1.35009999999987	0.30819091647363	0.31498194342779	0.275581875774698
1.35209999999987	0.308083325142098	0.314864173592536	0.275475154568365
1.35409999999987	0.307931611926648	0.314678665725151	0.275362649914346
1.35609999999987	0.307834354744944	0.314576456003535	0.275250683682791
1.35809999999987	0.307562252817867	0.314206423196781	0.275145507457238
1.36009999999987	0.307478486966461	0.314124849008847	0.275034589126521
1.36209999999987	0.307393033680026	0.31404042753331	0.274901570348936
1.36409999999987	0.307310317413441	0.313959923904061	0.274797959275825
1.36609999999987	0.307226479900289	0.313877438906451	0.274688647163491
1.36809999999987	0.307140980824651	0.313792155936126	0.274579850813348
1.37009999999987	0.307053829165414	0.313704097097223	0.274471566583751
1.37209999999987	0.306965033739367	0.31361328416211	0.274369926426172
1.37409999999987	0.306874603204311	0.313519738577615	0.274262638882673
1.37609999999986	0.306772460922528	0.313408042610178	0.274133594497752
1.37809999999986	0.306663385773861	0.31328556320356	0.27402735832299
1.38009999999986	0.306560657532165	0.313172609381525	0.273927685218019
1.38209999999986	0.306457250640002	0.313058434948788	0.273822417718452
1.38409999999986	0.306352141140411	0.312941485502672	0.273717637718854
1.38609999999986	0.306245337208482	0.312821781537195	0.273591340124541
1.38809999999986	0.306136846867743	0.312699343243505	0.273487575730988
1.39009999999986	0.306026677992522	0.312574190514854	0.273390275952705
1.39209999999986	0.305914838310203	0.312446342951416	0.273287446738785
1.39409999999986	0.305801335403406	0.312315819864949	0.273185088292983
1.39609999999986	0.305691930245745	0.312191431117072	0.273061446438293
1.39809999999986	0.305587458059996	0.312074433485005	0.272960069444455
1.40009999999986	0.305483866079228	0.311958621347261	0.272859153404796
1.40209999999986	0.30528855992586	0.31170227883651	0.272758695182556
1.40409999999986	0.304782892412943	0.310971777852959	0.272658691669342
1.40609999999986	0.304584579670647	0.310712276020646	0.272537634408613
1.40809999999986	0.304504249246089	0.310633327399575	0.272438579551561
1.41009999999986	0.304422314626976	0.310551678920823	0.272339970027842
1.41209999999986	0.304338783217814	0.31046735036034	0.272241802840951
1.41409999999986	0.304253662275011	0.310380361182841	0.272122762148348
1.41609999999986	0.304166958909641	0.310290730547675	0.272025518341319
1.41809999999986	0.304078680090106	0.310198477314503	0.271928707829419
1.42009999999986	0.303988832644687	0.310103620048794	0.271832327723068
1.42209999999986	0.303897423264005	0.310006177027153	0.271715251373057
1.42409999999986	0.303804458503368	0.309906166242465	0.271619770260312
1.42609999999986	0.303709944785037	0.309803605408899	0.271524710830715
1.42809999999986	0.303613888400398	0.309698511966725	0.271409086139975
1.43009999999986	0.303516295512044	0.309590903086999	0.271314907872707
1.43209999999986	0.30341717215576	0.309480795676081	0.271215476538689
1.43409999999986	0.303316524242444	0.309368206380015	0.271122136290657
1.43609999999986	0.303214357559928	0.309253151588767	0.271008403361355
1.43809999999986	0.303110677774733	0.309135647440324	0.270915921213767
1.44009999999986	0.303005490433734	0.309015709824649	0.270823841279027
1.44209999999986	0.302899566282636	0.308894522633368	0.270705901801969
1.44409999999986	0.302794742944965	0.308774835126363	0.270614677196538
1.44609999999986	0.302695580164052	0.308663641506687	0.270523846755258
1.44809999999986	0.302594934420436	0.3085500437245	0.27041287699921
1.45009999999986	0.302408253249281	0.308304922593764	0.270317333497242
1.45209999999986	0.302284968255428	0.308156849294772	0.270227728034651
1.45409999999986	0.302186713327955	0.308046913522051	0.270118107826949
1.45609999999986	0.302086968617888	0.307934562354536	0.270029311187113
1.45809999999986	0.301985739119546	0.307819810872295	0.269935410488668
1.46009999999986	0.301887092719767	0.307708878920348	0.26982711445308
1.46209999999986	0.30178712137283	0.307595790025562	0.269739503276444
1.46409999999986	0.301685683932708	0.307480335707389	0.269646821392514
1.46609999999985	0.301501879081843	0.307238824394228	0.269539824791068
1.46809999999985	0.301405606905058	0.307131311903971	0.269447961254816
1.47009999999985	0.301307878328215	0.307021436565787	0.269341836120814
1.47209999999985	0.301208697859476	0.306909212669974	0.269250780437063
1.47409999999985	0.301109051772208	0.306796149777077	0.269165485152875
1.47609999999985	0.300997862709646	0.30666535226537	0.269060619345592
1.47809999999985	0.300895289979841	0.306547545366897	0.268970728603255
1.48009999999985	0.300794065499777	0.306431667784549	0.268886551703591
1.48209999999985	0.300694524529325	0.3063182389525	0.268777599556437
1.48409999999985	0.300593495241848	0.30620242411313	0.268694174373577
1.48609999999985	0.300490981745249	0.306084236943255	0.268586077696717
1.48809999999985	0.300390697409567	0.305969343797626	0.268498110831252
1.49009999999985	0.300290705234963	0.305854781796394	0.268415781308282
1.49209999999985	0.300189254291832	0.305737887188995	0.268308934485682
1.49409999999985	0.30009121108955	0.305626051428978	0.268227333176885
1.49609999999985	0.299999047873905	0.305523047027902	0.268121316210635
1.49809999999985	0.29990836898456	0.305422162212099	0.268040433944267
1.50009999999985	0.299816280207322	0.3053189908262	0.267935236836489
1.50209999999985	0.299723621987925	0.305214820664835	0.267849869071883
1.50409999999985	0.299435106485028	0.304811657300825	0.267770034843187
1.50609999999985	0.299344982460149	0.304711739037439	0.267666035621846
1.50809999999985	0.299253464906443	0.30460955637525	0.267581739666882
1.51009999999985	0.299160557213606	0.304505121869355	0.26747854861674
1.51209999999985	0.299066262671296	0.304398447858796	0.267400111360722
1.51409999999985	0.298928852665901	0.304225949953961	0.267297706413239
1.51609999999985	0.29883818045143	0.304124768416294	0.267214838894742
1.51809999999985	0.298746154311165	0.304021391283869	0.267113223030112
1.52009999999985	0.298657803938911	0.303923476071508	0.267036148249733
1.52209999999985	0.298571074425041	0.303827876721407	0.266954307002186
1.52409999999985	0.298485489676345	0.303733876267159	0.266853826017689
1.52609999999985	0.298408966679887	0.303653503615093	0.266772679085245
1.52809999999985	0.29833729696234	0.30358031017265	0.266672964292479
1.53009999999985	0.298264366777133	0.303505001587928	0.266592503205358
1.53209999999985	0.298192829059858	0.303431622650327	0.266498560433573
1.53409999999985	0.298122454461956	0.30335981375289	0.266418765376434
1.53609999999985	0.298050841087299	0.303285925094975	0.266320544299299
1.53809999999985	0.297977991629059	0.30320996808422	0.26624141865727
1.54009999999985	0.297907894702772	0.303138012757296	0.266143937272482
1.54209999999985	0.297837268836826	0.303065059995622	0.266065472974213
1.54409999999985	0.297765426133194	0.302990071463624	0.265968722688148
1.54609999999985	0.297696447246789	0.302919263078117	0.265890911790341
1.54809999999985	0.297627681096621	0.302848591378015	0.265794884143076
1.55009999999985	0.297560441439677	0.302780050216266	0.265717718827969
1.55209999999985	0.297492012025549	0.302709510406352	0.265622405490683
1.55409999999985	0.297320472561466	0.302481810410998	0.265545878063582
1.55609999999985	0.297254480737979	0.302415043834794	0.265451270836023
1.55809999999984	0.297030035506825	0.302106411344763	0.265375373722903
1.56009999999984	0.296965452076388	0.302042047601116	0.265281464530902
1.56209999999984	0.296899721843157	0.301975737727541	0.26520134473433
1.56409999999984	0.29683284680662	0.301907491907428	0.265108136693551
1.56609999999984	0.296764828893257	0.301837320141403	0.265015288293544
1.56809999999984	0.296695669957526	0.301765232250436	0.264940962761135
1.57009999999984	0.29662537178279	0.301691237878849	0.264848792515783
1.57209999999984	0.296553936082199	0.301615346497213	0.264775071477697
1.57409999999984	0.296481364499519	0.301537567405152	0.264678791381476
1.57609999999984	0.29640765860991	0.301457909734036	0.264605678233448
1.57809999999984	0.296332819920657	0.30137638244959	0.264514852197703
1.58009999999984	0.296254803462609	0.30128987427757	0.264442329448506
1.58209999999984	0.296166049604705	0.301186896436885	0.264347420869644
1.58409999999984	0.296082714608491	0.301092079512285	0.264257602862263
1.58609999999984	0.296000919077189	0.300999492767612	0.264185980073573
1.58809999999984	0.295917930875404	0.300904987454414	0.264092099869922
1.59009999999984	0.295833751162778	0.300808571872203	0.264021060495571
1.59209999999984	0.295748381027969	0.300710254160406	0.263932534398589
1.59409999999984	0.295664568190677	0.300614220413002	0.26385738588034
1.59609999999984	0.295582521627964	0.300520775562919	0.263769500159194
1.59809999999984	0.295499311459646	0.300425464230008	0.26368194336559
1.60009999999984	0.295334009453705	0.300205247904414	0.263607689732348
1.60209999999984	0.295250540834647	0.300109766090928	0.26352076261499
1.60409999999984	0.295170972836887	0.300020124058625	0.263447089389806
1.60609999999984	0.295090780397928	0.299929422967258	0.263360785000885
1.60809999999984	0.295011514052663	0.29984003225474	0.263287685607838
1.61009999999984	0.294932436137078	0.29975082267246	0.263201997102116
1.61209999999984	0.294631985647345	0.299324499402593	0.263112040425178
1.61409999999984	0.29439069140572	0.29898915556066	0.263044385696405
1.61609999999984	0.294314521684567	0.298905694720791	0.262955054424265
1.61809999999984	0.294226320579652	0.298803808381395	0.262870609437012
1.62009999999984	0.294150004525909	0.298719899069047	0.262799225128001
1.62209999999984	0.29407255668722	0.298634137202898	0.262710840253456
1.62409999999984	0.293995517919554	0.298548872321292	0.262644539799047
1.62609999999984	0.293919148489702	0.298464495913436	0.262556763451234
1.62809999999984	0.293841658181411	0.298378289173747	0.262473816146432
1.63009999999984	0.293763047322235	0.298290259393591	0.262403811547764
1.63209999999984	0.293686158660873	0.298204730729257	0.262316956343249
1.63409999999984	0.293610067016293	0.298120289574047	0.262234896349177
1.63609999999984	0.293535475347247	0.298037995593812	0.262165709318388
1.63809999999984	0.293459788899506	0.29795391167427	0.262079760446449
1.64009999999984	0.293383007809336	0.297868044732622	0.262011106771043
1.64209999999984	0.293305132148811	0.297780401532304	0.261930190374485
1.64409999999984	0.293227851238943	0.297693542115123	0.261845133342367
1.64609999999984	0.293151842339953	0.297608481709334	0.261777274800244
1.64809999999983	0.293077521346108	0.297525865337319	0.261692800539554
1.65009999999983	0.29300346989708	0.297443536014421	0.261608630526633
1.65209999999983	0.292931919598162	0.297364865614917	0.261545957025024
1.65409999999983	0.292859318558949	0.297284472272028	0.261462351165529
1.65609999999983	0.292788461557754	0.297206603125407	0.261379044813106
1.65809999999983	0.292716971980839	0.297127644635091	0.261312746474175
1.66009999999983	0.292644441464028	0.297046983082957	0.261230004503687
1.66209999999983	0.292570869741664	0.296964624568543	0.261147557361233
1.66409999999983	0.292496256490073	0.296880575049234	0.261082024432826
1.66609999999983	0.292423200024468	0.296798774063529	0.261000132731632
1.66809999999983	0.292338703429689	0.296699423255499	0.260918531277447
1.67009999999983	0.292269129745098	0.296622658976349	0.260853751281304
1.67209999999983	0.292202190175546	0.296549745513003	0.260772696516115
1.67409999999983	0.292137276372417	0.296479780127308	0.260691927512372
1.67609999999983	0.2920746062532	0.296413095845002	0.26062788823654
1.67809999999983	0.292010943933042	0.296344756856474	0.260547657353005
1.68009999999983	0.291946288967029	0.296274769094159	0.260467707838301
1.68209999999983	0.291880640856618	0.29620313834976	0.260404397330173
1.68409999999983	0.291817694461299	0.296135476071139	0.26032497754553
1.68609999999983	0.291753840915679	0.29606629636536	0.260245834827696
1.68809999999983	0.291689008160186	0.295995496581751	0.260166967729345
1.69009999999983	0.291623701083441	0.295923851650815	0.260104620183256
1.69209999999983	0.291561897814182	0.295857383685806	0.2600220550078
1.69409999999983	0.291494883241089	0.295782834710069	0.259943986660422
1.69609999999983	0.29142905750308	0.2957099450867	0.259882349138636
1.69809999999983	0.29136225034924	0.295635451019418	0.259804791481818
1.70009999999983	0.291294481248139	0.295559388577624	0.259727501127368
1.70209999999983	0.291228906666266	0.295486547598705	0.25966237942121
1.70409999999983	0.291162697197411	0.295412632975241	0.259585600333846
1.70609999999983	0.291098158403235	0.295341131721396	0.259509084500281
1.70809999999983	0.291032796810356	0.295268268253401	0.259432830568937
1.71009999999983	0.290966439955116	0.295193786441192	0.259368663079392
1.71209999999983	0.290899086789713	0.295117691021903	0.259292909971954
1.71409999999983	0.290830736212854	0.295039986601509	0.259217414827435
1.71609999999983	0.29076138706967	0.294960677656201	0.259138059760781
1.71809999999983	0.290694555087766	0.294885104565493	0.259078943195162
1.72009999999983	0.290628040786517	0.294809915334258	0.259000094987825
1.72209999999983	0.290560550951655	0.294733151382719	0.258925608079284
1.72409999999983	0.290492084314967	0.294654816937835	0.25886715052065
1.72609999999983	0.290422578978486	0.294574823935587	0.258789062500015
1.72809999999983	0.290186415706325	0.294241945412699	0.258715307807226
1.73009999999983	0.290116198924556	0.29416146647296	0.258637740765756
1.73209999999983	0.290045005796937	0.29407942559227	0.258580159849534
1.73409999999983	0.289972834787703	0.293995826575896	0.258503082073922
1.73609999999983	0.289807540994764	0.293770926352344	0.258430300663811
1.73809999999983	0.289739996377224	0.293694697763217	0.258353733647279
1.74009999999982	0.289679615284407	0.293629218724343	0.258297011207951
1.74209999999982	0.289620064245719	0.293564861054595	0.258220923727248
1.74409999999982	0.289542650323179	0.293473216725552	0.258149096268723
1.74609999999982	0.289494299877566	0.293425627934236	0.258073509595287
1.74809999999982	0.289445127549085	0.293376605084575	0.258013638261341
1.75009999999982	0.289395131938495	0.293326152696844	0.257942511346453
1.75209999999982	0.289347229238639	0.293278698518014	0.257867644792413
1.75409999999982	0.289300218763902	0.293232409069577	0.257793027048666
1.75609999999982	0.289252405948456	0.293184718223389	0.257722615628032
1.75809999999982	0.289203789309373	0.293135630254138	0.257663819411412
1.76009999999982	0.28915436732786	0.293085149316828	0.257589907681017
1.76209999999982	0.28910413844926	0.293033279448467	0.257520176082179
1.76409999999982	0.289053101083033	0.292980024569703	0.257446743575665
1.76609999999982	0.289001253602712	0.292925388486368	0.257388787324783
1.76809999999982	0.28894859434582	0.292869374890978	0.257315811887829
1.77009999999982	0.28889597616251	0.292813285971243	0.257243075801764
1.77209999999982	0.288844448530818	0.292758713236702	0.257174476600526
1.77409999999982	0.288792116350436	0.292702777948804	0.257102208230548
1.77609999999982	0.288738977854429	0.29264548352071	0.257045286269039
1.77809999999982	0.28868503124037	0.292586833257344	0.256973463876793
1.78009999999982	0.288630274670152	0.292526830356613	0.256901875141215
1.78209999999982	0.288574706269782	0.292465477910571	0.256830518923973
1.78409999999982	0.288376651577637	0.292188059148978	0.256759394094083
1.78609999999982	0.28831987891713	0.292125388437083	0.25670733535176
1.78809999999982	0.288120005891504	0.291845305319678	0.25663663843415
1.79009999999982	0.288066481967177	0.291788096879819	0.256566169659672
1.79209999999982	0.288012169802349	0.291729553644171	0.256495927925786
1.79409999999982	0.287957067301699	0.291669678602883	0.256425912137014
1.79609999999982	0.28790251648715	0.29161051215728	0.256370989324671
1.79809999999982	0.28779328111837	0.291468136186262	0.25630139833151
1.80009999999982	0.287743264012378	0.291415893496532	0.256232030115311
1.80209999999982	0.287692478148718	0.291362331078271	0.256162883608069
1.80409999999982	0.287640921343131	0.291307451916837	0.256090174469294
1.80609999999982	0.287588591377319	0.291251258888303	0.256021475243012
1.80809999999982	0.287535485998676	0.291193754760679	0.255967720559014
1.81009999999982	0.287481602919993	0.291134942195072	0.255899433948408
1.81209999999982	0.287426939819142	0.291074823746784	0.255831363856561
1.81409999999982	0.287369456989749	0.291010300924972	0.255763509255331
1.81609999999982	0.287306939804481	0.290938052949318	0.255695869123056
1.81809999999982	0.287243554249404	0.290864417928871	0.255639317438043
1.82009999999982	0.287179297633479	0.290789397722654	0.255572087052935
1.82209999999982	0.287114897100478	0.290714100433888	0.255505068157994
1.82409999999982	0.28699959368318	0.290561523106417	0.255438259756885
1.82609999999982	0.286936846139105	0.290488912387502	0.255371660859473
1.82809999999982	0.286876439068964	0.290419740669996	0.255301569815492
1.83009999999981	0.28681531118777	0.290349393178859	0.255249866130203
1.83209999999981	0.286753333751663	0.290277682534562	0.255183873997551
1.83409999999981	0.286690503883204	0.290204610373976	0.255114406901939
1.83609999999981	0.286627522255535	0.290131244603624	0.255048831782446
1.83809999999981	0.286566254380508	0.290060404211681	0.254983460376823
1.84009999999981	0.286507182874591	0.289992819902789	0.25491463116933
1.84209999999981	0.286449240732744	0.289926859745679	0.254849670953597
1.84409999999981	0.286392283047571	0.289862296394324	0.254799226970133
1.84609999999981	0.286334522046447	0.289796424086894	0.254731004516623
1.84809999999981	0.286275954787764	0.2897292443674	0.254666628610579
1.85009999999981	0.286069721032203	0.289438375572903	0.254598823043288
1.85209999999981	0.28595474192306	0.289286357400594	0.254534848980644
1.85409999999981	0.285773081950485	0.289033814570861	0.254467456461845
1.85609999999981	0.285723822967815	0.288982183177866	0.254403880520814
1.85809999999981	0.285673820644531	0.28892926815552	0.254351058556951
1.86009999999981	0.285623071917151	0.288875071547721	0.254287855436004
1.86209999999981	0.285571573685797	0.288819595282916	0.254221255929537
1.86409999999981	0.285519322813682	0.288762841175192	0.254158443755293
1.86609999999981	0.285466316126568	0.288704810925307	0.254092246196301
1.86809999999981	0.285412550412186	0.288645506121644	0.254029821380897
1.87009999999981	0.285358022419646	0.2885849282411	0.253964022114346
1.87209999999981	0.285304318237525	0.288525480677207	0.253898423817877
1.87409999999981	0.28525090420142	0.28846634963141	0.253850565868789
1.87609999999981	0.28519767548985	0.288407380191338	0.253785339144052
1.87809999999981	0.285145344031706	0.288349640711845	0.253723849372392
1.88009999999981	0.285092266492278	0.288290653100498	0.253659012101554
1.88209999999981	0.28503843950451	0.288230418552161	0.253594371367404
1.88409999999981	0.284983859662876	0.288168938154455	0.25352992627766
1.88609999999981	0.284928523522665	0.288106212888394	0.253469189713738
1.88809999999981	0.284874475968285	0.288045336680069	0.253405127069383
1.89009999999981	0.28482145386132	0.287985899152581	0.253341257446146
1.89209999999981	0.284767694208833	0.287925240370817	0.253291380309667
1.89409999999981	0.28471319351035	0.287863361162634	0.253231362822083
1.89609999999981	0.284657948226807	0.287800262252686	0.253168040286747
1.89809999999981	0.28459512335021	0.287725586235983	0.253104907402326
1.90009999999981	0.284541608421006	0.287664976430038	0.25304196331812
1.90209999999981	0.2844918568112	0.287609939571926	0.252979207188464
1.90409999999981	0.284443479939539	0.287556854273329	0.252920097382177
1.90609999999981	0.284394411802195	0.287502599004536	0.252857708643466
1.90809999999981	0.28434613114827	0.287449414758963	0.252795505372832
1.91009999999981	0.28429851848412	0.287397113180498	0.252733486744468
1.91209999999981	0.284251845583898	0.287346108150811	0.252685248130504
1.91409999999981	0.284201954594458	0.287290052780898	0.252623576209269
1.91609999999981	0.28416025946883	0.28724626152025	0.252562086541597
1.91809999999981	0.284117920896563	0.287201342753341	0.252500778320729
1.9200999999998	0.284074935357965	0.287155297465869	0.252439650744742
1.9220999999998	0.284031299306399	0.287108126546051	0.252378703016405
1.9240999999998	0.283987009167599	0.287059830785366	0.252317934343169
1.9260999999998	0.283942061338955	0.287010410879244	0.252257343937138
1.9280999999998	0.283898708599829	0.28696328705876	0.252196931015029
1.9300999999998	0.283856601350888	0.286917915357085	0.252136694798145
1.9320999999998	0.283813860165191	0.286871447085392	0.252076634512333
1.9340999999998	0.283770481420274	0.286823882845887	0.252016749387958
1.9360999999998	0.28372646146681	0.286775223148655	0.25195703865987
1.9380999999998	0.283681796627853	0.286725468412206	0.251907480525011
1.9400999999998	0.283636483198054	0.286674618963961	0.251848102614636
1.9420999999998	0.28358733150607	0.28661784761142	0.251788896869111
1.9440999999998	0.283536655721912	0.286558671221954	0.25172986254068
1.9460999999998	0.283485256274547	0.28649833063825	0.251670998886008
1.9480999999998	0.283434293768802	0.286438589212521	0.251612305166005
1.9500999999998	0.283383705373534	0.286379346273796	0.251550454226902
1.9520999999998	0.283332398243279	0.286318949087458	0.251492103734234
1.9540999999998	0.283280368242297	0.286257397204544	0.251433920966239
1.9560999999998	0.283227611192205	0.286194690078153	0.251375905200797
1.9580999999998	0.283174122870875	0.286130827063365	0.251314751511977
1.9600999999998	0.283119899011304	0.286065807417099	0.25125707308749
1.9620999999998	0.283067279789272	0.286003171662201	0.251199559506024
1.9640999999998	0.283014889273859	0.285940828062663	0.251138922343837
1.9660999999998	0.28296177999451	0.285877348118403	0.251081741767664
1.9680999999998	0.282909526723039	0.28581511787562	0.251024723911972
1.9700999999998	0.282860303404811	0.28575741246972	0.250964596694314
1.9720999999998	0.282795931866764	0.285676742475228	0.250920924178308
1.9740999999998	0.282747610278025	0.285620391832459	0.25086437725841
1.9760999999998	0.282699395843712	0.285564128422835	0.250804734956635
1.9780999999998	0.282651916629806	0.28550889738375	0.250748512695534
1.9800999999998	0.2824636177453	0.285240615336034	0.250689204405744
1.9820999999998	0.282418728920535	0.285190040346089	0.250633304037643
1.9840999999998	0.282373207304192	0.285138399255994	0.250574326940464
1.9860999999998	0.282327048499256	0.285085691531788	0.250518745730826
1.9880999999998	0.282091463425111	0.284746824444293	0.250460097038661
1.9900999999998	0.282046323474988	0.284696829964999	0.250404832283775
1.9920999999998	0.28195460818273	0.284576226515784	0.25034650924026
1.9940999999998	0.281911703675075	0.284529664982559	0.250291558266805
1.9960999999998	0.281870016633873	0.284484791853524	0.250233558146393
1.9980999999998	0.281827753349364	0.284438898499293	0.250178918311018
