t	fs_A	fs_V
0	0	0	0
0.002	0	0	0
0.0041	1.03447539880073E-08	1.14173908716766E-14	5.27465E-12
0.006	1.05857964032235E-08	4.839346293433E-14	5.26771E-12
0.00800000000000001	1.10231246496475E-08	1.1654407646689E-13	5.27068E-12
0.0101	1.16894557560324E-08	2.2297750539367E-13	5.29672E-12
0.0121	1.25251167349581E-08	3.60776705587321E-13	5.3097E-12
0.0141	1.35601086382265E-08	5.37889395292727E-13	5.32713999999999E-12
0.0161	1.47970761262946E-08	7.58566199120009E-13	5.35015999999999E-12
0.0180999999999999	1.62382483128566E-08	1.02751884323665E-12	5.37996999999998E-12
0.0200999999999999	1.78855088470987E-08	1.34984794099537E-12	5.41789999999997E-12
0.0220999999999999	1.97404681012785E-08	1.73097885239674E-12	5.46536999999996E-12
0.0240999999999999	2.18045291037758E-08	2.1766074234855E-12	5.52392999999996E-12
0.0260999999999999	2.40789429712754E-08	2.69265561194768E-12	5.59525999999994E-12
0.0280999999999999	2.65648528001906E-08	3.28523602329184E-12	5.68121999999993E-12
0.0300999999999999	2.92633268862375E-08	3.96062398516276E-12	5.78384999999992E-12
0.0320999999999999	3.21753829904541E-08	4.72523574402465E-12	5.90539999999993E-12
0.0341	3.53020055483801E-08	5.58561150378817E-12	6.04839999999996E-12
0.036	3.84719164292728E-08	6.4977264983034E-12	6.13693000000001E-12
0.0380000000000001	4.20197010585828E-08	7.56406349290117E-12	6.32617000000006E-12
0.0400000000000001	4.5784859032191E-08	8.74606639775872E-12	6.5461700000001E-12
0.0420000000000002	4.97683268447976E-08	1.00506608273101E-11	6.80098000000017E-12
0.0440000000000002	5.39710378617394E-08	1.14848535085637E-11	7.09523000000025E-12
0.0460000000000003	5.83939233874926E-08	1.30557281275278E-11	7.43422000000032E-12
0.0480000000000003	6.30379131308403E-08	1.47704419465857E-11	7.82403000000041E-12
0.0500000000000004	6.79039352838601E-08	1.66362230174203E-11	8.27168000000049E-12
0.0520000000000005	7.29929163637302E-08	1.86603678567088E-11	8.78526000000061E-12
0.0540000000000005	7.83057809182443E-08	2.08502394837971E-11	9.37411000000073E-12
0.0560000000000006	8.38434511623038E-08	2.32132657435454E-11	1.00490000000009E-11
0.0580000000000006	8.96068465893651E-08	2.57569378555551E-11	1.0822600000001E-11
0.0600000000000007	9.55968835858118E-08	2.84888091445463E-11	1.17092000000012E-11
0.0620000000000007	1.01814475065328E-07	3.14164939169047E-11	1.27259000000014E-11
0.0640000000000008	1.08260530132999E-07	3.45476664561806E-11	1.38919000000016E-11
0.0660000000000009	1.14935953783978E-07	3.78900601162427E-11	1.52300000000018E-11
0.0680000000000009	1.21841646638391E-07	4.14514664953192E-11	1.67663000000021E-11
0.070000000000001	1.28978504712104E-07	4.50448114823569E-11	1.85313000000024E-11
0.072000000000001	1.52556693913238E-07	6.85081389149302E-11	2.05602000000028E-11
0.0740000000000011	1.77383407772184E-07	9.52607675828067E-11	2.28936000000031E-11
0.0760000000000012	2.03517199400604E-07	1.25524860356196E-10	2.55788000000036E-11
0.0780000000000012	2.31021688435197E-07	1.59550632320985E-10	2.86703000000041E-11
0.0800000000000013	2.59965537781286E-07	1.9761673990437E-10	3.54483000000048E-11
0.0820000000000013	2.90422541278431E-07	2.40031364235364E-10	4.35144000000057E-11
0.0840000000000014	3.22471787302031E-07	2.8713383427296E-10	5.26564000000067E-11
0.0860000000000014	3.56197878534476E-07	3.39296692618736E-10	6.3019200000008E-11
0.0880000000000015	3.91691196714405E-07	3.96928154866306E-10	7.47673000000094E-11
0.0900000000000016	4.29048205986933E-07	4.604749416149E-10	8.8088100000011E-11
0.0920000000000016	4.68371791326568E-07	5.30425480157405E-10	1.03195000000013E-10
0.0940000000000017	5.09771630271962E-07	6.07313485019622E-10	1.20330000000015E-10
0.0960000000000017	5.5336459735042E-07	6.9172193545192E-10	1.39769000000018E-10
0.0980000000000018	5.99275201309467E-07	7.84287474997252E-10	1.61827000000021E-10
0.100000000000002	6.47636055714572E-07	8.85705264081395E-10	1.86862000000025E-10
0.102000000000002	6.98588383641806E-07	9.96734321498255E-10	2.15280000000029E-10
0.104000000000002	7.52282557101866E-07	1.11820339480262E-09	2.47545000000034E-10
0.106000000000002	8.08878671627584E-07	1.251017403308E-09	2.84183000000039E-10
0.108000000000002	8.68547156871981E-07	1.39616450245031E-09	3.25795000000046E-10
0.110000000000002	9.31469427613781E-07	1.55472383178004E-09	3.73061000000054E-10
0.112000000000002	9.97838593646369E-07	1.72787405329611E-09	4.26756000000062E-10
0.114000000000002	1.06786024328759E-06	1.91690279444915E-09	4.87761000000073E-10
0.116000000000002	1.14175665410527E-06	2.12324262125571E-09	5.57073000000085E-10
0.118000000000002	1.21978776359461E-06	2.34863524903195E-09	6.35826000000099E-10
0.120000000000002	1.30224177146063E-06	2.59507789674857E-09	7.25305000000116E-10
0.122000000000002	1.38942848822271E-06	2.86478660825329E-09	8.26967000000134E-10
0.124000000000003	1.4816807934677E-06	3.16021993651568E-09	9.42461000000155E-10
0.126000000000002	1.57935619580116E-06	3.48410523476606E-09	1.07365000000017E-09
0.128000000000002	1.68283848062438E-06	3.83946766300457E-09	1.22265000000018E-09
0.130000000000002	1.79253944923522E-06	4.22966216504254E-09	1.39184000000018E-09
0.132000000000002	1.90890075270822E-06	4.65840869162167E-09	1.58391000000018E-09
0.134000000000002	2.03239582395159E-06	5.12983096674866E-09	1.80189000000018E-09
0.136000000000001	2.16353191127304E-06	5.64849911724205E-09	2.04919000000018E-09
0.138000000000001	2.30285221672188E-06	6.21947650968714E-09	2.32968000000016E-09
0.140000000000001	2.45093814241766E-06	6.84837116460475E-09	2.64766000000015E-09
0.142000000000001	2.60841164803207E-06	7.54139214474628E-09	3.00800000000014E-09
0.144	2.77593772256431E-06	8.305411343111E-09	3.41614000000011E-09
0.146	2.95422697354388E-06	9.1480311266334E-09	3.87819000000006E-09
0.148	3.14403833680819E-06	1.00776583235928E-08	4.40101E-09
0.1501	3.35662807266563E-06	1.11575890285386E-08	5.02373999999992E-09
0.1521	3.5726515959233E-06	1.2295697570821E-08	5.69602999999984E-09
0.154099999999999	3.8028406131641E-06	1.35523037341869E-08	6.45532999999974E-09
0.156099999999999	4.04818010421649E-06	1.49399796400065E-08	7.31236999999961E-09
0.158099999999999	4.30971901991443E-06	1.6472592504971E-08	8.27907999999943E-09
0.160099999999999	4.58857379155227E-06	1.81654295041439E-08	9.36872999999925E-09
0.162099999999998	4.88593198491306E-06	2.00353334991422E-08	1.0596099999999E-08
0.164099999999998	5.20305610266428E-06	2.21008504529739E-08	1.19774999999987E-08
0.166099999999998	5.54128753903051E-06	2.43823894052626E-08	1.35311999999984E-08
0.168099999999998	5.90205069077075E-06	2.69023959365339E-08	1.5277399999998E-08
0.170099999999998	6.28685722860818E-06	2.96855401080296E-08	1.72383999999975E-08
0.172099999999997	6.69731053338284E-06	3.27589199242872E-08	1.94387999999969E-08
0.174099999999997	7.13511030132056E-06	3.61522814295831E-08	2.19058999999963E-08
0.176099999999997	7.60205732293711E-06	3.98982566164432E-08	2.46698999999955E-08
0.178099999999997	8.10005844021992E-06	4.40326203948637E-08	2.77639999999946E-08
0.180099999999996	8.63113168685628E-06	4.85945679448478E-08	3.12247999999936E-08
0.182099999999996	9.19741161640032E-06	5.36270138524317E-08	3.50924999999924E-08
0.184099999999996	9.80115482339527E-06	5.91769145107337E-08	3.9411599999991E-08
0.186099999999996	1.04447456625889E-05	6.52956153528198E-08	4.42307999999894E-08
0.188099999999996	1.11307021715005E-05	7.20392245725089E-08	4.96034999999875E-08
0.190099999999995	1.18616822017138E-05	7.94690150827678E-08	5.55882999999855E-08
0.192099999999995	1.26404897643868E-05	8.76518565592364E-08	6.22496999999832E-08
0.194099999999995	1.34700815955771E-05	9.66606795188287E-08	6.96578999999804E-08
0.196099999999995	1.43535739470928E-05	1.06574973490405E-07	7.78900999999771E-08
0.198099999999995	1.52942496086782E-05	1.1748132144641E-07	8.70303999999737E-08
0.200099999999994	1.62955651674466E-05	1.2947397278124E-07	9.71708999999695E-08
0.202099999999994	1.73611585105674E-05	1.42655457244137E-07	1.08411999999965E-07
0.204099999999994	1.84948565773052E-05	1.57137242361737E-07	1.2086299999996E-07
0.206099999999994	1.97006833665985E-05	1.73040437018243E-07	1.34643999999954E-07
0.208099999999993	2.09828682064478E-05	1.904965439997E-07	1.49883999999947E-07
0.210099999999993	2.23458542914653E-05	2.0964826445317E-07	1.6672499999994E-07
0.212099999999993	2.37943074950131E-05	2.30650357361964E-07	1.85319999999931E-07
0.214099999999993	2.53331254624305E-05	2.53670557294679E-07	2.05837999999922E-07
0.216099999999993	2.69674469919199E-05	2.78890553848651E-07	2.28457999999912E-07
0.218099999999992	2.87026617097262E-05	3.06507036378036E-07	2.533789999999E-07
0.220099999999992	3.05444200463065E-05	3.36732807772882E-07	2.80812999999887E-07
0.222099999999992	3.24986435202422E-05	3.69797971238826E-07	3.10991999999872E-07
0.224099999999992	3.45715353367015E-05	4.05951194217275E-07	3.44166999999855E-07
0.226099999999991	3.67695913073053E-05	4.45461053783581E-07	3.80606999999837E-07
0.228099999999991	3.90996110982953E-05	4.88617468065744E-07	4.20607999999816E-07
0.230099999999991	4.15687098139387E-05	5.35733218438921E-07	4.64483999999794E-07
0.232099999999991	4.41843299221366E-05	5.87145567471565E-07	5.12578999999767E-07
0.234099999999991	4.69542535292286E-05	6.43217977827515E-07	5.6526099999974E-07
0.23609999999999	4.98866150110005E-05	7.04341937565029E-07	6.22929999999709E-07
0.23809999999999	5.29899140069157E-05	7.70938897518767E-07	6.86013999999675E-07
0.24009999999999	5.62730287845875E-05	8.43462326704027E-07	7.54976999999637E-07
0.24209999999999	5.97452299815019E-05	9.22399891944592E-07	8.30315999999593E-07
0.244099999999989	6.34161947309759E-05	1.00827576819602E-06	9.12568999999547E-07
0.246099999999989	6.72960211793109E-05	1.10165308631582E-06	1.0023099999995E-06
0.248099999999989	7.13952434010447E-05	1.20313652531989E-06	1.10015999999944E-06
0.250099999999989	7.572484671915E-05	1.31337505646199E-06	1.20678999999938E-06
0.252099999999989	8.02962834369501E-05	1.43306484677889E-06	1.32291999999931E-06
0.254099999999988	8.51214889884233E-05	1.56295233005895E-06	1.44929999999923E-06
0.256099999999988	9.02128985134548E-05	1.70383745351559E-06	1.58676999999915E-06
0.258099999999988	9.55834638644561E-05	1.85657710878007E-06	1.73619999999906E-06
0.260099999999988	0.000101246671050617	2.02208875616926E-06	1.89854999999896E-06
0.262099999999987	0.000107216558125859	2.20135425153409E-06	2.07482999999885E-06
0.264099999999987	0.000113507733526363	2.39542388535305E-06	2.26611999999873E-06
0.266099999999987	0.000120135394863275	2.60542064410121E-06	2.4735899999986E-06
0.268099999999987	0.000127115348175945	2.8325447043001E-06	2.69847999999846E-06
0.270099999999987	0.00013446402765072	3.07807817003489E-06	2.9421199999983E-06
0.272099999999986	0.000142198515809969	3.34339006511459E-06	3.20592999999813E-06
0.274099999999986	0.000150336564175623	3.6299415914459E-06	3.49140999999795E-06
0.276099999999986	0.000158896614411071	3.93929166559186E-06	3.80019999999775E-06
0.278099999999986	0.000167897819944779	4.27310274589289E-06	4.13401999999753E-06
0.280099999999985	0.000177360068078422	4.63314696293742E-06	4.49471999999729E-06
0.282099999999985	0.000187304002581767	5.02131256658251E-06	4.88423999999702E-06
0.284099999999985	0.000197751046775837	5.43961070314019E-06	5.30469999999674E-06
0.286099999999985	0.000208723427105195	5.89018253676116E-06	5.75830999999642E-06
0.288099999999985	0.000220244197199354	6.37530672946278E-06	6.24744999999608E-06
0.290099999999984	0.000232337262422466	6.89740729466109E-06	6.77465999999574E-06
0.292099999999984	0.00024502740490947	7.45906183947596E-06	7.34260999999534E-06
0.294099999999984	0.000258340309085824	8.06301021148077E-06	7.95415999999493E-06
0.296099999999984	0.000272302587666813	8.7121635659624E-06	8.61235999999446E-06
0.298099999999983	0.000286941808131146	9.40961387014081E-06	9.32042999999396E-06
0.300099999999983	0.000302286519662243	1.01586438611679E-05	1.00817999999934E-05
0.302099999999983	0.000318366280549079	1.09627374750769E-05	1.09000999999928E-05
0.304099999999983	0.000335211686036896	1.18255907641875E-05	1.17791999999922E-05
0.306099999999983	0.000352854396616316	1.27511233207805E-05	1.27231999999915E-05
0.308099999999982	0.00037132716673754	1.3743490225136E-05	1.37364999999908E-05
0.310099999999982	0.000390663873934261	1.48070945362783E-05	1.482359999999E-05
0.312099999999982	0.00041089954833973	1.59466003439806E-05	1.59894999999891E-05
0.314099999999982	0.000432070402575035	1.71669464007499E-05	1.72391999999882E-05
0.316099999999982	0.000454215810919803	1.84731631449494E-05	1.85783999999872E-05
0.318099999999981	0.000477381124157494	1.98709262928785E-05	2.00126999999861E-05
0.320099999999981	0.000501607125881352	2.13660945730466E-05	2.1548299999985E-05
0.322099999999981	0.000526935842909563	2.296485278729E-05	2.31916999999837E-05
0.324099999999981	0.000553410668586222	2.46737380007402E-05	2.49497999999824E-05
0.32609999999998	0.000581076394967067	2.64996570622648E-05	2.6829699999981E-05
0.32809999999998	0.000609979245159074	2.8449904837936E-05	2.88391999999794E-05
0.33009999999998	0.000640166905765207	3.0532183175494E-05	3.09862999999779E-05
0.33209999999998	0.000671688559381019	3.27546206172495E-05	3.32794999999761E-05
0.33409999999998	0.000704594917084986	3.51257928782187E-05	3.57278999999741E-05
0.336099999999979	0.000738938250859282	3.76547441054984E-05	3.83408999999722E-05
0.338099999999979	0.000774772425872184	4.03510089339435E-05	4.11285999999699E-05
0.340099999999979	0.000812152932547454	4.32246353521029E-05	4.41013999999677E-05
0.342099999999979	0.000851136918339851	4.62862083910807E-05	4.7270499999965E-05
0.344099999999978	0.000891783219129277	4.95468746474937E-05	5.06476999999624E-05
0.346099999999978	0.000934152390139143	5.30183676499978E-05	5.42450999999596E-05
0.348099999999978	0.000978306736277123	5.67130340769132E-05	5.80758999999565E-05
0.350099999999978	0.00102431034178869	6.06438608302842E-05	6.21534999999532E-05
0.352099999999978	0.0010717722089155	6.47430913031769E-05	6.64924999999498E-05
0.354099999999977	0.0011208122146235	6.90225163505371E-05	7.1107799999946E-05
0.356099999999977	0.0011719774180587	7.35779866677957E-05	7.6015299999942E-05
0.358099999999977	0.00122534321817827	7.84256157461116E-05	8.1231599999938E-05
0.360099999999977	0.00128098702122731	8.35823305385736E-05	8.67740999999335E-05
0.362099999999976	0.0013389882681677	8.90659054655105E-05	9.26612999999287E-05
0.364099999999976	0.00139942845955153	9.48949972365568E-05	9.89122999999236E-05
0.366099999999976	0.00146239117779342	0.000101089180476865	0.000105546999999918
0.368099999999976	0.00152796210674239	0.000107668984136506	0.000112586999999913
0.370099999999976	0.00159622904841157	0.000114655928654005	0.000120054999999906
0.372099999999975	0.00166728193668961	0.000122072563836854	0.0001279729999999
0.374099999999975	0.00174121284782862	0.000129942507413583	0.000136364999999893
0.376099999999975	0.0018181160074778	0.000138290484203294	0.000145257999999885
0.378099999999975	0.00189808779400925	0.000147142365839615	0.000154676999999877
0.380099999999974	0.00198122252339515	0.00015652458718579	0.000164649999999869
0.382099999999974	0.00206755349647848	0.000166458633980479	0.00017520699999986
0.384099999999974	0.00215716178881049	0.000176972771130032	0.000186376999999851
0.386099999999974	0.00225015036117271	0.000188097241540598	0.000198191999999841
0.388099999999974	0.00234662426696733	0.000199863613020879	0.00021068599999983
0.390099999999973	0.00244669062897039	0.000212304818863947	0.00022389199999982
0.392099999999973	0.00255045861034528	0.000225455198274742	0.000237844999999807
0.394099999999973	0.00265803937953042	0.000239350536491201	0.000252584999999795
0.396099999999973	0.00276931225251824	0.000253955816831677	0.000268147999999782
0.398099999999972	0.00288475464313195	0.000269355293419562	0.000284575999999768
0.400099999999972	0.00300439711653836	0.00028561782844762	0.000301910999999753
0.402099999999972	0.00312834610505176	0.000302784070005159	0.000320194999999737
0.404099999999972	0.00325672547181721	0.000320898091691255	0.000339473999999721
0.406099999999972	0.00338966080197665	0.000340005677663054	0.000359795999999704
0.408099999999971	0.00352727931053165	0.000360154356903474	0.000381207999999686
0.410099999999971	0.00366970974029645	0.000381393435396621	0.000403761999999666
0.412099999999971	0.00381708224948153	0.000403774025903877	0.000427507999999646
0.414099999999971	0.00396952828845411	0.000427349075015096	0.000452501999999625
0.41609999999997	0.00412718046523188	0.00045217338713101	0.000478799999999602
0.41809999999997	0.00429017239927927	0.000478303645014706	0.000506456999999579
0.42009999999997	0.00445863856319394	0.000505798426532495	0.000535534999999554
0.42209999999997	0.0046326559020776	0.00053469788328538	0.000566094999999529
0.42409999999997	0.00481216900719613	0.000564979010386981	0.000598199999999501
0.426099999999969	0.00499765053690663	0.000596820386316841	0.000631913999999473
0.428099999999969	0.00518921795329971	0.000630287170910571	0.000667305999999443
0.430099999999969	0.00538701166774107	0.000665448645403356	0.000704442999999409
0.432099999999969	0.00559117175431934	0.000702376052408692	0.000743395999999378
0.434099999999969	0.00580120122122239	0.000740916562232997	0.000784237999999344
0.436099999999968	0.00601753027351454	0.000781277119190898	0.000827041999999306
0.438099999999968	0.0062404334406924	0.000823586156262426	0.000871884999999269
0.440099999999968	0.00647004530592472	0.000867920606506582	0.00091884499999923
0.442099999999968	0.00670649884020234	0.000914359145786458	0.000967998999999189
0.444099999999967	0.0069499250814985	0.000962982133430291	0.00102
0.446099999999967	0.0072004528003102	0.00101387154330763	0.00107
0.448099999999967	0.00745820815205271	0.00106711088489713	0.00113
0.450099999999967	0.0077232770225342	0.00112276112301566	0.00119
0.452099999999967	0.00799587462268454	0.00118091714596821	0.00125
0.454099999999966	0.00827590416573603	0.00124154582976583	0.00131
0.456099999999966	0.00856372471283925	0.00130488659254908	0.00138
0.458099999999966	0.00885944898303436	0.00137103091398633	0.00145
0.460099999999966	0.0091631656605133	0.00144006683214916	0.00152
0.462099999999965	0.00947492440417007	0.00151207630278658	0.00159999999999654
0.464099999999965	0.00979481877076101	0.00158715194670939	0.00167999999999652
0.466099999999965	0.0101226620690372	0.0016652567851852	0.00176
0.468099999999965	0.0104583496295288	0.00174641449769151	0.00184999999999647
0.470099999999965	0.0108022651014495	0.00183087619641819	0.00193
0.472099999999964	0.0111544399797956	0.00191870362733131	0.00202999999999643
0.474099999999964	0.0115150939652216	0.00201003511841096	0.00212
0.476099999999964	0.0118843353905835	0.00210498744475421	0.00222
0.478099999999964	0.0122620331595435	0.00220354176632822	0.00232999999999637
0.480099999999963	0.0126481184312244	0.0023057713291395	0.00243
0.482099999999963	0.0130427374701839	0.00241184756271671	0.00254
0.484099999999963	0.0134459133013059	0.00252185799625409	0.0026599999999963
0.486099999999963	0.0138576588027262	0.00263588825975808	0.00277999999999628
0.488099999999963	0.0142779763766281	0.0027540218052589	0.0029
0.490099999999962	0.0147068403080326	0.00287633291886919	0.00302999999999624
0.492099999999962	0.0151441851676302	0.00300288707491097	0.00315999999999621
0.494099999999962	0.0155899422835723	0.00313371570798376	0.00329999999999619
0.496099999999962	0.0160441400334602	0.00326891355602986	0.00343999999999618
0.498099999999961	0.016506452479254	0.00340839280631635	0.00358
0.500099999999961	0.0169770391256306	0.00355238568648059	0.00373
0.502099999999961	0.0174558308945438	0.00370095411031356	0.0038899999999961
0.504099999999961	0.0179425045332028	0.00385400013690927	0.00404999999999608
0.506099999999961	0.0184368876376568	0.00401155745781349	0.00420999999999606
0.50809999999996	0.0189390532127674	0.00417379748066047	0.00437999999999603
0.51009999999996	0.0194488877259609	0.00434076259623465	0.00454999999999602
0.51209999999996	0.0199662699368963	0.00451249264272249	0.00472999999999599
0.51409999999996	0.0204911758266002	0.00468906841724045	0.00490999999999597
0.516099999999959	0.0210234880419222	0.00487051614978236	0.00509999999999594
0.518099999999959	0.0215629456093698	0.00505672794044796	0.00528999999999593
0.520099999999959	0.0221092363965606	0.00524770309561549	0.0054899999999959
0.522099999999959	0.0226620685007511	0.00544339740144776	0.00568999999999588
0.524099999999959	0.0232211639061287	0.00564377117837744	0.00589999999999586
0.526099999999958	0.0237864977774418	0.00584895798660463	0.00610999999999583
0.528099999999958	0.0243578701785127	0.00605894935476418	0.00632999999999581
0.530099999999958	0.024935006904583	0.0062736754220339	0.00654999999999579
0.532099999999958	0.0255177085034502	0.00649315765237433	0.00677999999999154
0.534099999999958	0.0261057867646883	0.00671737420855226	0.00700999999999575
0.536099999999957	0.0266988427741795	0.0069461198994086	0.00723999999999572
0.538099999999957	0.0272965567169052	0.00717928555957589	0.0074799999999957
0.540099999999957	0.0278989628552289	0.00741707690441528	0.00772999999999135
0.542099999999957	0.0285058320985172	0.00765939890768487	0.00797999999999131
0.544099999999956	0.0291167524976977	0.00790612708985105	0.00822999999999564
0.546099999999956	0.0297315192968572	0.00815727180100776	0.00848999999999123
0.548099999999956	0.0303498502680975	0.00841274823588353	0.00874999999999559
0.550099999999956	0.0309713244363946	0.00867234271238547	0.00900999999999557
0.552099999999956	0.0315958528774259	0.0089361491419249	0.00927999999999555
0.554099999999955	0.0322232660280099	0.00920412853377955	0.00955999999999552
0.556099999999955	0.0328531434959695	0.00947599250869619	0.00983999999999099
0.558099999999955	0.0334851500970087	0.00975157750849577	0.010119999999991
0.560099999999955	0.0341190988066362	0.0100309692305478	0.0103999999999955
0.562099999999954	0.0347547461112935	0.0103140763058709	0.0106899999999954
0.564099999999954	0.0353918503075028	0.010600804360829	0.0109899999999908
0.566099999999954	0.0360301167638935	0.0108910021888937	0.0112799999999954
0.568099999999954	0.0366692164853611	0.0111844833937685	0.0115799999999954
0.570099999999954	0.0373088387574	0.0114810641357623	0.0118799999999954
0.572099999999953	0.0379489285792981	0.0117808332043755	0.0121899999999907
0.574099999999953	0.0385893172058318	0.012083713417261	0.0124999999999906
0.576099999999953	0.0392295983906942	0.0123893671400075	0.0128099999999906
0.578099999999953	0.0398694439522952	0.0126975670041867	0.0131199999999953
0.580099999999952	0.0405088798311658	0.0130085074533256	0.0134399999999905
0.582099999999952	0.0411477110317268	0.0133220410707461	0.0137599999999904
0.584099999999952	0.0417856177653652	0.0136379624435561	0.0140799999999952
0.586099999999952	0.0424223639747625	0.0139561361516283	0.0144099999999904
0.588099999999952	0.0430578666350616	0.014276582286291	0.0147299999999903
0.590099999999951	0.0436919579669623	0.0145991962776527	0.0150599999999903
0.592099999999951	0.0443244766405574	0.0149238743979807	0.0153899999999902
0.594099999999951	0.04495535234759	0.0152506081399394	0.0157199999999902
0.596099999999951	0.0455846414789437	0.0155795181701119	0.0160499999999951
0.59809999999995	0.0462119842045935	0.0159101904104934	0.0163899999999901
0.60009999999995	0.0468371761959098	0.0162425008099072	0.0167299999999901
0.60209999999995	0.0474600379721484	0.0165763511229795	0.017059999999995
0.60409999999995	0.048080436067425	0.0169116354017465	0.017399999999995
0.60609999999995	0.0486982305923019	0.017248225486506	0.017739999999995
0.608099999999949	0.0493131340465979	0.0175857837423983	0.0180899999999899
0.610099999999949	0.049925124728676	0.0179243856477255	0.0184299999999898
0.612099999999949	0.0505341452640974	0.0182639957063825	0.0187699999999949
0.614099999999949	0.0511400825972411	0.0186044853991923	0.0191199999999897
0.616099999999948	0.0517429860573716	0.0189459820444499	0.0194599999999948
0.618099999999948	0.0523427158486232	0.0192882675219801	0.0198099999999897
0.620099999999948	0.0529391802129873	0.0196312108129438	0.0201599999999896
0.622099999999948	0.0535322731362933	0.0199746659171684	0.0204999999999948
0.624099999999948	0.0541219089477318	0.0203185141724331	0.0208499999999895
0.626099999999947	0.054708025013617	0.020662688344913	0.0211999999999895
0.628099999999947	0.0552905596692756	0.0210070708692416	0.0215499999999894
0.630099999999947	0.0558695226535198	0.0213517170710284	0.0218999999999894
0.632099999999947	0.0564448988259723	0.0216966057288093	0.0222399999999947
0.634099999999946	0.0570166644957818	0.0220416805363303	0.0225899999999947
0.636099999999946	0.0575847986073989	0.0223868864158548	0.0229399999999892
0.638099999999946	0.0581492586076239	0.0227321509020751	0.0232899999999892
0.640099999999946	0.0587099558541475	0.0230772702043734	0.0236399999999892
0.642099999999946	0.0592669452899277	0.0234223124890497	0.0239899999999891
0.644099999999945	0.0598202302613187	0.0237672557698542	0.0243399999999891
0.646099999999945	0.0603698828612346	0.0241120585884392	0.024689999999989
0.648099999999945	0.0609159052265388	0.0244566407680681	0.0250299999999945
0.650099999999945	0.0614581594812913	0.0248009356202154	0.0253799999999889
0.652099999999945	0.0619966703956597	0.0251449453805225	0.0257299999999889
0.654099999999944	0.0625314522394935	0.0254886377492888	0.0260799999999889
0.656099999999944	0.0630626264418986	0.025832053287233	0.0264199999999944
0.658099999999944	0.0635901537418329	0.0261751167828124	0.0267699999999887
0.660099999999944	0.0641139231201228	0.0265176640666483	0.0271199999999887
0.662099999999943	0.0646339535394972	0.0268596745193947	0.0274599999999943
0.664099999999943	0.0651502874299332	0.0272011767636688	0.0278099999999886
0.666099999999943	0.0656629530462768	0.0275421497653848	0.0281499999999943
0.668099999999943	0.0661719976464732	0.0278825948467505	0.0284999999999885
0.670099999999943	0.0666774833868447	0.0282225164107864	0.0288399999999885
0.672099999999942	0.0671794264083015	0.0285618600131709	0.0291799999999942
0.674099999999942	0.0676778241763297	0.0289005340982136	0.0295199999999942
0.676099999999942	0.0681727752230742	0.0292387190997465	0.0298699999999884
0.678099999999942	0.0686642269899823	0.0295762536247911	0.0302099999999883
0.680099999999941	0.0691521836126003	0.0299130803893661	0.0305499999999883
0.682099999999941	0.0696366588854934	0.0302491295072854	0.0308899999999882
0.684099999999941	0.0701176747452027	0.0305843209025728	0.0312299999999882
0.686099999999941	0.0705952940585373	0.0309187816288685	0.0315599999999941
0.688099999999941	0.0710695357225913	0.0312524516391146	0.0318999999999881
0.69009999999994	0.0715404358865075	0.0315853533415426	0.0322399999999881
0.69209999999994	0.0720080168696353	0.03191740099364	0.032569999999994
0.69409999999994	0.0724722995558661	0.0322485883734576	0.0329099999999879
0.69609999999994	0.0729333365838968	0.032578978791311	0.033239999999994
0.698099999999939	0.0733911769821971	0.0329085749075609	0.0335799999999879
0.700099999999939	0.073845883414544	0.0332373882045467	0.0339099999999879
0.702099999999939	0.0742974948131811	0.0335653860153439	0.0342399999999878
0.704099999999939	0.0747460456603401	0.0338925573913903	0.0345699999999939
0.706099999999939	0.0751916769532934	0.0342189803949854	0.0348999999999939
0.708099999999938	0.0756344227306898	0.0345446832770773	0.0352299999999938
0.710099999999938	0.076074215148476	0.0348695944129332	0.0355599999999876
0.712099999999938	0.0765110973836831	0.0351937183233165	0.0358899999999876
0.714099999999938	0.0769450991374538	0.0355169937363766	0.0362199999999875
0.716099999999937	0.0773762873867108	0.0358394798875135	0.0365399999999938
0.718099999999937	0.0778047341815428	0.036161230015628	0.0368699999999874
0.720099999999937	0.078230394054541	0.0364821633559164	0.0371899999999937
0.722099999999937	0.0786532876245474	0.0368022714453429	0.0375199999999874
0.724099999999937	0.0790734573349845	0.037121559241696	0.0378399999999873
0.726099999999936	0.0794909385128526	0.0374400170720348	0.0381599999999936
0.728099999999936	0.0799057634999011	0.0377576337665969	0.0384799999999936
0.730099999999936	0.0803179700393115	0.0380744353713022	0.0387999999999936
0.732099999999936	0.080727602723555	0.038390435303452	0.0391199999999936
0.734099999999935	0.0811347299209786	0.0387056586209523	0.0394399999999935
0.736099999999935	0.0815394191335282	0.0390201574536924	0.0397599999999935
0.738099999999935	0.0819416433224521	0.0393338246446198	0.040079999999987
0.740099999999935	0.0823414369427634	0.0396466681488395	0.040399999999987
0.742099999999935	0.0827388283705728	0.0399587105330382	0.0407099999999935
0.744099999999934	0.0831338819826401	0.0402700076239863	0.0410299999999869
0.746099999999934	0.0835266295059832	0.0405805565620925	0.0413399999999934
0.748099999999934	0.0839170661578487	0.0408903014790183	0.0416599999999868
0.750099999999934	0.0843052416802754	0.0411993487021095	0.0419699999999868
0.752099999999933	0.0846911809932088	0.0415075990899004	0.0422799999999934
0.754099999999933	0.0850748977130563	0.0418150542061174	0.0425899999999933
0.756099999999933	0.0854564265342704	0.0421217496773774	0.0428999999999933
0.758099999999933	0.0858358035232642	0.0424276971251163	0.0432099999999933
0.760099999999933	0.0862130634560418	0.0427328970542301	0.0435199999999933
0.762099999999932	0.0865882320222245	0.0430372983192733	0.0438299999999932
0.764099999999932	0.0869613239776253	0.0433408791907274	0.0441399999999864
0.766099999999932	0.0873323581458909	0.0436436829925251	0.0444499999999864
0.768099999999932	0.0877013652869322	0.0439457400875752	0.0447499999999932
0.770099999999932	0.088068379004113	0.0442470640386397	0.0450599999999863
0.772099999999931	0.0884334472664128	0.0445476980295957	0.0453599999999931
0.774099999999931	0.0887966094553163	0.044847647771051	0.0456699999999862
0.776099999999931	0.0891578938132697	0.0451469219754892	0.0459699999999931
0.778099999999931	0.089517362289668	0.04544548444393	0.0462699999999931
0.78009999999993	0.089875020441639	0.0457433458233969	0.046579999999986
0.78209999999993	0.0902309885596288	0.0460406282923702	0.046879999999986
0.78409999999993	0.0905852446164923	0.0463372706702619	0.047179999999986
0.78609999999993	0.0909377280361087	0.0466332429633525	0.047479999999986
0.78809999999993	0.091288467707684	0.0469285504204323	0.0477799999999859
0.790099999999929	0.0916375032481003	0.0472232512589365	0.0480799999999858
0.792099999999929	0.0919848365167367	0.0475172772789307	0.0483799999999858
0.794099999999929	0.0923305308030618	0.0478107005451079	0.0486699999999929
0.796099999999929	0.0926747422838525	0.04810362383138	0.0489699999999929
0.798099999999928	0.0930173086142191	0.0483959021002581	0.0492699999999857
0.800099999999928	0.0933582569052951	0.0486875474750932	0.0495599999999928
0.802099999999928	0.0936976136527989	0.0489785719161549	0.0498599999999856
0.804099999999928	0.0940354107508211	0.0492689571495625	0.0501499999999928
0.806099999999928	0.0943716564252004	0.0495587214195647	0.0504499999999855
0.808099999999927	0.0947063706266729	0.0498478775117053	0.0507399999999927
0.810099999999927	0.095039578201198	0.0501364371225324	0.0510299999999927
0.812099999999927	0.0953713034255029	0.0504244117788029	0.0513299999999854
0.814099999999927	0.0957015701970187	0.0507118159315979	0.0516199999999853
0.816099999999926	0.096030416789802	0.0509986562452587	0.0519099999999852
0.818099999999926	0.0963578623652374	0.0512849949688832	0.0521999999999853
0.820099999999926	0.0966839243286239	0.0515708369256092	0.0524899999999852
0.822099999999926	0.0970086265571794	0.0518561375800015	0.0527799999999851
0.824099999999926	0.0973319881212338	0.0521408873317801	0.0530699999999851
0.826099999999925	0.0976540236609214	0.0524250646143596	0.0533599999999851
0.828099999999925	0.097974749531698	0.052708742824864	0.0536399999999925
0.830099999999925	0.0982942397369536	0.0529920258781802	0.0539299999999925
0.832099999999925	0.0986124353024301	0.0532747924009909	0.0542199999999849
0.834099999999924	0.0989293490892222	0.0535570421522049	0.0544999999999924
0.836099999999924	0.0992449985506186	0.0538387819175666	0.0547899999999924
0.838099999999924	0.0995593991784997	0.0541200161370164	0.0550799999999848
0.840099999999924	0.0998725700442065	0.0544007550647063	0.0553599999999924
0.842099999999924	0.100184530366597	0.0546810077761925	0.0556499999999847
0.844099999999923	0.10049529851731	0.0549607616072747	0.0559299999999847
0.846099999999923	0.100804887514088	0.0552399898426861	0.0562099999999923
0.848099999999923	0.10111330010034	0.0555187025141973	0.0564999999999846
0.850099999999923	0.101420615029745	0.0557970386089022	0.0567799999999845
0.852099999999922	0.101726785420284	0.0560749092592647	0.0570599999999922
0.854099999999922	0.102031812738949	0.0563522755346646	0.0573399999999922
0.856099999999922	0.102335708755735	0.0566291497409266	0.0576199999999922
0.858099999999922	0.10263849137283	0.0569055278375964	0.0578999999999922
0.860099999999922	0.102940170491331	0.0571814293712573	0.0581799999999922
0.862099999999921	0.10324076285113	0.0574568642756087	0.0584599999999921
0.864099999999921	0.103540287187865	0.0577318603540342	0.0587399999999921
0.866099999999921	0.103838772680228	0.0580064385532508	0.0590199999999921
0.868099999999921	0.10413623726612	0.0582806004528239	0.0592999999999921
0.87009999999992	0.104432690091594	0.0585543332467699	0.0595799999999841
0.87209999999992	0.10472814789466	0.0588276438358323	0.059849999999992
0.87409999999992	0.105022657414623	0.059100501996442	0.060129999999992
0.87609999999992	0.105316192431256	0.0593729242779757	0.0604099999999839
0.87809999999992	0.105608856961262	0.0596450631013208	0.060679999999992
0.880099999999919	0.105900598891896	0.0599168530628252	0.0609599999999919
0.882099999999919	0.106191402658806	0.0601882111515323	0.0612399999999838
0.884099999999919	0.106481266052947	0.060459164423505	0.0615099999999919
0.886099999999919	0.106770198261629	0.0607297296252765	0.0617899999999837
0.888099999999919	0.107058212412542	0.060999915388937	0.0620599999999919
0.890099999999918	0.10734532132109	0.0612697301910022	0.0623299999999918
0.892099999999918	0.107631556795619	0.0615391360739388	0.0626099999999836
0.894099999999918	0.107916934710827	0.0618081788908181	0.0628799999999918
0.896099999999918	0.1082014791562	0.0620768680153927	0.0631499999999918
0.898099999999917	0.108485155633169	0.0623451742138742	0.0634299999999835
0.900099999999917	0.108767969690639	0.0626131163719801	0.0636999999999917
0.902099999999917	0.10904993317333	0.0628807026424985	0.0639699999999917
0.904099999999917	0.109331057644315	0.0631479410298776	0.0642399999999917
0.906099999999917	0.109611354392447	0.0634148393934326	0.0645099999999916
0.908099999999916	0.109890834439547	0.0636814054504855	0.0647799999999916
0.910099999999916	0.110169506855358	0.0639476430817514	0.0650599999999832
0.912099999999916	0.110447382289218	0.0642135488516223	0.0653299999999832
0.914099999999916	0.110724466897838	0.064479119693703	0.0655999999999831
0.916099999999915	0.111000781484479	0.0647443309999831	0.0658599999999915
0.918099999999915	0.111276326698121	0.0650091757313897	0.0661299999999915
0.920099999999915	0.111551096448323	0.0652737053544325	0.0663999999999915
0.922099999999915	0.111825109601903	0.0655379125569931	0.0666699999999915
0.924099999999915	0.112098370319947	0.0658018062230755	0.0669399999999915
0.926099999999914	0.112370887856935	0.0660653943855224	0.0672099999999828
0.928099999999914	0.112642671717892	0.0663286842483269	0.0674699999999914
0.930099999999914	0.112913741005597	0.0665916600944467	0.0677399999999914
0.932099999999914	0.113184092926792	0.0668543242043897	0.0680099999999914
0.934099999999913	0.113453734193329	0.0671166826247913	0.0682799999999827
0.936099999999913	0.113722717859207	0.0673789037305279	0.0685399999999913
0.938099999999913	0.113990992855863	0.0676408318599956	0.0688099999999826
0.940099999999913	0.114258564641993	0.0679024510620839	0.0690699999999913
0.942099999999913	0.114525442209848	0.0681637684154339	0.0693399999999912
0.944099999999912	0.11479163433721	0.0684247908677663	0.0695999999999912
0.946099999999912	0.115057155530278	0.068685507751855	0.0698699999999912
0.948099999999912	0.115322013443776	0.0689458996439284	0.0701299999999912
0.950099999999912	0.115586200364661	0.0692059896630948	0.0703999999999912
0.952099999999911	0.115849724759277	0.0694657846553949	0.0706599999999911
0.954099999999911	0.116112610425668	0.0697253951368082	0.0709299999999823
0.956099999999911	0.116374851098931	0.0699847429626941	0.0711899999999911
0.958099999999911	0.116636470528653	0.0702438561753486	0.0714499999999911
0.960099999999911	0.11689745483691	0.0705026907219037	0.0717199999999821
0.96209999999991	0.117157819371859	0.0707612745334697	0.071979999999991
0.96409999999991	0.117417585017284	0.0710196517623012	0.072239999999991
0.96609999999991	0.117676731836335	0.0712777550705292	0.072499999999991
0.96809999999991	0.117935267287938	0.0715355908448905	0.0727699999999819
0.970099999999909	0.118193198653444	0.0717931653545415	0.0730299999999819
0.972099999999909	0.118450533041265	0.0720504847537802	0.0732899999999909
0.974099999999909	0.118707290976673	0.0723075331179944	0.0735499999999909
0.976099999999909	0.11896346144384	0.0725643963321515	0.0738099999999909
0.978099999999909	0.119219049108988	0.0728210140769667	0.0740699999999909
0.980099999999908	0.119474063814787	0.0730774076173802	0.0743299999999908
0.982099999999908	0.119728517769772	0.0733335850035485	0.0745899999999908
0.984099999999908	0.119982417069029	0.0735895518981687	0.0748499999999908
0.986099999999908	0.120235767661195	0.0738453138640818	0.0751099999999908
0.988099999999908	0.120488575352148	0.0741008763666269	0.0753699999999908
0.990099999999907	0.12074085052674	0.0743562385995817	0.0756299999999907
0.992099999999907	0.120992654730507	0.0746114599729027	0.0758899999999907
0.994099999999907	0.121243931504673	0.0748664904063611	0.0761499999999907
0.996099999999907	0.121494703863657	0.0751213601222053	0.0764099999999907
0.998099999999906	0.121745025598115	0.0753761583793002	0.0766699999999906
1.00009999999991	0.121994825461081	0.0756307418103647	0.0769299999999813
1.00209999999991	0.122244122174842	0.0758850944101737	0.0771799999999906
1.00409999999991	0.12249290361803	0.0761392361297044	0.0774399999999906
1.00609999999991	0.122741173796785	0.0763931674456735	0.0776999999999906
1.00809999999991	0.122988937839127	0.0766468925614655	0.0779599999999811
1.01009999999991	0.12323620057043	0.0769004109599994	0.078219999999981
1.0120999999999	0.123482973390395	0.0771537178490048	0.0784699999999905
1.0140999999999	0.123729259356064	0.0774068109436844	0.0787299999999905
1.0160999999999	0.123975067344254	0.0776596872091598	0.0789899999999809
1.0180999999999	0.124220398157021	0.0779123453344326	0.0792399999999904
1.0200999999999	0.124465244780919	0.0781647974904687	0.0794999999999904
1.0220999999999	0.124709612314168	0.0784170483079133	0.0797499999999904
1.0240999999999	0.124953507952164	0.078669094622957	0.0800099999999904
1.0260999999999	0.125196930928767	0.0789209455656314	0.0802699999999807
1.0280999999999	0.125439886012489	0.0791726062045753	0.0805199999999903
1.0300999999999	0.125682378785443	0.0794240847399839	0.0807799999999806
1.0320999999999	0.125924426814444	0.0796753960076568	0.0810299999999903
1.0340999999999	0.126166023007884	0.0799265144297734	0.0812899999999805
1.0360999999999	0.126407179413114	0.0801774271299024	0.0815399999999902
1.0380999999999	0.126647882022705	0.0804281285790264	0.0817999999999804
1.0400999999999	0.126888150200284	0.0806786017899248	0.0820499999999902
1.0420999999999	0.12712796985613	0.0809288668891104	0.0823099999999803
1.0440999999999	0.127367345602884	0.0811789289636944	0.0825599999999901
1.0460999999999	0.127606271643183	0.08142881364895	0.0828099999999901
1.0480999999999	0.127844765807122	0.0816785274644991	0.0830699999999901
1.0500999999999	0.128082833510505	0.0819280738628888	0.0833199999999901
1.0520999999999	0.128320478694669	0.0821774574678342	0.0835699999999901
1.0540999999999	0.128557705203849	0.082426682823524	0.08382999999999
1.0560999999999	0.128794516787546	0.0826757543965112	0.08407999999999
1.0580999999999	0.129030917102827	0.0829246765775562	0.08432999999999
1.0600999999999	0.129266917697376	0.0831734430482835	0.0845899999999799
1.0620999999999	0.129502522056777	0.0834220430200186	0.0848399999999899
1.0640999999999	0.129737720961515	0.0836705280454456	0.0850899999999899
1.0660999999999	0.129972526485735	0.0839190650240795	0.0853399999999899
1.0680999999999	0.130206938787288	0.0841675074484364	0.0855999999999797
1.0700999999999	0.130440950752285	0.0844157810178525	0.0858499999999899
1.0720999999999	0.130674574294688	0.0846638801674817	0.0860999999999898
1.0740999999999	0.130907808833952	0.0849118046325808	0.0863499999999898
1.0760999999999	0.131140652066474	0.0851595635633225	0.0865999999999898
1.0780999999999	0.131373107483488	0.0854071613707126	0.0868599999999795
1.0800999999999	0.131605178489907	0.0856546023896424	0.0871099999999795
1.0820999999999	0.131836868406437	0.0859018908806853	0.0873599999999794
1.0840999999999	0.132068202586583	0.0861490072999882	0.0876099999999897
1.0860999999999	0.132299163543747	0.0863959701146371	0.0878599999999897
1.0880999999999	0.132529751931042	0.0866427857375631	0.0881099999999897
1.0900999999999	0.1327599708359	0.0868894582366636	0.0883599999999896
1.0920999999999	0.132989828933906	0.0871360355784589	0.0886099999999896
1.0940999999999	0.133219351928125	0.087382643176528	0.0888599999999896
1.0960999999999	0.133448518022611	0.0876290953262172	0.0891099999999896
1.0980999999999	0.133677329600828	0.0878753955401381	0.0893599999999895
1.1000999999999	0.133905802085812	0.0881215594544563	0.0896099999999895
1.1020999999999	0.134133927774353	0.0883676083609269	0.0898599999999895
1.10409999999989	0.134361701110388	0.0886135061263767	0.0901099999999895
1.10609999999989	0.134589122156211	0.0888592575614207	0.0903599999999894
1.10809999999989	0.134816196972353	0.0891048616285994	0.0906099999999894
1.11009999999989	0.135042925376636	0.0893503209237592	0.0908599999999894
1.11209999999989	0.135269309275761	0.0895956401119871	0.0911099999999894
1.11409999999989	0.135495351375399	0.0898408231126031	0.0913599999999787
1.11609999999989	0.135721054312603	0.0900858737795353	0.0916099999999787
1.11809999999989	0.135946422477299	0.0903307947184942	0.0918499999999893
1.12009999999989	0.136171457188471	0.0905756016090205	0.0920999999999893
1.12209999999989	0.136396161422697	0.0908203009777556	0.0923499999999893
1.12409999999989	0.136620542449865	0.0910648895472407	0.0925999999999893
1.12609999999989	0.136844610814061	0.0913093571618867	0.0928499999999892
1.12809999999989	0.137068360706883	0.091553695616242	0.0930999999999784
1.13009999999989	0.137291786798207	0.0917979122164741	0.0933399999999892
1.13209999999989	0.137514891398292	0.0920420106848803	0.0935899999999892
1.13409999999989	0.137737680814568	0.0922859916629202	0.0938399999999891
1.13609999999989	0.137960151996004	0.0925298673239795	0.0940899999999782
1.13809999999989	0.1381823153864	0.0927736084947086	0.0943299999999891
1.14009999999989	0.13840419055933	0.0930173243182912	0.0945799999999891
1.14209999999989	0.138625771519647	0.0932609967766631	0.0948299999999891
1.14409999999989	0.138847041075125	0.0935045420067969	0.0950799999999781
1.14609999999989	0.139068001446894	0.0937479637838523	0.095319999999989
1.14809999999989	0.139288654796306	0.0939912658210061	0.095569999999989
1.15009999999989	0.139509003226331	0.0942344517709324	0.095819999999978
1.15209999999989	0.139729048782898	0.0944775252272473	0.096059999999989
1.15409999999989	0.139948793456208	0.094720489725918	0.0963099999999889
1.15609999999989	0.140168239181994	0.0949633487466385	0.0965599999999778
1.15809999999989	0.140387405184696	0.095206087731155	0.0967999999999889
1.16009999999989	0.140606281101289	0.0954487076054963	0.0970499999999889
1.16209999999989	0.140824869954082	0.095691207785495	0.0972999999999777
1.16409999999989	0.141043174127135	0.0959335805255368	0.0975399999999888
1.16609999999989	0.141261188059336	0.0961758332731839	0.0977899999999888
1.16809999999989	0.141478913674758	0.0964179695411613	0.0980299999999888
1.17009999999989	0.141696356768504	0.0966599893614612	0.0982799999999888
1.17209999999989	0.141913522476001	0.0969018880968776	0.0985199999999887
1.17409999999989	0.142130405313762	0.0971436730607233	0.0987699999999887
1.17609999999989	0.142347007072771	0.0973853476321485	0.0990199999999774
1.17809999999989	0.142563320334188	0.0976269865149312	0.0992599999999887
1.18009999999989	0.142779346982982	0.0978685885646077	0.0995099999999773
1.18209999999989	0.142995101139905	0.0981100972659887	0.0997499999999886
1.18409999999989	0.143210592495271	0.0983515725851373	0.0999999999999772
1.18609999999989	0.143425810057491	0.0985929304505079	0.100239999999989
1.18809999999989	0.143640755546768	0.0988341742535505	0.100489999999977
1.19009999999989	0.143855430635771	0.0990753073311192	0.100729999999989
1.19209999999989	0.144069836950718	0.0993163329667521	0.100979999999977
1.19409999999988	0.144283976072419	0.0995572543919186	0.101219999999989
1.19609999999988	0.144497849537295	0.0997980747872388	0.101459999999988
1.19809999999988	0.144711456752635	0.100038803044535	0.101709999999988
1.20009999999988	0.144924799822932	0.100279454225211	0.101949999999988
1.20209999999988	0.145137880920577	0.100520029709463	0.102199999999988
1.20409999999988	0.145350718527575	0.100760513845485	0.102439999999988
1.20609999999988	0.14556329697237	0.101000918998343	0.102689999999977
1.20809999999988	0.145775623770769	0.101241243346064	0.102929999999988
1.21009999999988	0.145987708673666	0.101481479965503	0.103169999999988
1.21209999999988	0.146199538293808	0.101721641004441	0.103419999999988
1.21409999999988	0.146411117422182	0.101961725461344	0.103659999999988
1.21609999999988	0.146622451124816	0.10220172458004	0.103909999999977
1.21809999999988	0.146833533802311	0.102441643106216	0.104149999999988
1.22009999999988	0.1470443755914	0.102681572636161	0.104389999999988
1.22209999999988	0.147254959741948	0.102921663715692	0.104639999999976
1.22409999999988	0.147465290912892	0.103161737794971	0.104879999999988
1.22609999999988	0.147675391898956	0.103401714152241	0.105119999999988
1.22809999999988	0.147885250650957	0.103641587135737	0.105359999999988
1.23009999999988	0.1480948667619	0.10388136073229	0.105609999999988
1.23209999999988	0.148304245278734	0.104121032146286	0.105849999999988
1.23409999999988	0.148513385365404	0.104360600989122	0.106089999999988
1.23609999999988	0.148722289533699	0.104600066032269	0.106339999999976
1.23809999999988	0.148930965724607	0.104839418975245	0.106579999999988
1.24009999999988	0.149139406229649	0.105078665709111	0.106819999999988
1.24209999999988	0.149347612256105	0.10531780937894	0.107059999999988
1.24409999999988	0.149555584973772	0.105556853081508	0.107309999999976
1.24609999999988	0.149763325515884	0.105795799865386	0.107549999999988
1.24809999999988	0.149970834979914	0.106034652732079	0.107789999999988
1.25009999999988	0.150178114428345	0.106273414637126	0.108029999999988
1.25209999999988	0.150385172886855	0.106512080051165	0.108279999999976
1.25409999999988	0.150592007434546	0.106750648097613	0.108519999999988
1.25609999999988	0.150798609728264	0.106989261099173	0.108759999999988
1.25809999999988	0.151004987018547	0.107227779931648	0.108999999999988
1.26009999999988	0.151211140303351	0.107466207546832	0.109239999999988
1.26209999999988	0.151417070546993	0.107704546855621	0.109489999999975
1.26409999999988	0.151622789429135	0.107942822343299	0.109729999999988
1.26609999999988	0.15182828870805	0.108181015247332	0.109969999999988
1.26809999999988	0.152033568077758	0.108419123833837	0.110209999999988
1.27009999999988	0.152238628404657	0.108657150921026	0.110449999999988
1.27209999999988	0.152443470524474	0.108895099285528	0.110689999999988
1.27409999999988	0.152648095242887	0.109132971663376	0.110939999999975
1.27609999999988	0.152852507672892	0.109370766464409	0.111179999999975
1.27809999999988	0.153056713943911	0.109608475939514	0.111419999999988
1.28009999999988	0.153260711383177	0.109846101479348	0.111659999999988
1.28209999999988	0.153464499990467	0.110083648000984	0.111899999999988
1.28409999999988	0.153668072643363	0.110321130443513	0.112139999999987
1.28609999999987	0.15387143279014	0.110558545038134	0.112379999999987
1.28809999999987	0.154074587240813	0.110795890187922	0.112619999999987
1.29009999999987	0.154277540183136	0.111033161252348	0.112859999999987
1.29209999999987	0.154480294338261	0.111270357551089	0.113099999999987
1.29409999999987	0.15468284946016	0.111507477731321	0.113349999999975
1.29609999999987	0.154885198436507	0.111744528760417	0.113589999999975
1.29809999999987	0.155087341868085	0.111981513271846	0.113829999999975
1.30009999999987	0.155289280329418	0.112218433862193	0.114069999999987
1.30209999999987	0.155491018648991	0.112455289129942	0.114309999999987
1.30409999999987	0.155692557105562	0.112692076642681	0.114549999999987
1.30609999999987	0.155893893686911	0.112928800007579	0.114789999999987
1.30809999999987	0.156095029440465	0.113165470961738	0.115029999999987
1.31009999999987	0.156295953515751	0.113402267547942	0.115269999999987
1.31209999999987	0.156496677193472	0.113639002000998	0.115509999999987
1.31409999999987	0.156697200954612	0.113875676839525	0.115749999999987
1.31609999999987	0.156897525256033	0.114112294548001	0.115989999999987
1.31809999999987	0.157097650530889	0.114348857577594	0.116229999999987
1.32009999999987	0.157297572459876	0.114585379991818	0.116469999999987
1.32209999999987	0.157497250342832	0.114821954358356	0.116709999999987
1.32409999999987	0.157696731920822	0.115058467563483	0.116949999999987
1.32609999999987	0.157896038483101	0.115294904076199	0.117189999999987
1.32809999999987	0.15809515559169	0.115531272772053	0.117429999999987
1.33009999999987	0.158294090780822	0.115767567341758	0.117669999999987
1.33209999999987	0.158492836077496	0.116003793528024	0.117909999999987
1.33409999999987	0.158691391904348	0.116239953864804	0.118149999999974
1.33609999999987	0.158889765689034	0.116476045850262	0.118389999999974
1.33809999999987	0.159087961661706	0.116712063710527	0.118629999999974
1.34009999999987	0.159285972501165	0.116948011236596	0.118859999999987
1.34209999999987	0.159483798229591	0.117183891113047	0.119099999999987
1.34409999999987	0.159681457997248	0.117419691494048	0.119339999999987
1.34609999999987	0.1598789391785	0.117655416621885	0.119579999999987
1.34809999999987	0.160076239050693	0.117891070734866	0.119819999999987
1.35009999999987	0.160273357983583	0.118126656327969	0.120059999999987
1.35209999999987	0.160470296325824	0.118362175861348	0.120299999999987
1.35409999999987	0.160667048267536	0.11859765706129	0.120539999999987
1.35609999999987	0.160863624642416	0.118833082166821	0.120779999999987
1.35809999999987	0.16106001272869	0.119068560315356	0.121019999999973
1.36009999999987	0.161256226500416	0.119303979180128	0.121259999999973
1.36209999999987	0.161452268536058	0.119539313046279	0.121489999999987
1.36409999999987	0.161648143688206	0.119774560489429	0.121729999999987
1.36609999999987	0.161843849808482	0.120009723121656	0.121969999999987
1.36809999999987	0.162039386560445	0.120244803896197	0.122209999999987
1.37009999999987	0.162234754281392	0.120479805370023	0.122449999999987
1.37209999999987	0.162429953288706	0.120714730063045	0.122689999999973
1.37409999999987	0.16262498388024	0.120949580458984	0.122929999999973
1.37609999999986	0.162819843984527	0.121184362643181	0.123159999999986
1.37809999999986	0.163014531610828	0.121419089961482	0.123399999999986
1.38009999999986	0.163209056595804	0.121653756580464	0.123639999999986
1.38209999999986	0.163403413875765	0.121888363683506	0.123879999999986
1.38409999999986	0.163597601992753	0.122122914413647	0.124119999999973
1.38609999999986	0.163791621077079	0.122357411095957	0.124349999999986
1.38809999999986	0.163985471241441	0.122591856025128	0.124589999999986
1.39009999999986	0.164179152581196	0.122826251466218	0.124829999999986
1.39209999999986	0.16437266517461	0.123060599655375	0.125069999999986
1.39409999999986	0.164566009083111	0.123294902800554	0.125309999999973
1.39609999999986	0.164759188784584	0.123529158998721	0.125539999999986
1.39809999999986	0.164952207998771	0.123763362979393	0.125779999999986
1.40009999999986	0.165145065131215	0.123997513375121	0.126019999999986
1.40209999999986	0.165337752416123	0.124231642252446	0.126259999999986
1.40409999999986	0.165530183191399	0.124466045286436	0.126499999999972
1.40609999999986	0.165722403927884	0.124700553280738	0.126729999999986
1.40809999999986	0.165914443819493	0.124935053142761	0.126969999999986
1.41009999999986	0.166106329428553	0.125169474241671	0.127209999999986
1.41209999999986	0.166298060865243	0.125403819147447	0.127449999999972
1.41409999999986	0.166489638222585	0.125638090393474	0.127679999999986
1.41609999999986	0.166681061576748	0.125872290477432	0.127919999999986
1.41809999999986	0.16687233098735	0.126106421862158	0.128159999999986
1.42009999999986	0.167063446497726	0.12634048697649	0.128399999999972
1.42209999999986	0.167254408135207	0.126574488216096	0.128629999999986
1.42409999999986	0.167445215911368	0.126808427944274	0.128869999999986
1.42609999999986	0.167635869822277	0.127042308492747	0.129109999999986
1.42809999999986	0.167826369848732	0.127276132162427	0.129339999999986
1.43009999999986	0.168016715956482	0.127509901224175	0.129579999999986
1.43209999999986	0.168206908096441	0.127743617919538	0.129819999999986
1.43409999999986	0.168396946204892	0.127977284461466	0.130059999999972
1.43609999999986	0.168586830203686	0.128210903035023	0.130289999999986
1.43809999999986	0.168776560000419	0.128444475798078	0.130529999999986
1.44009999999986	0.168966135488614	0.128678004881983	0.130769999999972
1.44209999999986	0.169155557145414	0.128911492053103	0.130999999999986
1.44409999999986	0.169344841597036	0.129144929812549	0.131239999999986
1.44609999999986	0.169533982177364	0.12937831808154	0.131479999999971
1.44809999999986	0.169722971983985	0.129611660368866	0.131709999999986
1.45009999999986	0.169911783666364	0.129845005162346	0.131949999999986
1.45209999999986	0.170100417102497	0.130078363841155	0.132189999999971
1.45409999999986	0.170288910339165	0.130311685963605	0.132419999999986
1.45609999999986	0.170477255045991	0.130544961867179	0.132659999999986
1.45809999999986	0.170665451045438	0.1307781936993	0.132899999999971
1.46009999999986	0.170853498994344	0.13101138156905	0.133129999999986
1.46209999999986	0.171041399635424	0.131244525149991	0.133369999999986
1.46409999999986	0.171229152766187	0.131477626546846	0.133609999999971
1.46609999999985	0.17141676726461	0.13171068568028	0.133839999999985
1.46809999999985	0.171604194640854	0.13194378958955	0.134079999999985
1.47009999999985	0.171791477436926	0.132176847803549	0.134309999999985
1.47209999999985	0.171978615424233	0.132409862457154	0.134549999999985
1.47409999999985	0.172165609451246	0.13264283470223	0.134789999999985
1.47609999999985	0.172352454764177	0.132875772819315	0.135019999999985
1.47809999999985	0.172539175275775	0.133108667286423	0.135259999999985
1.48009999999985	0.172725756574357	0.133341521067749	0.135499999999971
1.48209999999985	0.172912196759458	0.133574334511966	0.135729999999985
1.48409999999985	0.173098493557432	0.133807109602294	0.135969999999985
1.48609999999985	0.173284646645762	0.134039848449223	0.136199999999985
1.48809999999985	0.173470658918155	0.13427255053873	0.136439999999985
1.49009999999985	0.173656530687189	0.134505214239928	0.13667999999997
1.49209999999985	0.173842260332702	0.134737841994205	0.136909999999985
1.49409999999985	0.174027859911251	0.134970428137435	0.137149999999985
1.49609999999985	0.174213328852881	0.135202969752468	0.137379999999985
1.49809999999985	0.174398664425958	0.135435464627596	0.137619999999985
1.50009999999985	0.174583863827306	0.135667915485323	0.137849999999985
1.50209999999985	0.174768927566767	0.135900323964162	0.138089999999985
1.50409999999985	0.174953831399198	0.136132770715384	0.13832999999997
1.50609999999985	0.175138557077032	0.136365296859157	0.138559999999985
1.50809999999985	0.175323148503297	0.136597777924602	0.138799999999985
1.51009999999985	0.175507605310228	0.136830216045744	0.139029999999985
1.51209999999985	0.175691927119171	0.137062613331526	0.139269999999985
1.51409999999985	0.175876095530664	0.137295001610454	0.139499999999985
1.51609999999985	0.176060116150609	0.137527371353243	0.139739999999985
1.51809999999985	0.176244004127454	0.137759698504063	0.139969999999985
1.52009999999985	0.176427765672995	0.137991980531537	0.140209999999985
1.52209999999985	0.176611401918186	0.138224213999776	0.14044999999997
1.52409999999985	0.176794911073787	0.138456400623387	0.140679999999985
1.52609999999985	0.176978306622103	0.138688530412592	0.14091999999997
1.52809999999985	0.177161591441957	0.138920594723042	0.141149999999985
1.53009999999985	0.177344755983464	0.139152598656891	0.14138999999997
1.53209999999985	0.177527802852654	0.13938454243823	0.141619999999985
1.53409999999985	0.177710734376897	0.139616423659633	0.14185999999997
1.53609999999985	0.177893547349006	0.139848245288407	0.142089999999985
1.53809999999985	0.178076241388486	0.140080009488194	0.142329999999969
1.54009999999985	0.178258822299925	0.14031171407635	0.142559999999985
1.54209999999985	0.178441287459535	0.140543359606364	0.142799999999969
1.54409999999985	0.178623635195152	0.140774948748963	0.143029999999985
1.54609999999985	0.178805869607532	0.141006479831091	0.143269999999969
1.54809999999985	0.178987990158986	0.141237952852401	0.143499999999985
1.55009999999985	0.179170000135309	0.141469365668831	0.143739999999969
1.55209999999985	0.179351895907415	0.14170072102244	0.143969999999985
1.55409999999985	0.17953361999301	0.141932131122222	0.144209999999969
1.55609999999985	0.179715225796975	0.142163493194716	0.144439999999985
1.55809999999984	0.179896705149618	0.14239482465174	0.144679999999969
1.56009999999984	0.180077992701932	0.142626253840099	0.144909999999984
1.56209999999984	0.180259170066786	0.14285762168136	0.145149999999969
1.56409999999984	0.180440236807264	0.143088930296011	0.145379999999984
1.56609999999984	0.18062119247908	0.143320181777333	0.145609999999984
1.56809999999984	0.180802036630627	0.143551378192072	0.145849999999984
1.57009999999984	0.180982768803023	0.143782521581098	0.146079999999984
1.57209999999984	0.181163388530147	0.144013613960049	0.146319999999984
1.57409999999984	0.181343895338672	0.144244657319962	0.146549999999984
1.57609999999984	0.181524288748093	0.14447565362789	0.146789999999984
1.57809999999984	0.181704568270747	0.14470660482751	0.147019999999984
1.58009999999984	0.181884732977545	0.14493751314455	0.147259999999968
1.58209999999984	0.182064775890904	0.145168390175678	0.147489999999984
1.58409999999984	0.182244703616644	0.145399235799564	0.147719999999984
1.58609999999984	0.182424517879507	0.145630045486062	0.147959999999984
1.58809999999984	0.182604214057453	0.145860822221145	0.148189999999984
1.59009999999984	0.182783791573221	0.146091567870795	0.148429999999984
1.59209999999984	0.182963249842006	0.146322284281451	0.148659999999984
1.59409999999984	0.183142591166502	0.146552971440178	0.148899999999968
1.59609999999984	0.183321818451068	0.146783625733931	0.149129999999984
1.59809999999984	0.183500928655557	0.147014249332638	0.149359999999984
1.60009999999984	0.183679855712876	0.147244940922543	0.149599999999984
1.60209999999984	0.183858659036685	0.147475612324558	0.149829999999984
1.60409999999984	0.184037350079176	0.147706250328022	0.150069999999984
1.60609999999984	0.184215928062763	0.147936853760112	0.150299999999984
1.60809999999984	0.184394392278375	0.148167423944431	0.150539999999968
1.61009999999984	0.184572743947839	0.148397959584309	0.150769999999984
1.61209999999984	0.184750912135635	0.14862857457559	0.150999999999984
1.61409999999984	0.184928826588301	0.14885939420139	0.151239999999984
1.61609999999984	0.185106566968637	0.149090301243304	0.151469999999984
1.61809999999984	0.185284194249778	0.149321177888444	0.151699999999984
1.62009999999984	0.185461713239996	0.149552013923962	0.151939999999984
1.62209999999984	0.185639124229186	0.149782809090566	0.152169999999984
1.62409999999984	0.185816427692381	0.150013564562996	0.152409999999967
1.62609999999984	0.18599362506416	0.150244279043334	0.152639999999984
1.62809999999984	0.186170714941392	0.150474954313574	0.152869999999984
1.63009999999984	0.186347696622678	0.1507055923299	0.153109999999984
1.63209999999984	0.186524572519479	0.150936192588548	0.153339999999984
1.63409999999984	0.186701343953048	0.151166753950966	0.153569999999984
1.63609999999984	0.186878013903564	0.151397273961566	0.153809999999984
1.63809999999984	0.187054578637123	0.151627755018816	0.154039999999984
1.64009999999984	0.18723103743542	0.151858199055283	0.154279999999967
1.64209999999984	0.187407389574177	0.15208860798289	0.154509999999984
1.64409999999984	0.187583640062324	0.152318980897643	0.154739999999984
1.64609999999984	0.187759793665262	0.152549314845256	0.154979999999967
1.64809999999983	0.187935846534379	0.152779610647256	0.155209999999984
1.65009999999983	0.188111798228135	0.153009868747206	0.155439999999983
1.65209999999983	0.188287656292409	0.153240084333629	0.155679999999983
1.65409999999983	0.188463412879805	0.153470261016705	0.155909999999983
1.65609999999983	0.18863907124689	0.153700397896691	0.156139999999983
1.65809999999983	0.188814629863088	0.153930495270706	0.156379999999983
1.66009999999983	0.188990087479872	0.154160555205544	0.156609999999983
1.66209999999983	0.189165443344599	0.154390579572996	0.156839999999983
1.66409999999983	0.189340696699369	0.154620570225254	0.157079999999983
1.66609999999983	0.189515853562963	0.154850525494476	0.157309999999983
1.66809999999983	0.18969091847288	0.15508044425998	0.157539999999983
1.67009999999983	0.189865895482973	0.155310331589833	0.157779999999983
1.67209999999983	0.190040786064783	0.15554017477397	0.158009999999983
1.67409999999983	0.190215582528855	0.155769976134616	0.158239999999983
1.67609999999983	0.190390283197058	0.155999733801424	0.158479999999966
1.67809999999983	0.190564891833592	0.156229446670387	0.158709999999983
1.68009999999983	0.190739407652409	0.156459116661355	0.158939999999983
1.68209999999983	0.190913829863465	0.156688745672839	0.159179999999966
1.68409999999983	0.191088162870549	0.156918331746998	0.159409999999983
1.68609999999983	0.19126240430802	0.157147875432208	0.159639999999983
1.68809999999983	0.19143655319573	0.157377378674696	0.159869999999983
1.69009999999983	0.19161060873227	0.157606843333159	0.160109999999983
1.69209999999983	0.191784581316005	0.157836264110526	0.160339999999983
1.69409999999983	0.191958468991454	0.158065641902847	0.160569999999983
1.69609999999983	0.192132275430415	0.15829497995354	0.160809999999983
1.69809999999983	0.19230598783347	0.158524283012857	0.161039999999983
1.70009999999983	0.192479605342851	0.158753552931355	0.161269999999983
1.70209999999983	0.192653132825506	0.158982787628035	0.161509999999966
1.70409999999983	0.192826566826469	0.159211988341928	0.161739999999983
1.70609999999983	0.192999914660534	0.159441151889055	0.161969999999983
1.70809999999983	0.193173170352389	0.159670280730343	0.162199999999983
1.71009999999983	0.193346333036623	0.159899376686935	0.162439999999966
1.71209999999983	0.193519401835412	0.160128441573566	0.162669999999983
1.71409999999983	0.193692375866782	0.160357477187081	0.162899999999983
1.71609999999983	0.193865254244473	0.160586485306964	0.163129999999983
1.71809999999983	0.194038040449258	0.160815464729308	0.163369999999983
1.72009999999983	0.194210735196576	0.161044413171521	0.163599999999983
1.72209999999983	0.194383336457805	0.161273332651797	0.163829999999983
1.72409999999983	0.194555843340668	0.161502224927344	0.164069999999965
1.72609999999983	0.19472825494865	0.161731091738868	0.164299999999983
1.72809999999983	0.194900432861448	0.161960150401535	0.164529999999983
1.73009999999983	0.195072508073251	0.162189193973549	0.164759999999983
1.73209999999983	0.195244487869097	0.162418212387141	0.164999999999965
1.73409999999983	0.195416371318287	0.162647207388256	0.165229999999983
1.73609999999983	0.195588076903864	0.162876284854947	0.165459999999983
1.73809999999983	0.195759666106694	0.163105367794105	0.165689999999983
1.74009999999982	0.195931178140072	0.163334411424433	0.165929999999965
1.74209999999982	0.196102610548704	0.163563413222747	0.166159999999982
1.74409999999982	0.196273964741515	0.163792381405686	0.166389999999982
1.74609999999982	0.196445239568804	0.164021311775532	0.166619999999982
1.74809999999982	0.196616444312587	0.164250186278609	0.166859999999965
1.75009999999982	0.196787578045776	0.164479006865099	0.167089999999982
1.75209999999982	0.196958643584008	0.16470777311084	0.167319999999982
1.75409999999982	0.197129642837838	0.164936482297399	0.167549999999982
1.75609999999982	0.197300573409373	0.165165136564287	0.167779999999982
1.75809999999982	0.197471434370244	0.165393737824926	0.168019999999965
1.76009999999982	0.197642224791622	0.165622287970103	0.168249999999982
1.76209999999982	0.197812943744072	0.165850788868576	0.168479999999982
1.76409999999982	0.197983590297403	0.166079242367666	0.168709999999982
1.76609999999982	0.198154163520524	0.166307650293835	0.168949999999964
1.76809999999982	0.198324662481291	0.166536014453257	0.169179999999982
1.77009999999982	0.198495086380014	0.166764336461355	0.169409999999982
1.77209999999982	0.19866543654322	0.166992615172472	0.169639999999982
1.77409999999982	0.198835712848106	0.167220851309044	0.169869999999982
1.77609999999982	0.199005914354768	0.167449046636729	0.170109999999964
1.77809999999982	0.199176040121989	0.167677202902445	0.170339999999982
1.78009999999982	0.19934608920708	0.167905321834899	0.170569999999982
1.78209999999982	0.199516060665724	0.168133405145101	0.170799999999982
1.78409999999982	0.199685813309344	0.168361636563801	0.171029999999982
1.78609999999982	0.199855463728729	0.168589864273779	0.171269999999964
1.78809999999982	0.200025001358858	0.168818101565581	0.171499999999982
1.79009999999982	0.200194325241484	0.169046476208203	0.171729999999982
1.79209999999982	0.2003635766821	0.169274809012456	0.171959999999982
1.79409999999982	0.200532754681001	0.169503101762638	0.172189999999982
1.79609999999982	0.200701859741588	0.169731355411492	0.172429999999964
1.79809999999982	0.200870895102394	0.169959572570508	0.172659999999982
1.80009999999982	0.201039785137945	0.170187830704467	0.172889999999982
1.80209999999982	0.20120860784557	0.170416042864402	0.173119999999982
1.80409999999982	0.201377362191681	0.170644210877815	0.173349999999982
1.80609999999982	0.201546047142281	0.170872336552513	0.173579999999982
1.80809999999982	0.201714661662766	0.171100421677165	0.173819999999982
1.81009999999982	0.20188320471773	0.171328468021861	0.174049999999982
1.81209999999982	0.202051675270775	0.171556477338648	0.174279999999982
1.81409999999982	0.20222007444803	0.171784450462886	0.174509999999982
1.81609999999982	0.202388391437688	0.172012398487189	0.174739999999982
1.81809999999982	0.20255662454069	0.172240324596498	0.174979999999963
1.82009999999982	0.2027247726527	0.172468230477286	0.175209999999982
1.82209999999982	0.202892835399051	0.172696117436386	0.175439999999982
1.82409999999982	0.203060792883861	0.172924009603456	0.175669999999982
1.82609999999982	0.203228614052861	0.173151940497658	0.175899999999982
1.82809999999982	0.203396368595383	0.173379842203325	0.176129999999982
1.83009999999981	0.203564044011594	0.173607718632216	0.176369999999963
1.83209999999981	0.20373163840506	0.173835571776069	0.176599999999981
1.83409999999981	0.203899150633478	0.174063403340532	0.176829999999981
1.83609999999981	0.204066580204478	0.17429121470313	0.177059999999981
1.83809999999981	0.20423393153434	0.174519003112912	0.177289999999981
1.84009999999981	0.204401204834284	0.174746767395582	0.177519999999981
1.84209999999981	0.204568403297247	0.174974504203247	0.177749999999981
1.84409999999981	0.20473552921606	0.175202211718586	0.177989999999963
1.84609999999981	0.204902580084231	0.175429891415704	0.178219999999981
1.84809999999981	0.205069554749321	0.175657545008017	0.178449999999981
1.85009999999981	0.205236320407839	0.17588532398606	0.178679999999981
1.85209999999981	0.20540291592961	0.176113198977266	0.178909999999981
1.85409999999981	0.205569262586367	0.176341261695943	0.179139999999981
1.85609999999981	0.205735508213157	0.176569330305903	0.179369999999981
1.85809999999981	0.205901695207496	0.176797352043226	0.179609999999962
1.86009999999981	0.206067822315937	0.177025328844637	0.179839999999981
1.86209999999981	0.206233888285771	0.17725326262647	0.180069999999981
1.86409999999981	0.206399891864748	0.177481155285299	0.180299999999981
1.86609999999981	0.206565831800796	0.177709008698558	0.180529999999981
1.86809999999981	0.206731706841738	0.17793682472515	0.180759999999981
1.87009999999981	0.206897515735014	0.178164605206051	0.180989999999981
1.87209999999981	0.207063260266525	0.178392350356043	0.181219999999981
1.87409999999981	0.207228941729574	0.178620058789226	0.181459999999962
1.87609999999981	0.207394559413803	0.178847731677743	0.181689999999981
1.87809999999981	0.207560117429416	0.179075366735029	0.181919999999981
1.88009999999981	0.207725610979775	0.179302966380589	0.182149999999981
1.88209999999981	0.207891038801576	0.179530532421854	0.182379999999981
1.88409999999981	0.208056399630775	0.179758066649721	0.182609999999981
1.88609999999981	0.208221692202304	0.179985570839122	0.182839999999981
1.88809999999981	0.208386920072821	0.180213044436763	0.183069999999981
1.89009999999981	0.208552086470937	0.180440484227502	0.183299999999981
1.89209999999981	0.208717186827909	0.180667892609733	0.183539999999962
1.89409999999981	0.20888221987653	0.180895271338088	0.183769999999962
1.89609999999981	0.20904718434836	0.181122622152106	0.183999999999981
1.89809999999981	0.209212078507159	0.181349947364979	0.184229999999981
1.90009999999981	0.209376895322912	0.18157725637367	0.184459999999981
1.90209999999981	0.209541659302936	0.181804529495941	0.184689999999981
1.90409999999981	0.20970636821492	0.182031763984142	0.184919999999981
1.90609999999981	0.209871018263971	0.182258961681066	0.185149999999981
1.90809999999981	0.210035610791032	0.18248612301014	0.185379999999981
1.91009999999981	0.210200148036891	0.182713245929667	0.185609999999981
1.91209999999981	0.210364629889172	0.182940330996781	0.185849999999961
1.91409999999981	0.210529073677288	0.183167373429569	0.186079999999961
1.91609999999981	0.210693475192528	0.183394371961109	0.186309999999981
1.91809999999981	0.210857828020749	0.183621325087783	0.186539999999981
1.9200999999998	0.211022130853472	0.183848234634666	0.186769999999981
1.9220999999998	0.211186382384296	0.184075102408113	0.18699999999998
1.9240999999998	0.211350581308591	0.184301930196341	0.18722999999998
1.9260999999998	0.211514726323194	0.184528719770011	0.18745999999998
1.9280999999998	0.211678816290324	0.184755472122808	0.18768999999998
1.9300999999998	0.21184285532062	0.18498218328886	0.18791999999998
1.9320999999998	0.212006843781647	0.185208853857113	0.18814999999998
1.9340999999998	0.212170780372573	0.185435485580149	0.18837999999998
1.9360999999998	0.212334663794034	0.185662080193622	0.18860999999998
1.9380999999998	0.212498492747829	0.185888639416804	0.188849999999961
1.9400999999998	0.212662265936609	0.186115164953129	0.189079999999961
1.9420999999998	0.212825981713642	0.186341659694548	0.18930999999998
1.9440999999998	0.212989640403086	0.186568129005032	0.18953999999998
1.9460999999998	0.213153232083982	0.186794577235147	0.18976999999998
1.9480999999998	0.213316755922214	0.187021005517511	0.18999999999998
1.9500999999998	0.213480213651376	0.18724741231578	0.19022999999998
1.9520999999998	0.213643604433386	0.187473798738736	0.19045999999998
1.9540999999998	0.213806926906701	0.187700166437058	0.19068999999998
1.9560999999998	0.213970179707299	0.187926517050167	0.19091999999998
1.9580999999998	0.214133361468329	0.188152852206727	0.19114999999998
1.9600999999998	0.214296470819759	0.188379173525139	0.19137999999998
1.9620999999998	0.214459510494605	0.18860548022584	0.19160999999998
1.9640999999998	0.214622482027052	0.188831769932527	0.19183999999998
1.9660999999998	0.214785383214806	0.189058044338131	0.19206999999998
1.9680999999998	0.214948214689255	0.189284303691644	0.19229999999998
1.9700999999998	0.215110982711493	0.189510543368875	0.19252999999998
1.9720999999998	0.215273669143613	0.189736776558645	0.19276999999996
1.9740999999998	0.215436271272722	0.189963005309246	0.19299999999996
1.9760999999998	0.215598812132388	0.190189211105234	0.19322999999996
1.9780999999998	0.215761293990687	0.190415392308641	0.19345999999996
1.9800999999998	0.215923616016508	0.190641657752152	0.19368999999998
1.9820999999998	0.21608573146453	0.190868055636428	0.19391999999998
1.9840999999998	0.21624779477972	0.191094421048934	0.19414999999998
1.9860999999998	0.216409804508392	0.191320755740319	0.19437999999998
1.9880999999998	0.216571523923655	0.191547285768867	0.19460999999998
1.9900999999998	0.216733023683163	0.19177394482241	0.19483999999998
1.9920999999998	0.216894467221252	0.192000575932381	0.19506999999998
1.9940999999998	0.217055788739781	0.192227249706338	0.19529999999998
1.9960999999998	0.217217072632104	0.19245387847486	0.19552999999998
1.9980999999998	0.217378316555839	0.19268046332214	0.19575999999998
