t	La
0	0	0
0.01	2.51327412287184	2.79252680319093
0.02	5.30580092606276	5.58505360638186
0.03	8.09832772925369	8.37758040957279
0.04	10.8908545324446	11.1701072127637
0.05	13.6833813356355	13.9626340159546
0.06	16.4759081388265	16.7551608191456
0.07	19.2684349420174	19.5476876223365
0.0800000000000001	22.0349120548801	22.3402144255274
0.0900000000000001	24.827438858071	25.1327412287184
0.1	27.6199656612619	27.9252680319093
0.11	30.4124924644529	30.7177948351002
0.12	32.5605875370547	33.5103216382912
0.13	35.3531143402456	36.3028484414821
0.14	38.1456411434366	39.095375244673
0.15	40.9381679466275	41.8879020478639
0.16	43.7079012707812	44.6804288510549
0.17	46.5004280739722	47.4729556542458
0.18	49.0530293920196	50.2654824574367
0.19	51.8515939597816	53.0580092606277
0.2	54.6441207629725	55.8505360638186
0.21	57.4366475661635	58.6430628670095
0.22	60.2291743693544	61.4355896702004
0.23	62.8504127060451	64.2281164733914
0.24	65.6429395092361	67.0206432765823
0.25	68.1817187227021	69.8131700797732
0.26	70.974245525893	72.6056968829642
0.27	73.766772329084	75.3982236861551
0.28	76.5240999977369	78.190750489346
0.29	79.1665782083079	80.9832772925369
0.3	81.9588148757377	83.7758040957279
0.31	84.7513416789286	86.5683308989188
0.32	87.3694891530474	89.3608577021097
0.33	90.1304243622831	92.1533845053007
0.34	92.922951165474	94.9459113084916
0.35	95.5909922243916	97.7384381116825
0.36	98.3835190275826	100.530964914873
0.37	101.176045830773	103.323491718064
0.38	103.964344289035	106.116018521255
0.39	106.679008357644	108.908545324446
0.4	109.401447332019	111.701072127637
0.41	112.19397413521	114.493598930828
0.42	114.869659343747	117.286125734019
0.43	117.662186146938	120.07865253721
0.44	120.460820638174	122.871179340401
0.45	123.127930193828	125.663706143592
0.46	125.936214677799	128.456232946783
0.47	128.633781606286	131.248759749974
0.48	131.426308409477	134.041286553165
0.49	134.19459839258	136.833813356356
0.5	136.977246672279	139.626340159546
0.51	139.658228000185	142.418866962737
0.52	142.375453400774	145.211393765928
0.53	145.165338574388	148.003920569119
0.54	147.907603133476	150.79644737231
0.55	150.663460235536	153.588974175501
0.56	153.308670955298	156.381500978692
0.57	156.101197758489	159.174027781883
0.58	158.879573461396	161.966554585074
0.59	161.589766932876	164.759081388265
0.6	164.393577752776	167.551608191456
0.61	167.144290659601	170.344134994647
0.62	169.901744064607	173.136661797838
0.63	172.547586801201	175.929188601029
0.64	175.340113604392	178.721715404219
0.65	178.132640407583	181.51424220741
0.66	180.904167410652	184.306769010601
0.67	183.696289658928	187.099295813792
0.68	186.479659769244	189.891822616983
0.690000000000001	189.181731837816	192.684349420174
0.700000000000001	191.975922714647	195.476876223365
0.710000000000001	194.824055159471	198.269403026556
0.720000000000001	197.626187982004	201.061929829747
0.730000000000001	200.285475958073	203.854456632938
0.740000000000001	203.078002761264	206.646983436129
0.750000000000001	205.853892114344	209.43951023932
0.760000000000001	208.517555442413	212.232037042511
0.770000000000001	211.284078502673	215.024563845702
0.780000000000001	213.987267612956	217.817090648893
0.790000000000001	216.747171948591	220.609617452083
0.800000000000001	219.442338407587	223.402144255274
0.810000000000001	222.234865210778	226.194671058465
0.820000000000001	225.018173085779	228.987197861656
0.830000000000001	227.797452832537	231.779724664847
0.840000000000001	230.603841792147	234.572251468038
0.850000000000001	233.35948556278	237.364778271229
0.860000000000001	236.106047796247	240.15730507442
0.870000000000001	238.854298446426	242.949831877611
0.880000000000001	241.552089867205	245.742358680802
0.890000000000001	244.293484658443	248.534885483993
0.900000000000001	246.971049474167	251.327412287184
0.910000000000001	249.74078826919	254.119939090375
0.920000000000001	252.516221410527	256.912465893566
0.930000000000001	255.259034185977	259.704992696756
0.940000000000001	257.975907393188	262.497519499947
0.950000000000001	260.823439690507	265.290046303138
0.960000000000001	263.593842872963	268.082573106329
0.970000000000001	266.324464576817	270.87509990952
0.980000000000001	269.098965318075	273.667626712711
0.990000000000001	271.798959629567	276.460153515902
1	274.566697750948	279.252680319093
1.011	277.616264090997	282.324459802603
1.021	280.406569364869	285.116986605793
1.031	283.157784781828	287.909513408984
1.041	285.841821967464	290.702040212174
1.051	288.624803558259	293.494567015365
1.06099999999999	291.364455684269	296.287093818556
1.07099999999999	294.083752385292	299.079620621746
1.08099999999999	296.859032935592	301.872147424937
1.09099999999999	299.673419321338	304.664674228128
1.10099999999999	302.400815890018	307.457201031318
1.11099999999999	305.162002452404	310.249727834509
1.12099999999999	307.972205978236	313.042254637699
1.13099999999999	310.708807656121	315.83478144089
1.14099999999999	313.4172626511	318.627308244081
1.15099999999998	316.168682317222	321.419835047271
1.16099999999998	318.915956525525	324.212361850462
1.17099999999998	321.690279848883	327.004888653652
1.18099999999998	324.440717690754	329.797415456843
1.19099999999998	327.218134819038	332.589942260034
1.20099999999998	329.962986460181	335.382469063224
1.21099999999998	332.699403537617	338.174995866415
1.22099999999998	335.505543039352	340.967522669606
1.23099999999998	338.252083114634	343.760049472796
1.24099999999997	340.992601285034	346.552576275987
1.25099999999997	343.781665776254	349.345103079177
1.26099999999997	346.533368462422	352.137629882368
1.27099999999997	349.29589763125	354.930156685559
1.28099999999997	352.004379404066	357.722683488749
1.29099999999997	354.777709563481	360.51521029194
1.30099999999997	357.510306398235	363.307737095131
1.31099999999997	360.253610958412	366.100263898321
1.32099999999997	363.0466895553	368.892790701512
1.33099999999996	365.800961045507	371.685317504702
1.34099999999996	368.586881583391	374.477844307893
1.35099999999996	371.352181668678	377.270371111084
1.36099999999996	374.113313777437	380.062897914274
1.37099999999996	376.811083195743	382.855424717465
1.38099999999996	379.541143356301	385.647951520656
1.39099999999996	382.333670159492	388.440478323846
1.40099999999996	385.1018882814	391.233005127037
1.41099999999996	387.852891889633	394.025531930227
1.42099999999995	390.612524537178	396.818058733418
1.43099999999995	393.317763709982	399.610585536609
1.44099999999995	396.022152799125	402.403112339799
1.45099999999995	398.733011629658	405.19563914299
1.46099999999995	401.518685505862	407.98816594618
1.47099999999995	404.222522782746	410.780692749371
1.48099999999995	407.000688456567	413.573219552562
1.49099999999995	409.77582066042	416.365746355752
1.50099999999995	412.646122210541	419.158273158943
1.51099999999994	415.426162094554	421.950799962134
1.52099999999994	418.179607744093	424.743326765324
1.53099999999994	420.948664462879	427.535853568515
1.54099999999994	423.666588573313	430.328380371705
1.55099999999994	426.454738781651	433.120907174896
1.56099999999994	429.191140023379	435.913433978087
1.57099999999994	431.957873373717	438.705960781277
1.58099999999994	434.646074954982	441.498487584468
1.59099999999994	437.365710244113	444.291014387659
1.60099999999993	440.112815358552	447.083541190849
1.61099999999993	442.872366964918	449.87606799404
1.62099999999993	445.617190842771	452.66859479723
1.63099999999993	448.376564385916	455.461121600421
1.64099999999993	451.104080072019	458.253648403612
1.65099999999993	453.933562720297	461.046175206802
1.66099999999993	456.692801456974	463.838702009993
1.67099999999993	459.471231346052	466.631228813184
1.68099999999993	462.224060846115	469.423755616374
1.69099999999992	464.930727476491	472.216282419565
1.70099999999992	467.654664976218	475.008809222755
1.71099999999992	470.377015628493	477.801336025946
1.72099999999992	473.156910193984	480.593862829137
1.73099999999992	475.898672131044	483.386389632327
1.74099999999992	478.678461060858	486.178916435518
1.75099999999992	481.478608616406	488.971443238708
1.76099999999992	484.257328475051	491.763970041899
1.77099999999992	487.01338324162	494.55649684509
1.78099999999991	489.760345554537	497.34902364828
1.79099999999991	492.522657359505	500.141550451471
1.80099999999991	495.248220770435	502.934077254662
1.81099999999991	497.949606866707	505.726604057852
1.82099999999991	500.699985709058	508.519130861043
1.83099999999991	503.457461921986	511.311657664233
1.84099999999991	506.248871341929	514.104184467424
1.85099999999991	508.999949819764	516.896711270615
1.86099999999991	511.771989986507	519.689238073805
1.8709999999999	514.539478848404	522.481764876996
1.8809999999999	517.272430197833	525.274291680186
1.8909999999999	520.048907336289	528.066818483377
1.9009999999999	522.736548569671	530.859345286568
1.9109999999999	525.492765319467	533.651872089758
1.9209999999999	528.270378563295	536.444398892949
1.9309999999999	531.044804325877	539.23692569614
1.9409999999999	533.841519921365	542.02945249933
1.9509999999999	536.596010042706	544.821979302521
1.96099999999989	539.33508385057	547.614506105711
1.97099999999989	542.108532730581	550.407032908902
1.98099999999989	544.870173990553	553.199559712093
1.99099999999989	547.625898297415	555.992086515283
2.00099999999989	550.368436500899	558.784613318474
2.01099999999989	553.140474411262	561.577140121665
2.02099999999989	555.911392865112	564.369666924855
2.03099999999989	558.704070449582	567.162193728046
2.04099999999989	561.464623285763	569.954720531236
2.05099999999989	564.196278859063	572.747247334427
2.06099999999988	566.933071132988	575.539774137618
2.07099999999988	569.665391045963	578.332300940808
2.08099999999988	572.411691450984	581.124827743999
2.09099999999988	575.176632418062	583.91735454719
2.10099999999988	577.953836767829	586.70988135038
2.11099999999988	580.745891992148	589.502408153571
2.12099999999988	583.493154966088	592.294934956761
2.13099999999988	586.281963021781	595.087461759952
2.14099999999988	589.056201668363	597.879988563143
2.15099999999987	591.810380171249	600.672515366333
2.16099999999987	594.567145291702	603.465042169524
2.17099999999987	597.253062378004	606.257568972715
2.18099999999987	599.994526437652	609.050095775905
2.19099999999987	602.754340555564	611.842622579096
2.20099999999987	605.509048944735	614.635149382286
2.21099999999987	608.293688243363	617.427676185477
2.22099999999987	611.021659156244	620.220202988668
2.23099999999987	613.809178885778	623.012729791858
2.24099999999986	616.567579503299	625.805256595049
2.25099999999986	619.364387563399	628.597783398239
2.26099999999986	622.121414661307	631.39031020143
2.27099999999986	624.846099894371	634.182837004621
2.28099999999986	627.593815739788	636.975363807811
2.29099999999986	630.305524145956	639.767890611002
2.30099999999986	633.053464860894	642.560417414193
2.31099999999986	635.796152312156	645.352944217383
2.32099999999986	638.568944758616	648.145471020574
2.33099999999985	641.325606516947	650.937997823764
2.34099999999985	644.111563327157	653.730524626955
2.35099999999985	646.891610744218	656.523051430146
2.36099999999985	649.683283892918	659.315578233336
2.37099999999985	652.485173602508	662.108105036527
2.38099999999985	655.199210487061	664.900631839718
2.39099999999985	657.926537195217	667.693158642908
2.40099999999985	660.671937538879	670.485685446099
2.41099999999985	663.405679996798	673.278212249289
2.42099999999984	666.153397282644	676.07073905248
2.43099999999984	668.939035040357	678.863265855671
2.44099999999984	671.708219098277	681.655792658861
2.45099999999984	674.509846660096	684.448319462052
2.46099999999984	677.298150069494	687.240846265243
2.47099999999984	680.063275815714	690.033373068433
2.48099999999984	682.819846874522	692.825899871624
2.49099999999984	685.560388262194	695.618426674814
2.50099999999984	688.331188534536	698.410953478005
2.51099999999983	691.080658561045	701.203480281196
2.52099999999983	693.827575559476	703.996007084386
2.53099999999983	696.601600543576	706.788533887577
2.54099999999983	699.33746947352	709.581060690768
2.55099999999983	702.079465838644	712.373587493958
2.56099999999983	704.821266251802	715.166114297149
2.57099999999983	707.563853132343	717.958641100339
2.58099999999983	710.338025173118	720.75116790353
2.59099999999983	713.091463668698	723.54369470672
2.60099999999982	715.822317166826	726.336221509911
2.61099999999982	718.571520085719	729.128748313102
2.62099999999982	721.355396102372	731.921275116292
2.63099999999982	724.134655188055	734.713801919483
2.64099999999982	726.909756650311	737.506328722674
2.65099999999982	729.599490917505	740.298855525864
2.66099999999982	732.365111085305	743.091382329055
2.67099999999982	735.142348568372	745.883909132246
2.68099999999982	737.873194600744	748.676435935436
2.69099999999981	740.626921315295	751.468962738627
2.70099999999981	743.379684951641	754.261489541817
2.71099999999981	746.119565364268	757.054016345008
2.72099999999981	748.869129699173	759.846543148199
2.73099999999981	751.635724291816	762.639069951389
2.74099999999981	754.404399706019	765.43159675458
2.75099999999981	757.163108726956	768.224123557771
2.76099999999981	759.899046726954	771.016650360961
2.77099999999981	762.674583494737	773.809177164152
2.7809999999998	765.431210739965	776.601703967342
2.7909999999998	768.197808833636	779.394230770533
2.8009999999998	770.982524974755	782.186757573724
2.8109999999998	773.746544862238	784.979284376914
2.8209999999998	776.471649730151	787.771811180105
2.8309999999998	779.217228090584	790.564337983295
2.8409999999998	781.995223915436	793.356864786486
2.8509999999998	784.74016479374	796.149391589677
2.8609999999998	787.440052343362	798.941918392867
2.87099999999979	790.208055924047	801.734445196058
2.88099999999979	792.93113816794	804.526971999249
2.89099999999979	795.683956898969	807.319498802439
2.90099999999979	798.445484834089	810.11202560563
2.91099999999979	801.22860265051	812.90455240882
2.92099999999979	803.968414485875	815.697079212011
2.93099999999979	806.760966807283	818.489606015202
2.94099999999979	809.508367297781	821.282132818392
2.95099999999979	812.264220379257	824.074659621583
2.96099999999978	815.049664519989	826.867186424774
2.97099999999978	817.792602511363	829.659713227964
2.98099999999978	820.56293179005	832.452240031155
2.99099999999978	823.299922564488	835.244766834345
3.00099999999978	826.063772964026	838.037293637536
3.01099999999978	828.816051047126	840.829820440727
3.02099999999978	831.582019172842	843.622347243917
3.03099999999978	834.259238428017	846.414874047108
3.04099999999978	837.042058658402	849.207400850299
3.05099999999978	839.800576794264	851.999927653489
3.06099999999977	842.547277462371	854.79245445668
3.07099999999977	845.319394212718	857.58498125987
3.08099999999977	848.073034962323	860.377508063061
3.09099999999977	850.839122426538	863.170034866252
3.10099999999977	853.640208381305	865.962561669442
3.11099999999977	856.394346599188	868.755088472633
3.12099999999977	859.152065772739	871.547615275823
3.13099999999977	861.937900017834	874.340142079014
3.14099999999977	864.697725166538	877.132668882205
3.15099999999976	867.496387936318	879.925195685395
3.16099999999976	870.211212613134	882.717722488586
3.17099999999976	872.988735595551	885.510249291776
3.18099999999976	875.739270479538	888.302776094967
3.19099999999976	878.447514897691	891.095302898158
3.20099999999976	881.167705045964	893.887829701348
3.21099999999976	883.933182942962	896.680356504539
3.22099999999976	886.688959385961	899.47288330773
3.23099999999976	889.429359453902	902.26541011092
3.24099999999975	892.184881024586	905.057936914111
3.25099999999975	894.941541568122	907.850463717302
3.26099999999975	897.704519154634	910.642990520492
3.27099999999975	900.488313944942	913.435517323683
3.28099999999975	903.25362020434	916.228044126873
3.29099999999975	906.009881322347	919.020570930064
3.30099999999975	908.780877981515	921.813097733254
3.31099999999975	911.563940784536	924.605624536445
3.32099999999975	914.304938339591	927.398151339636
3.33099999999974	917.021202477161	930.190678142827
3.34099999999974	919.787869781964	932.983204946017
3.35099999999974	922.527806299845	935.775731749208
3.36099999999974	925.258890910017	938.568258552398
3.37099999999974	928.027587762797	941.360785355589
3.38099999999974	930.80463872384	944.15331215878
3.39099999999974	933.596442263542	946.94583896197
3.40099999999974	936.329961999106	949.738365765161
3.41099999999974	939.104292136473	952.530892568351
3.42099999999973	941.853089231247	955.323419371542
3.43099999999973	944.591263979535	958.115946174733
3.44099999999973	947.379304578356	960.908472977923
3.45099999999973	950.12355923284	963.700999781114
3.46099999999973	952.879864617583	966.493526584304
3.47099999999973	955.649549284732	969.286053387495
3.48099999999973	958.421688183699	972.078580190686
3.49099999999973	961.170713450418	974.871106993876
3.50099999999973	963.889185733872	977.663633797067
3.51099999999972	966.639367054617	980.456160600257
3.52099999999972	969.392476177939	983.248687403448
3.53099999999972	972.144698189087	986.041214206639
3.54099999999972	974.919513994643	988.833741009829
3.55099999999972	977.686587337095	991.62626781302
3.56099999999972	980.458768651837	994.418794616211
3.57099999999972	983.231396535123	997.211321419401
3.58099999999972	985.957417554669	1000.00384822259
3.59099999999972	988.721430015156	1002.79637502578
3.60099999999971	991.444700763661	1005.58890182897
3.61099999999971	994.201687566215	1008.38142863216
3.62099999999971	996.955647185301	1011.17395543535
3.63099999999971	999.719416151589	1013.96648223855
3.64099999999971	1002.51474449958	1016.75900904174
3.65099999999971	1005.3028138307	1019.55153584493
3.66099999999971	1008.10427631533	1022.34406264812
3.67099999999971	1010.81985409331	1025.13658945131
3.68099999999971	1013.56877342748	1027.9291162545
3.6909999999997	1016.30070393751	1030.72164305769
3.7009999999997	1019.05065067488	1033.51416986088
3.7109999999997	1021.78906020577	1036.30669666407
3.7209999999997	1024.53911582637	1039.09922346726
3.7309999999997	1027.27648471958	1041.89175027045
3.7409999999997	1030.05439530148	1044.68427707364
3.7509999999997	1032.82928002911	1047.47680387683
3.7609999999997	1035.62543983654	1050.26933068002
3.7709999999997	1038.33249951903	1053.06185748321
3.78099999999969	1041.09705498376	1055.8543842864
3.79099999999969	1043.84619440522	1058.6469110896
3.80099999999969	1046.61799121406	1061.43943789279
3.81099999999969	1049.36242728666	1064.23196469598
3.82099999999969	1052.1373125768	1067.02449149917
3.83099999999969	1054.89420373378	1069.81701830236
3.84099999999969	1057.6234053394	1072.60954510555
3.85099999999969	1060.35642095747	1075.40207190874
3.86099999999969	1063.14802218985	1078.19459871193
3.87099999999968	1065.89278282428	1080.98712551512
3.88099999999968	1068.6186657065	1083.77965231831
3.89099999999968	1071.37373553932	1086.5721791215
3.90099999999968	1074.15655880017	1089.36470592469
3.91099999999968	1076.94996734092	1092.15723272788
3.92099999999968	1079.70219334795	1094.94975953107
3.93099999999968	1082.46538370665	1097.74228633426
3.94099999999968	1085.17629255397	1100.53481313745
3.95099999999968	1087.92810856368	1103.32733994064
3.96099999999967	1090.65222506025	1106.11986674384
3.97099999999967	1093.41524600766	1108.91239354703
3.98099999999967	1096.16699147266	1111.70492035022
3.99099999999967	1098.93785125952	1114.49744715341
4.00099999999967	1101.67706265275	1117.2899739566
4.01099999999967	1104.45326305155	1120.08250075979
4.02099999999968	1107.22189216385	1122.87502756298
4.03099999999968	1109.97268195244	1125.66755436617
4.04099999999968	1112.72742480559	1128.46008116937
4.05099999999969	1115.44604709118	1131.25260797256
4.06099999999969	1118.20870167394	1134.04513477575
4.07099999999969	1120.96796445154	1136.83766157894
4.0809999999997	1123.75082801092	1139.63018838213
4.0909999999997	1126.51072574182	1142.42271518532
4.1009999999997	1129.29955662203	1145.21524198852
4.11099999999971	1132.06565611572	1148.00776879171
4.12099999999971	1134.78466593868	1150.8002955949
4.13099999999971	1137.52537459846	1153.59282239809
4.14099999999972	1140.29395893307	1156.38534920128
4.15099999999972	1143.02523973925	1159.17787600448
4.16099999999972	1145.77694806812	1161.97040280767
4.17099999999973	1148.545839404	1164.76292961086
4.18099999999973	1151.31799025761	1167.55545641405
4.19099999999973	1154.09433372387	1170.34798321724
4.20099999999974	1156.8385836892	1173.14051002044
4.21099999999974	1159.58631275411	1175.93303682363
4.22099999999974	1162.34882101673	1178.72556362682
4.23099999999975	1165.11554870996	1181.51809043001
4.24099999999975	1167.86002637824	1184.3106172332
4.25099999999975	1170.63485104547	1187.10314403639
4.26099999999976	1173.39207457153	1189.89567083959
4.27099999999976	1176.17286887312	1192.68819764278
4.28099999999976	1178.94576297534	1195.48072444597
4.29099999999977	1181.68448071066	1198.27325124916
4.30099999999977	1184.43360791431	1201.06577805235
4.31099999999977	1187.16134800131	1203.85830485555
4.32099999999978	1189.88610313832	1206.65083165874
4.33099999999978	1192.65859769402	1209.44335846193
4.34099999999978	1195.39160451744	1212.23588526512
4.35099999999979	1198.14957027602	1215.02841206831
4.36099999999979	1200.9192025451	1217.82093887151
4.37099999999979	1203.65410334465	1220.6134656747
4.3809999999998	1206.42856007511	1223.40599247789
4.3909999999998	1209.19605492773	1226.19851928108
4.4009999999998	1211.96635850874	1228.99104608427
4.41099999999981	1214.7286112757	1231.78357288746
4.42099999999981	1217.434521876	1234.57609969066
4.43099999999981	1220.20762529151	1237.36862649385
4.44099999999982	1222.93720781452	1240.16115329704
4.45099999999982	1225.69922638561	1242.95368010023
4.46099999999982	1228.44306613814	1245.74620690342
4.47099999999983	1231.20691395513	1248.53873370662
4.48099999999983	1233.96441845741	1251.33126050981
4.49099999999983	1236.7522939929	1254.123787313
4.50099999999984	1239.53539429979	1256.91631411619
4.51099999999984	1242.30940835788	1259.70884091938
4.52099999999984	1245.06343631151	1262.50136772257
4.53099999999985	1247.79157606361	1265.29389452577
4.54099999999985	1250.56578852924	1268.08642132896
4.55099999999985	1253.32404349683	1270.87894813215
4.56099999999986	1256.0908061131	1273.67147493534
4.57099999999986	1258.84393904978	1276.46400173853
4.58099999999986	1261.60932296049	1279.25652854173
4.59099999999987	1264.37503590049	1282.04905534492
4.60099999999987	1267.13274617651	1284.84158214811
4.61099999999987	1269.88166253543	1287.6341089513
4.62099999999988	1272.64370987859	1290.42663575449
4.63099999999988	1275.36682771863	1293.21916255769
4.64099999999988	1278.10039367931	1296.01168936088
4.65099999999989	1280.82539284536	1298.80421616407
4.66099999999989	1283.58424084949	1301.59674296726
4.67099999999989	1286.35715664513	1304.38926977045
4.6809999999999	1289.13098995136	1307.18179657364
4.6909999999999	1291.88838703574	1309.97432337684
4.7009999999999	1294.6440580348	1312.76685018003
4.71099999999991	1297.40157743879	1315.55937698322
4.72099999999991	1300.14507952	1318.35190378641
4.73099999999991	1302.91482623487	1321.1444305896
4.74099999999992	1305.65245803511	1323.9369573928
4.75099999999992	1308.40864239801	1326.72948419599
4.76099999999992	1311.16272577093	1329.52201099918
4.77099999999993	1313.94467335644	1332.31453780237
4.78099999999993	1316.72861551787	1335.10706460556
4.79099999999993	1319.49870240044	1337.89959140875
4.80099999999994	1322.22317374905	1340.69211821195
4.81099999999994	1324.97968148804	1343.48464501514
4.82099999999994	1327.71455119199	1346.27717181833
4.83099999999995	1330.45462826727	1349.06969862152
4.84099999999995	1333.21322242583	1351.86222542471
4.85099999999995	1335.95835641195	1354.65475222791
4.86099999999996	1338.70470349048	1357.4472790311
4.87099999999996	1341.504889321	1360.23980583429
4.88099999999996	1344.28283232995	1363.03233263748
4.89099999999997	1347.07199693164	1365.82485944067
4.90099999999997	1349.8158394895	1368.61738624387
4.91099999999997	1352.55323091782	1371.40991304706
4.92099999999998	1355.31293956391	1374.20243985025
4.93099999999998	1358.0285986803	1376.99496665344
4.94099999999998	1360.80488260319	1379.78749345663
4.95099999999999	1363.56067241336	1382.58002025982
4.96099999999999	1366.31522265553	1385.37254706302
4.97099999999999	1369.09228589506	1388.16507386621
4.981	1371.86892935707	1390.9576006694
4.99	1374.3657305329	1393.47087479227
5	1377.10298944843	1396.26340159546
5.01000000000001	1379.84332961392	1399.05592839866
5.02000000000001	1382.58668801663	1401.84845520185
5.03000000000001	1385.31909004977	1404.64098200504
5.04000000000002	1388.092208637	1407.43350880823
5.05000000000002	1390.87237662494	1410.22603561142
5.06000000000002	1393.63649662297	1413.01856241462
5.07000000000003	1396.39616110477	1415.81108921781
5.08000000000003	1399.15704503284	1418.603616021
5.09000000000003	1401.91171834025	1421.39614282419
5.10000000000004	1404.67840593032	1424.18866962738
5.11000000000004	1407.43230693949	1426.98119643058
5.12000000000004	1410.16020340838	1429.77372323377
5.13000000000005	1412.93193364911	1432.56625003696
5.14000000000005	1415.6779878978	1435.35877684015
5.15000000000005	1418.4394461891	1438.15130364334
5.16000000000006	1421.23831472119	1440.94383044653
5.17000000000006	1423.98880531463	1443.73635724973
5.18000000000006	1426.75761704559	1446.52888405292
5.19000000000007	1429.49664466991	1449.32141085611
5.20000000000007	1432.24756716327	1452.1139376593
5.21000000000007	1434.99499165569	1454.90646446249
5.22000000000008	1437.75327497499	1457.69899126569
5.23000000000008	1440.51163872248	1460.49151806888
5.24000000000008	1443.29259506407	1463.28404487207
5.25000000000009	1446.04812511919	1466.07657167526
5.26000000000009	1448.81799876167	1468.86909847845
5.27000000000009	1451.55099966589	1471.66162528165
5.2800000000001	1454.29569671276	1474.45415208484
5.2900000000001	1457.02779642367	1477.24667888803
5.3000000000001	1459.76711346402	1480.03920569122
5.31000000000011	1462.51691930859	1482.83173249441
5.32000000000011	1465.27431483747	1485.6242592976
5.33000000000011	1468.0363319238	1488.4167861008
5.34000000000012	1470.80160484768	1491.20931290399
5.35000000000012	1473.58058908845	1494.00183970718
5.36000000000012	1476.34039900759	1496.79436651037
5.37000000000013	1479.09513873302	1499.58689331356
5.38000000000013	1481.86194428311	1502.37942011676
5.39000000000013	1484.57908542857	1505.17194691995
5.40000000000014	1487.35477130549	1507.96447372314
5.41000000000014	1490.10473241267	1510.75700052633
5.42000000000014	1492.88725320351	1513.54952732952
5.43000000000015	1495.64945087777	1516.34205413271
5.44000000000015	1498.36704374882	1519.13458093591
5.45000000000015	1501.17223347937	1521.9271077391
5.46000000000016	1503.91718723356	1524.71963454229
5.47000000000016	1506.6806717477	1527.51216134548
5.48000000000016	1509.44851560724	1530.30468814867
5.49000000000017	1512.21348759226	1533.09721495187
5.50000000000017	1514.96908962289	1535.88974175506
5.51000000000017	1517.73922239977	1538.68226855825
5.52000000000018	1520.51232075373	1541.47479536144
5.53000000000018	1523.2681206569	1544.26732216463
5.54000000000018	1526.02266508908	1547.05984896783
5.55000000000019	1528.74471845495	1549.85237577102
5.56000000000019	1531.47716401657	1552.64490257421
5.57000000000019	1534.26224197935	1555.4374293774
5.5800000000002	1536.99755066372	1558.22995618059
5.5900000000002	1539.77753182441	1561.02248298378
5.6000000000002	1542.52459757603	1563.81500978698
5.61000000000021	1545.26299494459	1566.60753659017
5.62000000000021	1548.05017918533	1569.40006339336
5.63000000000021	1550.81885355909	1572.19259019655
5.64000000000022	1553.58776729452	1574.98511699974
5.65000000000022	1556.33585642884	1577.77764380294
5.66000000000022	1559.08252146314	1580.57017060613
5.67000000000023	1561.82495563367	1583.36269740932
5.68000000000023	1564.5744268009	1586.15522421251
5.69000000000023	1567.33323256948	1588.9477510157
5.70000000000024	1570.06654212476	1591.7402778189
5.71000000000024	1572.82407998917	1594.53280462209
5.72000000000024	1575.61217957286	1597.32533142528
5.73000000000025	1578.3619000568	1600.11785822847
5.74000000000025	1581.15317159133	1602.91038503166
5.75000000000025	1583.89345016334	1605.70291183485
5.76000000000026	1586.63661297687	1608.49543863805
5.77000000000026	1589.35029871641	1611.28796544124
5.78000000000026	1592.07513294318	1614.08049224443
5.79000000000027	1594.84716160655	1616.87301904762
5.80000000000027	1597.6191497521	1619.66554585081
5.81000000000027	1600.38454319295	1622.45807265401
5.82000000000028	1603.16283942471	1625.2505994572
5.83000000000028	1605.96641585977	1628.04312626039
5.84000000000029	1608.7347910127	1630.83565306358
5.85000000000029	1611.48779980599	1633.62817986677
5.86000000000029	1614.24957298744	1636.42070666996
5.8700000000003	1616.94709520666	1639.21323347316
5.8800000000003	1619.70134827788	1642.00576027635
5.8900000000003	1622.45736088958	1644.79828707954
5.90000000000031	1625.21198131482	1647.59081388273
5.91000000000031	1628.00149294222	1650.38334068592
5.92000000000031	1630.76387615541	1653.17586748912
5.93000000000032	1633.56251020165	1655.96839429231
5.94000000000032	1636.30947489481	1658.7609210955
5.95000000000032	1639.06483620891	1661.55344789869
5.96000000000033	1641.81398162558	1664.34597470188
5.97000000000033	1644.54592895538	1667.13850150508
5.98000000000033	1647.28279327154	1669.93102830827
5.99000000000034	1650.0208234369	1672.72355511146
6.00000000000034	1652.79230962068	1675.51608191465
6.01000000000034	1655.56046504666	1678.30860871784
6.02000000000035	1658.31268094313	1681.10113552103
6.03000000000035	1661.0572728626	1683.89366232423
6.04000000000035	1663.82638528208	1686.68618912742
6.05000000000036	1666.5719982958	1689.47871593061
6.06000000000036	1669.32261497902	1692.2712427338
6.07000000000036	1672.06782169529	1695.06376953699
6.08000000000037	1674.83385872765	1697.85629634019
6.09000000000037	1677.61666746812	1700.64882314338
6.10000000000037	1680.37603164871	1703.44134994657
6.11000000000038	1683.13540940059	1706.23387674976
6.12000000000038	1685.87714139267	1709.02640355295
6.13000000000038	1688.63831298516	1711.81893035615
6.14000000000039	1691.40031954082	1714.61145715934
6.15000000000039	1694.13378405546	1717.40398396253
6.16000000000039	1696.86718957426	1720.19651076572
6.1700000000004	1699.62183741103	1722.98903756891
6.1800000000004	1702.39350178241	1725.7815643721
6.1900000000004	1705.15198670379	1728.5740911753
6.20000000000041	1707.9113880219	1731.36661797849
6.21000000000041	1710.67789443523	1734.15914478168
6.22000000000041	1713.45281951187	1736.95167158487
6.23000000000042	1716.19093313898	1739.74419838806
6.24000000000042	1718.95104933407	1742.53672519126
6.25000000000042	1721.7066638594	1745.32925199445
6.26000000000043	1724.47977147844	1748.12177879764
6.27000000000043	1727.23040973299	1750.91430560083
6.28000000000043	1729.96538545363	1753.70683240402
6.29000000000044	1732.72893251444	1756.49935920721
6.30000000000044	1735.49692828543	1759.29188601041
6.31000000000044	1738.23524934354	1762.0844128136
6.32000000000045	1740.98795811885	1764.87693961679
6.33000000000045	1743.75510593933	1767.66946641998
6.34000000000045	1746.52331658357	1770.46199322317
6.35000000000046	1749.2685613426	1773.25452002637
6.36000000000046	1752.02598287994	1776.04704682956
6.37000000000046	1754.77314545448	1778.83957363275
6.38000000000047	1757.5433412343	1781.63210043594
6.39000000000047	1760.30302721497	1784.42462723913
6.40000000000047	1763.05999560719	1787.21715404233
6.41000000000048	1765.79568596105	1790.00968084552
6.42000000000048	1768.57515738969	1792.80220764871
6.43000000000048	1771.34789888085	1795.5947344519
6.44000000000049	1774.1078492461	1798.38726125509
6.45000000000049	1776.85600995257	1801.17978805828
6.46000000000049	1779.59893125104	1803.97231486148
6.4700000000005	1782.34743079015	1806.76484166467
6.4800000000005	1785.10075723053	1809.55736846786
6.4900000000005	1787.84100201748	1812.34989527105
6.50000000000051	1790.60331541084	1815.14242207424
6.51000000000051	1793.36197095017	1817.93494887744
6.52000000000051	1796.11824980174	1820.72747568063
6.53000000000052	1798.86715827587	1823.52000248382
6.54000000000052	1801.64962354224	1826.31252928701
6.55000000000052	1804.41051213703	1829.1050560902
6.56000000000053	1807.13962788076	1831.89758289339
6.57000000000053	1809.89726561084	1834.69010969659
6.58000000000053	1812.65547694913	1837.48263649978
6.59000000000054	1815.41484865629	1840.27516330297
6.60000000000054	1818.18146030528	1843.06769010616
6.61000000000054	1820.93487712326	1845.86021690935
6.62000000000055	1823.70503660994	1848.65274371255
6.63000000000055	1826.45912852627	1851.44527051574
6.64000000000055	1829.19208589859	1854.23779731893
6.65000000000056	1831.9526050534	1857.03032412212
6.66000000000056	1834.68373012293	1859.82285092531
6.67000000000056	1837.42279310788	1862.61537772851
6.68000000000057	1840.16925726626	1865.4079045317
6.69000000000057	1842.92739432304	1868.20043133489
6.70000000000057	1845.66588699269	1870.99295813808
6.71000000000058	1848.44879006466	1873.78548494127
6.72000000000058	1851.21896631387	1876.57801174446
6.73000000000058	1853.99356664742	1879.37053854766
6.74000000000059	1856.74826891359	1882.16306535085
6.75000000000059	1859.48024419416	1884.95559215404
6.76000000000059	1862.25943067978	1887.74811895723
6.7700000000006	1865.02653957801	1890.54064576042
6.7800000000006	1867.75631982835	1893.33317256362
6.7900000000006	1870.50472092425	1896.12569936681
6.80000000000061	1873.26339539364	1898.91822617
6.81000000000061	1876.0231953902	1901.71075297319
6.82000000000061	1878.79734377348	1904.50327977638
6.83000000000062	1881.55640049833	1907.29580657958
6.84000000000062	1884.29858382402	1910.08833338277
6.85000000000062	1887.04750574367	1912.88086018596
6.86000000000063	1889.81749965188	1915.67338698915
6.87000000000063	1892.56526574675	1918.46591379234
6.88000000000063	1895.34586007121	1921.25844059553
6.89000000000064	1898.10132089456	1924.05096739873
6.90000000000064	1900.85110915069	1926.84349420192
6.91000000000064	1903.61607521768	1929.63602100511
6.92000000000065	1906.36049917293	1932.4285478083
6.93000000000065	1909.11139147798	1935.22107461149
6.94000000000065	1911.87414312303	1938.01360141469
6.95000000000066	1914.62899982564	1940.80612821788
6.96000000000066	1917.3848009904	1943.59865502107
6.97000000000066	1920.13688271213	1946.39118182426
6.98000000000067	1922.89218525057	1949.18370862745
6.99000000000067	1925.64637527239	1951.97623543065
7.00000000000067	1928.39336782859	1954.76876223384
7.01000000000068	1931.14519799394	1957.56128903703
7.02000000000068	1933.90056954242	1960.35381584022
7.03000000000068	1936.65817664918	1963.14634264341
7.04000000000069	1939.41693044682	1965.9388694466
7.05000000000069	1942.16070831529	1968.7313962498
7.06000000000069	1944.94137732986	1971.52392305299
7.0700000000007	1947.69202225404	1974.31644985618
7.0800000000007	1950.45790464527	1977.10897665937
7.0900000000007	1953.19743869603	1979.90150346256
7.10000000000071	1955.9509834468	1982.69403026576
7.11000000000071	1958.73207700001	1985.48655706895
7.12000000000071	1961.46601020211	1988.27908387214
7.13000000000072	1964.22829120758	1991.07161067533
7.14000000000072	1966.98116923098	1993.86413747852
7.15000000000072	1969.73499939465	1996.65666428171
7.16000000000073	1972.50066504105	1999.44919108491
7.17000000000073	1975.25564229612	2002.2417178881
7.18000000000073	1978.0067974686	2005.03424469129
7.19000000000074	1980.75752580524	2007.82677149448
7.20000000000074	1983.52179280739	2010.61929829767
7.21000000000074	1986.27986898279	2013.41182510087
7.22000000000075	1989.03410472033	2016.20435190406
7.23000000000075	1991.77601502138	2018.99687870725
7.24000000000075	1994.53979502862	2021.78940551044
7.25000000000076	1997.28186896934	2024.58193231363
7.26000000000076	2000.03333636546	2027.37445911683
7.27000000000076	2002.78775546632	2030.16698592002
7.28000000000077	2005.55472042676	2032.95951272321
7.29000000000077	2008.30339035142	2035.7520395264
7.30000000000077	2011.09090079589	2038.54456632959
7.31000000000078	2013.83931957993	2041.33709313278
7.32000000000078	2016.59256135333	2044.12961993598
7.33000000000078	2019.32216534498	2046.92214673917
7.34000000000079	2022.08436610594	2049.71467354236
7.35000000000079	2024.84332058539	2052.50720034555
7.36000000000079	2027.58829253377	2055.29972714874
7.3700000000008	2030.34344042092	2058.09225395194
7.3800000000008	2033.10964390831	2060.88478075513
7.3900000000008	2035.87424550757	2063.67730755832
7.40000000000081	2038.65022438708	2066.46983436151
7.41000000000081	2041.40980046952	2069.2623611647
7.42000000000081	2044.15846746373	2072.05488796789
7.43000000000082	2046.89362723599	2074.84741477109
7.44000000000082	2049.64690809036	2077.63994157428
7.45000000000082	2052.43118102279	2080.43246837747
7.46000000000083	2055.19970817919	2083.22499518066
7.47000000000083	2057.97362654621	2086.01752198385
7.48000000000083	2060.73645222479	2088.81004878705
7.49000000000084	2063.49041090035	2091.60257559024
7.50000000000084	2066.25086419793	2094.39384080089
7.51000000000084	2068.99913967819	1959.37448612273
7.52000000000085	2071.74793035966	1904.93162444445
7.53000000000085	2074.47243230963	1863.70279612378
7.54000000000085	2077.21998224544	1829.29737854792
7.55000000000086	2079.97250862116	1799.24214343274
7.56000000000086	2042.52948269323	1772.2697155372
7.57000000000086	2018.45293458909	1747.62782908022
7.58000000000087	1994.33470757639	1724.82673865285
7.59000000000087	1956.80976169527	1703.52654140339
7.60000000000087	1932.62145456721	1683.47995666828
7.61000000000088	1908.39232385324	1664.5004590292
7.62000000000088	1884.18996738525	1646.44325465961
7.63000000000088	1859.93387046001	1629.19329052792
7.64000000000089	1835.69245564999	1612.65735835899
7.65000000000089	1811.43357771295	1596.75870416772
7.66000000000089	1787.16207941883	1581.43323533592
7.6700000000009	1762.92071097222	1566.62678219672
7.6800000000009	1738.6657343279	1552.29307660281
7.6900000000009	1714.41621273763	1538.39223063712
7.70000000000091	1690.17992052988	1524.88957210234
7.71000000000091	1679.15433494693	1511.75473959256
7.72000000000091	1668.09992033554	1498.96096976943
7.73000000000092	1643.85231798738	1486.48452920353
7.74000000000092	1619.64748050493	1474.30425649448
7.75000000000092	1621.75123875782	1462.4011895963
7.76000000000093	1597.52350562156	1450.75825974403
7.77000000000093	1573.33928909605	1439.36003799455
7.78000000000093	1562.30108027818	1428.19252373811
7.79000000000094	1551.23980182735	1417.242966991
7.80000000000094	1540.15727846666	1406.49971810342
7.81000000000094	1529.06208458185	1395.95209988709
7.82000000000095	1504.94825897705	1385.59029820817
7.83000000000095	1506.87321006512	1375.40526788966
7.84000000000095	1482.79807864821	1365.38865138538
7.85000000000096	1471.72221585264	1355.53270817026
7.86000000000096	1460.63967769993	1345.83025317128
7.87000000000096	1462.48881439231	1336.27460286438
7.88000000000097	1438.46477323782	1326.85952790304
7.89000000000097	1427.39607447219	1317.57921133725
7.90000000000097	1416.30136063584	1308.42821163777
7.91000000000098	1418.10700673663	1299.40142986762
7.92000000000098	1407.03691301749	1290.49408044656
7.93000000000098	1395.93514692068	1281.70166503976
7.94000000000099	1372.01709244975	1273.01994917253
7.95000000000099	1373.75995510133	1264.44494123135
7.96000000000099	1362.72235262761	1255.97287356063
7.970000000001	1351.61382491139	1247.60018540522
7.980000000001	1353.30875960515	1239.32350748343
7.990000000001	1355.01478247267	1231.13964800413
8.00000000000101	1331.15774311076	1223.04557996641
8.010000000001	1320.09761366657	1215.03842960087
8.02000000000099	1309.03198759945	1207.11546582989
8.03000000000099	1310.67962047867	1199.27409063917
8.04000000000098	1286.91996545184	1191.51183026639
8.05000000000098	1288.51702185363	1183.82632712368
8.06000000000097	1277.47189254383	1176.21533238081
8.07000000000097	1279.05054199562	1168.67669914427
8.08000000000096	1267.99365237435	1161.20837617487
8.09000000000096	1256.96903246806	1153.80840209275
8.10000000000095	1245.92608330305	1146.47490002464
8.11000000000094	1247.44839886549	1139.20607265258
8.12000000000094	1236.43330410755	1132.00019762829
8.13000000000093	1237.97398708874	1124.85562332045
8.14000000000093	1214.39182159092	1117.77076486616
8.15000000000092	1215.87674288949	1110.74410050015
8.16000000000092	1204.8432019077	1103.77416813854
8.17000000000091	1206.3413292942	1096.8595621958
8.18000000000091	1182.84846688059	1089.99893061573
8.1900000000009	1184.28758359857	1083.19097209933
8.20000000000089	1173.2940761448	1076.43443351367
8.21000000000089	1174.73605249141	1069.72810746771
8.22000000000088	1176.15049431036	1063.07083004204
8.23000000000088	1152.72457824446	1056.46147866077
8.24000000000087	1154.13661005488	1049.89897009498
8.25000000000087	1143.14895422839	1043.38225858777
8.26000000000086	1132.17684045866	1036.9103340922
8.27000000000086	1121.20977156291	1030.48222061368
8.28000000000085	1122.58128088111	1024.09697464968
8.29000000000084	1111.62113550743	1017.75368371956
8.30000000000084	1112.96431016495	1011.45146497847
8.31000000000083	1089.71895818698	1005.18946390946
8.32000000000083	1091.03299906877	998.966853088456
8.33000000000082	1080.06288169737	992.782831017284
8.34000000000082	1081.36262018218	986.636621020116
8.35000000000081	1058.22976625563	980.527470199314
8.36000000000081	1059.50115259776	974.454648446732
8.3700000000008	1048.61265619504	968.417447506943
8.38000000000079	1049.87391665323	962.415180089127
8.39000000000079	1038.92945199031	956.447179024559
8.40000000000078	1028.05670838345	950.51279646686
8.41000000000078	1014.04641634911	944.61140313243
8.42000000000077	1018.38342641801	938.742387578594
8.43000000000077	1019.60034911809	932.905155517218
8.44000000000076	993.610495648965	927.099129161709
8.45000000000076	997.840762000739	921.323746605403
8.46000000000075	999.020275883829	915.578461229556
8.47000000000074	988.198482487125	909.86274113923
8.48000000000074	977.348524969876	904.176068625471
8.49000000000073	978.498150963617	898.517939652321
8.50000000000073	967.693375018786	892.887863367278
8.51000000000072	956.876273787429	887.285361633893
8.52000000000072	955.09668192547	881.709968585325
8.53000000000071	959.11605647928	876.161230197694
8.54000000000071	948.318660766218	870.638703882188
8.5500000000007	937.492296816562	865.141958094924
8.5600000000007	938.584291574398	859.670571963631
8.57000000000069	939.674550053401	854.224134930282
8.58000000000068	917.028627490297	848.802246408842
8.59000000000068	918.106626987862	843.404515457383
8.60000000000067	919.184949528789	838.030560463814
8.61000000000067	920.261182876954	832.680008844552
8.62000000000066	921.338939701154	827.352496755497
8.63000000000066	910.566646425338	822.047668814702
8.64000000000065	899.773942786111	816.765177836158
8.65000000000065	900.804499719095	811.504684574163
8.66000000000064	878.300873338556	806.265857477776
8.67000000000063	876.694814771023	801.048372454853
8.68000000000063	880.32674084823	795.851912645237
8.69000000000062	881.325606547373	790.676168202658
8.70000000000062	858.897577073932	785.520836084943
8.71000000000061	859.894968089613	780.385619852164
8.72000000000061	860.888391365355	775.270229472337
8.7300000000006	850.206187262162	770.17438113436
8.7400000000006	851.191024741469	765.097797067843
8.75000000000059	840.456858687175	760.040205369532
8.76000000000058	841.400327785833	755.001339836036
8.77000000000058	830.745544468645	749.980939802575
8.78000000000057	820.046349329545	744.978749987496
8.79000000000057	820.977137614448	739.994520342299
8.80000000000056	821.921916279867	735.028005906945
8.81000000000056	799.722641285948	730.078966670207
8.82000000000055	798.296933591598	725.147167434884
8.83000000000055	799.212769452197	720.232377687623
8.84000000000054	802.472707006115	715.33437147321
8.85000000000053	791.852857479855	710.452927273112
8.86000000000053	792.748332227832	705.587827888111
8.87000000000052	782.08610770701	700.738860324846
8.88000000000052	769.215906867238	695.905815686142
8.89000000000051	760.917849800122	691.088489064929
8.90000000000051	759.567486993586	686.286679441636
8.9100000000005	762.636474021394	681.500189584926
8.9200000000005	763.490383636822	676.728825955613
8.93000000000049	752.936866912194	671.972398613672
8.94000000000048	753.785100397988	667.230721128203
8.95000000000048	743.188501251027	662.503610490227
8.96000000000047	744.020403524426	657.79088702823
8.97000000000047	733.477354288156	653.092374326334
8.98000000000046	734.286131410974	648.407899145001
8.99000000000046	721.647875149165	643.737291344168
9.00000000000045	724.538620843369	639.080383808742
9.01000000000045	725.34215606041	634.437012376344
9.02000000000044	703.49954918902	629.807015767239
9.03000000000043	704.276647433219	625.190235516355
9.04000000000043	705.052333968059	620.586515907338
9.05000000000042	683.310742687607	615.995703908542
9.06000000000042	684.062355867869	611.417649110909
9.07000000000041	682.865248366121	606.852203667662
9.08000000000041	683.614229760995	602.299222235742
9.0900000000004	686.315758920903	597.758561918936
9.1000000000004	664.639868560211	593.23008221264
9.11000000000039	665.37313010982	588.713644950182
9.12000000000038	666.112771672006	584.209114250681
9.13000000000038	655.683832064463	579.716356468358
9.14000000000037	645.240605635083	575.235240143267
9.15000000000037	644.141058594435	570.765635953407
9.16000000000036	646.658117090382	566.307416668145
9.17000000000036	647.350506074862	561.860457102915
9.18000000000035	636.940400470557	557.424634075172
9.19000000000035	626.491147917832	552.999826361522
9.20000000000034	627.173966714595	548.58591465602
9.21000000000033	616.800979117512	544.182781529582
9.22000000000033	606.423126571908	539.790311390487
9.23000000000032	605.397734566576	535.408390445914
9.24000000000032	607.75438928353	531.03690666451
9.25000000000031	608.416254349593	526.675749739923
9.26000000000031	598.077004016815	522.324811055295
9.2700000000003	587.707283137748	517.983983648681
9.2800000000003	588.334882349357	513.653162179347
9.29000000000029	587.344746624283	509.332242894938
9.30000000000028	578.650662791631	505.021123599493
9.31000000000028	579.273790616248	500.719703622256
9.32000000000027	568.931404756907	496.427883787279
9.33000000000027	569.554025012384	492.145566383801
9.34000000000026	568.600887009919	487.872655137344
9.35000000000026	548.967224431298	483.60905518154
9.36000000000025	549.546117002433	479.354673030661
9.37000000000025	550.138531804606	475.109416552802
9.38000000000024	550.718230265919	470.873194943744
9.39000000000024	551.314755497641	466.645918701431
9.40000000000023	541.054046565988	462.427499601081
9.41000000000022	530.741766620364	458.217850670888
9.42000000000022	531.308720895713	454.016886168304
9.43000000000021	519.627025545978	449.824521556894
9.44000000000021	521.641453354209	445.640673483726
9.4500000000002	522.200697833609	441.465259757311
9.4600000000002	511.93107823899	437.298199326049
9.47000000000019	501.732355885223	433.13941225718
9.48000000000019	500.874959213837	428.988819716223
9.49000000000018	492.041454372791	424.846343946901
9.50000000000017	492.565700683844	420.71190825151
9.51000000000017	493.080526622973	416.585436971748
9.52000000000016	482.887850875387	412.466855469986
9.53000000000016	483.39677380608	408.356090110945
9.54000000000015	482.641422889959	404.253068243811
9.55000000000015	473.707157934457	400.157718184727
9.56000000000014	463.564798059306	396.069969199697
9.57000000000014	462.774268095732	391.989751487852
9.58000000000013	464.543463264346	387.916996165105
9.59000000000012	454.386239185123	383.851635248145
9.60000000000012	444.256905881203	379.793601638806
9.61000000000011	444.721107692746	375.742829108754
9.62000000000011	444.020822505471	371.69925228452
9.6300000000001	435.045545132333	367.662806632859
9.6400000000001	435.497046040045	363.633428446412
9.65000000000009	424.259019891291	359.611054829685
9.66000000000009	425.847088597683	355.595623685324
9.67000000000008	425.184563269077	351.587073700683
9.68000000000007	416.179761240427	347.585344334673
9.69000000000007	406.132194317337	343.590375804888
9.70000000000006	406.53763200154	339.602109075008
9.71000000000006	406.953498783396	335.620485842451
9.72000000000005	396.889738323175	331.645448526293
9.73000000000005	397.298937191953	327.676940255438
9.74000000000004	387.257160597238	323.714904857022
9.75000000000004	387.65966495982	319.75928684506
9.76000000000003	387.083911433732	315.81003140933
9.77000000000002	377.036037309866	311.867084404473
9.78000000000002	367.997806290358	307.930392339323
9.79000000000001	367.400921006242	303.99990236644
9.80000000000001	368.754591241674	300.075562271871
9.81	369.130327082146	296.157320465096
9.821	349.706277912111	291.854237177151
9.83099999999999	349.18265248297	287.948636565358
9.84099999999999	348.610441390991	284.048978167424
9.85099999999998	339.55526887433	280.155212848064
9.86099999999997	339.033588626915	276.267292047213
9.87099999999997	340.247421159302	272.385167771121
9.88099999999996	340.585712495554	268.508792583632
9.89099999999996	330.627574224826	264.638119597624
9.90099999999995	320.685767610405	260.77310246662
9.91099999999995	320.195215922443	256.913695376552
9.92099999999994	320.518554785899	253.059853037696
9.93099999999994	311.390951422547	249.211530676737
9.94099999999993	311.743307016753	245.368684029015
9.95099999999992	312.055479592799	241.531269330884
9.96099999999992	302.125376314441	237.699243312248
9.97099999999991	302.437244035758	233.872563189202
9.98099999999991	291.794818637617	230.051186656847
9.9909999999999	282.665744817579	226.235071882198
10.0009999999999	282.942433291239	222.424177497264
10.0109999999999	283.224283175072	218.618462592226
10.0209999999999	282.802538647913	214.817886708748
10.0309999999999	283.793452414892	211.022409833419
10.0409999999999	284.081254535669	207.231992391305
10.0509999999999	264.062566705287	203.446595239616
10.0609999999999	264.326374348628	199.666179661501
10.0709999999999	263.293245355543	195.890707359936
10.0809999999999	254.786344811124	192.120140451742
10.0909999999998	255.039913713527	188.354441461689
10.1009999999998	245.194469713823	184.593573316722
10.1109999999998	245.435251933056	180.837499340276
10.1209999999998	245.072868650971	177.08618324671
10.1309999999998	225.855891995235	173.339589135813
10.1409999999998	226.083451165022	169.597681487429
10.1509999999998	226.304674435868	165.860425156164
10.1609999999998	226.528294985812	162.127785366191
10.1709999999998	226.213651732818	158.399727706138
10.1809999999998	217.510143281065	154.676218124075
10.1909999999998	207.232822426846	150.957222922576
10.2009999999998	207.433205280374	147.242708753874
10.2109999999998	207.128135324223	143.532642615094
10.2209999999998	207.336563533395	139.826991843571
10.2309999999998	198.099987044218	136.125724112242
10.2409999999998	188.351097613821	132.428807425126
10.2509999999998	188.542035391862	128.736210112864
10.2609999999998	188.723420256569	125.047900828354
10.2709999999997	178.588647026707	121.363848542442
10.2809999999997	179.209216906947	117.684022539693
10.2909999999997	179.386405622487	114.008392414231
10.3009999999997	169.274518746633	110.336928065651
10.3109999999997	169.817738209206	106.669599694989
10.3209999999997	169.977707320104	103.006377800769
10.3309999999997	150.468908272033	99.3472331751104
10.3409999999997	150.616970775495	95.6921368998979
10.3509999999997	150.765033278956	92.0410603430129
10.3609999999997	150.572362192337	88.3939751546329
10.3709999999997	140.933722708847	84.7508532635816
10.3809999999997	141.416870895548	81.1116668737455
10.3909999999997	131.768498462564	77.4763884605418
10.4009999999997	131.897399933822	73.8449907674484
10.4109999999997	131.734633438777	70.2174468025842
10.4209999999997	122.124663532244	66.5937298353478
10.4309999999997	122.531851986887	62.9738133931092
10.4409999999997	112.912405753057	59.3576712579519
10.4509999999996	113.022336347059	55.7452774634636
10.4609999999996	112.888261867139	52.1366062915869
10.4709999999996	103.507129284598	48.5316322695078
10.4809999999996	103.603819156482	44.9303301666014
10.4909999999996	94.0630368686154	41.3326749914193
10.5009999999996	94.1541849878036	37.73864198873
10.5109999999996	94.2453331069918	34.1482066365972
10.5209999999996	84.8552828937738	30.5613446435081
10.5309999999996	84.785387591822	26.9780319455454
10.5409999999996	75.2331758689069	23.3982447036032
10.5509999999996	75.3057281557924	19.8219593006425
10.5609999999996	75.3782804426778	16.2491523389896
10.5709999999996	75.1657865978062	12.6798006376777
10.5809999999996	75.5131122889368	9.11388122982679
10.5909999999996	56.4028045551844	5.55137136006062
10.6009999999996	56.456945886303	1.99224848196845
10.6109999999996	56.5110872174217	0
10.6209999999996	56.5652285485403	0
10.6309999999995	56.4316203712638	0
10.6409999999995	37.6396817249555	0
10.6509999999995	37.630271924461	0
10.6609999999995	37.6661854056532	0
10.6709999999995	37.7020988868454	0
10.6809999999995	37.6895174552229	0
10.6909999999995	18.789527019376	0
10.7009999999995	18.80739398233	0
10.7109999999995	18.825260945284	0
10.7209999999995	18.843127908238	0
10.7309999999995	18.8601747332582	0
10.7409999999995	18.8780416962122	0
10.7509999999995	9.44812207656219	0
10.7609999999995	0	0
10.7709999999995	0	0
10.7809999999995	0	0
10.7909999999995	0	0
