t;y = 0.118 m;y = 0.114 m;y = 0.111 m;y = 0.107 m;y = 0.103 m;y = 0.099 m;y = 0.096 m;y = 0.092 m;y = 0.088 m;y = 0.084 m;y = 0.081 m;y = 0.077 m;y = 0.073 m;y = 0.069 m;y = 0.066 m;y = 0.062 m;y = 0.058 m;y = 0.054 m;y = 0.051 m;y = 0.047 m;y = 0.043 m;y = 0.039 m;y = 0.036 m;y = 0.032 m;y = 0.028 m;y = 0.024 m;y = 0.021 m;y = 0.017 m;y = 0.013 m;y = 0.009 m;y = 0.006 m;y = 0.002 m;
0.000000;677.743036;677.539107;677.335179;677.131250;676.927321;676.723393;676.502135;676.245063;675.987990;675.730918;675.473845;674.996571;674.490857;673.985143;673.479429;672.973714;672.462719;671.893656;671.324594;670.755531;670.186469;669.433621;668.790055;668.146489;667.502923;666.859357;666.372523;665.535883;664.699242;663.862602;663.025961;662.189320;
0.100000;677.752036;677.548107;677.344179;677.140250;676.936321;676.732393;676.438635;676.181562;675.924490;675.667418;675.410345;674.915571;674.409857;673.904143;673.398429;672.892714;672.385219;671.816156;671.247094;670.678031;670.108969;669.498121;668.854555;668.210989;667.567423;666.923857;666.258023;665.421383;664.584742;663.748102;662.911461;662.074820;
0.200000;677.614857;677.410571;677.206286;677.002000;676.797714;676.593429;676.392826;676.148188;675.903549;675.658911;675.414273;675.032476;674.511048;673.989619;673.468190;672.946762;672.314434;671.750580;671.186726;670.622872;670.059017;669.499518;668.866099;668.232680;667.599261;666.965842;665.963656;665.037719;664.111781;663.185844;662.259906;661.333969;
0.300000;677.721455;677.511366;677.301277;677.091187;676.881098;676.671009;676.502510;676.249187;675.995865;675.742543;675.489220;674.991872;674.482318;673.972765;673.463211;672.953658;672.449090;671.888049;671.327007;670.765965;670.204924;669.515949;668.853522;668.191096;667.528669;666.866243;666.116602;664.994492;663.872383;662.750273;661.628164;660.506055;
0.400000;677.657955;677.447866;677.237777;677.027688;676.817598;676.607509;676.443010;676.189687;675.936365;675.683043;675.429720;674.882372;674.372818;673.863265;673.353711;672.844158;672.353090;671.792049;671.231007;670.669965;670.108924;669.486949;668.824522;668.162096;667.499669;666.837243;665.845102;664.722992;663.600883;662.478773;661.356664;660.234555;
0.500000;677.628375;677.437125;677.245875;677.054625;676.863375;676.672125;676.426204;676.150875;675.875546;675.600217;675.324888;674.823149;674.313327;673.803506;673.293685;672.783863;672.224427;671.639115;671.053802;670.468490;669.883177;669.173886;668.532085;667.890283;667.248482;666.606680;665.443313;664.211437;662.979563;661.747687;660.515813;659.283937;
0.600000;677.618223;677.428670;677.239116;677.049562;676.860009;676.670455;676.411655;676.157938;675.904220;675.650503;675.396786;675.053036;674.522679;673.992321;673.461964;672.931607;672.301708;671.700458;671.099208;670.497958;669.896708;669.298879;668.652445;668.006011;667.359577;666.713143;665.372906;663.989469;662.606031;661.222594;659.839156;658.455719;
0.700000;677.558705;677.356116;677.153527;676.950938;676.748348;676.545759;676.263987;676.041750;675.819513;675.597276;675.375039;674.905289;674.363235;673.821182;673.279128;672.737074;672.200750;671.608250;671.015750;670.423250;669.830750;669.224893;668.557724;667.890555;667.223386;666.556217;665.043445;663.507273;661.971102;660.434930;658.898758;657.362586;
0.800000;677.635437;677.422312;677.209187;676.996062;676.782938;676.569813;676.341039;676.107750;675.874461;675.641171;675.407882;674.844298;674.304655;673.765012;673.225369;672.685726;672.130406;671.540719;670.951031;670.361344;669.771656;669.146526;668.487739;667.828952;667.170165;666.511379;665.007719;663.297406;661.587094;659.876781;658.166469;656.456156;
0.900000;677.561973;677.339920;677.117866;676.895813;676.673759;676.451705;676.176276;675.953250;675.730224;675.507197;675.284171;674.927423;674.391530;673.855637;673.319744;672.783851;672.266920;671.705149;671.143378;670.581608;670.019837;669.551511;668.883460;668.215408;667.547357;666.879305;664.938047;663.014766;661.091484;659.168203;657.244922;655.321641;
1.000000;677.521286;677.299857;677.078429;676.857000;676.635571;676.414143;676.242214;676.013563;675.784911;675.556260;675.327609;674.706247;674.192943;673.679640;673.166336;672.653033;672.228049;671.658257;671.088465;670.518674;669.948882;669.157985;668.488721;667.819456;667.150191;666.480926;664.653000;662.543000;660.433000;658.323000;656.213000;654.103000;
1.100000;677.626384;677.409152;677.191920;676.974687;676.757455;676.540223;676.265559;676.020625;675.775691;675.530757;675.285822;674.894190;674.385619;673.877048;673.368476;672.859905;672.256847;671.664764;671.072681;670.480597;669.888514;669.341871;668.690805;668.039739;667.388673;666.737607;664.549461;662.252195;659.954930;657.657664;655.360398;653.063133;
1.200000;677.569893;677.351679;677.133464;676.915250;676.697036;676.478821;676.281234;676.055938;675.830641;675.605345;675.380049;674.921827;674.385220;673.848613;673.312006;672.775399;672.147104;671.568979;670.990854;670.412729;669.834604;669.220871;668.569805;667.918739;667.267673;666.616607;664.373383;661.891586;659.409789;656.927992;654.446195;651.964398;
1.300000;677.550366;677.345098;677.139830;676.934562;676.729295;676.524027;676.338684;676.105000;675.871316;675.637632;675.403947;674.853143;674.321714;673.790286;673.258857;672.727429;672.295642;671.715538;671.135434;670.555330;669.975226;669.352993;668.688360;668.023728;667.359096;666.694463;664.095906;661.412469;658.729031;656.045594;653.362156;650.678719;
1.400000;677.454875;677.278625;677.102375;676.926125;676.749875;676.573625;676.407036;676.163188;675.919339;675.675490;675.431641;674.971640;674.459408;673.947176;673.434943;672.922711;672.332767;671.733913;671.135059;670.536205;669.937351;669.385368;668.716985;668.048603;667.380221;666.711838;664.472297;661.411516;658.350734;655.289953;652.229172;649.168391;
1.500000;677.545009;677.354027;677.163045;676.972062;676.781080;676.590098;676.336135;676.079062;675.821990;675.564918;675.307845;674.848515;674.332533;673.816551;673.300568;672.784586;672.315806;671.714972;671.114139;670.513306;669.912472;669.302592;668.610496;667.918401;667.226305;666.534210;664.036227;660.810367;657.584508;654.358648;651.132789;647.906930;
1.600000;677.649732;677.449196;677.248661;677.048125;676.847589;676.647054;676.419694;676.157687;675.895681;675.633674;675.371668;674.910902;674.389384;673.867866;673.346348;672.824830;672.143122;671.558642;670.974163;670.389684;669.805205;669.129574;668.440897;667.752221;667.063544;666.374868;663.902758;660.499711;657.096664;653.693617;650.290570;646.887523;
1.700000;677.643286;677.431857;677.220429;677.009000;676.797571;676.586143;676.331944;676.062437;675.792931;675.523424;675.253918;674.794354;674.264979;673.735604;673.206229;672.676854;672.136462;671.583441;671.030420;670.477399;669.924378;669.394750;668.697250;667.999750;667.302250;666.604750;663.817797;660.232016;656.646234;653.060453;649.474672;645.888891;
1.800000;677.624500;677.419500;677.214500;677.009500;676.804500;676.599500;676.334757;676.063375;675.791993;675.520612;675.249230;674.713372;674.188818;673.664265;673.139711;672.615158;672.175087;671.603316;671.031545;670.459774;669.888003;669.258956;668.541162;667.823368;667.105574;666.387779;663.539148;659.778758;656.018367;652.257977;648.497586;644.737195;
1.900000;677.700304;677.506911;677.313518;677.120125;676.926732;676.733339;676.417947;676.159000;675.900053;675.641105;675.382158;674.958351;674.433173;673.907994;673.382815;672.857637;672.293635;671.707073;671.120510;670.533948;669.947385;669.251379;668.544945;667.838511;667.132077;666.425643;663.385805;659.439477;655.493148;651.546820;647.600492;643.654164;
2.000000;677.507884;677.320652;677.133420;676.946187;676.758955;676.571723;676.371845;676.115563;675.859280;675.602997;675.346714;674.814458;674.288208;673.761958;673.235708;672.709458;672.195538;671.608559;671.021580;670.434601;669.847622;669.338732;668.614651;667.890570;667.166489;666.442408;663.242133;659.112836;654.983539;650.854242;646.724945;642.595648;
2.100000;677.628714;677.440143;677.251571;677.063000;676.874429;676.685857;676.358474;676.109000;675.859526;675.610053;675.360579;674.954866;674.423705;673.892545;673.361384;672.830223;672.184378;671.613858;671.043337;670.472816;669.902295;669.275151;668.515114;667.755077;666.995040;666.235004;662.919328;658.596359;654.273391;649.950422;645.627453;641.304484;
2.200000;677.591598;677.405795;677.219991;677.034188;676.848384;676.662580;676.494428;676.247125;675.999822;675.752520;675.505217;674.947122;674.415068;673.883015;673.350961;672.818908;672.309170;671.754899;671.200628;670.646358;670.092087;669.461136;668.691835;667.922533;667.153232;666.383930;662.794430;658.284352;653.774273;649.264195;644.754117;640.244039;
2.300000;677.541777;677.356330;677.170884;676.985437;676.799991;676.614545;676.344424;676.086563;675.828701;675.570839;675.312977;674.828196;674.311232;673.794268;673.277304;672.760339;672.335132;671.752840;671.170549;670.588257;670.005965;669.330658;668.560254;667.789849;667.019445;666.249040;662.519906;657.836469;653.153031;648.469594;643.786156;639.102719;
2.400000;677.675509;677.469527;677.263545;677.057563;676.851580;676.645598;676.335122;676.095812;675.856503;675.617194;675.377885;674.877765;674.369283;673.860801;673.352318;672.843836;672.269167;671.674167;671.079167;670.484167;669.889167;669.205239;668.440790;667.676342;666.911893;666.147445;662.374000;657.494000;652.614000;647.734000;642.854000;637.974000;
2.500000;677.570688;677.355063;677.139437;676.923813;676.708188;676.492562;676.293937;676.063312;675.832688;675.602062;675.371437;674.978110;674.462842;673.947574;673.432307;672.917039;672.315951;671.745743;671.175535;670.605326;670.035118;669.465879;668.684445;667.903011;667.121577;666.340143;662.188633;657.124336;652.060039;646.995742;641.931445;636.867148;
2.600000;677.578518;677.361554;677.144589;676.927625;676.710661;676.493696;676.320286;676.068937;675.817589;675.566240;675.314891;674.800179;674.278393;673.756607;673.234821;672.713036;672.205382;671.645590;671.085799;670.526007;669.966215;669.251342;668.461746;667.672151;666.882555;666.092960;661.955617;656.712414;651.469211;646.226008;640.982805;635.739602;
2.700000;677.638036;677.434107;677.230179;677.026250;676.822321;676.618393;676.316201;676.060313;675.804424;675.548536;675.292648;674.794872;674.285318;673.775765;673.266211;672.756658;672.234264;671.669681;671.105097;670.540514;669.975931;669.370699;668.580772;667.790846;667.000919;666.210993;661.843164;656.401680;650.960195;645.518711;640.077227;634.635742;
2.800000;677.614214;677.400643;677.187071;676.973500;676.759929;676.546357;676.332220;676.079687;675.827155;675.574622;675.322089;674.965458;674.439208;673.912958;673.386708;672.860458;672.318128;671.755108;671.192087;670.629066;670.066045;669.333680;668.547173;667.760665;666.974158;666.187651;661.589727;655.968867;650.348008;644.727148;639.106289;633.485430;
2.900000;677.781473;677.549420;677.317366;677.085312;676.853259;676.621205;676.323885;676.074313;675.824740;675.575168;675.325595;674.737631;674.207988;673.678345;673.148702;672.619060;672.138125;671.564375;670.990625;670.416875;669.843125;669.242897;668.458044;667.673191;666.888338;666.103485;661.384070;655.589148;649.794227;643.999305;638.204383;632.409461;
3.000000;677.719777;677.494330;677.268884;677.043438;676.817991;676.592545;676.382549;676.135938;675.889326;675.642714;675.396102;674.994372;674.469818;673.945265;673.420711;672.896158;672.231674;671.673132;671.114590;670.556049;669.997507;669.369504;668.561820;667.754136;666.946452;666.138768;661.276117;655.297914;649.319711;643.341508;637.363305;631.385102;
3.100000;677.634598;677.418795;677.202991;676.987188;676.771384;676.555580;676.222451;675.989063;675.755674;675.522286;675.288898;674.723179;674.201393;673.679607;673.157821;672.636036;672.287146;671.717771;671.148396;670.579021;670.009646;669.400702;668.568092;667.735482;666.902871;666.070261;661.015305;654.853977;648.692648;642.531320;636.369992;630.208664;
3.200000;677.559652;677.337955;677.116259;676.894563;676.672866;676.451170;676.260007;676.041125;675.822243;675.603362;675.384480;674.946872;674.437318;673.927765;673.418211;672.908658;672.235872;671.658892;671.081913;670.504934;669.927955;669.241673;668.390533;667.539393;666.688254;665.837114;660.650805;654.304477;647.958148;641.611820;635.265492;628.919164;
3.300000;677.531455;677.311366;677.091277;676.871188;676.651098;676.431009;676.205799;675.981688;675.757576;675.533464;675.309352;674.874518;674.354339;673.834161;673.313982;672.793804;672.358399;671.792253;671.226108;670.659962;670.093816;669.348096;668.508316;667.668537;666.828757;665.988978;660.574094;654.047531;647.520969;640.994406;634.467844;627.941281;
3.400000;677.494330;677.287991;677.081652;676.875313;676.668973;676.462634;676.306766;676.067063;675.827359;675.587655;675.347951;674.851286;674.328429;673.805571;673.282714;672.759857;672.182299;671.605007;671.027715;670.450424;669.873132;669.225460;668.389982;667.554504;666.719026;665.883548;660.346453;653.644734;646.943016;640.241297;633.539578;626.837859;
3.500000;677.660937;677.447812;677.234687;677.021562;676.808437;676.595312;676.296681;676.052437;675.808194;675.563951;675.319707;674.831940;674.315869;673.799798;673.283726;672.767655;672.246476;671.676372;671.106267;670.536163;669.966059;669.298246;668.448430;667.598614;666.748798;665.898982;660.146328;653.273359;646.400391;639.527422;632.654453;625.781484;
3.600000;677.641196;677.409589;677.177982;676.946375;676.714768;676.483161;676.302615;676.057187;675.811760;675.566332;675.320905;674.848640;674.336408;673.824176;673.311943;672.799711;672.250302;671.683740;671.117177;670.550615;669.984052;669.408265;668.525029;667.641794;666.758559;665.875324;659.945711;652.915945;645.886180;638.856414;631.826648;624.796883;
3.700000;677.649536;677.420607;677.191679;676.962750;676.733821;676.504893;676.205428;675.958125;675.710822;675.463520;675.216217;674.779878;674.261932;673.743985;673.226039;672.708092;672.218524;671.648628;671.078733;670.508837;669.938941;669.153199;668.258272;667.363346;666.468419;665.573493;659.580500;652.385500;645.190500;637.995500;630.800500;623.605500;
3.800000;677.634527;677.406580;677.178634;676.950687;676.722741;676.494795;676.273000;676.033000;675.793000;675.553000;675.313000;674.793813;674.278188;673.762563;673.246938;672.731313;672.180601;671.606747;671.032892;670.459038;669.885184;669.272974;668.371761;667.470548;666.569335;665.668121;659.470227;652.104367;644.738508;637.372648;630.006789;622.640930;
3.900000;677.562348;677.344045;677.125741;676.907438;676.689134;676.470830;676.266576;676.014437;675.762299;675.510161;675.258023;674.834110;674.318842;673.803574;673.288307;672.773039;672.314597;671.730014;671.145431;670.560847;669.976264;669.244581;668.320537;667.396493;666.472449;665.548404;659.131086;651.615070;644.099055;636.583039;629.067023;621.551008;
4.000000;677.686188;677.465563;677.244937;677.024313;676.803688;676.583062;676.296155;676.042438;675.788720;675.535003;675.281286;674.781688;674.262313;673.742938;673.223563;672.704187;672.171281;671.570344;670.969406;670.368469;669.767531;669.083559;668.145618;667.207676;666.269735;665.331794;658.800219;651.144906;643.489594;635.834281;628.178969;620.523656;
4.102000;677.666728;677.437264;677.207799;676.978335;676.748871;676.519406;676.249941;676.009842;675.769744;675.529645;675.289546;674.844702;674.324613;673.804524;673.284434;672.764345;672.233868;671.629701;671.025534;670.421368;669.817201;669.129834;668.161121;667.192408;666.223695;665.254981;658.538567;650.750207;642.961848;635.173488;627.385129;619.596770;
4.202000;677.511217;677.301931;677.092646;676.883360;676.674074;676.464789;676.240402;676.005238;675.770073;675.534909;675.299744;674.842284;674.312909;673.783534;673.254159;672.724784;672.210532;671.596782;670.983032;670.369282;669.755532;669.048916;668.046122;667.043328;666.040534;665.037739;658.261765;650.338093;642.414422;634.490750;626.567078;618.643406;
4.302000;677.628834;677.412941;677.197048;676.981155;676.765262;676.549369;676.310010;676.074155;675.838300;675.602444;675.366589;674.815806;674.296610;673.777413;673.258217;672.739021;672.169214;671.554318;670.939423;670.324527;669.709631;668.923338;667.902455;666.881573;665.860691;664.839808;657.937338;649.866948;641.796557;633.726167;625.655776;617.585385;
4.402000;677.595753;677.368877;677.142002;676.915128;676.688252;676.461378;676.203009;675.973962;675.744916;675.515870;675.286824;674.905045;674.383795;673.862545;673.341295;672.820045;672.335264;671.713598;671.091931;670.470264;669.848598;669.143390;668.098904;667.054419;666.009934;664.965449;657.805298;649.609673;641.414048;633.218423;625.022798;616.827173;
4.502000;677.605700;677.387039;677.168378;676.949718;676.731057;676.512396;676.308831;676.081265;675.853699;675.626133;675.398568;674.886348;674.354205;673.822062;673.289919;672.757776;672.166443;671.539673;670.912902;670.286131;669.659360;668.912373;667.827740;666.743108;665.658476;664.573843;657.377222;649.067691;640.758159;632.448628;624.139097;615.829566;
4.602000;677.695788;677.469985;677.244181;677.018377;676.792574;676.566770;676.309453;676.083368;675.857282;675.631196;675.405111;674.924629;674.399004;673.873379;673.347754;672.822129;672.249738;671.636613;671.023487;670.410363;669.797238;669.116498;667.978594;666.840689;665.702785;664.564880;657.157270;648.739770;640.322270;631.904770;623.487270;615.069770;
4.702000;677.611352;677.380816;677.150281;676.919745;676.689209;676.458674;676.253646;676.029830;675.806014;675.582198;675.358383;674.846510;674.329813;673.813117;673.296420;672.779724;672.376850;671.739350;671.101850;670.464350;669.826850;668.935522;667.766405;666.597287;665.428169;664.259052;656.902768;648.369643;639.836518;631.303393;622.770268;614.237143;
4.802000;677.600505;677.376755;677.153005;676.929255;676.705505;676.481755;676.297418;676.059293;675.821168;675.583043;675.344918;674.840720;674.340452;673.840184;673.339917;672.839649;672.223073;671.573073;670.923073;670.273073;669.623073;668.844673;667.657026;666.469379;665.281732;664.094085;656.497188;647.844219;639.191251;630.538282;621.885313;613.232344;
4.902000;677.622892;677.397356;677.171821;676.946285;676.720749;676.495214;676.173703;675.943472;675.713242;675.483012;675.252782;674.871291;674.365577;673.859863;673.354149;672.848434;672.370254;671.724629;671.079004;670.433379;669.787754;668.964940;667.736926;666.508911;665.280896;664.052881;656.318564;647.574501;638.830439;630.086376;621.342314;612.598251;
5.002000;677.580999;677.350017;677.119035;676.888052;676.657070;676.426088;676.248810;676.027955;675.807100;675.586244;675.365389;674.924963;674.398802;673.872641;673.346481;672.820320;672.196363;671.552405;670.908446;670.264488;669.620530;668.808981;667.540930;666.272878;665.004827;663.736775;655.942298;647.111908;638.281517;629.451127;620.620736;611.790345;
5.102000;677.680064;677.443993;677.207921;676.971850;676.735779;676.499707;676.244607;676.020692;675.796778;675.572864;675.348949;674.944811;674.395704;673.846596;673.297489;672.748382;672.159195;671.534404;670.909612;670.284820;669.660029;668.838112;667.524509;666.210906;664.897303;663.583700;655.618623;646.714248;637.809873;628.905498;620.001123;611.096748;
5.202000;677.697368;677.457904;677.218439;676.978975;676.739511;676.500046;676.253618;676.042138;675.830657;675.619177;675.407697;674.819117;674.271349;673.723581;673.175813;672.628045;672.225515;671.569265;670.913015;670.256765;669.600515;668.759773;667.395104;666.030435;664.665766;663.301097;655.380913;646.399273;637.417632;628.435992;619.454351;610.472710;
5.302000;677.606198;677.372895;677.139591;676.906288;676.672984;676.439680;676.229170;676.024993;675.820815;675.616637;675.412460;674.953062;674.419579;673.886097;673.352615;672.819133;672.168154;671.493988;670.819821;670.145654;669.471488;668.632584;667.203393;665.774201;664.345010;662.915819;654.836237;645.770377;636.704518;627.638658;618.572799;609.506940;
5.402000;677.605299;677.375656;677.146013;676.916370;676.686727;676.457084;676.269034;676.061205;675.853376;675.645547;675.437718;674.945591;674.410680;673.875770;673.340859;672.805948;672.333765;671.657203;670.980640;670.304078;669.627515;668.600554;667.136841;665.673128;664.209415;662.745701;654.627289;645.484555;636.341820;627.199086;618.056352;608.913617;
5.502000;677.654898;677.411595;677.168291;676.924987;676.681684;676.438380;676.285356;676.057395;675.829434;675.601474;675.373513;674.854567;674.329299;673.804031;673.278763;672.753495;672.159231;671.469023;670.778815;670.088606;669.398398;668.587062;667.071952;665.556842;664.041731;662.526621;654.251117;645.040336;635.829554;626.618773;617.407992;608.197211;
5.602000;677.750330;677.507830;677.265330;677.022830;676.780330;676.537830;676.282986;676.042493;675.801999;675.561506;675.321012;674.886829;674.361204;673.835579;673.309954;672.784329;672.163221;671.492596;670.821971;670.151346;669.480721;668.512171;666.921620;665.331068;663.740517;662.149965;653.820340;644.555262;635.290183;626.025105;616.760027;607.494949;
5.702000;677.685210;677.442710;677.200210;676.957710;676.715210;676.472710;676.226107;675.990547;675.754988;675.519429;675.283870;674.855847;674.310311;673.764775;673.219240;672.673704;672.222201;671.537305;670.852409;670.167513;669.482618;668.416396;666.797609;665.178822;663.560035;661.941249;653.596337;644.270556;634.944774;625.618993;616.293212;606.967431;
5.802000;677.733927;677.485802;677.237677;676.989552;676.741427;676.493302;676.244543;676.014312;675.784082;675.553852;675.323622;674.809380;674.254380;673.699380;673.144380;672.589380;672.065999;671.338707;670.611415;669.884124;669.156832;668.226728;666.555331;664.883934;663.212537;661.541140;653.133923;643.739626;634.345329;624.951032;615.556735;606.162438;
5.902000;677.762965;677.517876;677.272787;677.027698;676.782608;676.537519;676.341337;676.106568;675.871798;675.637028;675.402258;674.833746;674.295889;673.758031;673.220174;672.682317;672.090899;671.350066;670.609232;669.868399;669.127566;668.102236;666.349442;664.596648;662.843854;661.091059;652.682353;643.205478;633.728603;624.251728;614.774853;605.297978;
6.002000;677.746873;677.503659;677.260444;677.017230;676.774016;676.530801;676.228497;676.000438;675.772378;675.544319;675.316260;674.815052;674.297998;673.780945;673.263891;672.746838;672.208918;671.462980;670.717043;669.971105;669.225168;668.114825;666.305561;664.496296;662.687031;660.877766;652.268413;642.716773;633.165132;623.613492;614.061851;604.510210;
6.102000;677.590169;677.346687;677.103205;676.859722;676.616240;676.372758;676.189780;675.968135;675.746490;675.524846;675.303201;674.890379;674.368593;673.846807;673.325021;672.803236;672.244510;671.487739;670.730968;669.974198;669.217427;668.043807;666.200461;664.357116;662.513770;660.670425;652.034078;642.423688;632.813297;623.202907;613.592516;603.982125;
6.202000;677.587752;677.345877;677.104002;676.862127;676.620252;676.378377;676.132093;675.906007;675.679922;675.453836;675.227751;674.769003;674.231503;673.694003;673.156503;672.619003;672.135496;671.350809;670.566121;669.781434;668.996746;667.888986;665.997663;664.106339;662.215016;660.323692;651.572683;641.908464;632.244246;622.580027;612.915808;603.251589;
6.302000;677.573622;677.350586;677.127551;676.904515;676.681479;676.458444;676.281075;676.048180;675.815285;675.582391;675.349496;674.790755;674.262808;673.734862;673.206915;672.678969;672.106719;671.293803;670.480886;669.667969;668.855053;667.625252;665.681649;663.738046;661.794443;659.850840;651.220923;641.481704;631.742486;622.003267;612.264048;602.524829;
6.402000;677.651952;677.421416;677.190881;676.960345;676.729809;676.499274;676.232899;675.994675;675.756451;675.518228;675.280004;674.882684;674.354112;673.825541;673.296970;672.768398;672.146097;671.334326;670.522555;669.710784;668.899013;667.675931;665.694387;663.712843;661.731299;659.749754;650.816573;641.009698;631.202823;621.395948;611.589073;601.782198;
6.502000;677.674799;677.427478;677.180156;676.932835;676.685514;676.438192;676.264612;676.016915;675.769218;675.521520;675.273823;674.758946;674.219482;673.680018;673.140554;672.601089;672.058513;671.239138;670.419763;669.600388;668.781013;667.597849;665.557408;663.516966;661.476525;659.436084;650.407559;640.582403;630.757247;620.932091;611.106934;601.281778;
6.602000;677.715155;677.470244;677.225333;676.980422;676.735512;676.490601;676.223131;675.962210;675.701289;675.440368;675.179447;674.698301;674.161158;673.624015;673.086872;672.549730;671.939744;671.108078;670.276411;669.444744;668.613078;667.378080;665.266058;663.154036;661.042014;658.929992;650.067638;640.202248;630.336857;620.471467;610.606076;600.740685;
6.702000;677.719885;677.481135;677.242385;677.003635;676.764885;676.526135;676.260625;676.003553;675.746480;675.489408;675.232335;674.707365;674.175580;673.643794;673.112008;672.580222;672.072132;671.220570;670.369007;669.517445;668.665882;667.389773;665.209148;663.028523;660.847898;658.667273;649.636935;639.715607;629.794278;619.872950;609.951622;600.030294;
6.802000;677.560421;677.336403;677.112385;676.888368;676.664350;676.440332;676.166390;675.917212;675.668035;675.418857;675.169680;674.780455;674.236705;673.692955;673.149205;672.605455;671.989891;671.116037;670.242182;669.368328;668.494474;667.076388;664.851976;662.627565;660.403153;658.178741;649.210068;639.232178;629.254287;619.276397;609.298506;599.320615;
6.902000;677.517380;677.307380;677.097380;676.887380;676.677380;676.467380;676.214061;675.973962;675.733864;675.493765;675.253666;674.693834;674.141959;673.590084;673.038209;672.486334;671.894657;671.011532;670.128407;669.245282;668.362157;667.058439;664.783512;662.508586;660.233659;657.958733;648.872780;638.827858;628.782937;618.738015;608.693093;598.648171;
7.002000;677.562894;677.347001;677.131108;676.915215;676.699322;676.483429;676.254902;676.016383;675.777863;675.539343;675.300823;674.776888;674.243138;673.709388;673.175638;672.641888;672.089419;671.184315;670.279211;669.374107;668.469002;667.119986;664.761677;662.403369;660.045060;657.686751;648.438778;638.353309;628.267841;618.182372;608.096903;598.011434;
7.102000;677.506529;677.284386;677.062243;676.840100;676.617957;676.395814;676.122821;675.891110;675.659399;675.427689;675.195978;674.806676;674.261319;673.715961;673.170604;672.625247;671.979808;671.062829;670.145850;669.228871;668.311892;666.715164;664.323987;661.932811;659.541634;657.150458;648.077647;637.934287;627.790928;617.647568;607.504209;597.360850;
7.202000;677.466181;677.247163;677.028145;676.809128;676.590110;676.371092;676.197282;675.962118;675.726953;675.491789;675.256624;674.733643;674.172214;673.610786;673.049357;672.487929;671.812264;670.904868;669.997473;669.090077;668.182681;666.764816;664.351029;661.937242;659.523455;657.109669;647.746999;637.546843;627.346687;617.146531;606.946374;596.746218;
7.302000;677.541909;677.304766;677.067623;676.830480;676.593337;676.356194;676.101989;675.856265;675.610541;675.364818;675.119094;674.569453;674.019989;673.470525;672.921060;672.371596;671.883834;670.951751;670.019667;669.087584;668.155501;666.647608;664.181211;661.714814;659.248417;656.782020;647.490551;637.253364;627.016176;616.778989;606.541801;596.304614;
7.402000;677.561530;677.310369;677.059208;676.808048;676.556887;676.305726;676.016278;675.783087;675.549897;675.316706;675.083515;674.645067;674.094263;673.543460;672.992656;672.441853;671.789731;670.826606;669.863481;668.900356;667.937231;666.416817;663.903986;661.391155;658.878324;656.365493;646.967953;636.686078;626.404203;616.122328;605.840453;595.558578;
7.502000;677.446604;677.213211;676.979818;676.746425;676.513032;676.279639;676.092046;675.861520;675.630994;675.400467;675.169941;674.647030;674.088995;673.530959;672.972923;672.414887;671.832294;670.854481;669.876669;668.898856;667.921044;666.396766;663.825479;661.254192;658.682905;656.111619;646.687004;636.368098;626.049192;615.730286;605.411379;595.092473;
7.602000;677.358509;677.146366;676.934223;676.722080;676.509937;676.297794;676.059157;675.821032;675.582907;675.344782;675.106657;674.618968;674.061289;673.503611;672.945932;672.388254;671.835692;670.818400;669.801109;668.783817;667.766525;666.069512;663.462931;660.856350;658.249769;655.643188;646.254814;635.883408;625.512002;615.140596;604.769189;594.397783;
7.702000;677.430570;677.213070;676.995570;676.778070;676.560570;676.343070;676.068196;675.840235;675.612274;675.384314;675.156353;674.663695;674.100480;673.537266;672.974052;672.410838;671.712517;670.676475;669.640434;668.604392;667.568350;665.926760;663.298782;660.670804;658.042826;655.414848;646.010096;635.564080;625.118065;614.672049;604.226033;593.780018;
7.802000;677.422819;677.200498;676.978176;676.755855;676.533534;676.311212;676.126823;675.899948;675.673073;675.446198;675.219323;674.688036;674.126875;673.565715;673.004554;672.443393;671.803422;670.765818;669.728214;668.690610;667.653006;666.108008;663.413633;660.719258;658.024883;655.330508;645.604859;635.119625;624.634390;614.149156;603.663922;593.178687;
7.902000;677.360828;677.135025;676.909221;676.683417;676.457614;676.231810;675.981077;675.749663;675.518248;675.286834;675.055419;674.558388;674.000709;673.443031;672.885352;672.327674;671.611606;670.577231;669.542856;668.508481;667.474106;665.858184;663.077007;660.295831;657.514654;654.733478;645.199833;634.683036;624.166239;613.649442;603.132645;592.615848;
8.002000;677.297036;677.078107;676.859179;676.640250;676.421321;676.202393;676.017349;675.779915;675.542481;675.305047;675.067612;674.504063;673.957634;673.411206;672.864777;672.318349;671.797296;670.742609;669.687921;668.633234;667.578546;665.674423;662.874276;660.074129;657.273982;654.473835;644.859018;634.278628;623.698237;613.117847;602.537456;591.957065;
8.102000;677.268346;677.055578;676.842810;676.630043;676.417275;676.204507;675.977861;675.726118;675.474374;675.222631;674.970887;674.505833;673.966904;673.427976;672.889047;672.350119;671.688356;670.602210;669.516064;668.429918;667.343773;665.675254;662.857570;660.039886;657.222202;654.404518;644.587527;633.974324;623.361121;612.747918;602.134715;591.521512;
8.202000;677.195470;676.981631;676.767792;676.553952;676.340113;676.126274;675.842959;675.594670;675.346381;675.098091;674.849802;674.465812;673.898491;673.331169;672.763848;672.196526;671.522935;670.431685;669.340435;668.249185;667.157935;665.310192;662.452582;659.594972;656.737361;653.879751;644.213205;633.564377;622.915548;612.266720;601.617892;590.969064;
8.302000;677.288938;677.081974;676.875009;676.668045;676.461081;676.254116;676.017105;675.776710;675.536315;675.295921;675.055526;674.505594;673.918451;673.331309;672.744166;672.157023;671.562587;670.442587;669.322587;668.202587;667.082587;665.259841;662.386790;659.513738;656.640687;653.767635;643.912580;633.222658;622.532737;611.842815;601.152893;590.462971;
8.402000;677.269738;677.061435;676.853131;676.644827;676.436524;676.228220;676.001677;675.758618;675.515558;675.272499;675.029440;674.540734;673.949127;673.357520;672.765913;672.174305;671.489958;670.336833;669.183708;668.030583;666.877458;665.085210;662.170688;659.256166;656.341644;653.427122;643.633230;632.910652;622.188073;611.465495;600.742917;590.020339;
8.502000;677.245373;677.043498;676.841623;676.639748;676.437873;676.235998;675.943415;675.710520;675.477625;675.244731;675.011836;674.443715;673.850500;673.257286;672.664072;672.070858;671.362092;670.196988;669.031884;667.866780;666.701676;664.913207;661.933832;658.954457;655.975082;652.995707;643.142145;632.373317;621.604488;610.835660;600.066832;589.298004;
8.602000;677.192243;676.997868;676.803493;676.609118;676.414743;676.220368;676.011627;675.789390;675.567153;675.344916;675.122679;674.614451;674.024005;673.433558;672.843112;672.252666;671.606951;670.420284;669.233618;668.046951;666.860284;664.922478;661.895566;658.868655;655.841743;652.814831;642.888569;632.080835;621.273100;610.465366;599.657632;588.849897;
8.702000;677.128394;676.926162;676.723930;676.521697;676.319465;676.117233;675.909879;675.681623;675.453366;675.225109;674.996853;674.466091;673.871180;673.276270;672.681359;672.086448;671.352936;670.147519;668.942103;667.736686;666.531269;664.572015;661.524258;658.476500;655.428743;652.380986;642.408906;631.570469;620.732031;609.893594;599.055156;588.216719;
8.802000;677.179407;676.968960;676.758514;676.548068;676.337621;676.127175;675.895521;675.663810;675.432099;675.200389;674.968678;674.467483;673.864716;673.261948;672.659180;672.056412;671.316679;670.109387;668.902095;667.694804;666.487512;664.573310;661.491803;658.410295;655.328788;652.247281;642.227227;631.364024;620.500821;609.637618;598.774415;587.911212;
8.902000;677.197325;676.983575;676.769825;676.556075;676.342325;676.128575;675.966556;675.718563;675.470569;675.222576;674.974582;674.364212;673.766891;673.169569;672.572248;671.974926;671.340305;670.108743;668.877180;667.645618;666.414055;664.445288;661.320876;658.196465;655.072053;651.947641;641.914094;631.027688;620.141282;609.254876;598.368469;587.482063;
9.002000;677.243178;677.019875;676.796571;676.573268;676.349964;676.126660;675.796312;675.548615;675.300918;675.053220;674.805523;674.374345;673.769166;673.163987;672.558809;671.953630;671.174550;669.924238;668.673925;667.423613;666.173300;664.187453;661.022784;657.858115;654.693446;651.528777;641.463918;630.553371;619.642824;608.732277;597.821730;586.911183;
9.102000;677.133599;676.926278;676.718956;676.511635;676.304314;676.096992;675.884849;675.650770;675.416691;675.182612;674.948533;674.333308;673.719291;673.105273;672.491255;671.877237;671.195808;669.932370;668.668933;667.405495;666.142058;664.126627;660.920267;657.713907;654.507546;651.301186;641.288887;630.340606;619.392324;608.444043;597.495762;586.547481;
9.202000;677.046091;676.845912;676.645734;676.445555;676.245376;676.045198;675.812498;675.574373;675.336248;675.098123;674.859998;674.317059;673.715005;673.112952;672.510898;671.908844;671.196357;669.904586;668.612815;667.321044;666.029273;664.044250;660.780757;657.517265;654.253772;650.990279;640.777807;629.804526;618.831244;607.857963;596.884682;585.911401;
9.302000;677.045562;676.848865;676.652169;676.455473;676.258776;676.062080;675.868179;675.619890;675.371601;675.123311;674.875022;674.383973;673.770847;673.157722;672.544598;671.931473;671.198602;669.886622;668.574643;667.262664;665.950685;663.712200;660.428193;657.144185;653.860178;650.576171;640.469520;629.479598;618.489677;607.499755;596.509833;585.519911;
9.400000;677.092732;676.912196;676.731661;676.551125;676.370589;676.190054;675.897661;675.650062;675.402464;675.154865;674.907266;674.307735;673.691217;673.074699;672.458182;671.841664;671.190049;669.840257;668.490465;667.140674;665.790882;663.684022;660.397919;657.111816;653.825713;650.539610;640.374148;629.353758;618.333367;607.312977;596.292586;585.272195;
9.500000;676.986036;676.792107;676.598179;676.404250;676.210321;676.016393;675.844576;675.592437;675.340299;675.088161;674.836023;674.277068;673.670551;673.064033;672.457515;671.850997;671.015441;669.648045;668.280649;666.913253;665.545858;663.490673;660.149533;656.808393;653.467254;650.126114;639.915469;628.872656;617.829844;606.787031;595.744219;584.701406;
9.600000;677.050741;676.849223;676.647705;676.446187;676.244670;676.043152;675.684980;675.441625;675.198270;674.954914;674.711559;674.248994;673.627387;673.005780;672.384173;671.762565;671.047458;669.673708;668.299958;666.926208;665.552458;663.316945;659.937202;656.557460;653.177717;649.797974;639.529078;628.473609;617.418141;606.362672;595.307203;584.251734;
9.700000;676.974795;676.777384;676.579973;676.382563;676.185152;675.987741;675.886895;675.639000;675.391105;675.143211;674.895316;674.320006;673.681613;673.043220;672.404827;671.766435;671.018118;669.612910;668.207701;666.802493;665.397285;663.166026;659.777239;656.388452;652.999665;649.610879;639.403195;628.329523;617.255852;606.182180;595.108508;584.034836;
9.800000;677.047616;676.859848;676.672080;676.484312;676.296545;676.108777;675.842082;675.566063;675.290043;675.014023;674.738003;674.147110;673.511842;672.876574;672.241307;671.606039;670.791094;669.370781;667.950469;666.530156;665.109844;662.961298;659.533908;656.106518;652.679129;649.251739;638.942305;627.850977;616.759648;605.668320;594.576992;583.485664;
9.900000;677.049616;676.861848;676.674080;676.486312;676.298545;676.110777;675.783461;675.521750;675.260039;674.998329;674.736618;674.203369;673.563012;672.922655;672.282298;671.641940;670.886497;669.450767;668.015038;666.579309;665.143580;662.803235;659.351471;655.899706;652.447941;648.996176;638.719906;627.616469;616.513031;605.409594;594.306156;583.202719;
10.000000;676.896893;676.708679;676.520464;676.332250;676.144036;675.955821;675.730053;675.479000;675.227947;674.976895;674.725842;674.194467;673.535628;672.876789;672.217949;671.559110;670.761236;669.300819;667.840403;666.379986;664.919569;662.764706;659.279412;655.794118;652.308824;648.823529;638.425492;627.321039;616.216586;605.112133;594.007680;582.903227;
10.100000;676.996857;676.802571;676.608286;676.414000;676.219714;676.025429;675.729803;675.486250;675.242697;674.999145;674.755592;674.091571;673.435857;672.780143;672.124429;671.468714;670.653823;669.176635;667.699448;666.222260;664.745073;662.472011;658.923960;655.375908;651.827857;648.279805;637.985633;626.881336;615.777039;604.672742;593.568445;582.464148;
10.200000;676.846384;676.654152;676.461920;676.269687;676.077455;675.885223;675.728885;675.479312;675.229740;674.980168;674.730595;674.188503;673.539307;672.890110;672.240914;671.591717;670.709687;669.234062;667.758437;666.282812;664.807187;662.498875;658.910125;655.321375;651.732625;648.143875;637.850930;626.725852;615.600773;604.475695;593.350617;582.225539;
10.300000;676.846125;676.662375;676.478625;676.294875;676.111125;675.927375;675.677066;675.408250;675.139434;674.870618;674.601803;673.957628;673.312182;672.666735;672.021289;671.375842;670.758878;669.243358;667.727837;666.212316;664.696795;662.273132;658.666515;655.059897;651.453279;647.846662;637.467547;626.329266;615.190984;604.052703;592.914422;581.776141;
10.400000;676.979446;676.780339;676.581232;676.382125;676.183018;675.983911;675.670947;675.412000;675.153053;674.894105;674.635158;674.101158;673.458747;672.816336;672.173926;671.531515;670.646535;669.088826;667.531118;665.973410;664.415701;662.080662;658.447574;654.814485;651.181397;647.548309;637.124898;625.992008;614.859117;603.726227;592.593336;581.460445;
10.500000;676.927464;676.716393;676.505321;676.294250;676.083179;675.872107;675.659033;675.404625;675.150217;674.895809;674.641401;674.121726;673.457798;672.793869;672.129940;671.466012;670.596847;669.044764;667.492681;665.940597;664.388514;661.898129;658.244195;654.590261;650.936327;647.282393;636.934891;625.802547;614.670203;603.537859;592.405516;581.273172;
10.600000;676.805438;676.607313;676.409188;676.211063;676.012938;675.814813;675.582487;675.315250;675.048013;674.780776;674.513539;673.942295;673.256848;672.571402;671.885955;671.200509;670.307042;668.755792;667.204542;665.653292;664.102042;661.706471;658.042941;654.379412;650.715882;647.052353;636.748484;625.594578;614.440672;603.286766;592.132859;580.978953;
10.700000;676.860723;676.671170;676.481616;676.292062;676.102509;675.912955;675.685109;675.403562;675.122016;674.840470;674.558924;673.865652;673.186634;672.507616;671.828598;671.149580;670.385306;668.809472;667.233639;665.657806;664.081972;661.659801;657.964728;654.269654;650.574581;646.879507;636.345562;625.196187;614.046812;602.897437;591.748062;580.598687;
10.800000;676.844107;676.642321;676.440536;676.238750;676.036964;675.835179;675.525332;675.241813;674.958293;674.674773;674.391253;673.850140;673.172908;672.495676;671.818443;671.141211;670.352455;668.727976;667.103497;665.479017;663.854538;661.344460;657.628982;653.913504;650.198026;646.482548;636.108594;624.977031;613.845469;602.713906;591.582344;580.450781;
10.900000;676.822259;676.633777;676.445295;676.256812;676.068330;675.879848;675.594691;675.322125;675.049559;674.776993;674.504428;673.884574;673.194664;672.504753;671.814842;671.124932;670.258250;668.600750;666.943250;665.285750;663.628250;661.182364;657.436665;653.690967;649.945268;646.199570;635.862352;624.717742;613.573133;602.428523;591.283914;580.139305;
11.000000;676.814545;676.634634;676.454723;676.274813;676.094902;675.914991;675.643086;675.377625;675.112164;674.846704;674.581243;673.969661;673.278054;672.586446;671.894839;671.203232;670.324302;668.647740;666.971177;665.294615;663.618052;661.116029;657.324559;653.533088;649.741618;645.950147;635.502570;624.352648;613.202727;602.052805;590.902883;579.752961;
11.100000;676.822929;676.630786;676.438643;676.246500;676.054357;675.862214;675.586191;675.328625;675.071059;674.813493;674.555928;674.057893;673.338964;672.620036;671.901107;671.182179;670.246299;668.559007;666.871715;665.184424;663.497132;660.935456;657.112662;653.289868;649.467074;645.644279;635.229203;624.084984;612.940766;601.796547;590.652328;579.508109;
11.200000;676.747205;676.564616;676.382027;676.199437;676.016848;675.834259;675.615359;675.356312;675.097266;674.838220;674.579174;673.815875;673.092125;672.368375;671.644625;670.920875;670.075563;668.363688;666.651813;664.939938;663.228063;660.617382;656.778265;652.939147;649.100029;645.260912;634.933562;623.774187;612.614812;601.455437;590.296062;579.136687;
11.300000;676.789732;676.599196;676.408661;676.218125;676.027589;675.837054;675.572507;675.308625;675.044743;674.780862;674.516980;673.890690;673.187119;672.483548;671.779976;671.076405;670.196007;668.447465;666.698924;664.950382;663.201840;660.534331;656.692787;652.851243;649.009699;645.168154;634.728648;623.553258;612.377867;601.202477;590.027086;578.851695;
11.400000;676.668205;676.465616;676.263027;676.060438;675.857848;675.655259;675.416197;675.149750;674.883303;674.616855;674.350408;673.779104;673.062229;672.345354;671.628479;670.911604;669.921733;668.165587;666.409441;664.653295;662.897149;660.274654;656.426934;652.579213;648.731493;644.883772;634.133141;623.013297;611.893453;600.773609;589.653766;578.533922;
11.500000;676.753321;676.547964;676.342607;676.137250;675.931893;675.726536;675.457944;675.188437;674.918931;674.649424;674.379918;673.709238;672.983524;672.257810;671.532095;670.806381;669.888809;668.128705;666.368601;664.608497;662.848392;660.307353;656.419706;652.532059;648.644412;644.756765;633.617281;622.697594;611.777906;600.858219;589.938531;579.018844;
11.600000;676.644455;676.444366;676.244277;676.044187;675.844098;675.644009;675.366796;675.102125;674.837454;674.572783;674.308112;673.744077;673.004970;672.265863;671.526756;670.787649;669.891149;668.102503;666.313858;664.525212;662.736566;659.991864;656.081165;652.170467;648.259768;644.349070;633.331094;622.724531;612.117969;601.511406;590.904844;580.298281;
11.700000;676.703286;676.501857;676.300429;676.099000;675.897571;675.696143;675.483523;675.212437;674.941352;674.670266;674.399181;673.721664;672.965860;672.210057;671.454253;670.698449;669.654108;667.856712;666.059316;664.261920;662.464524;659.835798;655.913408;651.991018;648.068629;644.146239;633.486984;623.208078;612.929172;602.650266;592.371359;582.092453;
11.800000;676.759330;676.552991;676.346652;676.140312;675.933973;675.727634;675.494582;675.203562;674.912543;674.621523;674.330503;673.546988;672.813774;672.080560;671.347345;670.614131;669.755170;667.940899;666.126628;664.312358;662.498087;659.799276;655.847989;651.896702;647.945415;643.994129;633.735039;623.752305;613.769570;603.786836;593.804102;583.821367;
11.900000;676.619786;676.423357;676.226929;676.030500;675.834071;675.637643;675.358391;675.054938;674.751484;674.448030;674.144576;673.540595;672.821310;672.102024;671.382738;670.663452;669.629243;667.800285;665.971326;664.142368;662.313410;659.617787;655.643449;651.669110;647.694772;643.720434;633.794055;624.070227;614.346398;604.622570;594.898742;585.174914;
12.000000;676.688036;676.484107;676.280179;676.076250;675.872321;675.668393;675.314516;675.022313;674.730109;674.437905;674.145701;673.529479;672.793854;672.058229;671.322604;670.586979;669.688396;667.851521;666.014646;664.177771;662.340896;659.619699;655.619772;651.619846;647.619919;643.619993;634.069570;624.559648;615.049727;605.539805;596.029883;586.519961;
12.100000;676.665036;676.461107;676.257179;676.053250;675.849321;675.645393;675.317385;675.052812;674.788240;674.523668;674.259095;673.668836;672.909640;672.150443;671.391247;670.632051;669.698170;667.823899;665.949628;664.075358;662.201087;659.373048;655.368158;651.363268;647.358379;643.353489;633.923383;624.606586;615.289789;605.972992;596.656195;587.339398;
12.200000;676.437732;676.247196;676.056661;675.866125;675.675589;675.485054;675.316299;675.047188;674.778076;674.508964;674.239852;673.469452;672.711595;671.953738;671.195881;670.438024;669.450240;667.550552;665.650865;663.751177;661.851490;659.145566;655.122257;651.098949;647.075640;643.052331;634.016922;624.862391;615.707859;606.553328;597.398797;588.244266;
12.300000;676.543089;676.353268;676.163446;675.973625;675.783804;675.593982;675.324181;675.034937;674.745694;674.456451;674.167207;673.546979;672.796354;672.045729;671.295104;670.544479;669.540139;667.629306;665.718472;663.807639;661.896806;659.164581;655.090537;651.016493;646.942449;642.868404;633.898773;624.874633;615.850492;606.826352;597.802211;588.778070;
12.400000;676.481429;676.304286;676.127143;675.950000;675.772857;675.595714;675.369447;675.065500;674.761553;674.457605;674.153658;673.513780;672.744315;671.974851;671.205387;670.435923;669.417389;667.499056;665.580722;663.662389;661.744056;658.845673;654.754533;650.663393;646.572254;642.481114;633.860969;624.933156;616.005344;607.077531;598.149719;589.221906;
12.500000;676.506580;676.342741;676.178902;676.015062;675.851223;675.687384;675.308599;675.010375;674.712151;674.413928;674.115704;673.425128;672.644682;671.864235;671.083789;670.303342;669.353031;667.409594;665.466156;663.522719;661.579281;658.737794;654.648088;650.558382;646.468676;642.378971;633.715227;624.859367;616.003508;607.147648;598.291789;589.435930;
12.600000;676.508357;676.329071;676.149786;675.970500;675.791214;675.611929;675.389993;675.098875;674.807757;674.516638;674.225520;673.537982;672.753161;671.968339;671.183518;670.398696;669.385691;667.410795;665.435899;663.461003;661.486108;658.665897;654.551044;650.436191;646.321338;642.206485;633.655047;624.881766;616.108484;607.335203;598.561922;589.788641;
12.700000;676.580330;676.383991;676.187652;675.991312;675.794973;675.598634;675.230622;674.946312;674.662003;674.377694;674.093385;673.455292;672.654042;671.852792;671.051542;670.250292;669.158038;667.176059;665.194080;663.212101;661.230122;658.431371;654.270305;650.109239;645.948173;641.787107;633.257992;624.568539;615.879086;607.189633;598.500180;589.810727;
12.800000;676.391018;676.209054;676.027089;675.845125;675.663161;675.481196;675.311957;675.024688;674.737418;674.450148;674.162878;673.474562;672.651437;671.828312;671.005187;670.182062;669.091194;667.112028;665.132861;663.153694;661.174528;658.142721;653.976691;649.810662;645.644632;641.478603;633.280047;624.636766;615.993484;607.350203;598.706922;590.063641;
12.900000;676.540929;676.368786;676.196643;676.024500;675.852357;675.680214;675.374260;675.068437;674.762615;674.456793;674.150970;673.360051;672.538711;671.717372;670.896033;670.074693;669.110108;667.102712;665.095316;663.087920;661.080524;658.269853;654.097206;649.924559;645.751912;641.579265;633.198273;624.589133;615.979992;607.370852;598.761711;590.152570;
13.000000;676.529893;676.341679;676.153464;675.965250;675.777036;675.588821;675.268786;674.972437;674.676089;674.379740;674.083391;673.437821;672.609607;671.781393;670.953179;670.124964;668.977062;666.950187;664.923312;662.896437;660.869562;657.879147;653.681794;649.484441;645.287088;641.089735;632.888484;624.324578;615.760672;607.196766;598.632859;590.068953;
13.100000;676.412893;676.234679;676.056464;675.878250;675.700036;675.521821;675.331819;675.021063;674.710306;674.399549;674.088793;673.314958;672.473708;671.632458;670.791208;669.949958;668.890139;666.859306;664.828472;662.797639;660.766806;657.830096;653.630316;649.430537;645.230757;641.030978;632.824086;624.288070;615.752055;607.216039;598.680023;590.144008;
13.200000;676.540170;676.371509;676.202848;676.034187;675.865527;675.696866;675.373000;675.043000;674.713000;674.383000;674.053000;673.326045;672.483098;671.640152;670.797205;669.954259;668.889781;666.833844;664.777906;662.721969;660.666031;657.775522;653.544419;649.313316;645.082213;640.851110;632.664461;624.162195;615.659930;607.157664;598.655398;590.153133;
13.300000;676.532482;676.349446;676.166411;675.983375;675.800339;675.617304;675.256490;674.939812;674.623135;674.306457;673.989780;673.241497;672.390693;671.539890;670.689086;669.838283;668.691875;666.625625;664.559375;662.493125;660.426875;657.467368;653.198985;648.930603;644.662221;640.393838;632.270484;623.796578;615.322672;606.848766;598.374859;589.900953;
13.400000;676.422429;676.235286;676.048143;675.861000;675.673857;675.486714;675.207595;674.898813;674.590030;674.281247;673.972464;673.240631;672.380988;671.521345;670.661702;669.802060;668.692854;666.622229;664.551604;662.480979;660.410354;657.315967;653.050121;648.784276;644.518430;640.252585;632.257883;623.786086;615.314289;606.842492;598.370695;589.898898;
13.500000;676.469304;676.285911;676.102518;675.919125;675.735732;675.552339;675.256276;674.943250;674.630224;674.317197;674.004171;673.169839;672.316446;671.463054;670.609661;669.756268;668.729990;666.627802;664.525615;662.423427;660.321240;657.413658;653.133254;648.852849;644.572445;640.292040;632.129602;623.667492;615.205383;606.743273;598.281164;589.819055;
13.600000;676.411491;676.227473;676.043455;675.859437;675.675420;675.491402;675.223461;674.901750;674.580039;674.258329;673.936618;673.231774;672.380702;671.529631;670.678560;669.827488;668.643528;666.524361;664.405194;662.286028;660.166861;657.059934;652.758243;648.456551;644.154860;639.853169;631.795836;623.357320;614.918805;606.480289;598.041773;589.603258;
13.700000;676.395429;676.208286;676.021143;675.834000;675.646857;675.459714;675.147234;674.816938;674.486641;674.156345;673.826049;673.111875;672.238125;671.364375;670.490625;669.616875;668.441483;666.332837;664.224191;662.115545;660.006899;657.018875;652.710125;648.401375;644.092625;639.783875;631.749586;623.318570;614.887555;606.456539;598.025523;589.594508;
13.800000;676.415062;676.228187;676.041312;675.854437;675.667562;675.480687;675.121760;674.800937;674.480115;674.159293;673.838470;673.044905;672.159190;671.273476;670.387762;669.502048;668.480531;666.342094;664.203656;662.065219;659.926781;656.777040;652.467518;648.157996;643.848474;639.538952;631.459531;623.042344;614.625156;606.207969;597.790781;589.373594;
13.900000;676.331545;676.141634;675.951723;675.761812;675.571902;675.381991;675.022141;674.726187;674.430234;674.134280;673.838326;673.086952;672.194095;671.301238;670.408381;669.515524;668.275427;666.115115;663.954802;661.794490;659.634177;656.650574;652.331897;648.013221;643.694544;639.375868;631.298875;622.907625;614.516375;606.125125;597.733875;589.342625;
14.000000;676.224545;676.034634;675.844723;675.654813;675.464902;675.274991;675.136510;674.823188;674.509865;674.196543;673.883220;673.100280;672.195815;671.291351;670.386887;669.482423;668.240337;666.101066;663.961795;661.822524;659.683253;656.673430;652.309423;647.945415;643.581408;639.217401;631.229922;622.855391;614.480859;606.106328;597.731797;589.357266;
14.100000;676.429482;676.246446;676.063411;675.880375;675.697339;675.514304;675.190079;674.843500;674.496921;674.150342;673.803763;672.945021;672.045646;671.146271;670.246896;669.347521;668.346288;666.176809;664.007330;661.837851;659.668372;656.450360;652.087346;647.724331;643.361316;638.998301;631.003687;622.635562;614.267437;605.899312;597.531187;589.163062;
14.200000;676.329089;676.139268;675.949446;675.759625;675.569804;675.379982;675.043490;674.696812;674.350135;674.003457;673.656780;672.851652;671.962634;671.073616;670.184598;669.295580;668.040299;665.843007;663.645715;661.448424;659.251132;656.207934;651.846243;647.484551;643.122860;638.761169;630.777719;622.417406;614.057094;605.696781;597.336469;588.976156;
14.300000;676.336857;676.142571;675.948286;675.754000;675.559714;675.365429;675.030033;674.685625;674.341217;673.996809;673.652401;672.887890;671.993158;671.098426;670.203693;669.308961;668.226003;666.016733;663.807462;661.598191;659.388920;656.268437;651.879062;647.489687;643.100312;638.710937;630.684781;622.340094;613.995406;605.650719;597.306031;588.961344;
14.400000;676.336036;676.142107;675.948179;675.754250;675.560321;675.366393;674.943937;674.623312;674.302687;673.982062;673.661437;672.962208;672.038458;671.114708;670.190958;669.267208;668.048684;665.812330;663.575976;661.339622;659.103267;655.956511;651.553460;647.150408;642.747357;638.344305;630.351758;622.028711;613.705664;605.382617;597.059570;588.736523;
14.500000;676.134027;675.951080;675.768134;675.585188;675.402241;675.219295;674.990753;674.678813;674.366872;674.054931;673.742990;672.912970;671.964935;671.016899;670.068863;669.120827;667.902069;665.656653;663.411236;661.165819;658.920403;655.728695;651.321452;646.914210;642.506967;638.099724;630.142961;621.835695;613.528430;605.221164;596.913898;588.606633;
14.600000;676.265366;676.085098;675.904830;675.724563;675.544295;675.364027;675.073289;674.742500;674.411711;674.080921;673.750132;672.884884;671.938545;670.992205;670.045866;669.099527;667.939847;665.667764;663.395681;661.123597;658.851514;655.705750;651.288250;646.870750;642.453250;638.035750;630.078328;621.785359;613.492391;605.199422;596.906453;588.613484;
14.700000;676.335152;676.138455;675.941759;675.745062;675.548366;675.351670;675.040951;674.702562;674.364174;674.025786;673.687398;672.871970;671.923935;670.975899;670.027863;669.079827;667.828170;665.533899;663.239628;660.945358;658.651087;655.449033;651.014879;646.580724;642.146570;637.712415;629.735297;621.464516;613.193734;604.922953;596.652172;588.381391;
14.800000;676.258509;676.062527;675.866545;675.670563;675.474580;675.278598;675.054026;674.688500;674.322974;673.957447;673.591921;672.713375;671.764625;670.815875;669.867125;668.918375;667.657538;665.360559;663.063580;660.766601;658.469622;655.285820;650.837327;646.388835;641.940342;637.491849;629.628844;621.369781;613.110719;604.851656;596.592594;588.333531;
14.900000;676.378723;676.199170;676.019616;675.840062;675.660509;675.480955;675.091852;674.706687;674.321523;673.936359;673.551194;672.786789;671.824735;670.862682;669.900628;668.938574;667.726281;665.415344;663.104406;660.793469;658.482531;655.185349;650.740386;646.295423;641.850460;637.405496;629.560969;621.293156;613.025344;604.757531;596.489719;588.221906;
15.000000;676.363134;676.178402;675.993670;675.808937;675.624205;675.439473;675.045398;674.673062;674.300727;673.928391;673.556056;672.592491;671.630080;670.667670;669.705259;668.742848;667.599170;665.244899;662.890628;660.536358;658.182087;654.949434;650.512743;646.076051;641.639360;637.202669;629.186734;620.935328;612.683922;604.432516;596.181109;587.929703;
15.100000;676.249679;676.055036;675.860393;675.665750;675.471107;675.276464;675.000227;674.618812;674.237398;673.855984;673.474569;672.652738;671.702024;670.751310;669.800595;668.849881;667.473837;665.109566;662.745295;660.381024;658.016753;654.867904;650.397684;645.927463;641.457243;636.987022;629.087859;620.867703;612.647547;604.427391;596.207234;587.987078;
15.200000;676.313741;676.122223;675.930705;675.739187;675.547670;675.356152;674.962326;674.567687;674.173049;673.778411;673.383773;672.612182;671.636199;670.660217;669.684235;668.708253;667.394427;665.054115;662.713802;660.373490;658.033177;654.705665;650.219893;645.734121;641.248349;636.762577;628.985328;620.762359;612.539391;604.316422;596.093453;587.870484;
15.300000;676.278330;676.081991;675.885652;675.689312;675.492973;675.296634;674.914187;674.526062;674.137937;673.749812;673.361687;672.472366;671.476205;670.480045;669.483884;668.487723;667.135587;664.808816;662.482045;660.155274;657.828503;654.656224;650.162511;645.668798;641.175085;636.681371;628.733547;620.515266;612.296984;604.078703;595.860422;587.642141;
15.400000;676.259054;676.053161;675.847268;675.641375;675.435482;675.229589;674.868664;674.481625;674.094586;673.707546;673.320507;672.448030;671.446065;670.444101;669.442137;668.440173;667.267347;664.920264;662.573181;660.226097;657.879014;654.602283;650.085629;645.568974;641.052320;636.535665;628.593180;620.410602;612.228023;604.045445;595.862867;587.680289;
15.500000;676.374661;676.161982;675.949304;675.736625;675.523946;675.311268;674.938599;674.550375;674.162151;673.773928;673.385704;672.464137;671.461101;670.458065;669.455030;668.451994;667.168354;664.782729;662.397104;660.011479;657.625854;654.317588;649.798176;645.278765;640.759353;636.239941;628.484867;620.314164;612.143461;603.972758;595.802055;587.631352;
15.600000;676.209187;675.998563;675.787937;675.577313;675.366688;675.156062;674.779786;674.393438;674.007089;673.620740;673.234391;672.415146;671.399521;670.383896;669.368271;668.352646;666.938726;664.561122;662.183517;659.805913;657.428309;654.165809;649.635368;645.104926;640.574485;636.044044;628.190734;620.019328;611.847922;603.676516;595.505109;587.333703;
15.700000;676.243830;676.032491;675.821152;675.609812;675.398473;675.187134;674.838122;674.448812;674.059503;673.670194;673.280885;672.266655;671.253440;670.240226;669.227012;668.213798;667.024566;664.633420;662.242274;659.851128;657.459983;654.177919;649.626963;645.076007;640.525051;635.974096;628.114055;619.960227;611.806398;603.652570;595.498742;587.344914;
15.800000;676.242893;676.024679;675.806464;675.588250;675.370036;675.151821;674.800707;674.400937;674.001168;673.601398;673.201628;672.389271;671.377396;670.365521;669.353646;668.341771;666.971500;664.556500;662.141500;659.726500;657.311500;653.975210;649.412232;644.849254;640.286276;635.723298;627.932320;619.789898;611.647477;603.505055;595.362633;587.220211;
15.900000;676.167866;675.962598;675.757330;675.552062;675.346795;675.141527;674.732352;674.332188;673.932023;673.531859;673.131694;672.267696;671.225732;670.183768;669.141804;668.099839;666.757083;664.344583;661.932083;659.519583;657.107083;653.725173;649.169033;644.612893;640.056754;635.500614;627.722461;619.580195;611.437930;603.295664;595.153398;587.011133;
16.000000;676.200688;675.995063;675.789438;675.583813;675.378188;675.172563;674.779645;674.389250;673.998855;673.608461;673.218066;672.272429;671.218143;670.163857;669.109571;668.055286;666.820635;664.374073;661.927510;659.480948;657.034385;653.694728;649.143331;644.591934;640.040537;635.489140;627.607219;619.481906;611.356594;603.231281;595.105969;586.980656;
16.100000;676.228937;676.015812;675.802687;675.589562;675.376437;675.163312;674.857286;674.455937;674.054589;673.653240;673.251891;672.342476;671.281048;670.219619;669.158190;668.096762;666.656115;664.190177;661.724240;659.258302;656.792365;653.460254;648.895070;644.329886;639.764702;635.199518;627.455703;619.346484;611.237266;603.128047;595.018828;586.909609;
16.200000;676.224982;676.016946;675.808911;675.600875;675.392839;675.184804;674.762470;674.352438;673.942405;673.532372;673.122339;672.173015;671.102033;670.031051;668.960068;667.889086;666.498924;664.042882;661.586840;659.130799;656.674757;653.401890;648.802404;644.202919;639.603434;635.003949;627.191734;619.090328;610.988922;602.887516;594.786109;586.684703;
16.300000;676.207741;676.006223;675.804705;675.603187;675.401670;675.200152;674.768224;674.376250;673.984276;673.592303;673.200329;672.319113;671.229649;670.140185;669.050720;667.961256;666.635976;664.160872;661.685767;659.210663;656.735559;653.332349;648.707386;644.082423;639.457460;634.832496;627.005242;618.928289;610.851336;602.774383;594.697430;586.620477;
16.400000;676.140679;675.946036;675.751393;675.556750;675.362107;675.167464;674.882595;674.483812;674.085030;673.686247;673.287464;672.233881;671.141738;670.049595;668.957452;667.865310;666.448125;663.954375;661.460625;658.966875;656.473125;653.091691;648.457132;643.822574;639.188015;634.553456;626.786477;618.733117;610.679758;602.626398;594.573039;586.519680;
16.500000;675.989062;675.812187;675.635312;675.458437;675.281562;675.104687;674.710253;674.293313;673.876372;673.459431;673.042490;672.137753;671.046057;669.954360;668.862664;667.770967;666.362969;663.866406;661.369844;658.873281;656.376719;652.949868;648.306485;643.663103;639.019721;634.376338;626.679516;618.633422;610.587328;602.541234;594.495141;586.449047;
16.600000;676.078411;675.903232;675.728054;675.552875;675.377696;675.202518;674.826878;674.406187;673.985497;673.564806;673.144115;672.191045;671.078098;669.965152;668.852205;667.739259;666.357139;663.846306;661.335472;658.824639;656.313806;652.878415;648.235143;643.591871;638.948599;634.305327;626.513172;618.481141;610.449109;602.417078;594.385047;586.353016;
16.700000;676.151964;675.955893;675.759821;675.563750;675.367679;675.171607;674.787418;674.358437;673.929457;673.500477;673.071497;672.014851;670.904673;669.794494;668.684315;667.574137;666.218090;663.677049;661.136007;658.594965;656.053924;652.521018;647.897599;643.274180;638.650761;634.027342;626.354820;618.337398;610.319977;602.302555;594.285133;586.267711;
16.800000;676.119920;675.918759;675.717598;675.516438;675.315277;675.114116;674.720957;674.283687;673.846418;673.409148;672.971878;671.970437;670.873562;669.776687;668.679812;667.582937;666.139104;663.580979;661.022854;658.464729;655.906604;652.554776;647.928489;643.302202;638.675915;634.049629;626.361953;618.345234;610.328516;602.311797;594.295078;586.278359;
16.900000;676.062437;675.874312;675.686187;675.498062;675.309937;675.121812;674.702938;674.262313;673.821688;673.381063;672.940438;672.055961;670.940515;669.825068;668.709622;667.594176;666.187587;663.620816;661.054045;658.487274;655.920503;652.480419;647.824463;643.168507;638.512551;633.856596;626.090562;618.091187;610.091812;602.092437;594.093062;586.093687;
17.000000;676.070491;675.886473;675.702455;675.518437;675.334420;675.150402;674.739349;674.298625;673.857901;673.417178;672.976454;671.935824;670.803414;669.671003;668.538592;667.406182;665.931545;663.356024;660.780503;658.204983;655.629462;652.218096;647.538316;642.858537;638.178757;633.498978;625.773578;617.803109;609.832641;601.862172;593.891703;585.921234;
17.100000;676.068982;675.870946;675.672911;675.474875;675.276839;675.078804;674.648891;674.210438;673.771984;673.333530;672.895076;671.929063;670.790938;669.652813;668.514688;667.376563;665.909021;663.333396;660.757771;658.182146;655.606521;652.154338;647.447426;642.740515;638.033603;633.326691;625.689664;617.733180;609.776695;601.820211;593.863727;585.907242;
17.200000;676.104562;675.912687;675.720812;675.528937;675.337062;675.145187;674.829951;674.371562;673.913174;673.454786;672.996398;671.929256;670.788363;669.647470;668.506577;667.365685;665.971073;663.376385;660.781698;658.187010;655.592323;652.008658;647.308254;642.607849;637.907445;633.207040;625.584672;617.627641;609.670609;601.713578;593.756547;585.799516;
17.300000;676.120679;675.926036;675.731393;675.536750;675.342107;675.147464;674.575102;674.122437;673.669773;673.217109;672.764444;671.842095;670.687810;669.533524;668.379238;667.224952;665.686177;663.083365;660.480552;657.877740;655.274927;651.760522;647.079419;642.398316;637.717213;633.036110;625.349977;617.401617;609.453258;601.504898;593.556539;585.608180;
17.400000;676.026768;675.812304;675.597839;675.383375;675.168911;674.954446;674.619293;674.179062;673.738832;673.298602;672.858372;671.694902;670.543384;669.391866;668.240348;667.088830;665.717958;663.099208;660.480458;657.861708;655.242958;651.804831;647.108287;642.411743;637.715199;633.018654;625.346969;617.419156;609.491344;601.563531;593.635719;585.707906;
17.500000;676.151857;675.917571;675.683286;675.449000;675.214714;674.980429;674.523934;674.072750;673.621566;673.170382;672.719197;671.824265;670.670783;669.517301;668.363818;667.210336;665.606705;662.984726;660.362747;657.740767;655.118788;651.609533;646.890379;642.171224;637.452070;632.732915;625.102305;617.190977;609.279648;601.368320;593.456992;585.545664;
17.600000;676.003964;675.777893;675.551821;675.325750;675.099679;674.873607;674.490849;674.035125;673.579401;673.123678;672.667954;671.622902;670.441384;669.259866;668.078348;666.896830;665.433427;662.823115;660.212802;657.602490;654.992177;651.444724;646.726011;642.007298;637.288585;632.569871;624.926500;617.031500;609.136500;601.241500;593.346500;585.451500;
17.700000;675.981402;675.777205;675.573009;675.368812;675.164616;674.960420;674.478615;674.023187;673.567760;673.112332;672.656905;671.636229;670.443104;669.249979;668.056854;666.863729;665.380712;662.750191;660.119670;657.489149;654.858628;651.419982;646.683401;641.946820;637.210239;632.473658;624.797219;616.931906;609.066594;601.201281;593.335969;585.470656;
17.800000;675.933527;675.725580;675.517634;675.309688;675.101741;674.893795;674.501868;674.049500;673.597132;673.144763;672.692395;671.570250;670.377750;669.185250;667.992750;666.800250;665.355149;662.696503;660.037858;657.379212;654.720566;651.163702;646.401092;641.638482;636.875871;632.113261;624.587687;616.739562;608.891437;601.043312;593.195187;585.347062;
17.900000;675.966188;675.755563;675.544938;675.334313;675.123688;674.913063;674.521237;674.051500;673.581763;673.112026;672.642289;671.571327;670.389720;669.208113;668.026506;666.844899;665.358062;662.671187;659.984312;657.297437;654.610562;651.010250;646.247750;641.485250;636.722750;631.960250;624.407547;616.559266;608.710984;600.862703;593.014422;585.166141;
18.000000;675.963634;675.763902;675.564170;675.364437;675.164705;674.964973;674.513000;674.033000;673.553000;673.073000;672.593000;671.575057;670.385324;669.195592;668.005860;666.816128;665.271021;662.575396;659.879771;657.184146;654.488521;650.984507;646.204140;641.423772;636.643404;631.863037;624.249469;616.416656;608.583844;600.751031;592.918219;585.085406;
18.100000;675.944571;675.741714;675.538857;675.336000;675.133143;674.930286;674.484168;674.002688;673.521207;673.039727;672.558247;671.524134;670.315295;669.106455;667.897616;666.688777;665.126080;662.432851;659.739622;657.046392;654.353163;650.704824;645.913647;641.122471;636.331294;631.540118;624.048055;616.224227;608.400398;600.576570;592.752742;584.928914;
18.200000;676.021929;675.809786;675.597643;675.385500;675.173357;674.961214;674.543164;674.051125;673.559086;673.067046;672.575007;671.495122;670.273068;669.051015;667.828961;666.606908;665.054788;662.360309;659.665830;656.971351;654.276872;650.676412;645.895824;641.115235;636.334647;631.554059;623.990586;616.169570;608.348555;600.527539;592.706523;584.885508;
18.300000;675.953804;675.745411;675.537018;675.328625;675.120232;674.911839;674.370914;673.886375;673.401836;672.917296;672.432757;671.387601;670.149923;668.912244;667.674565;666.436887;664.900017;662.193663;659.487309;656.780955;654.074601;650.409460;645.643982;640.878504;636.113026;631.347548;623.778469;615.975656;608.172844;600.370031;592.567219;584.764406;
18.400000;675.852518;675.645554;675.438589;675.231625;675.024661;674.817696;674.402151;673.927875;673.453599;672.979322;672.505046;671.383354;670.133979;668.884604;667.635229;666.385854;664.858146;662.128771;659.399396;656.670021;653.940646;650.403599;645.636136;640.868673;636.101210;631.333746;623.806500;616.021500;608.236500;600.451500;592.666500;584.881500;
18.500000;675.909098;675.708295;675.507491;675.306687;675.105884;674.905080;674.510855;674.016250;673.521645;673.027039;672.532434;671.459298;670.199655;668.940012;667.680369;666.420726;664.822024;662.077128;659.332233;656.587337;653.842441;650.220213;645.434551;640.648890;635.863228;631.077566;623.533375;615.767125;608.000875;600.234625;592.468375;584.702125;
18.600000;675.945750;675.743250;675.540750;675.338250;675.135750;674.933250;674.420704;673.920375;673.420046;672.919717;672.419388;671.269432;670.000949;668.732467;667.463985;666.195503;664.602139;661.851306;659.100472;656.349639;653.598806;649.942934;645.161243;640.379551;635.597860;630.816169;623.302344;615.558281;607.814219;600.070156;592.326094;584.582031;
18.700000;675.931670;675.708009;675.484348;675.260688;675.037027;674.813366;674.393806;673.890812;673.387819;672.884826;672.381832;671.149565;669.902244;668.654923;667.407601;666.160280;664.608212;661.842691;659.077170;656.311649;653.546128;649.985294;645.190588;640.395882;635.601176;630.806471;623.352875;615.621625;607.890375;600.159125;592.427875;584.696625;
18.800000;675.873134;675.648402;675.423670;675.198937;674.974205;674.749473;674.272260;673.756438;673.240615;672.724793;672.208970;671.195545;669.947598;668.699652;667.451705;666.203759;664.593597;661.819014;659.044431;656.269847;653.495264;649.859423;645.040783;640.222143;635.403504;630.584864;623.105875;615.384625;607.663375;599.942125;592.220875;584.499625;
18.900000;675.869598;675.653795;675.437991;675.222187;675.006384;674.790580;674.240161;673.737562;673.234964;672.732365;672.229766;671.150164;669.869360;668.588557;667.307753;666.026949;664.357455;661.592976;658.828497;656.064017;653.299538;649.596004;644.783320;639.970636;635.157952;630.345268;622.929789;615.214555;607.499320;599.784086;592.068852;584.353617;
19.000000;675.813330;675.586991;675.360652;675.134313;674.907973;674.681634;674.237520;673.745875;673.254230;672.762586;672.270941;671.104214;669.812071;668.519929;667.227786;665.935643;664.420469;661.638906;658.857344;656.075781;653.294219;649.647375;644.843625;640.039875;635.236125;630.432375;622.970859;615.260703;607.550547;599.840391;592.130234;584.420078;
19.100000;675.944402;675.700205;675.456009;675.211812;674.967616;674.723420;674.312822;673.802625;673.292428;672.782230;672.272033;671.114384;669.823045;668.531705;667.240366;665.949027;664.274424;661.473382;658.672340;655.871299;653.070257;649.465441;644.643382;639.821324;634.999265;630.177206;622.693016;615.001922;607.310828;599.619734;591.928641;584.237547;
19.200000;675.857616;675.619848;675.382080;675.144312;674.906545;674.668777;674.153530;673.633563;673.113595;672.593628;672.073661;671.004845;669.693060;668.381274;667.069488;665.757702;664.036663;661.255934;658.475205;655.694476;652.913747;649.267335;644.423107;639.578879;634.734651;629.890423;622.460891;614.788547;607.116203;599.443859;591.771516;584.099172;
19.300000;675.832295;675.609884;675.387473;675.165062;674.942652;674.720241;674.260931;673.739187;673.217444;672.695701;672.173957;670.902848;669.586866;668.270884;666.954902;665.638920;664.145656;661.343469;658.541281;655.739094;652.936906;649.138581;644.314537;639.490493;634.666449;629.842404;622.472977;614.804617;607.136258;599.467898;591.799539;584.131180;
19.400000;675.953643;675.702929;675.452214;675.201500;674.950786;674.700071;674.118243;673.609625;673.101007;672.592388;672.083770;670.970271;669.658396;668.346521;667.034646;665.722771;664.016861;661.187694;658.358528;655.529361;652.700194;649.119346;644.297066;639.474787;634.652507;629.830228;622.377406;614.718969;607.060531;599.402094;591.743656;584.085219;
19.500000;675.737893;675.489679;675.241464;674.993250;674.745036;674.496821;674.110776;673.602750;673.094724;672.586697;672.078671;670.892449;669.568789;668.245128;666.921467;665.597807;663.922903;661.102486;658.282069;655.461653;652.641236;648.911437;644.072062;639.232687;634.393312;629.553937;622.175484;614.531578;606.887672;599.243766;591.599859;583.955953;
19.600000;675.816929;675.574786;675.332643;675.090500;674.848357;674.606214;674.071128;673.552937;673.034747;672.516556;671.998365;670.782765;669.464283;668.145801;666.827318;665.508836;663.957972;661.112139;658.266306;655.420472;652.574639;648.933353;644.085706;639.238059;634.390412;629.542765;622.103680;614.476102;606.848523;599.220945;591.593367;583.965789;
19.700000;675.879893;675.611679;675.343464;675.075250;674.807036;674.538821;674.118089;673.593187;673.068286;672.543385;672.018484;670.890854;669.566479;668.242104;666.917729;665.593354;663.843726;660.986122;658.128517;655.270913;652.413309;648.701846;643.834566;638.967287;634.100007;629.232728;621.825016;614.223922;606.622828;599.021734;591.420641;583.819547;
19.800000;675.694562;675.452687;675.210812;674.968937;674.727062;674.485187;673.959020;673.422375;672.885730;672.349086;671.812441;670.692470;669.339435;667.986399;666.633363;665.280327;663.572372;660.730392;657.888413;655.046434;652.204455;648.452471;643.588941;638.725412;633.861882;628.998353;621.667656;614.081719;606.495781;598.909844;591.323906;583.737969;
19.900000;675.708134;675.483402;675.258670;675.033938;674.809205;674.584473;674.091852;673.556687;673.021523;672.486359;671.951194;670.660027;669.302259;667.944491;666.586723;665.228955;663.654625;660.785875;657.917125;655.048375;652.179625;648.502176;643.633353;638.764529;633.895706;629.026882;621.690125;614.111375;606.532625;598.953875;591.375125;583.796375;
20.000000;675.726973;675.499920;675.272866;675.045813;674.818759;674.591705;674.132595;673.583813;673.035030;672.486247;671.937464;670.723315;669.378494;668.033673;666.688851;665.344030;663.654615;660.753677;657.852740;654.951802;652.050865;648.295250;643.412750;638.530250;633.647750;628.765250;621.396609;613.833953;606.271297;598.708641;591.145984;583.583328;
20.102000;675.711156;675.490888;675.270620;675.050352;674.830085;674.609817;674.113772;673.546140;672.978508;672.410877;671.843245;670.648273;669.299344;667.950416;666.601487;665.252559;663.538233;660.633857;657.729483;654.825107;651.920732;648.168998;643.283079;638.397160;633.511241;628.625322;621.358982;613.804451;606.249919;598.695388;591.140857;583.586326;
20.202000;675.850959;675.616316;675.381673;675.147030;674.912387;674.677744;674.080479;673.518868;672.957256;672.395644;671.834032;670.722027;669.345420;667.968813;666.592206;665.215599;663.465573;660.564844;657.664115;654.763386;651.862657;648.122115;643.228365;638.334615;633.440865;628.547115;621.199270;613.651692;606.104113;598.556535;591.008957;583.461379;
20.302000;675.740627;675.498841;675.257056;675.015270;674.773484;674.531699;674.017465;673.468683;672.919900;672.371117;671.822334;670.546827;669.150756;667.754684;666.358613;664.962541;663.264523;660.356294;657.448065;654.539836;651.631607;647.803943;642.918796;638.033649;633.148502;628.263355;620.949823;613.420604;605.891386;598.362167;590.832948;583.303729;
20.402000;675.737004;675.485933;675.234861;674.983790;674.732719;674.481647;673.977403;673.423785;672.870167;672.316548;671.762930;670.482543;669.096114;667.709686;666.323257;664.936829;663.186484;660.269088;657.351693;654.434297;651.516901;647.815336;642.928535;638.041733;633.154932;628.268130;620.970304;613.456241;605.942179;598.428116;590.914054;583.399991;
20.502000;675.723877;675.465930;675.207984;674.950038;674.692091;674.434145;673.966830;673.394363;672.821895;672.249428;671.676961;670.429614;669.049078;667.668542;666.288006;664.907471;663.191518;660.270580;657.349643;654.428705;651.507768;647.735687;642.831349;637.927010;633.022672;628.118334;620.864818;613.359193;605.853568;598.347943;590.842318;583.336693;
20.602000;675.616294;675.370401;675.124508;674.878615;674.632722;674.386829;673.827225;673.241830;672.656435;672.071041;671.485646;670.299737;668.905898;667.512059;666.118219;664.724380;662.948252;660.027419;657.106586;654.185752;651.264919;647.442197;642.546351;637.650506;632.754660;627.858815;620.603652;613.101621;605.599589;598.097558;590.595527;583.093496;
20.702000;675.729310;675.470471;675.211632;674.952792;674.693953;674.435114;673.866217;673.286447;672.706678;672.126908;671.547138;670.253345;668.851560;667.449774;666.047988;664.646202;663.033824;660.086428;657.139033;654.191637;651.244241;647.488942;642.594861;637.700780;632.806699;627.912618;620.561064;613.082158;605.603252;598.124346;590.645439;583.166533;
20.802000;675.793815;675.522565;675.251315;674.980065;674.708815;674.437565;673.920112;673.337480;672.754848;672.172217;671.589585;670.304005;668.912755;667.521505;666.130255;664.739005;662.988532;660.006970;657.025407;654.043845;651.062282;647.263433;642.356779;637.450124;632.543470;627.636815;620.472518;613.007128;605.541737;598.076347;590.610956;583.145565;
20.902000;675.638014;675.379443;675.120871;674.862300;674.603729;674.345157;673.765120;673.181798;672.598475;672.015153;671.431830;670.261617;668.858046;667.454474;666.050903;664.647331;662.783630;659.819671;656.855713;653.891755;650.927796;647.115175;642.206425;637.297675;632.388925;627.480175;620.274142;612.799611;605.325079;597.850548;590.376017;582.901486;
21.002000;675.561882;675.308846;675.055811;674.802775;674.549739;674.296704;673.744526;673.169000;672.593474;672.017947;671.442421;670.179493;668.754761;667.330029;665.905297;664.480565;662.800595;659.834345;656.868095;653.901845;650.935595;647.112511;642.208945;637.305379;632.401813;627.498247;620.246699;612.776386;605.306074;597.835761;590.365449;582.895136;
21.102000;675.599951;675.342094;675.084237;674.826380;674.568523;674.310666;673.772057;673.197320;672.622583;672.047846;671.473109;670.140762;668.722279;667.303797;665.885315;664.466833;662.740394;659.739040;656.737686;653.736332;650.734977;646.925945;642.021717;637.117489;632.213261;627.309033;620.049661;612.594895;605.140130;597.685364;590.230598;582.775833;
21.202000;675.471750;675.214250;674.956750;674.699250;674.441750;674.184250;673.661309;673.080552;672.499796;671.919039;671.338283;670.125769;668.704609;667.283448;665.862287;664.441127;662.561167;659.566167;656.571167;653.576167;650.581167;646.772615;641.860887;636.949159;632.037431;627.125703;619.946029;612.498373;605.050717;597.603061;590.155404;582.707748;
21.302000;675.501964;675.248571;674.995178;674.741785;674.488392;674.234999;673.720522;673.125357;672.530193;671.935029;671.339864;670.103943;668.657514;667.211086;665.764657;664.318229;662.497685;659.525394;656.553102;653.580810;650.608519;646.849496;641.920673;636.991849;632.063026;627.134202;619.893531;612.451265;605.009000;597.566734;590.124468;582.682203;
21.402000;675.559219;675.309576;675.059933;674.810290;674.560647;674.311004;673.734792;673.132128;672.529463;671.926799;671.324134;669.942709;668.497620;667.052530;665.607441;664.162352;662.530030;659.523989;656.517947;653.511905;650.505864;646.618196;641.685402;636.752608;631.819814;626.887019;619.660314;612.233830;604.807345;597.380861;589.954377;582.527892;
21.502000;675.457664;675.204271;674.950878;674.697485;674.444092;674.190699;673.659074;673.049600;672.440126;671.830653;671.221179;669.910368;668.482689;667.055011;665.627332;664.199654;662.379535;659.339744;656.299952;653.260160;650.220369;646.346249;641.427793;636.509337;631.590881;626.672426;619.478805;612.065133;604.651462;597.237790;589.824118;582.410446;
21.602000;675.493208;675.237405;674.981601;674.725797;674.469994;674.214190;673.620842;673.005645;672.390448;671.775250;671.160053;669.988529;668.538975;667.089422;665.639868;664.190314;662.336966;659.307591;656.278216;653.248841;650.219466;646.431643;641.503481;636.575320;631.647158;626.718996;619.517833;612.116193;604.714552;597.312912;589.911271;582.509630;
21.702000;675.595643;675.331268;675.066893;674.802518;674.538143;674.273768;673.716010;673.098543;672.481075;671.863608;671.246141;669.889578;668.419935;666.950292;665.480649;664.011006;662.197306;659.170848;656.144390;653.117931;650.091473;646.252480;641.305458;636.358436;631.411414;626.464392;619.217395;611.841067;604.464738;597.088410;589.712082;582.335754;
21.802000;675.466972;675.196436;674.925901;674.655365;674.384829;674.114294;673.541734;672.915582;672.289431;671.663280;671.037129;669.748605;668.276284;666.803963;665.331641;663.859320;661.983444;658.961778;655.940111;652.918444;649.896778;646.029500;641.080493;636.131485;631.182478;626.233471;619.133974;611.772411;604.410849;597.049286;589.687724;582.326161;
21.902000;675.564684;675.286291;675.007898;674.729505;674.451112;674.172719;673.545584;672.923577;672.301571;671.679564;671.057558;669.779777;668.287009;666.794241;665.301473;663.808705;662.002670;658.980170;655.957670;652.935170;649.912670;646.077198;641.125323;636.173448;631.221573;626.269698;619.121319;611.761006;604.400694;597.040381;589.680069;582.319756;
22.002000;675.595312;675.311115;675.026919;674.742723;674.458526;674.174330;673.596861;672.981763;672.366664;671.751565;671.136466;669.762376;668.260680;666.758983;665.257287;663.755591;661.976382;658.926590;655.876799;652.827007;649.777215;645.895166;640.938879;635.982592;631.026305;626.070019;618.868661;611.528817;604.188973;596.849129;589.509286;582.169442;
22.102000;675.459180;675.182841;674.906502;674.630163;674.353823;674.077484;673.490996;672.876293;672.261589;671.646885;671.032181;669.736751;668.226840;666.716930;665.207019;663.697108;661.733948;658.686240;655.638531;652.590823;649.543115;645.690585;640.730328;635.770070;630.809813;625.849556;618.769538;611.444148;604.118757;596.793367;589.467976;582.142585;
22.202000;675.432936;675.157668;674.882400;674.607133;674.331865;674.056597;673.502037;672.882300;672.262563;671.642826;671.023089;669.599907;668.089103;666.578300;665.067496;663.556693;661.813741;658.758845;655.703949;652.649053;649.594158;645.653589;640.702155;635.750721;630.799287;625.847853;618.789570;611.457148;604.124727;596.792305;589.459883;582.127461;
22.302000;675.346135;675.073546;674.800957;674.528367;674.255778;673.983189;673.419891;672.787325;672.154759;671.522193;670.889628;669.583125;668.072678;666.562232;665.051785;663.541339;661.657913;658.577184;655.496455;652.415726;649.334997;645.563802;640.597699;635.631596;630.665493;625.699390;618.465086;611.151492;603.837898;596.524304;589.210711;581.897117;
22.402000;675.605056;675.318449;675.031842;674.745235;674.458628;674.172021;673.556061;672.919350;672.282639;671.645929;671.009218;669.638710;668.117013;666.595317;665.073620;663.551924;661.650351;658.574414;655.498476;652.422539;649.346601;645.444475;640.448703;635.452931;630.457159;625.461387;618.380419;611.095106;603.809794;596.524481;589.239169;581.953856;
22.502000;675.401218;675.114254;674.827289;674.540325;674.253361;673.966396;673.417394;672.771210;672.125026;671.478842;670.832657;669.447243;667.926618;666.405993;664.885368;663.364743;661.439408;658.376700;655.313991;652.251283;649.188575;645.243495;640.257759;635.272024;630.286289;625.300554;618.318143;611.024003;603.729862;596.435722;589.141581;581.847440;
22.602000;675.471081;675.182063;674.893045;674.604027;674.315010;674.025992;673.346011;672.701800;672.057589;671.413379;670.769168;669.440668;667.912454;666.384240;664.856025;663.327811;661.553114;658.475301;655.397489;652.319676;649.241864;645.332272;640.359662;635.387052;630.414441;625.441831;618.332040;611.031962;603.731883;596.431805;589.131727;581.831649;
22.702000;675.498312;675.187776;674.877241;674.566705;674.256169;673.945634;673.359139;672.725883;672.092626;671.459369;670.826113;669.381658;667.856479;666.331301;664.806122;663.280944;661.471997;658.350955;655.229914;652.108872;648.987830;645.053746;640.085437;635.117129;630.148820;625.180511;618.084273;610.797633;603.510992;596.224352;588.937711;581.651070;
22.802000;675.345159;675.044177;674.743195;674.442212;674.141230;673.840248;673.251672;672.612297;671.972922;671.333547;670.694172;669.439212;667.902158;666.365105;664.828051;663.290998;661.269269;658.153853;655.038436;651.923019;648.807603;644.901040;639.933062;634.965084;629.997106;625.029128;617.932296;610.661202;603.390108;596.119014;588.847921;581.576827;
22.902000;675.352469;675.068987;674.785505;674.502022;674.218540;673.935058;673.390090;672.732558;672.075025;671.417492;670.759959;669.349461;667.787854;666.226246;664.664639;663.103032;661.288784;658.174201;655.059617;651.945034;648.830451;644.883934;639.920257;634.956581;629.992904;625.029228;617.982782;610.723329;603.463876;596.204423;588.944970;581.685517;
23.002000;675.387007;675.105221;674.823436;674.541650;674.259864;673.978079;673.318053;672.651935;671.985817;671.319698;670.653580;669.297273;667.723344;666.149416;664.575487;663.001559;660.947730;657.835230;654.722730;651.610230;648.497730;644.659019;639.684092;634.709166;629.734239;624.759313;617.670417;610.424636;603.178854;595.933073;588.687292;581.441511;
23.102000;675.369260;675.080599;674.791938;674.503277;674.214617;673.925956;673.309094;672.647910;671.986726;671.325542;670.664357;669.171746;667.598889;666.026031;664.453174;662.880317;661.099966;657.980591;654.861216;651.741841;648.622466;644.698000;639.703000;634.708000;629.713000;624.718000;617.663693;610.436896;603.210099;595.983302;588.756505;581.529708;
23.202000;675.490469;675.180648;674.870826;674.561005;674.251184;673.941362;673.306275;672.644993;671.983710;671.322427;670.661144;669.287801;667.720123;666.152444;664.584765;663.017087;661.014665;657.877374;654.740082;651.602790;648.465499;644.562000;639.554978;634.547956;629.540934;624.533912;617.552253;610.330378;603.108503;595.886628;588.664753;581.442878;
23.302000;675.321468;675.013343;674.705218;674.397093;674.088968;673.780843;673.176051;672.511807;671.847564;671.183321;670.519077;669.134871;667.550764;665.966656;664.382549;662.798442;660.855717;657.732487;654.609258;651.486029;648.362800;644.385465;639.377229;634.368994;629.360759;624.352524;617.288266;610.074750;602.861235;595.647719;588.434203;581.220688;
23.402000;675.304836;675.008229;674.711622;674.415015;674.118408;673.821801;673.169765;672.506015;671.842265;671.178515;670.514765;669.084057;667.489950;665.895843;664.301736;662.707629;660.820294;657.682481;654.544669;651.406856;648.269044;644.280525;639.291261;634.301996;629.312731;624.323466;617.456568;610.233521;603.010474;595.787427;588.564380;581.341333;
23.502000;675.300039;675.000396;674.700753;674.401110;674.101467;673.801824;673.170260;672.513615;671.856970;671.200326;670.543681;669.123549;667.523995;665.924442;664.324888;662.725334;660.793344;657.634490;654.475636;651.316782;648.157927;644.229733;639.246093;634.262453;629.278814;624.295174;617.158772;609.936662;602.714553;595.492443;588.270334;581.048225;
23.602000;675.226001;674.921983;674.617965;674.313947;674.009930;673.705912;673.122743;672.459190;671.795637;671.132085;670.468532;668.928448;667.344698;665.760948;664.177198;662.593448;660.673084;657.500688;654.328293;651.155897;647.983501;644.079150;639.076650;634.074150;629.071650;624.069150;617.082463;609.883244;602.684026;595.484807;588.285588;581.086369;
23.702000;675.241767;674.933642;674.625517;674.317392;674.009267;673.701142;673.114096;672.429425;671.744754;671.060083;670.375412;669.058627;667.472823;665.887020;664.301216;662.715413;660.715790;657.545478;654.375165;651.204853;648.034540;644.043440;639.032447;634.021455;629.010462;623.999469;617.051464;609.847401;602.643339;595.439276;588.235214;581.031151;
23.802000;675.319255;675.019344;674.719433;674.419523;674.119612;673.819701;673.163401;672.466690;671.769979;671.073269;670.376558;668.880811;667.281704;665.682596;664.083489;662.484382;660.585952;657.410119;654.234286;651.058452;647.882619;643.900130;638.897630;633.895130;628.892630;623.890130;616.801415;609.610165;602.418915;595.227665;588.036415;580.845165;
23.902000;675.169942;674.865567;674.561192;674.256817;673.952442;673.648067;672.964487;672.273895;671.583303;670.892711;670.202119;668.838663;667.231699;665.624735;664.017770;662.410806;660.346890;657.175849;654.004807;650.833765;647.662724;643.752082;638.739986;633.727891;628.715795;623.703700;616.747208;609.574318;602.401427;595.228537;588.055646;580.882755;
24.002000;675.206588;674.898463;674.590338;674.282213;673.974088;673.665963;673.011108;672.328805;671.646502;670.964200;670.281897;668.865860;667.231663;665.597467;663.963270;662.329074;660.393097;657.229243;654.065389;650.901535;647.737681;643.759200;638.736186;633.713171;628.690156;623.667141;616.689462;609.520009;602.350556;595.181103;588.011650;580.842197;
24.102000;675.218408;674.907605;674.596801;674.285998;673.975194;673.664390;672.998418;672.323615;671.648812;670.974010;670.299207;668.845538;667.194288;665.543038;663.891788;662.240538;660.264054;657.081241;653.898429;650.715616;647.532804;643.561067;638.537721;633.514376;628.491030;623.467685;616.455522;609.300991;602.146459;594.991928;587.837397;580.682866;
24.202000;675.149619;674.834976;674.520333;674.205690;673.891047;673.576404;673.024133;672.334725;671.645317;670.955909;670.266501;668.688951;667.048505;665.408058;663.767612;662.127166;660.178807;656.977453;653.776099;650.574745;647.373391;643.433996;638.395209;633.356422;628.317635;623.278849;616.309553;609.172834;602.036116;594.899397;587.762678;580.625959;
24.302000;675.158039;674.857057;674.556075;674.255093;673.954110;673.653128;672.956587;672.254350;671.552113;670.849876;670.147639;668.762443;667.121014;665.479586;663.838157;662.196729;660.199173;656.983444;653.767715;650.551986;647.336257;643.221449;638.195015;633.168581;628.142147;623.115713;616.260373;609.118654;601.976936;594.835217;587.693498;580.551779;
24.402000;675.092134;674.793563;674.494991;674.196420;673.897849;673.599277;672.974113;672.271383;671.568652;670.865922;670.163192;668.576385;666.935403;665.294421;663.653438;662.012456;660.062262;656.831012;653.599762;650.368512;647.137262;643.188868;638.175449;633.162030;628.148611;623.135192;616.115006;608.976569;601.838131;594.699694;587.561256;580.422819;
24.502000;675.131926;674.824158;674.516390;674.208622;673.900855;673.593087;672.961078;672.241275;671.521472;670.801670;670.081867;668.650416;667.018988;665.387559;663.756130;662.124702;660.150943;656.899173;653.647402;650.395631;647.143860;643.142361;638.111295;633.080229;628.049163;623.018097;616.053363;608.939066;601.824769;594.710472;587.596175;580.481878;
24.602000;675.267291;674.940773;674.614255;674.287738;673.961220;673.634702;672.896310;672.178778;671.461245;670.743712;670.026179;668.589856;666.938963;665.288070;663.637177;661.986285;659.962576;656.702159;653.441743;650.181326;646.920909;642.853835;637.827071;632.800306;627.773541;622.746776;615.753072;608.666197;601.579322;594.492447;587.405572;580.318697;
24.702000;675.126605;674.792855;674.459105;674.125355;673.791605;673.457855;672.831431;672.115477;671.399524;670.683570;669.967616;668.504296;666.833939;665.163581;663.493224;661.822867;659.668069;656.431923;653.195778;649.959632;646.723486;642.774875;637.743147;632.711419;627.679691;622.647963;615.820236;608.744299;601.668361;594.592424;587.516486;580.440549;
24.802000;675.148635;674.823724;674.498813;674.173902;673.848992;673.524081;672.849065;672.120282;671.391500;670.662717;669.933934;668.458511;666.769404;665.080296;663.391189;661.702082;659.747567;656.516213;653.284859;650.053505;646.822151;642.803846;637.757559;632.711272;627.664985;622.618699;615.676694;608.605210;601.533725;594.462241;587.390757;580.319272;
24.902000;675.203624;674.883892;674.564160;674.244428;673.924695;673.604963;672.881418;672.158260;671.435102;670.711944;669.988786;668.403870;666.715567;665.027263;663.338960;661.650656;659.666283;656.399513;653.132742;649.865971;646.599200;642.546446;637.503137;632.459829;627.416520;622.373211;615.437259;608.391946;601.346634;594.301321;587.256009;580.210696;
25.002000;674.997013;674.683799;674.370584;674.057370;673.744156;673.430941;672.793046;672.069197;671.345349;670.621500;669.897651;668.429153;666.740492;665.051831;663.363171;661.674510;659.532770;656.268811;653.004853;649.740895;646.476936;642.451713;637.410059;632.368404;627.326750;622.285095;615.573947;608.520666;601.467384;594.414103;587.360822;580.307541;
25.102000;675.120461;674.801443;674.482425;674.163408;673.844390;673.525372;672.834980;672.101658;671.368335;670.635013;669.901690;668.360973;666.661777;664.962580;663.263384;661.564187;659.569773;656.309044;653.048315;649.787586;646.526857;642.510397;637.462566;632.414735;627.366904;622.319073;615.362998;608.302608;601.242217;594.181827;587.121436;580.061045;
25.202000;675.080388;674.754585;674.428781;674.102978;673.777174;673.451370;672.753732;672.021100;671.288468;670.555837;669.823205;668.322583;666.615887;664.909190;663.202494;661.495797;659.436147;656.157605;652.879064;649.600522;646.321980;642.225402;637.185292;632.145182;627.105071;622.064961;615.117897;608.092194;601.066491;594.040788;587.015085;579.989382;
25.302000;675.067381;674.734702;674.402024;674.069345;673.736666;673.403988;672.766420;672.021453;671.276485;670.531518;669.786551;668.213034;666.502498;664.791962;663.081426;661.370891;659.274659;655.997367;652.720075;649.442784;646.165492;642.170720;637.132706;632.094691;627.056676;622.018661;615.257278;608.241731;601.226184;594.210637;587.195090;580.179543;
25.402000;675.091221;674.760864;674.430507;674.100150;673.769793;673.439436;672.786363;672.012778;671.239192;670.465606;669.692021;668.155329;666.445507;664.735686;663.025865;661.316043;659.285360;656.002548;652.719735;649.436923;646.154110;642.061143;637.024010;631.986878;626.949746;621.912613;615.085583;608.061286;601.036989;594.012692;586.988395;579.964098;
25.502000;675.112180;674.783519;674.454858;674.126198;673.797537;673.468876;672.656562;671.884753;671.112943;670.341134;669.569325;668.095347;666.364811;664.634275;662.903740;661.173204;658.937444;655.675778;652.414111;649.152444;645.890778;641.945330;636.899816;631.854301;626.808786;621.763271;614.869973;607.858254;600.846536;593.834817;586.823098;579.811379;
25.602000;675.066230;674.717391;674.368552;674.019712;673.670873;673.322034;672.595246;671.843075;671.090904;670.338733;669.586562;667.955892;666.218571;664.481249;662.743928;661.006606;659.028672;655.774192;652.519713;649.265234;646.010755;641.934082;636.877979;631.821876;626.765773;621.709670;614.911577;607.910874;600.910171;593.909468;586.908765;579.908062;
25.702000;675.003650;674.656150;674.308650;673.961150;673.613650;673.266150;672.619694;671.855188;671.090681;670.326174;669.561668;667.928483;666.215716;664.502948;662.790180;661.077412;659.091726;655.793080;652.494434;649.195788;645.897143;641.826424;636.782233;631.738041;626.693850;621.649659;614.803962;607.809509;600.815056;593.820603;586.826150;579.831697;
25.802000;675.042642;674.685945;674.329249;673.972552;673.615856;673.259160;672.482928;671.712303;670.941678;670.171053;669.400428;667.933329;666.218240;664.503150;662.788061;661.072972;658.928262;655.621282;652.314303;649.007324;645.700345;641.690378;636.637474;631.584569;626.531665;621.478760;614.632870;607.655370;600.677870;593.700370;586.722870;579.745370;
25.902000;675.023171;674.660314;674.297457;673.934600;673.571743;673.208886;672.456344;671.702693;670.949041;670.195390;669.441739;667.928526;666.185401;664.442276;662.699151;660.956026;658.875566;655.574732;652.273899;648.973066;645.672232;641.564042;636.509925;631.455807;626.401689;621.347572;614.567332;607.600222;600.633113;593.666003;586.698894;579.731785;
26.002000;674.890794;674.538562;674.186330;673.834097;673.481865;673.129633;672.501019;671.736118;670.971216;670.206315;669.441414;667.825524;666.075881;664.326239;662.576596;660.826953;658.736472;655.424910;652.113347;648.801785;645.490222;641.427228;636.383809;631.340390;626.296971;621.253552;614.495123;607.525983;600.556842;593.587702;586.618561;579.649420;
26.102000;675.034731;674.671874;674.309017;673.946160;673.583303;673.220446;672.473357;671.690298;670.907238;670.124179;669.341120;667.771130;666.023630;664.276130;662.528630;660.781130;658.634601;655.325434;652.016268;648.707101;645.397934;641.387091;636.331540;631.275988;626.220437;621.164885;614.341423;607.377204;600.412986;593.448767;586.484548;579.520329;
26.202000;674.972989;674.598168;674.223346;673.848525;673.473704;673.098882;672.333675;671.557425;670.781175;670.004925;669.228675;667.673101;665.915690;664.158280;662.400869;660.643458;658.533751;655.229897;651.926042;648.622188;645.318334;641.229574;636.166854;631.104133;626.041413;620.978692;614.218829;607.261173;600.303517;593.345861;586.388204;579.430548;
26.302000;674.899969;674.536487;674.173005;673.809523;673.446040;673.082558;672.399218;671.617737;670.836257;670.054777;669.273297;667.650922;665.891101;664.131279;662.371458;660.611636;658.507878;655.198399;651.888920;648.579441;645.269962;641.172081;636.122044;631.072007;626.021970;