t;y = 0.118 m;y = 0.114 m;y = 0.111 m;y = 0.107 m;y = 0.103 m;y = 0.099 m;y = 0.096 m;y = 0.092 m;y = 0.088 m;y = 0.084 m;y = 0.081 m;y = 0.077 m;y = 0.073 m;y = 0.069 m;y = 0.066 m;y = 0.062 m;y = 0.058 m;y = 0.054 m;y = 0.051 m;y = 0.047 m;y = 0.043 m;y = 0.039 m;y = 0.036 m;y = 0.032 m;y = 0.028 m;y = 0.024 m;y = 0.021 m;y = 0.017 m;y = 0.013 m;y = 0.009 m;y = 0.006 m;y = 0.002 m;
0.000000;0.000000000000e+00;0.000000000000e+00;0.000000000000e+00;0.000000000000e+00;0.000000000000e+00;0.000000000000e+00;0.000000000000e+00;0.000000000000e+00;0.000000000000e+00;0.000000000000e+00;0.000000000000e+00;0.000000000000e+00;0.000000000000e+00;0.000000000000e+00;0.000000000000e+00;0.000000000000e+00;0.000000000000e+00;0.000000000000e+00;0.000000000000e+00;0.000000000000e+00;0.000000000000e+00;0.000000000000e+00;0.000000000000e+00;0.000000000000e+00;0.000000000000e+00;0.000000000000e+00;0.000000000000e+00;0.000000000000e+00;0.000000000000e+00;0.000000000000e+00;0.000000000000e+00;0.000000000000e+00;
0.100000;0.000000000000e+00;0.000000000000e+00;0.000000000000e+00;0.000000000000e+00;0.000000000000e+00;0.000000000000e+00;0.000000000000e+00;0.000000000000e+00;0.000000000000e+00;0.000000000000e+00;0.000000000000e+00;0.000000000000e+00;0.000000000000e+00;0.000000000000e+00;0.000000000000e+00;0.000000000000e+00;0.000000000000e+00;0.000000000000e+00;0.000000000000e+00;0.000000000000e+00;0.000000000000e+00;0.000000000000e+00;0.000000000000e+00;0.000000000000e+00;0.000000000000e+00;0.000000000000e+00;0.000000000000e+00;0.000000000000e+00;0.000000000000e+00;0.000000000000e+00;0.000000000000e+00;0.000000000000e+00;
0.200000;0.000000000000e+00;0.000000000000e+00;0.000000000000e+00;0.000000000000e+00;0.000000000000e+00;0.000000000000e+00;0.000000000000e+00;0.000000000000e+00;0.000000000000e+00;0.000000000000e+00;0.000000000000e+00;0.000000000000e+00;0.000000000000e+00;0.000000000000e+00;0.000000000000e+00;0.000000000000e+00;0.000000000000e+00;0.000000000000e+00;0.000000000000e+00;0.000000000000e+00;0.000000000000e+00;0.000000000000e+00;0.000000000000e+00;0.000000000000e+00;0.000000000000e+00;0.000000000000e+00;0.000000000000e+00;0.000000000000e+00;0.000000000000e+00;0.000000000000e+00;0.000000000000e+00;0.000000000000e+00;
0.300000;0.000000000000e+00;0.000000000000e+00;0.000000000000e+00;0.000000000000e+00;0.000000000000e+00;0.000000000000e+00;0.000000000000e+00;0.000000000000e+00;0.000000000000e+00;0.000000000000e+00;0.000000000000e+00;0.000000000000e+00;0.000000000000e+00;0.000000000000e+00;0.000000000000e+00;0.000000000000e+00;0.000000000000e+00;0.000000000000e+00;0.000000000000e+00;0.000000000000e+00;0.000000000000e+00;0.000000000000e+00;0.000000000000e+00;0.000000000000e+00;0.000000000000e+00;0.000000000000e+00;0.000000000000e+00;0.000000000000e+00;0.000000000000e+00;0.000000000000e+00;0.000000000000e+00;0.000000000000e+00;
0.400000;0.000000000000e+00;0.000000000000e+00;0.000000000000e+00;0.000000000000e+00;0.000000000000e+00;0.000000000000e+00;0.000000000000e+00;0.000000000000e+00;0.000000000000e+00;0.000000000000e+00;0.000000000000e+00;0.000000000000e+00;0.000000000000e+00;0.000000000000e+00;0.000000000000e+00;0.000000000000e+00;0.000000000000e+00;0.000000000000e+00;0.000000000000e+00;0.000000000000e+00;0.000000000000e+00;0.000000000000e+00;0.000000000000e+00;0.000000000000e+00;0.000000000000e+00;0.000000000000e+00;0.000000000000e+00;0.000000000000e+00;0.000000000000e+00;0.000000000000e+00;0.000000000000e+00;0.000000000000e+00;
0.500000;0.000000000000e+00;0.000000000000e+00;0.000000000000e+00;0.000000000000e+00;0.000000000000e+00;0.000000000000e+00;0.000000000000e+00;0.000000000000e+00;0.000000000000e+00;0.000000000000e+00;0.000000000000e+00;0.000000000000e+00;0.000000000000e+00;0.000000000000e+00;0.000000000000e+00;0.000000000000e+00;0.000000000000e+00;0.000000000000e+00;0.000000000000e+00;0.000000000000e+00;0.000000000000e+00;0.000000000000e+00;0.000000000000e+00;0.000000000000e+00;0.000000000000e+00;0.000000000000e+00;0.000000000000e+00;0.000000000000e+00;0.000000000000e+00;0.000000000000e+00;0.000000000000e+00;0.000000000000e+00;
0.600000;0.000000000000e+00;0.000000000000e+00;0.000000000000e+00;0.000000000000e+00;0.000000000000e+00;0.000000000000e+00;0.000000000000e+00;0.000000000000e+00;0.000000000000e+00;0.000000000000e+00;0.000000000000e+00;0.000000000000e+00;0.000000000000e+00;0.000000000000e+00;0.000000000000e+00;0.000000000000e+00;0.000000000000e+00;0.000000000000e+00;0.000000000000e+00;0.000000000000e+00;0.000000000000e+00;0.000000000000e+00;0.000000000000e+00;0.000000000000e+00;0.000000000000e+00;0.000000000000e+00;0.000000000000e+00;0.000000000000e+00;0.000000000000e+00;0.000000000000e+00;0.000000000000e+00;0.000000000000e+00;
0.700000;0.000000000000e+00;0.000000000000e+00;0.000000000000e+00;0.000000000000e+00;0.000000000000e+00;0.000000000000e+00;0.000000000000e+00;0.000000000000e+00;0.000000000000e+00;0.000000000000e+00;0.000000000000e+00;0.000000000000e+00;0.000000000000e+00;0.000000000000e+00;0.000000000000e+00;0.000000000000e+00;0.000000000000e+00;0.000000000000e+00;0.000000000000e+00;0.000000000000e+00;0.000000000000e+00;0.000000000000e+00;0.000000000000e+00;0.000000000000e+00;0.000000000000e+00;0.000000000000e+00;0.000000000000e+00;0.000000000000e+00;0.000000000000e+00;0.000000000000e+00;0.000000000000e+00;0.000000000000e+00;
0.800000;0.000000000000e+00;0.000000000000e+00;0.000000000000e+00;0.000000000000e+00;0.000000000000e+00;0.000000000000e+00;0.000000000000e+00;0.000000000000e+00;0.000000000000e+00;0.000000000000e+00;0.000000000000e+00;0.000000000000e+00;0.000000000000e+00;0.000000000000e+00;0.000000000000e+00;0.000000000000e+00;0.000000000000e+00;0.000000000000e+00;0.000000000000e+00;0.000000000000e+00;0.000000000000e+00;0.000000000000e+00;0.000000000000e+00;0.000000000000e+00;0.000000000000e+00;0.000000000000e+00;0.000000000000e+00;0.000000000000e+00;0.000000000000e+00;0.000000000000e+00;0.000000000000e+00;0.000000000000e+00;
0.900000;0.000000000000e+00;0.000000000000e+00;0.000000000000e+00;0.000000000000e+00;0.000000000000e+00;0.000000000000e+00;0.000000000000e+00;0.000000000000e+00;0.000000000000e+00;0.000000000000e+00;0.000000000000e+00;0.000000000000e+00;0.000000000000e+00;0.000000000000e+00;0.000000000000e+00;0.000000000000e+00;0.000000000000e+00;0.000000000000e+00;0.000000000000e+00;0.000000000000e+00;0.000000000000e+00;0.000000000000e+00;0.000000000000e+00;0.000000000000e+00;0.000000000000e+00;0.000000000000e+00;0.000000000000e+00;0.000000000000e+00;0.000000000000e+00;0.000000000000e+00;0.000000000000e+00;0.000000000000e+00;
1.000000;0.000000000000e+00;0.000000000000e+00;0.000000000000e+00;0.000000000000e+00;0.000000000000e+00;0.000000000000e+00;0.000000000000e+00;0.000000000000e+00;0.000000000000e+00;0.000000000000e+00;0.000000000000e+00;0.000000000000e+00;0.000000000000e+00;0.000000000000e+00;0.000000000000e+00;0.000000000000e+00;0.000000000000e+00;0.000000000000e+00;0.000000000000e+00;0.000000000000e+00;0.000000000000e+00;0.000000000000e+00;0.000000000000e+00;0.000000000000e+00;0.000000000000e+00;0.000000000000e+00;0.000000000000e+00;0.000000000000e+00;0.000000000000e+00;0.000000000000e+00;0.000000000000e+00;0.000000000000e+00;
1.100000;0.000000000000e+00;0.000000000000e+00;0.000000000000e+00;0.000000000000e+00;0.000000000000e+00;0.000000000000e+00;0.000000000000e+00;0.000000000000e+00;0.000000000000e+00;0.000000000000e+00;0.000000000000e+00;0.000000000000e+00;0.000000000000e+00;0.000000000000e+00;0.000000000000e+00;0.000000000000e+00;0.000000000000e+00;0.000000000000e+00;0.000000000000e+00;0.000000000000e+00;0.000000000000e+00;0.000000000000e+00;0.000000000000e+00;0.000000000000e+00;0.000000000000e+00;0.000000000000e+00;0.000000000000e+00;0.000000000000e+00;0.000000000000e+00;0.000000000000e+00;0.000000000000e+00;0.000000000000e+00;
1.200000;0.000000000000e+00;0.000000000000e+00;0.000000000000e+00;0.000000000000e+00;0.000000000000e+00;0.000000000000e+00;0.000000000000e+00;0.000000000000e+00;0.000000000000e+00;0.000000000000e+00;0.000000000000e+00;0.000000000000e+00;0.000000000000e+00;0.000000000000e+00;0.000000000000e+00;0.000000000000e+00;0.000000000000e+00;0.000000000000e+00;0.000000000000e+00;0.000000000000e+00;0.000000000000e+00;0.000000000000e+00;0.000000000000e+00;0.000000000000e+00;0.000000000000e+00;0.000000000000e+00;0.000000000000e+00;0.000000000000e+00;0.000000000000e+00;0.000000000000e+00;0.000000000000e+00;0.000000000000e+00;
1.300000;0.000000000000e+00;0.000000000000e+00;0.000000000000e+00;0.000000000000e+00;0.000000000000e+00;0.000000000000e+00;0.000000000000e+00;0.000000000000e+00;0.000000000000e+00;0.000000000000e+00;0.000000000000e+00;0.000000000000e+00;0.000000000000e+00;0.000000000000e+00;0.000000000000e+00;0.000000000000e+00;0.000000000000e+00;0.000000000000e+00;0.000000000000e+00;0.000000000000e+00;0.000000000000e+00;0.000000000000e+00;0.000000000000e+00;0.000000000000e+00;0.000000000000e+00;0.000000000000e+00;0.000000000000e+00;0.000000000000e+00;0.000000000000e+00;0.000000000000e+00;0.000000000000e+00;0.000000000000e+00;
1.400000;0.000000000000e+00;0.000000000000e+00;0.000000000000e+00;0.000000000000e+00;0.000000000000e+00;0.000000000000e+00;0.000000000000e+00;0.000000000000e+00;0.000000000000e+00;0.000000000000e+00;0.000000000000e+00;0.000000000000e+00;0.000000000000e+00;0.000000000000e+00;0.000000000000e+00;0.000000000000e+00;0.000000000000e+00;0.000000000000e+00;0.000000000000e+00;0.000000000000e+00;0.000000000000e+00;0.000000000000e+00;0.000000000000e+00;0.000000000000e+00;0.000000000000e+00;0.000000000000e+00;0.000000000000e+00;0.000000000000e+00;0.000000000000e+00;0.000000000000e+00;0.000000000000e+00;0.000000000000e+00;
1.500000;0.000000000000e+00;0.000000000000e+00;0.000000000000e+00;0.000000000000e+00;0.000000000000e+00;0.000000000000e+00;0.000000000000e+00;0.000000000000e+00;0.000000000000e+00;0.000000000000e+00;0.000000000000e+00;0.000000000000e+00;0.000000000000e+00;0.000000000000e+00;0.000000000000e+00;0.000000000000e+00;0.000000000000e+00;0.000000000000e+00;0.000000000000e+00;0.000000000000e+00;0.000000000000e+00;0.000000000000e+00;0.000000000000e+00;0.000000000000e+00;0.000000000000e+00;0.000000000000e+00;0.000000000000e+00;0.000000000000e+00;0.000000000000e+00;0.000000000000e+00;0.000000000000e+00;0.000000000000e+00;
1.600000;0.000000000000e+00;0.000000000000e+00;0.000000000000e+00;0.000000000000e+00;0.000000000000e+00;0.000000000000e+00;0.000000000000e+00;0.000000000000e+00;0.000000000000e+00;0.000000000000e+00;0.000000000000e+00;0.000000000000e+00;0.000000000000e+00;0.000000000000e+00;0.000000000000e+00;0.000000000000e+00;0.000000000000e+00;0.000000000000e+00;0.000000000000e+00;0.000000000000e+00;0.000000000000e+00;0.000000000000e+00;0.000000000000e+00;0.000000000000e+00;0.000000000000e+00;0.000000000000e+00;0.000000000000e+00;0.000000000000e+00;0.000000000000e+00;0.000000000000e+00;0.000000000000e+00;0.000000000000e+00;
1.700000;0.000000000000e+00;0.000000000000e+00;0.000000000000e+00;0.000000000000e+00;0.000000000000e+00;0.000000000000e+00;0.000000000000e+00;0.000000000000e+00;0.000000000000e+00;0.000000000000e+00;0.000000000000e+00;0.000000000000e+00;0.000000000000e+00;0.000000000000e+00;0.000000000000e+00;0.000000000000e+00;0.000000000000e+00;0.000000000000e+00;0.000000000000e+00;0.000000000000e+00;0.000000000000e+00;0.000000000000e+00;0.000000000000e+00;0.000000000000e+00;0.000000000000e+00;0.000000000000e+00;0.000000000000e+00;0.000000000000e+00;0.000000000000e+00;0.000000000000e+00;0.000000000000e+00;0.000000000000e+00;
1.800000;0.000000000000e+00;0.000000000000e+00;0.000000000000e+00;0.000000000000e+00;0.000000000000e+00;0.000000000000e+00;0.000000000000e+00;0.000000000000e+00;0.000000000000e+00;0.000000000000e+00;0.000000000000e+00;0.000000000000e+00;0.000000000000e+00;0.000000000000e+00;0.000000000000e+00;0.000000000000e+00;0.000000000000e+00;0.000000000000e+00;0.000000000000e+00;0.000000000000e+00;0.000000000000e+00;0.000000000000e+00;0.000000000000e+00;0.000000000000e+00;0.000000000000e+00;0.000000000000e+00;0.000000000000e+00;0.000000000000e+00;0.000000000000e+00;0.000000000000e+00;0.000000000000e+00;0.000000000000e+00;
1.900000;0.000000000000e+00;0.000000000000e+00;0.000000000000e+00;0.000000000000e+00;0.000000000000e+00;0.000000000000e+00;0.000000000000e+00;0.000000000000e+00;0.000000000000e+00;0.000000000000e+00;0.000000000000e+00;0.000000000000e+00;0.000000000000e+00;0.000000000000e+00;0.000000000000e+00;0.000000000000e+00;0.000000000000e+00;0.000000000000e+00;0.000000000000e+00;0.000000000000e+00;0.000000000000e+00;0.000000000000e+00;0.000000000000e+00;0.000000000000e+00;0.000000000000e+00;0.000000000000e+00;0.000000000000e+00;0.000000000000e+00;0.000000000000e+00;0.000000000000e+00;0.000000000000e+00;0.000000000000e+00;
2.000000;0.000000000000e+00;0.000000000000e+00;0.000000000000e+00;0.000000000000e+00;0.000000000000e+00;0.000000000000e+00;0.000000000000e+00;0.000000000000e+00;0.000000000000e+00;0.000000000000e+00;0.000000000000e+00;0.000000000000e+00;0.000000000000e+00;0.000000000000e+00;0.000000000000e+00;0.000000000000e+00;0.000000000000e+00;0.000000000000e+00;0.000000000000e+00;0.000000000000e+00;0.000000000000e+00;0.000000000000e+00;0.000000000000e+00;0.000000000000e+00;0.000000000000e+00;0.000000000000e+00;0.000000000000e+00;0.000000000000e+00;0.000000000000e+00;0.000000000000e+00;0.000000000000e+00;0.000000000000e+00;
2.100000;0.000000000000e+00;0.000000000000e+00;0.000000000000e+00;0.000000000000e+00;0.000000000000e+00;0.000000000000e+00;0.000000000000e+00;0.000000000000e+00;0.000000000000e+00;0.000000000000e+00;0.000000000000e+00;0.000000000000e+00;0.000000000000e+00;0.000000000000e+00;0.000000000000e+00;0.000000000000e+00;0.000000000000e+00;0.000000000000e+00;0.000000000000e+00;0.000000000000e+00;0.000000000000e+00;0.000000000000e+00;0.000000000000e+00;0.000000000000e+00;0.000000000000e+00;0.000000000000e+00;0.000000000000e+00;0.000000000000e+00;0.000000000000e+00;0.000000000000e+00;0.000000000000e+00;0.000000000000e+00;
2.200000;0.000000000000e+00;0.000000000000e+00;0.000000000000e+00;0.000000000000e+00;0.000000000000e+00;0.000000000000e+00;0.000000000000e+00;0.000000000000e+00;0.000000000000e+00;0.000000000000e+00;0.000000000000e+00;0.000000000000e+00;0.000000000000e+00;0.000000000000e+00;0.000000000000e+00;0.000000000000e+00;0.000000000000e+00;0.000000000000e+00;0.000000000000e+00;0.000000000000e+00;0.000000000000e+00;0.000000000000e+00;0.000000000000e+00;0.000000000000e+00;0.000000000000e+00;0.000000000000e+00;0.000000000000e+00;0.000000000000e+00;0.000000000000e+00;0.000000000000e+00;0.000000000000e+00;0.000000000000e+00;
2.300000;0.000000000000e+00;0.000000000000e+00;0.000000000000e+00;0.000000000000e+00;0.000000000000e+00;0.000000000000e+00;0.000000000000e+00;0.000000000000e+00;0.000000000000e+00;0.000000000000e+00;0.000000000000e+00;0.000000000000e+00;0.000000000000e+00;0.000000000000e+00;0.000000000000e+00;0.000000000000e+00;0.000000000000e+00;0.000000000000e+00;0.000000000000e+00;0.000000000000e+00;0.000000000000e+00;0.000000000000e+00;0.000000000000e+00;0.000000000000e+00;0.000000000000e+00;0.000000000000e+00;0.000000000000e+00;0.000000000000e+00;0.000000000000e+00;0.000000000000e+00;0.000000000000e+00;0.000000000000e+00;
2.400000;0.000000000000e+00;0.000000000000e+00;0.000000000000e+00;0.000000000000e+00;0.000000000000e+00;0.000000000000e+00;0.000000000000e+00;0.000000000000e+00;0.000000000000e+00;0.000000000000e+00;0.000000000000e+00;0.000000000000e+00;0.000000000000e+00;0.000000000000e+00;0.000000000000e+00;0.000000000000e+00;0.000000000000e+00;0.000000000000e+00;0.000000000000e+00;0.000000000000e+00;0.000000000000e+00;0.000000000000e+00;0.000000000000e+00;0.000000000000e+00;0.000000000000e+00;0.000000000000e+00;0.000000000000e+00;0.000000000000e+00;0.000000000000e+00;0.000000000000e+00;0.000000000000e+00;0.000000000000e+00;
2.500000;0.000000000000e+00;0.000000000000e+00;0.000000000000e+00;0.000000000000e+00;0.000000000000e+00;0.000000000000e+00;0.000000000000e+00;0.000000000000e+00;0.000000000000e+00;0.000000000000e+00;0.000000000000e+00;0.000000000000e+00;0.000000000000e+00;0.000000000000e+00;0.000000000000e+00;0.000000000000e+00;0.000000000000e+00;0.000000000000e+00;0.000000000000e+00;0.000000000000e+00;0.000000000000e+00;0.000000000000e+00;0.000000000000e+00;0.000000000000e+00;0.000000000000e+00;0.000000000000e+00;0.000000000000e+00;0.000000000000e+00;0.000000000000e+00;0.000000000000e+00;0.000000000000e+00;0.000000000000e+00;
2.600000;0.000000000000e+00;0.000000000000e+00;0.000000000000e+00;0.000000000000e+00;0.000000000000e+00;0.000000000000e+00;0.000000000000e+00;0.000000000000e+00;0.000000000000e+00;0.000000000000e+00;0.000000000000e+00;0.000000000000e+00;0.000000000000e+00;0.000000000000e+00;0.000000000000e+00;0.000000000000e+00;0.000000000000e+00;0.000000000000e+00;0.000000000000e+00;0.000000000000e+00;0.000000000000e+00;0.000000000000e+00;0.000000000000e+00;0.000000000000e+00;0.000000000000e+00;0.000000000000e+00;0.000000000000e+00;0.000000000000e+00;0.000000000000e+00;0.000000000000e+00;0.000000000000e+00;0.000000000000e+00;
2.700000;0.000000000000e+00;0.000000000000e+00;0.000000000000e+00;0.000000000000e+00;0.000000000000e+00;0.000000000000e+00;0.000000000000e+00;0.000000000000e+00;0.000000000000e+00;0.000000000000e+00;0.000000000000e+00;0.000000000000e+00;0.000000000000e+00;0.000000000000e+00;0.000000000000e+00;0.000000000000e+00;0.000000000000e+00;0.000000000000e+00;0.000000000000e+00;0.000000000000e+00;0.000000000000e+00;0.000000000000e+00;0.000000000000e+00;0.000000000000e+00;0.000000000000e+00;0.000000000000e+00;0.000000000000e+00;0.000000000000e+00;0.000000000000e+00;0.000000000000e+00;0.000000000000e+00;0.000000000000e+00;
2.800000;0.000000000000e+00;0.000000000000e+00;0.000000000000e+00;0.000000000000e+00;0.000000000000e+00;0.000000000000e+00;0.000000000000e+00;0.000000000000e+00;0.000000000000e+00;0.000000000000e+00;0.000000000000e+00;0.000000000000e+00;0.000000000000e+00;0.000000000000e+00;0.000000000000e+00;0.000000000000e+00;0.000000000000e+00;0.000000000000e+00;0.000000000000e+00;0.000000000000e+00;0.000000000000e+00;0.000000000000e+00;0.000000000000e+00;0.000000000000e+00;0.000000000000e+00;0.000000000000e+00;0.000000000000e+00;0.000000000000e+00;0.000000000000e+00;0.000000000000e+00;0.000000000000e+00;0.000000000000e+00;
2.900000;0.000000000000e+00;0.000000000000e+00;0.000000000000e+00;0.000000000000e+00;0.000000000000e+00;0.000000000000e+00;0.000000000000e+00;0.000000000000e+00;0.000000000000e+00;0.000000000000e+00;0.000000000000e+00;0.000000000000e+00;0.000000000000e+00;0.000000000000e+00;0.000000000000e+00;0.000000000000e+00;0.000000000000e+00;0.000000000000e+00;0.000000000000e+00;0.000000000000e+00;0.000000000000e+00;0.000000000000e+00;0.000000000000e+00;0.000000000000e+00;0.000000000000e+00;0.000000000000e+00;0.000000000000e+00;0.000000000000e+00;0.000000000000e+00;0.000000000000e+00;0.000000000000e+00;0.000000000000e+00;
3.000000;0.000000000000e+00;0.000000000000e+00;0.000000000000e+00;0.000000000000e+00;0.000000000000e+00;0.000000000000e+00;0.000000000000e+00;0.000000000000e+00;0.000000000000e+00;0.000000000000e+00;0.000000000000e+00;0.000000000000e+00;0.000000000000e+00;0.000000000000e+00;0.000000000000e+00;0.000000000000e+00;0.000000000000e+00;0.000000000000e+00;0.000000000000e+00;0.000000000000e+00;0.000000000000e+00;0.000000000000e+00;0.000000000000e+00;0.000000000000e+00;0.000000000000e+00;0.000000000000e+00;0.000000000000e+00;0.000000000000e+00;0.000000000000e+00;0.000000000000e+00;0.000000000000e+00;0.000000000000e+00;
3.100000;0.000000000000e+00;0.000000000000e+00;0.000000000000e+00;0.000000000000e+00;0.000000000000e+00;0.000000000000e+00;0.000000000000e+00;0.000000000000e+00;0.000000000000e+00;0.000000000000e+00;0.000000000000e+00;0.000000000000e+00;0.000000000000e+00;0.000000000000e+00;0.000000000000e+00;0.000000000000e+00;0.000000000000e+00;0.000000000000e+00;0.000000000000e+00;0.000000000000e+00;0.000000000000e+00;0.000000000000e+00;0.000000000000e+00;0.000000000000e+00;0.000000000000e+00;0.000000000000e+00;0.000000000000e+00;0.000000000000e+00;0.000000000000e+00;0.000000000000e+00;0.000000000000e+00;0.000000000000e+00;
3.200000;0.000000000000e+00;0.000000000000e+00;0.000000000000e+00;0.000000000000e+00;0.000000000000e+00;0.000000000000e+00;0.000000000000e+00;0.000000000000e+00;0.000000000000e+00;0.000000000000e+00;0.000000000000e+00;0.000000000000e+00;0.000000000000e+00;0.000000000000e+00;0.000000000000e+00;0.000000000000e+00;0.000000000000e+00;0.000000000000e+00;0.000000000000e+00;0.000000000000e+00;0.000000000000e+00;0.000000000000e+00;0.000000000000e+00;0.000000000000e+00;0.000000000000e+00;0.000000000000e+00;0.000000000000e+00;0.000000000000e+00;0.000000000000e+00;0.000000000000e+00;0.000000000000e+00;0.000000000000e+00;
3.300000;0.000000000000e+00;0.000000000000e+00;0.000000000000e+00;0.000000000000e+00;0.000000000000e+00;0.000000000000e+00;0.000000000000e+00;0.000000000000e+00;0.000000000000e+00;0.000000000000e+00;0.000000000000e+00;0.000000000000e+00;0.000000000000e+00;0.000000000000e+00;0.000000000000e+00;0.000000000000e+00;0.000000000000e+00;0.000000000000e+00;0.000000000000e+00;0.000000000000e+00;0.000000000000e+00;0.000000000000e+00;0.000000000000e+00;0.000000000000e+00;0.000000000000e+00;0.000000000000e+00;0.000000000000e+00;0.000000000000e+00;0.000000000000e+00;0.000000000000e+00;0.000000000000e+00;0.000000000000e+00;
3.400000;0.000000000000e+00;0.000000000000e+00;0.000000000000e+00;0.000000000000e+00;0.000000000000e+00;0.000000000000e+00;0.000000000000e+00;0.000000000000e+00;0.000000000000e+00;0.000000000000e+00;0.000000000000e+00;0.000000000000e+00;0.000000000000e+00;0.000000000000e+00;0.000000000000e+00;0.000000000000e+00;0.000000000000e+00;0.000000000000e+00;0.000000000000e+00;0.000000000000e+00;0.000000000000e+00;0.000000000000e+00;0.000000000000e+00;0.000000000000e+00;0.000000000000e+00;0.000000000000e+00;0.000000000000e+00;0.000000000000e+00;0.000000000000e+00;0.000000000000e+00;0.000000000000e+00;0.000000000000e+00;
3.500000;0.000000000000e+00;0.000000000000e+00;0.000000000000e+00;0.000000000000e+00;0.000000000000e+00;0.000000000000e+00;0.000000000000e+00;0.000000000000e+00;0.000000000000e+00;0.000000000000e+00;0.000000000000e+00;0.000000000000e+00;0.000000000000e+00;0.000000000000e+00;0.000000000000e+00;0.000000000000e+00;0.000000000000e+00;0.000000000000e+00;0.000000000000e+00;0.000000000000e+00;0.000000000000e+00;0.000000000000e+00;0.000000000000e+00;0.000000000000e+00;0.000000000000e+00;0.000000000000e+00;0.000000000000e+00;0.000000000000e+00;0.000000000000e+00;0.000000000000e+00;0.000000000000e+00;0.000000000000e+00;
3.600000;0.000000000000e+00;0.000000000000e+00;0.000000000000e+00;0.000000000000e+00;0.000000000000e+00;0.000000000000e+00;0.000000000000e+00;0.000000000000e+00;0.000000000000e+00;0.000000000000e+00;0.000000000000e+00;0.000000000000e+00;0.000000000000e+00;0.000000000000e+00;0.000000000000e+00;0.000000000000e+00;0.000000000000e+00;0.000000000000e+00;0.000000000000e+00;0.000000000000e+00;0.000000000000e+00;0.000000000000e+00;0.000000000000e+00;0.000000000000e+00;0.000000000000e+00;0.000000000000e+00;0.000000000000e+00;0.000000000000e+00;0.000000000000e+00;0.000000000000e+00;0.000000000000e+00;0.000000000000e+00;
3.700000;0.000000000000e+00;0.000000000000e+00;0.000000000000e+00;0.000000000000e+00;0.000000000000e+00;0.000000000000e+00;0.000000000000e+00;0.000000000000e+00;0.000000000000e+00;0.000000000000e+00;0.000000000000e+00;0.000000000000e+00;0.000000000000e+00;0.000000000000e+00;0.000000000000e+00;0.000000000000e+00;0.000000000000e+00;0.000000000000e+00;0.000000000000e+00;0.000000000000e+00;0.000000000000e+00;0.000000000000e+00;0.000000000000e+00;0.000000000000e+00;0.000000000000e+00;0.000000000000e+00;0.000000000000e+00;0.000000000000e+00;0.000000000000e+00;0.000000000000e+00;0.000000000000e+00;0.000000000000e+00;
3.800000;0.000000000000e+00;0.000000000000e+00;0.000000000000e+00;0.000000000000e+00;0.000000000000e+00;0.000000000000e+00;0.000000000000e+00;0.000000000000e+00;0.000000000000e+00;0.000000000000e+00;0.000000000000e+00;0.000000000000e+00;0.000000000000e+00;0.000000000000e+00;0.000000000000e+00;0.000000000000e+00;0.000000000000e+00;0.000000000000e+00;0.000000000000e+00;0.000000000000e+00;0.000000000000e+00;0.000000000000e+00;0.000000000000e+00;0.000000000000e+00;0.000000000000e+00;0.000000000000e+00;0.000000000000e+00;0.000000000000e+00;0.000000000000e+00;0.000000000000e+00;0.000000000000e+00;0.000000000000e+00;
3.900000;0.000000000000e+00;0.000000000000e+00;0.000000000000e+00;0.000000000000e+00;0.000000000000e+00;0.000000000000e+00;0.000000000000e+00;0.000000000000e+00;0.000000000000e+00;0.000000000000e+00;0.000000000000e+00;0.000000000000e+00;0.000000000000e+00;0.000000000000e+00;0.000000000000e+00;0.000000000000e+00;0.000000000000e+00;0.000000000000e+00;0.000000000000e+00;0.000000000000e+00;0.000000000000e+00;0.000000000000e+00;0.000000000000e+00;0.000000000000e+00;0.000000000000e+00;0.000000000000e+00;0.000000000000e+00;0.000000000000e+00;0.000000000000e+00;0.000000000000e+00;0.000000000000e+00;0.000000000000e+00;
4.000000;0.000000000000e+00;0.000000000000e+00;0.000000000000e+00;0.000000000000e+00;0.000000000000e+00;0.000000000000e+00;0.000000000000e+00;0.000000000000e+00;0.000000000000e+00;0.000000000000e+00;0.000000000000e+00;0.000000000000e+00;0.000000000000e+00;0.000000000000e+00;0.000000000000e+00;0.000000000000e+00;0.000000000000e+00;0.000000000000e+00;0.000000000000e+00;0.000000000000e+00;0.000000000000e+00;0.000000000000e+00;0.000000000000e+00;0.000000000000e+00;0.000000000000e+00;0.000000000000e+00;0.000000000000e+00;0.000000000000e+00;0.000000000000e+00;0.000000000000e+00;0.000000000000e+00;0.000000000000e+00;
4.102000;0.000000000000e+00;0.000000000000e+00;0.000000000000e+00;0.000000000000e+00;0.000000000000e+00;0.000000000000e+00;0.000000000000e+00;0.000000000000e+00;0.000000000000e+00;0.000000000000e+00;0.000000000000e+00;0.000000000000e+00;0.000000000000e+00;0.000000000000e+00;0.000000000000e+00;0.000000000000e+00;0.000000000000e+00;0.000000000000e+00;0.000000000000e+00;0.000000000000e+00;0.000000000000e+00;0.000000000000e+00;0.000000000000e+00;0.000000000000e+00;0.000000000000e+00;0.000000000000e+00;0.000000000000e+00;0.000000000000e+00;0.000000000000e+00;0.000000000000e+00;0.000000000000e+00;0.000000000000e+00;
4.202000;0.000000000000e+00;0.000000000000e+00;0.000000000000e+00;0.000000000000e+00;0.000000000000e+00;0.000000000000e+00;0.000000000000e+00;0.000000000000e+00;0.000000000000e+00;0.000000000000e+00;0.000000000000e+00;0.000000000000e+00;0.000000000000e+00;0.000000000000e+00;0.000000000000e+00;0.000000000000e+00;0.000000000000e+00;0.000000000000e+00;0.000000000000e+00;0.000000000000e+00;0.000000000000e+00;0.000000000000e+00;0.000000000000e+00;0.000000000000e+00;0.000000000000e+00;0.000000000000e+00;0.000000000000e+00;0.000000000000e+00;0.000000000000e+00;0.000000000000e+00;0.000000000000e+00;0.000000000000e+00;
4.302000;0.000000000000e+00;0.000000000000e+00;0.000000000000e+00;0.000000000000e+00;0.000000000000e+00;0.000000000000e+00;0.000000000000e+00;0.000000000000e+00;