t	fd_A	fd_V
0	0	0	0
0.002	0	0	0
0.0041	0	0	1.65436122510606E-24
0.006	0	0	2.01422999999995E-10
0.00800000000000001	0	0	4.06226999999974E-10
0.0101	0	0	3.97046694025453E-23
0.0121	0	0	1.85288457211878E-22
0.0141	0	0	4.76456032830544E-22
0.0161	0	0	8.99972506457694E-22
0.0180999999999999	0	0	1.58818677610181E-21
0.0200999999999999	0	0	2.43521972335611E-21
0.0220999999999999	0	0	3.81164826264435E-21
0.0240999999999999	0	0	5.50571415715295E-21
0.0260999999999999	0	0	7.6232965252887E-21
0.0280999999999999	0	0	9.74087889342445E-21
0.0300999999999999	0	0	1.35525271560688E-20
0.0320999999999999	0	0	1.35525271560688E-20
0.0341	0	0	6.7762635780344E-21
0.036	0	0	1.74871999999987E-08
0.0380000000000001	0	0	2.03730999999865E-08
0.0400000000000001	0	0	2.36372999999715E-08
0.0420000000000002	0	0	2.73322999999521E-08
0.0440000000000002	0	0	3.1519699999925E-08
0.0460000000000003	0	0	3.62718999998951E-08
0.0480000000000003	0	0	4.16731999998536E-08
0.0500000000000004	0	0	4.78220999998085E-08
0.0520000000000005	0	0	5.48335999997474E-08
0.0540000000000005	0	3.36073555423295E-08	6.28412999996772E-08
0.0560000000000006	0	3.35246014532547E-08	7.20009999995847E-08
0.0580000000000006	0	3.34422989606827E-08	8.24932999994785E-08
0.0600000000000007	0	3.33604475634212E-08	9.45278999993449E-08
0.0620000000000007	0	3.32790467520864E-08	1.08347999999185E-07
0.0640000000000008	0	3.31980960099467E-08	1.24233999998998E-07
0.0660000000000009	0	3.31175948135992E-08	1.42509999998775E-07
0.0680000000000009	0	3.30381066746185E-08	1.63551999998504E-07
0.070000000000001	0	3.29594242963245E-08	1.87788999998192E-07
0.072000000000001	0	0	2.15716999997783E-07
0.0740000000000011	0	0	2.47902999997299E-07
0.0760000000000012	0	0	2.84997999996689E-07
0.0780000000000012	0	0	3.27741999996058E-07
0.0800000000000013	1.34008555270431E-06	0	1.57322000000315E-07
0.0820000000000013	1.23219682776175E-05	4.26149491341008E-07	1.05672000000092E-06
0.0840000000000014	3.80801188272471E-05	2.69522401220423E-06	2.97054000000175E-06
0.0860000000000014	8.83165342146616E-05	0	6.18897000000289E-06
0.0880000000000015	0.000166328224843363	4.56447875172492E-08	1.10603000000044E-05
0.0900000000000016	0.00027372654176709	3.15040213026478E-06	1.79994000000064E-05
0.0920000000000016	0.000420244170101933	1.2223359717176E-05	2.74969000000089E-05
0.0940000000000017	0.00082233482302168	5.02666322094849E-05	4.0129400000012E-05
0.0960000000000017	0.000952706044443113	6.33574556051944E-05	5.6569800000016E-05
0.0980000000000018	0.00112803575578573	8.35029102497718E-05	7.7598300000021E-05
0.100000000000002	0.00135287023071474	0.000111812103553797	0.000104114000000027
0.102000000000002	0.00157199185831153	0.00014234912964941	0.000137145000000035
0.104000000000002	0.00177264517058743	0.000172692457369472	0.000177863000000044
0.106000000000002	0.00202602222841642	0.000212408629021441	0.000227587000000056
0.108000000000002	0.00235760822311767	0.000260263531598227	0.000287801000000068
0.110000000000002	0.00278208143921314	0.000318782169748856	0.000360153000000084
0.112000000000002	0.00323662228509604	0.000387825013680869	0.000446466000000104
0.114000000000002	0.00369863154726124	0.000454016645675081	0.000548739000000124
0.116000000000002	0.00427573962855233	0.000536827733169886	0.00066914000000015
0.118000000000002	0.00485544700981647	0.000629201558315265	0.000810007000000178
0.120000000000002	0.00547791543609313	0.00073628295068805	0.000973827000000213
0.122000000000002	0.00622972315297066	0.0008757237253752	0.00116000000000025
0.124000000000003	0.00695597131802455	0.0010201676175674	0.00138000000000025
0.126000000000002	0.00779725807903615	0.00119235880228278	0.00163000000000024
0.128000000000002	0.0087270495704055	0.00137850448999595	0.00191000000000044
0.130000000000002	0.00975041186191394	0.00159750207426108	0.0022300000000004
0.132000000000002	0.0106964545322739	0.00181453388283207	0.00259000000000036
0.134000000000002	0.011649233234801	0.00204334958830309	0.00299000000000031
0.136000000000001	0.0126436901442703	0.00229441674840301	0.00344000000000027
0.138000000000001	0.0138389271254217	0.00258373587016609	0.00393000000000034
0.140000000000001	0.0151507389219103	0.00292106574207633	0.00447000000000027
0.142000000000001	0.0165865503022159	0.00328351157890312	0.00507000000000021
0.144	0.0179737624149123	0.00365124231050401	0.00571000000000019
0.146	0.0194087370212422	0.00404919261104298	0.0064100000000001
0.148	0.0208824661795349	0.00447948039006846	0.00716000000000001
0.1501	0.0224102834014662	0.00494378152186072	0.00799999999999991
0.1521	0.0239492927053255	0.00543180500568861	0.00885999999999982
0.154099999999999	0.025424608902456	0.00591780016066866	0.00976999999999974
0.156099999999999	0.0271105861184469	0.00646562065355475	0.0107299999999996
0.158099999999999	0.0287387386746153	0.00701025853331737	0.0117399999999995
0.160099999999999	0.0303488120190868	0.0075683654637657	0.0127999999999992
0.162099999999998	0.0319342877625576	0.00812551752805463	0.0138899999999992
0.164099999999998	0.0336942654845745	0.00874246712830679	0.0150299999999991
0.166099999999998	0.0354108135434241	0.00936415716702478	0.0162099999999988
0.168099999999998	0.0372806424105202	0.0100450942352921	0.0174299999999985
0.170099999999998	0.0391543261645033	0.0107354887541224	0.0186699999999985
0.172099999999997	0.0410221407339477	0.0114422691558615	0.0199499999999982
0.174099999999997	0.0428113958099202	0.0121410313962189	0.0212499999999983
0.176099999999997	0.0445517494979997	0.0128366422857156	0.0225799999999978
0.178099999999997	0.0463190277841334	0.0135606531522264	0.0239299999999977
0.180099999999996	0.0480321363245914	0.0142788348530681	0.0252999999999975
0.182099999999996	0.04967829644513	0.014984539586355	0.0266799999999974
0.184099999999996	0.0513443889054186	0.0157132545878987	0.0280799999999972
0.186099999999996	0.0529715906458005	0.016439043650132	0.0294899999999971
0.188099999999996	0.0547063119167069	0.0172021542641554	0.0309099999999969
0.190099999999995	0.0563814530678374	0.0179488434358253	0.0323399999999968
0.192099999999995	0.0580048939343737	0.0186856051576569	0.0337699999999966
0.194099999999995	0.059718404444848	0.0194569111933023	0.0351999999999965
0.196099999999995	0.0613874774374623	0.0202119782030773	0.0366399999999963
0.198099999999995	0.0630099506081075	0.0209593955845078	0.0380799999999962
0.200099999999994	0.0646283982338074	0.0217165416822048	0.0395199999999954
0.202099999999994	0.0662424792951174	0.0224849447903014	0.0409499999999959
0.204099999999994	0.0678211536798997	0.023248511012223	0.0423799999999957
0.206099999999994	0.0693540112086018	0.0240007742319441	0.0438099999999955
0.208099999999993	0.070981335747516	0.0247842256006013	0.0452299999999954
0.210099999999993	0.0725716573201787	0.0255596268799023	0.0466499999999952
0.212099999999993	0.0741169231012568	0.0263236435672357	0.0480599999999951
0.214099999999993	0.0756295750925235	0.0270813111164343	0.0494599999999949
0.216099999999993	0.077074601841056	0.0278145439577257	0.0508499999999948
0.218099999999992	0.0784855815281146	0.0285389330505947	0.0522399999999946
0.220099999999992	0.0798762349789044	0.0292614174065009	0.0536099999999945
0.222099999999992	0.0812409175902699	0.0299788731865363	0.0549799999999943
0.224099999999992	0.0825482678740413	0.0306733792888944	0.0563399999999942
0.226099999999991	0.0838386164889726	0.0313664932842076	0.0576799999999949
0.228099999999991	0.0851064427060163	0.0320534450359077	0.0590199999999939
0.230099999999991	0.0863421715524659	0.0327307799412533	0.0603399999999946
0.232099999999991	0.0876401178672094	0.0334361950964134	0.0616599999999936
0.234099999999991	0.0889634382810832	0.0341510732175607	0.0629599999999934
0.23609999999999	0.0902699589196266	0.0348640807542637	0.0642499999999932
0.23809999999999	0.0915414876599208	0.0355635974425968	0.0655299999999931
0.24009999999999	0.0927845845339682	0.0362546301662907	0.0667899999999939
0.24209999999999	0.0939978403158031	0.0369307204252307	0.0680499999999927
0.244099999999989	0.0952399873866488	0.0376098933217733	0.0692899999999936
0.246099999999989	0.0964374383005651	0.0382692483367941	0.0705199999999935
0.248099999999989	0.0976114717374942	0.0389222997597547	0.0717399999999934
0.250099999999989	0.0987770945258496	0.039575867487619	0.0729399999999933
0.252099999999989	0.0999005975397109	0.0402119046129552	0.0741399999999931
0.254099999999988	0.10099114373985	0.040834159680477	0.075319999999993
0.256099999999988	0.102076336330439	0.0414577735871635	0.0764899999999929
0.258099999999988	0.103127494385243	0.0420663438362291	0.077639999999994
0.260099999999988	0.104181435148682	0.042682000824203	0.0787899999999926
0.262099999999987	0.105210592643464	0.0432865659724841	0.0799199999999925
0.264099999999987	0.106230743758646	0.0438908753796513	0.0810399999999923
0.266099999999987	0.107231186436589	0.0444870151825852	0.0821499999999922
0.268099999999987	0.108199775710308	0.0450687196904313	0.0832399999999934
0.270099999999987	0.109176193047117	0.0456594307212591	0.084329999999992
0.272099999999986	0.110123474417209	0.0462353550788791	0.0853999999999918
0.274099999999986	0.111076715755902	0.046819576250104	0.0864599999999917
0.276099999999986	0.111999203528321	0.0473876731370856	0.0874999999999929
0.278099999999986	0.112961273865058	0.0479722187118323	0.0885399999999928
0.280099999999985	0.113907070480083	0.0485411665644102	0.0895599999999927
0.282099999999985	0.114830885218721	0.0491013731322283	0.0905699999999926
0.284099999999985	0.115744299832304	0.0496578880381038	0.091569999999994
0.286099999999985	0.116644389739584	0.05020950624447	0.0925599999999924
0.288099999999985	0.117525607309745	0.0507529975523763	0.0935399999999923
0.290099999999984	0.118405767594141	0.0512998269963759	0.0945099999999922
0.292099999999984	0.11926246532382	0.0518344931876396	0.0954599999999921
0.294099999999984	0.120103393117428	0.0523632113477238	0.0963999999999936
0.296099999999984	0.120887763071934	0.0528586271061037	0.0973399999999919
0.298099999999983	0.121669241806093	0.0533549512384773	0.0982599999999918
0.300099999999983	0.122425286281821	0.0538370768125419	0.0991699999999916
0.302099999999983	0.123189452626064	0.0543270045210094	0.100069999999992
0.304099999999983	0.123933044734791	0.0548065730868049	0.100949999999993
0.306099999999983	0.12467439707646	0.0552868097060457	0.101829999999993
0.308099999999982	0.125415643397318	0.0557702521516904	0.102699999999993
0.310099999999982	0.126132802737697	0.0562395478176477	0.103559999999991
0.312099999999982	0.126845424956496	0.0567087245061866	0.104399999999993
0.314099999999982	0.127568597186902	0.0571762885439093	0.105239999999993
0.316099999999982	0.128314559502735	0.0576522429283257	0.106059999999993
0.318099999999981	0.129037298090216	0.0581164564907132	0.106879999999993
0.320099999999981	0.129754092794908	0.0585783563321354	0.107689999999992
0.322099999999981	0.130474006491368	0.059044774294002	0.108479999999992
0.324099999999981	0.131164398111279	0.0594946056835125	0.109269999999992
0.32609999999998	0.131858163209233	0.0599483703312571	0.110049999999992
0.32809999999998	0.132551246954236	0.0604042282499479	0.110809999999994
0.33009999999998	0.133221109712921	0.0608467660819994	0.111569999999992
0.33209999999998	0.13389475320547	0.0612936590168052	0.112319999999992
0.33409999999998	0.134545337131327	0.0617266618949604	0.113059999999992
0.336099999999979	0.135229963178444	0.0621659948412232	0.113789999999992
0.338099999999979	0.135912877606731	0.0626066397291226	0.114509999999992
0.340099999999979	0.136561591904748	0.0630274033894417	0.115219999999994
0.342099999999979	0.137207770971083	0.0634478082591259	0.115929999999991
0.344099999999978	0.137853095347025	0.0638698292986693	0.116619999999994
0.346099999999978	0.138474929741201	0.0642788292083822	0.117309999999991
0.348099999999978	0.139087382050021	0.0646825918477159	0.117979999999993
0.350099999999978	0.139691648386105	0.0650835495735184	0.118649999999993
0.352099999999978	0.140259206198107	0.0654612055396304	0.119309999999993
0.354099999999977	0.140808118775358	0.0658269621956964	0.119969999999991
0.356099999999977	0.141357878733973	0.0661949976696207	0.120609999999993
0.358099999999977	0.141886432495048	0.0665508583692674	0.121249999999991
0.360099999999977	0.142408654014721	0.0669030977134171	0.121869999999993
0.362099999999976	0.142932189357763	0.0672577906755393	0.122489999999993
0.364099999999976	0.14345386642433	0.0676132555930667	0.123109999999993
0.366099999999976	0.143955542054524	0.0679557362857196	0.123709999999993
0.368099999999976	0.144458841104887	0.0683007710577173	0.124309999999993
0.370099999999976	0.144963798634482	0.0686483707816767	0.124899999999993
0.372099999999975	0.145463229516594	0.0689940194473867	0.125479999999993
0.374099999999975	0.145949219830285	0.0693310593865765	0.126059999999993
0.376099999999975	0.146437142971512	0.0696707656185018	0.126629999999992
0.378099999999975	0.146917483333518	0.0700069450987519	0.127189999999992
0.380099999999974	0.147377205113585	0.0703298328641235	0.127739999999992
0.382099999999974	0.14782426241426	0.0706444432601085	0.128289999999992
0.384099999999974	0.148273614536464	0.0709618313195906	0.128829999999992
0.386099999999974	0.148717986486103	0.0712773368180994	0.129359999999992
0.388099999999974	0.149150297747474	0.0715848860839587	0.129889999999992
0.390099999999973	0.149585130614805	0.0718953106012841	0.130409999999992
0.392099999999973	0.150022503561085	0.0722086207768307	0.130919999999992
0.394099999999973	0.150458484161499	0.0725225458466665	0.131429999999992
0.396099999999973	0.150874840091206	0.0728229497622658	0.131929999999992
0.398099999999972	0.151293976857936	0.0731263474876381	0.132419999999995
0.400099999999972	0.151715908203844	0.0734327485989002	0.132909999999992
0.402099999999972	0.152140648254798	0.0737421633968797	0.133389999999994
0.404099999999972	0.152550389696643	0.0740425138868227	0.133869999999992
0.406099999999972	0.152958141717889	0.0743416384999152	0.134339999999991
0.408099999999971	0.153368777901154	0.074643784244319	0.134799999999994
0.410099999999971	0.153770378508115	0.0749410553382292	0.135259999999994
0.412099999999971	0.154156608131386	0.0752281028670052	0.135709999999994
0.414099999999971	0.154530581262321	0.0755064039831186	0.136159999999994
0.41609999999997	0.154907750867305	0.0757878654464017	0.136599999999994
0.41809999999997	0.155286693201371	0.0760716990101024	0.137029999999994
0.42009999999997	0.155647773801398	0.0763435891660021	0.137459999999994
0.42209999999997	0.156012303163777	0.0766183090698245	0.137889999999994
0.42409999999997	0.156380144721086	0.0768962432511672	0.138309999999994
0.426099999999969	0.156751301552686	0.0771773983155696	0.138719999999994
0.428099999999969	0.157118972419527	0.0774568432438454	0.139129999999994
0.430099999999969	0.157477886532513	0.0777306030870801	0.139539999999994
0.432099999999969	0.157840187305253	0.0780076127891777	0.139929999999994
0.434099999999969	0.158205876463175	0.0782878787963678	0.140329999999994
0.436099999999968	0.158596895507116	0.0785749717875476	0.140719999999994
0.438099999999968	0.158981285866162	0.0788556189044156	0.141099999999994
0.440099999999968	0.159357780080665	0.079130673984978	0.141479999999994
0.442099999999968	0.159734320035674	0.0794067292452768	0.141859999999994
0.444099999999967	0.160110379805867	0.0796833818447098	0.142229999999993
0.446099999999967	0.16046935852823	0.0799487965194209	0.142589999999993
0.448099999999967	0.160813832461293	0.0802043258728827	0.142949999999993
0.450099999999967	0.161151081744498	0.0804548416058973	0.143309999999993
0.452099999999967	0.161488810103592	0.0807065452638616	0.143659999999993
0.454099999999966	0.16182705926774	0.0809594586829343	0.144009999999993
0.456099999999966	0.16214753557186	0.081200403761329	0.144349999999993
0.458099999999966	0.162467870833574	0.081441521655855	0.144689999999993
0.460099999999966	0.162788916857701	0.0816839326520096	0.145019999999997
0.462099999999965	0.163110709302863	0.0819276564422719	0.145359999999993
0.464099999999965	0.163433283082702	0.0821727126420834	0.145679999999997
0.466099999999965	0.163746063259484	0.0824114323695656	0.145999999999996
0.468099999999965	0.164051342645275	0.0826449421031621	0.146319999999996
0.470099999999965	0.164357596455958	0.0828798795244648	0.146639999999993
0.472099999999964	0.164664853599736	0.0831162616613537	0.146949999999993
0.474099999999964	0.164962473506843	0.0833467530590045	0.147259999999993
0.476099999999964	0.165251205834604	0.0835704827905691	0.147559999999993
0.478099999999964	0.165522916409028	0.083782663914243	0.147859999999993
0.480099999999963	0.16579545023098	0.0839953793326106	0.148149999999996
0.482099999999963	0.16606928604664	0.0842096827957862	0.148449999999993
0.484099999999963	0.166344444088758	0.0844255870375191	0.148739999999993
0.486099999999963	0.166605907584488	0.0846323667360553	0.149019999999996
0.488099999999963	0.166869986027242	0.0848386296244846	0.149299999999996
0.490099999999962	0.16715369797017	0.0850472643227764	0.149579999999996
0.492099999999962	0.167435819723364	0.0852555021920022	0.149859999999992
0.494099999999962	0.16771643687091	0.0854633899203984	0.150129999999992
0.496099999999962	0.167995260372993	0.0856706889384235	0.150389999999996
0.498099999999961	0.168258259394018	0.0858673716661305	0.150659999999996
0.500099999999961	0.168519842286745	0.0860629701308376	0.150919999999996
0.502099999999961	0.168780385173435	0.0862584855956987	0.151179999999996
0.504099999999961	0.16903995680987	0.0864539566015234	0.151439999999992
0.506099999999961	0.169298623934192	0.0866494208561242	0.151689999999992
0.50809999999996	0.16955645131283	0.0868449152394487	0.151939999999992
0.51009999999996	0.16980574860276	0.0870352097118918	0.152179999999996
0.51209999999996	0.170048123784197	0.0872201061659204	0.152429999999992
0.51409999999996	0.170289961263414	0.0874052104340275	0.152669999999992
0.516099999999959	0.170531314859954	0.0875905536880432	0.152899999999996
0.518099999999959	0.170772236805176	0.0877761663987053	0.153139999999996
0.520099999999959	0.171002370599086	0.0879544867570359	0.153369999999996
0.522099999999959	0.171229431740501	0.0881305381040652	0.153599999999996
0.524099999999959	0.171444367420846	0.088298214027131	0.153829999999992
0.526099999999958	0.171658562507479	0.0884653855409914	0.154049999999996
0.528099999999958	0.171872709160328	0.0886330463762008	0.154269999999996
0.530099999999958	0.172086846824684	0.0888012200963014	0.154489999999996
0.532099999999958	0.172301013788271	0.0889699297344388	0.154699999999996
0.534099999999958	0.172504140246689	0.0891310033124286	0.154919999999996
0.536099999999957	0.172706088499191	0.0892911900616011	0.155129999999996
0.538099999999957	0.1729082258551	0.0894520030505702	0.155329999999996
0.540099999999957	0.173110584809477	0.0896134622135258	0.155539999999996
0.542099999999957	0.173313196884373	0.0897755870197701	0.155739999999996
0.544099999999956	0.17351609264795	0.0899383964763006	0.155939999999996
0.546099999999956	0.173719301733645	0.0901019091309807	0.156139999999996
0.548099999999956	0.17391230227502	0.090258323129887	0.156339999999996
0.550099999999956	0.174102015915643	0.0904121490199181	0.156529999999996
0.552099999999956	0.174292155561246	0.0905667363322493	0.156719999999996
0.554099999999955	0.174482746444253	0.0907221011647272	0.156909999999996
0.556099999999955	0.174673813006211	0.0908782592140755	0.157099999999995
0.558099999999955	0.174867312522466	0.0910352811739893	0.157279999999995
0.560099999999955	0.175077486418182	0.0911929327420699	0.15746
0.562099999999954	0.175284236932065	0.0913483183989994	0.15764
0.564099999999954	0.175478832799234	0.0914947474038492	0.157819999999995
0.566099999999954	0.175671985020206	0.0916404095054158	0.157999999999995
0.568099999999954	0.175863421351028	0.0917853092878254	0.158169999999995
0.570099999999954	0.176053222878044	0.0919294963891442	0.158339999999995
0.572099999999953	0.176241467876442	0.0920730188986062	0.158509999999995
0.574099999999953	0.17642430445559	0.0922134916427088	0.158679999999995
0.576099999999953	0.176597461202298	0.0923461456259525	0.158849999999995
0.578099999999953	0.176768218540268	0.0924776411220021	0.159009999999995
0.580099999999952	0.176927090892033	0.092600423682123	0.159169999999995
0.582099999999952	0.177085066947316	0.0927225303016719	0.159329999999995
0.584099999999952	0.177242030008725	0.0928443066108114	0.159489999999995
0.586099999999952	0.177398037494938	0.0929657883390689	0.159649999999995
0.588099999999952	0.177553144898942	0.0930870101317846	0.159799999999995
0.590099999999951	0.177707112650962	0.0932079941580986	0.15995
0.592099999999951	0.177850100709406	0.093320877133315	0.1601
0.594099999999951	0.177991813738513	0.0934327207578806	0.16025
0.596099999999951	0.178132881213355	0.0935444620226854	0.160399999999995
0.59809999999995	0.178273348529278	0.0936561295693602	0.160549999999995
0.60009999999995	0.178413259579428	0.0937677511794213	0.160689999999995
0.60209999999995	0.178552656804088	0.0938793537988936	0.160829999999995
0.60409999999995	0.178691581238249	0.0939909635622543	0.160969999999995
0.60609999999995	0.17883007255746	0.0941026058156999	0.161109999999995
0.608099999999949	0.178967814763892	0.0942142374346926	0.161249999999995
0.610099999999949	0.179096515501015	0.0943190096023169	0.16138
0.612099999999949	0.179223622553227	0.0944226062771622	0.161519999999995
0.614099999999949	0.179350502517507	0.0945263677017977	0.161649999999995
0.616099999999948	0.179477187680164	0.0946303146967322	0.161779999999995
0.618099999999948	0.179603709266446	0.0947344674618516	0.161909999999995
0.620099999999948	0.179730097473321	0.0948388455932976	0.162039999999995
0.622099999999948	0.179856181387237	0.0949433068598531	0.16216
0.624099999999948	0.179971735682788	0.0950402228934656	0.162289999999995
0.626099999999947	0.18008643352632	0.095136130919627	0.162409999999995
0.628099999999947	0.180197271704107	0.0952298551794498	0.16253
0.630099999999947	0.18030143855205	0.0953178549622524	0.16265
0.632099999999947	0.180405709549872	0.0954062276308615	0.162769999999995
0.634099999999946	0.180510041702914	0.0954949349786136	0.162889999999995
0.636099999999946	0.180614457139958	0.0955839915404845	0.163
0.638099999999946	0.18071897745712	0.0956734115774619	0.163119999999995
0.640099999999946	0.180823638451814	0.0957632210107761	0.16323
0.642099999999946	0.180927191948555	0.095852609809282	0.16334
0.644099999999945	0.181022872421026	0.0959360825801945	0.163459999999995
0.646099999999945	0.181118877695612	0.0960196625313272	0.16356
0.648099999999945	0.181210883607072	0.096100867354475	0.16367
0.650099999999945	0.181297917735251	0.0961776567124107	0.163779999999994
0.652099999999945	0.181385319056804	0.096254988189269	0.16388
0.654099999999944	0.181473102737463	0.0963328719842901	0.163989999999994
0.656099999999944	0.181561283433564	0.0964113179948665	0.16409
0.658099999999944	0.18164987530534	0.0964903358232093	0.16419
0.660099999999944	0.181738892029813	0.0965699347828625	0.16429
0.662099999999943	0.181827294424933	0.0966494707566189	0.16439
0.664099999999943	0.181907848223651	0.0967230280943074	0.16449
0.666099999999943	0.181988999856616	0.0967968857429366	0.164589999999994
0.668099999999943	0.182070654562344	0.0968713745785131	0.16468
0.670099999999943	0.182152823570601	0.0969465023738647	0.164779999999994
0.672099999999942	0.182235517712919	0.0970222766619684	0.16487
0.674099999999942	0.182318747432461	0.0970987047409309	0.164969999999994
0.676099999999942	0.182402522793631	0.0971757936788604	0.165059999999994
0.678099999999942	0.182486853491418	0.097253550318631	0.165149999999994
0.680099999999941	0.182571748860482	0.0973319812825421	0.165239999999994
0.682099999999941	0.182657217884006	0.0974110929768728	0.16532
0.684099999999941	0.182737956972533	0.0974869610127589	0.16541
0.686099999999941	0.182815040401568	0.0975595943040982	0.165499999999994
0.688099999999941	0.182892700551357	0.0976329007843981	0.16558
0.69009999999994	0.182970945195413	0.0977068860457512	0.16566
0.69209999999994	0.183049781803411	0.0977815554921888	0.165749999999994
0.69409999999994	0.183129217548519	0.0978569143434961	0.16583
0.69609999999994	0.183209259314538	0.0979329676389407	0.16591
0.698099999999939	0.183289913702858	0.098009720240918	0.16599
0.700099999999939	0.183365901675716	0.0980832216769945	0.166069999999994
0.702099999999939	0.183439020868086	0.098154136388544	0.166149999999994
0.704099999999939	0.183512772401833	0.0982257584729212	0.16622
0.706099999999939	0.18358107345863	0.0982934675943936	0.166299999999994
0.708099999999938	0.183646729664606	0.0983587605744033	0.16637
0.710099999999938	0.183713032514997	0.0984247645281066	0.166449999999994
0.712099999999938	0.18377998718205	0.0984914833668253	0.16652
0.714099999999938	0.183847598608942	0.0985589208573067	0.16659
0.716099999999937	0.183915871515041	0.0986270806244752	0.16666
0.718099999999937	0.183984812896223	0.0986959682221943	0.16673
0.720099999999937	0.184054459075252	0.0987656135677874	0.1668
0.722099999999937	0.184119222742038	0.0988317780748532	0.16687
0.724099999999937	0.184181276308081	0.0988954598282234	0.16694
0.726099999999936	0.184244063847284	0.0989599166595259	0.167009999999994
0.728099999999936	0.18430131080383	0.09902052666673	0.16707
0.730099999999936	0.184356227346465	0.0990787608914776	0.167139999999994
0.732099999999936	0.184411861712656	0.0991377500555782	0.1672
0.734099999999935	0.184468217223521	0.0991974968655721	0.16726
0.736099999999935	0.184525297023243	0.0992580039146424	0.167329999999994
0.738099999999935	0.184583104082877	0.0993192736845707	0.167389999999994
0.740099999999935	0.184641641204068	0.0993813085476552	0.16745
0.742099999999935	0.184700911022685	0.0994441107685947	0.16751
0.744099999999934	0.184755573807698	0.0995038158339173	0.167569999999993
0.746099999999934	0.184807710816461	0.099560967150446	0.167629999999993
0.748099999999934	0.184860569945615	0.0996188713913343	0.16768
0.750099999999934	0.184914153501335	0.0996775305771823	0.16774
0.752099999999933	0.184968463640869	0.0997369466313814	0.167799999999993
0.754099999999933	0.185023502375699	0.0997971213817563	0.16785
0.756099999999933	0.185079271574615	0.0998580565621775	0.167909999999993
0.758099999999933	0.185135772966734	0.0999197538141429	0.16796
0.760099999999933	0.185193008144443	0.0999822146883306	0.16801
0.762099999999932	0.185250978566285	0.100045440646122	0.168069999999993
0.764099999999932	0.185309685559766	0.100109433061097	0.168119999999993
0.766099999999932	0.18536848576953	0.100173487972634	0.16817
0.768099999999932	0.185420522859396	0.100232376525042	0.16822
0.770099999999932	0.18547317900853	0.100291728607621	0.16827
0.772099999999931	0.185526596628012	0.100351863435813	0.168319999999993
0.774099999999931	0.185580778921782	0.100412784030284	0.16836
0.776099999999931	0.185635726707988	0.100474491427625	0.16841
0.778099999999931	0.185691440689465	0.100536986586009	0.16846
0.78009999999993	0.185747921456075	0.100600270386418	0.1685
0.78209999999993	0.185805169486981	0.100664343633856	0.16855
0.78409999999993	0.185857987711735	0.100725417903356	0.16859
0.78609999999993	0.185909099629491	0.100784594821685	0.16864
0.78809999999993	0.185960979691543	0.100844558044988	0.16868
0.790099999999929	0.186009369670315	0.100902299584544	0.16872
0.792099999999929	0.18605521035808	0.100957431218379	0.168769999999993
0.794099999999929	0.186101832669544	0.1010133568186	0.16881
0.796099999999929	0.186149236952943	0.101070077089884	0.16885
0.798099999999928	0.186197423456485	0.101127592668257	0.16889
0.800099999999928	0.186246397534734	0.101185908526466	0.16893
0.802099999999928	0.186296175478895	0.101245038918945	0.168969999999993
0.804099999999928	0.186346758379749	0.101304985263335	0.169
0.806099999999928	0.186397529077641	0.101365420286161	0.16904
0.808099999999927	0.186442840787268	0.101421556830481	0.16908
0.810099999999927	0.186488546461893	0.101477760457106	0.16911
0.812099999999927	0.186535040326217	0.10153476313551	0.16915
0.814099999999927	0.186593817925411	0.101592735364954	0.169189999999993
0.816099999999926	0.18665615994652	0.10165022674432	0.16922
0.818099999999926	0.186717587036528	0.101707248084697	0.16925
0.820099999999926	0.186778139072013	0.10176382608623	0.16929
0.822099999999926	0.186837858390099	0.101819989825354	0.16932
0.824099999999926	0.186896785859211	0.101875767405996	0.16935
0.826099999999925	0.186954960933703	0.10193118599444	0.16938
0.828099999999925	0.187012421706133	0.101986271852757	0.169419999999993
0.830099999999925	0.187068052519871	0.102040274501658	0.169449999999992
0.832099999999925	0.187117141299792	0.102088956822606	0.169479999999992
0.834099999999924	0.187165652715466	0.102137195038625	0.1695
0.836099999999924	0.187213619601806	0.102185218418955	0.16953
0.838099999999924	0.187261067177111	0.102233043389257	0.16956
0.840099999999924	0.187308025416861	0.102280690631853	0.16959
0.842099999999924	0.187354523798143	0.102328180596248	0.16962
0.844099999999923	0.187400595333828	0.102375536942507	0.16964
0.846099999999923	0.187446272012487	0.102422782640325	0.16967
0.848099999999923	0.18749158045831	0.102469936246966	0.169699999999992
0.850099999999923	0.187531509513674	0.102513096164536	0.16972
0.852099999999922	0.187568311034981	0.10255339010505	0.169749999999992
0.854099999999922	0.18760481769536	0.102593638408414	0.16977
0.856099999999922	0.187642427892853	0.102635069617448	0.16979
0.858099999999922	0.187672337365882	0.102670260570445	0.169819999999992
0.860099999999922	0.187702054280642	0.102705278414372	0.16984
0.862099999999921	0.187731568907053	0.102740312719727	0.16986
0.864099999999921	0.187760903357754	0.102775379306426	0.16988
0.866099999999921	0.187790086583879	0.102810499998556	0.1699
0.868099999999921	0.187819139993123	0.102845690267584	0.16992
0.87009999999992	0.187848080740931	0.102880962047396	0.16994
0.87209999999992	0.187876930618885	0.102916331372289	0.16996
0.87409999999992	0.187905720933435	0.102951822580842	0.16998
0.87609999999992	0.187934013643483	0.102987248475716	0.17
0.87809999999992	0.187956732702727	0.103018233109222	0.17002
0.880099999999919	0.187979753287298	0.103049248073715	0.17004
0.882099999999919	0.188002773067325	0.103080423128745	0.17005
0.884099999999919	0.188022850071878	0.103109610136135	0.17007
0.886099999999919	0.188040346513206	0.103136328428331	0.17009
0.888099999999919	0.18805787742209	0.103163228095171	0.1701
0.890099999999918	0.188075454608626	0.103190317369682	0.17012
0.892099999999918	0.188093089484441	0.103217604219686	0.17013
0.894099999999918	0.188110793074972	0.103245096355617	0.17015
0.896099999999918	0.188128576031334	0.103272801238069	0.17016
0.898099999999917	0.18814644864177	0.103300726085089	0.17018
0.900099999999917	0.188164420842718	0.103328877879235	0.17019
0.902099999999917	0.188182502229495	0.103357263374397	0.1702
0.904099999999917	0.188198700895513	0.103384545056694	0.17021
0.906099999999917	0.18821351710699	0.103408928678865	0.17023
0.908099999999916	0.18824073208794	0.103433279035227	0.17024
0.910099999999916	0.1882676159905	0.103456798447388	0.17025
0.912099999999916	0.188293261799708	0.103479572399027	0.17026
0.914099999999916	0.188317721774681	0.103501636746019	0.17027
0.916099999999915	0.188341046174325	0.103523025986133	0.17028
0.918099999999915	0.188363283342908	0.103543773316744	0.17029
0.920099999999915	0.188384479791413	0.103563910689723	0.1703
0.922099999999915	0.188404680274871	0.103583468863658	0.170309999999991
0.924099999999915	0.188423927865937	0.103602477453554	0.17031
0.926099999999914	0.188442264024895	0.103620964978151	0.17032
0.928099999999914	0.188459728666297	0.103638958904973	0.17033
0.930099999999914	0.188476360222417	0.103656485693255	0.170339999999991
0.932099999999914	0.188492195703696	0.103673570834834	0.17034
0.934099999999913	0.188507649755872	0.103690988871816	0.17035
0.936099999999913	0.188517343798392	0.103703200251471	0.17035
0.938099999999913	0.188526368503994	0.103715059677626	0.17036
0.940099999999913	0.188534754618825	0.103726588160926	0.17036
0.942099999999913	0.188542531772346	0.103737805958625	0.17037
0.944099999999912	0.188549728521122	0.103748732603968	0.17037
0.946099999999912	0.18855637239063	0.103759386934254	0.17038
0.948099999999912	0.188562489915208	0.103769787117647	0.17038
0.950099999999912	0.188620890731368	0.103826136164545	0.17038
0.952099999999911	0.188621571804344	0.10383218731718	0.17039
0.954099999999911	0.188621810636702	0.103838042199621	0.17039
0.956099999999911	0.188621629440914	0.103843715896751	0.17039
0.958099999999911	0.188621049640002	0.103849222965084	0.17039
0.960099999999911	0.188643868797241	0.103875584842263	0.17039
0.96209999999991	0.18864028156419	0.103878811050835	0.17039
0.96409999999991	0.188643319703915	0.103888040334985	0.17039
0.96609999999991	0.188638240919112	0.10389029651578	0.17039
0.96809999999991	0.188631999610766	0.103891888273542	0.17039
0.970099999999909	0.188625518778615	0.103893234536294	0.17039
0.972099999999909	0.188618773767307	0.103894505160277	0.17039
0.974099999999909	0.188611780168736	0.103895710669649	0.17039
0.976099999999909	0.188604553028999	0.103896861226266	0.17039
0.978099999999909	0.188597106867962	0.103897966642526	0.17039
0.980099999999908	0.188589455698034	0.103899036393711	0.17038
0.982099999999908	0.188581613042194	0.10390007962982	0.17038
0.984099999999908	0.188602817641576	0.103926669586004	0.17038
0.986099999999908	0.188593022778452	0.103926276740362	0.17037
0.988099999999908	0.188583074643462	0.103925882813367	0.17037
0.990099999999907	0.188572984808019	0.103925495610205	0.17037
0.992099999999907	0.188608853210445	0.103965573954831	0.17036
0.994099999999907	0.188608609249869	0.103974304848356	0.17036
0.996099999999907	0.188592931577672	0.10396938078612	0.17035
0.998099999999906	0.188577149353064	0.103964485773475	0.17035
1.00009999999991	0.188561271903387	0.103959626003591	0.17034
1.00209999999991	0.18854530823203	0.103954807458476	0.17033
1.00409999999991	0.188529267029491	0.103950035916071	0.17033
1.00609999999991	0.188513156684023	0.10394531695707	0.17032
1.00809999999991	0.18849698529189	0.103940655971493	0.17031
1.01009999999991	0.188480760667242	0.10393605816502	0.17031
1.0120999999999	0.188464490351628	0.103931528565087	0.1703
1.0140999999999	0.188468596616977	0.103944955896068	0.17029
1.0160999999999	0.18851153012497	0.103993188278052	0.17028
1.0180999999999	0.188492044123616	0.103986138300285	0.17027
1.0200999999999	0.188472530877025	0.10397916621033	0.17026
1.0220999999999	0.188452996629455	0.103972276128097	0.17025000000001
1.0240999999999	0.188433447406541	0.103965472031836	0.17025
1.0260999999999	0.188413891277705	0.103958759759768	0.17024
1.0280999999999	0.188394340910768	0.103952149273698	0.17023
1.0300999999999	0.188374804967287	0.103945647038888	0.17021000000001
1.0320999999999	0.188355288767199	0.103939256607148	0.1702
1.0340999999999	0.188335799427449	0.103932983167422	0.17019
1.0360999999999	0.1883163441671	0.103926832043249	0.17018
1.0380999999999	0.188296927775855	0.103920806445944	0.17017
1.0400999999999	0.188277554873025	0.103914909475135	0.17016
1.0420999999999	0.188258232861878	0.103909146740213	0.17014000000001
1.0440999999999	0.18823897017873	0.103903524807454	0.17013
1.0460999999999	0.188219772091092	0.103898047467786	0.17012
1.0480999999999	0.18820064263887	0.103892717456874	0.17011
1.0500999999999	0.188204313798037	0.103907583929986	0.17009
1.0520999999999	0.188184681611611	0.103901981132933	0.17008
1.0540999999999	0.188165126820168	0.103896530917446	0.17006
1.0560999999999	0.188145652902257	0.103891235638486	0.17005
1.0580999999999	0.18812626320617	0.103886097564381	0.17004
1.0600999999999	0.188106960954097	0.103881118879503	0.17002
1.0620999999999	0.188087749246151	0.103876301686851	0.17000000000001
1.0640999999999	0.188066359070047	0.103869807939272	0.16999
1.0660999999999	0.188044506095699	0.103862793996815	0.16997
1.0680999999999	0.188022739736884	0.103855935264019	0.16996
1.0700999999999	0.188001064409526	0.103849235088787	0.16994
1.0720999999999	0.187979488863499	0.103842700709915	0.16992000000001
1.0740999999999	0.187958016159202	0.103836334318203	0.16991
1.0760999999999	0.187936648701206	0.1038301375418	0.16989
1.0780999999999	0.187915388798898	0.103824111945278	0.16987
1.0800999999999	0.187894238895048	0.103818259233022	0.16985000000001
1.0820999999999	0.187873205298762	0.103812584583725	0.16984
1.0840999999999	0.187852291626908	0.103807090793127	0.16982
1.0860999999999	0.187858358379526	0.103825632383358	0.1698
1.0880999999999	0.187837137074507	0.103820013785159	0.16978
1.0900999999999	0.187816038537283	0.10381457729788	0.16976
1.0920999999999	0.187795064536355	0.103809324128241	0.16974
1.0940999999999	0.187774219058826	0.103804257485383	0.16972
1.0960999999999	0.187751418958378	0.103797878331365	0.1697
1.0980999999999	0.187728466571869	0.103791061328585	0.16968
1.1000999999999	0.187705646259555	0.103784432369656	0.16966
1.1020999999999	0.18768295951693	0.103777992473186	0.16964
1.10409999999989	0.187660407772875	0.10377174261274	0.16962
1.10609999999989	0.18763708583771	0.10376505675694	0.1696
1.10809999999989	0.187612927650834	0.103757500332245	0.16958
1.11009999999989	0.187652911511861	0.103807749186678	0.16956
1.11209999999989	0.187627892327301	0.103799556686458	0.169530000000011
1.11409999999989	0.187602997517911	0.103791542868581	0.16951
1.11609999999989	0.18757822947995	0.103783709603082	0.16949
1.11809999999989	0.187553599721595	0.103776066960332	0.16947
1.12009999999989	0.18752911530868	0.1037686210396	0.169440000000011
1.12209999999989	0.187504777336891	0.103761372590731	0.16942
1.12409999999989	0.187480586827018	0.103754322307936	0.1694
1.12609999999989	0.187456544748423	0.103747470850463	0.169370000000011
1.12809999999989	0.187432652965893	0.103740819694193	0.16935
1.13009999999989	0.187408918056541	0.103734374567786	0.16933
1.13209999999989	0.187385345692592	0.103728140400186	0.1693
1.13409999999989	0.187361936683116	0.103722117754884	0.16928
1.13609999999989	0.187337403888425	0.103715512404596	0.16925
1.13809999999989	0.187313115859196	0.1037088207866	0.16923
1.14009999999989	0.187287950407293	0.103701401801351	0.1692
1.14209999999989	0.18726227177022	0.103693583149867	0.16918
1.14409999999989	0.18723662203852	0.103685853175559	0.16915
1.14609999999989	0.187210090821893	0.103677756216663	0.169120000000011
1.14809999999989	0.187183766067464	0.103669536617344	0.1691
1.15009999999989	0.187157588259445	0.103661511541029	0.16907
1.15209999999989	0.187131558004272	0.103653681394342	0.169040000000011
1.15409999999989	0.187105678801185	0.103646049205191	0.16902
1.15609999999989	0.187079960630897	0.103638623867971	0.16899
1.15809999999989	0.187054405078182	0.103631406704435	0.16896
1.16009999999989	0.187029012596316	0.103624398021735	0.16894
1.16209999999989	0.187013569270202	0.103617695847538	0.16891
1.16409999999989	0.1870015642725	0.103610434288557	0.16888
1.16609999999989	0.187051238763599	0.103659085272729	0.16885
1.16809999999989	0.187036065601331	0.103649479855701	0.16882
1.17009999999989	0.187019547466035	0.103638903530683	0.16879
1.17209999999989	0.187002294186829	0.103627900797169	0.168760000000011
1.17409999999989	0.186983524520837	0.103616140032765	0.168730000000011
1.17609999999989	0.186963895211793	0.103603435995566	0.16871
1.17809999999989	0.187035154828921	0.103673363237903	0.16868
1.18009999999989	0.187060675654544	0.103702255542855	0.16865
1.18209999999989	0.187038180988867	0.103687595510666	0.16862
1.18409999999989	0.187015140340114	0.103672641778664	0.16859
1.18609999999989	0.186991577422556	0.103657410091294	0.168550000000011
1.18809999999989	0.186967515031111	0.10364191558033	0.168520000000011
1.19009999999989	0.186942977454616	0.10362617494829	0.16849
1.19209999999989	0.186917996216324	0.10361021167748	0.16846
1.19409999999988	0.186892582530198	0.103594030998534	0.16843
1.19609999999988	0.186866779783921	0.103577667573425	0.1684
1.19809999999988	0.186840581415382	0.103561110843167	0.16837
1.20009999999988	0.18681400448283	0.103544371889716	0.168330000000012
1.20209999999988	0.186857782136758	0.103591648248674	0.1683
1.20409999999988	0.186830227521293	0.103574336649807	0.16827
1.20609999999988	0.18680234348266	0.103556875558476	0.16824
1.20809999999988	0.186774145089133	0.10353927486357	0.168200000000012
1.21009999999988	0.186745646840187	0.103521544080769	0.16817
1.21209999999988	0.18671686268888	0.103503692367341	0.16814
1.21409999999988	0.18685849081651	0.103641375647111	0.168100000000012
1.21609999999988	0.186828100908547	0.103622333648132	0.16807
1.21809999999988	0.186797464025955	0.103603197339066	0.16804
1.22009999999988	0.186766591913876	0.103583974315498	0.168
1.22209999999988	0.186735495878525	0.103564671889669	0.16797
1.22409999999988	0.186704186804053	0.103545297101403	0.167930000000012
1.22609999999988	0.186712475992212	0.103562206536017	0.1679
1.22809999999988	0.186914970680435	0.103757052304313	0.167860000000012
1.23009999999988	0.186881603128692	0.103736149048545	0.16783
1.23209999999988	0.186848068403655	0.103715206696975	0.167790000000012
1.23409999999988	0.186814361357068	0.103694218042696	0.16776
1.23609999999988	0.186780490596891	0.103673188544094	0.16772
1.23809999999988	0.186746482159497	0.103652139698552	0.16769
1.24009999999988	0.186712374404254	0.103631104378184	0.16765
1.24209999999988	0.186678126983467	0.103610043509133	0.167610000000012
1.24409999999988	0.186643747175775	0.103588961674677	0.16758
1.24609999999988	0.186609249791188	0.103567870435005	0.16754
1.24809999999988	0.186574654821428	0.103546786176642	0.167500000000012
1.25009999999988	0.186539947494409	0.103525693509527	0.16747
1.25209999999988	0.186505134659553	0.103504596917532	0.16743
1.25409999999988	0.186470224683108	0.103483502342627	0.16739
1.25609999999988	0.186435234574004	0.103462423720771	0.167350000000012
1.25809999999988	0.186400175000616	0.103441369239109	0.16732
1.26009999999988	0.18656713692706	0.103605864662755	0.16728
1.26209999999988	0.186531259888593	0.103584234071683	0.16724
1.26409999999988	0.18649530584529	0.103562617724487	0.1672
1.26609999999988	0.186459279688951	0.103541018661009	0.16716
1.26809999999988	0.186520133153099	0.103608402029533	0.167120000000012
1.27009999999988	0.186483571322154	0.103586477221699	0.16709
1.27209999999988	0.186446947010702	0.103564575105247	0.16705
1.27409999999988	0.186827243394965	0.103926346159671	0.16701
1.27609999999988	0.18679003758091	0.103904071071551	0.16697
1.27809999999988	0.186752764825606	0.103881814150626	0.16693
1.28009999999988	0.186715429218015	0.103859577871829	0.16689
1.28209999999988	0.186678034696231	0.103837364618772	0.16685
1.28409999999988	0.18664058505293	0.103815176687009	0.16681
1.28609999999987	0.18660308394063	0.103793016287185	0.16677
1.28809999999987	0.186565534876746	0.103770885548062	0.16673
1.29009999999987	0.186740322534873	0.103944686610961	0.16669
1.29209999999987	0.186702279979597	0.103922247562841	0.166640000000013
1.29409999999987	0.186664190141556	0.103899837335499	0.166600000000013
1.29609999999987	0.186626056184019	0.103877457814318	0.16656
1.29809999999987	0.186587881153254	0.103855110814697	0.16652
1.30009999999987	0.186549667982736	0.103832798084546	0.16648
1.30209999999987	0.186611436074197	0.103902797524526	0.16644
1.30409999999987	0.186572959553762	0.103880380844439	0.166390000000013
1.30609999999987	0.18653444912978	0.103858000365602	0.16635
1.30809999999987	0.186495907368223	0.103835657599065	0.16631
1.31009999999987	0.186457336739791	0.10381335399937	0.16627
1.31209999999987	0.186418739623333	0.103791090966548	0.16623
1.31409999999987	0.186380118309127	0.103768869848033	0.16618
1.31609999999987	0.186341475002056	0.103746691940523	0.16614
1.31809999999987	0.18630281182466	0.103724558491761	0.1661
1.32009999999987	0.18626413082008	0.103702470702261	0.16605
1.32209999999987	0.186225434966609	0.103680430664204	0.16601
1.32409999999987	0.186186730249397	0.103658443280936	0.16597
1.32609999999987	0.186148022358103	0.103636513208362	0.16592
1.32809999999987	0.186109313633228	0.103614642023119	0.16588
1.33009999999987	0.186070607171185	0.103592832025215	0.165830000000013
1.33209999999987	0.186031905366516	0.103571084885769	0.16579
1.33409999999987	0.185993210241187	0.103549401951269	0.165740000000013
1.33609999999987	0.185954525037944	0.103527785721024	0.1657
1.33809999999987	0.185915851493554	0.103506237316684	0.165650000000013
1.34009999999987	0.185877191092291	0.103484757644002	0.16561
1.34209999999987	0.18583854526016	0.103463347572319	0.165560000000013
1.34409999999987	0.185799915366955	0.103442007935834	0.16552
1.34609999999987	0.185761303281046	0.103420740048482	0.165470000000013
1.34809999999987	0.185722713125814	0.103399547336164	0.16543
1.35009999999987	0.185684146564036	0.103378430954658	0.16538
1.35209999999987	0.185645604773872	0.103357391624222	0.16534
1.35409999999987	0.185688680837167	0.103412341241872	0.16529
1.35609999999987	0.185650162275116	0.103391430699874	0.165240000000013
1.35809999999987	0.185611667739441	0.103370596162456	0.1652
1.36009999999987	0.185573198315151	0.10334983828896	0.16515
1.36209999999987	0.185534755042841	0.103329157710659	0.165100000000013
1.36409999999987	0.185496338920267	0.103308555031719	0.16506
1.36609999999987	0.185457950903855	0.103288030830138	0.16501
1.36809999999987	0.185419591910161	0.103267585658648	0.16496
1.37009999999987	0.185381262817278	0.10324722004558	0.164910000000013
1.37209999999987	0.18534296466976	0.103226934685509	0.16487
1.37409999999987	0.185304701322288	0.10320673290432	0.16482
1.37609999999986	0.185266474575615	0.103186616124376	0.16477
1.37809999999986	0.185228285172783	0.103166584791898	0.164720000000014
1.38009999999986	0.185190133988923	0.103146639485939	0.16468
1.38209999999986	0.185152023717168	0.103126782491924	0.16463
1.38409999999986	0.185113957586668	0.103107016605988	0.16458
1.38609999999986	0.185075938944811	0.103087344745084	0.16453
1.38809999999986	0.18503796972185	0.103067768512467	0.16448
1.39009999999986	0.184999627354597	0.10304789288659	0.16443
1.39209999999986	0.185004281748611	0.103068100533875	0.164380000000014
1.39409999999986	0.184965838755251	0.10304840981677	0.164330000000014
1.39609999999986	0.184927522455929	0.103028704852011	0.164280000000014
1.39809999999986	0.184889251099102	0.103009090672904	0.164230000000014
1.40009999999986	0.184851025183113	0.10298956756806	0.16419
1.40209999999986	0.184812845181929	0.102970135810314	0.16414
1.40409999999986	0.184774711545996	0.102950795657261	0.16409
1.40609999999986	0.18473639902252	0.102931336028176	0.16404
1.40809999999986	0.184697820428755	0.102911675051268	0.163980000000014
1.41009999999986	0.184659285300553	0.102892102378973	0.163930000000014
1.41209999999986	0.184620794017817	0.102872618221115	0.163880000000014
1.41409999999986	0.18458234694076	0.10285322277482	0.163830000000014
1.41609999999986	0.184543944410602	0.102833916224949	0.16378
1.41809999999986	0.184505586762548	0.102814698756063	0.16373
1.42009999999986	0.18446727722537	0.102795573271949	0.16368
1.42209999999986	0.184428969787653	0.10277649648218	0.16363
1.42409999999986	0.184390287383867	0.102757465821593	0.16358
1.42609999999986	0.184351893794997	0.102738395818927	0.16353
1.42809999999986	0.184313551713482	0.102719420688902	0.163470000000014
1.43009999999986	0.184275261393821	0.102700540561582	0.16342
1.43209999999986	0.184237023074644	0.102681755556623	0.16337
1.43409999999986	0.184362933849316	0.102817425535189	0.16332
1.43609999999986	0.184488603222047	0.102952664374782	0.16327
1.43809999999986	0.184449935723034	0.102933615055992	0.163210000000014
1.44009999999986	0.184411368899412	0.10291470891533	0.16316
1.44209999999986	0.184372834560201	0.102895881626338	0.16311
1.44409999999986	0.1843343332394	0.102877133495397	0.16306
1.44609999999986	0.184295865918029	0.102858465257158	0.163000000000014
1.44809999999986	0.184257433646909	0.102839877719458	0.16295
1.45009999999986	0.1842190368926	0.102821371147211	0.1629
1.45209999999986	0.18418036501523	0.10280283079434	0.162840000000014
1.45409999999986	0.184141045897625	0.102783723656371	0.16279
1.45609999999986	0.184101787046094	0.102764540664749	0.16274
1.45809999999986	0.184062556772913	0.10274543143235	0.16268
1.46009999999986	0.184023355490862	0.102726396184987	0.16263
1.46209999999986	0.183984183593327	0.102707435136244	0.162570000000014
1.46409999999986	0.183945041454988	0.102688548487897	0.16252
1.46609999999985	0.183905398398616	0.102669592102913	0.16247
1.46809999999985	0.183865988963708	0.102650539825005	0.16241
1.47009999999985	0.183826604792629	0.102631557410939	0.16236
1.47209999999985	0.183787246222694	0.102612645035502	0.1623
1.47409999999985	0.183747913575218	0.102593802863566	0.16225
1.47609999999985	0.183708607156088	0.102575031050434	0.16219
1.47809999999985	0.183669327256316	0.102556329742172	0.16214
1.48009999999985	0.183630074152574	0.102537699075932	0.16208
1.48209999999985	0.183590848107707	0.102519139180264	0.16203
1.48409999999985	0.18355164937123	0.102500650175409	0.16197
1.48609999999985	0.183512478179806	0.102482232173594	0.16192
1.48809999999985	0.183473334757707	0.10246388527931	0.16186
1.49009999999985	0.18343421931726	0.102445609589576	0.161800000000015
1.49209999999985	0.183394186762319	0.102426686605105	0.16175
1.49409999999985	0.183354418893451	0.10240787959248	0.16169
1.49609999999985	0.183314673111909	0.102389137847615	0.16164
1.49809999999985	0.183274949622646	0.102370461461996	0.16158
1.50009999999985	0.183235248620078	0.102351850520634	0.161520000000015
1.50209999999985	0.183195570288479	0.102333305102292	0.16147
1.50409999999985	0.183155914802331	0.102314825279703	0.16141
1.50609999999985	0.183116051557818	0.102296367631836	0.16135
1.50809999999985	0.183076417737399	0.102277993277107	0.1613
1.51009999999985	0.183036805875402	0.102259683510845	0.16124
1.51209999999985	0.18299721612398	0.102241438391829	0.16118
1.51409999999985	0.18295764862682	0.102223257973623	0.161120000000015
1.51609999999985	0.182918103519445	0.102205142304764	0.16107
1.51809999999985	0.182878580929511	0.102187091428936	0.16101
1.52009999999985	0.182855747566715	0.102185106771738	0.16095
1.52209999999985	0.182815952569825	0.102166880958694	0.160890000000015
1.52409999999985	0.182776176943432	0.102148716904663	0.160830000000015
1.52609999999985	0.182738871542706	0.102132973081411	0.16078
1.52809999999985	0.182698930985344	0.102114738182515	0.16072
1.53009999999985	0.182660657309419	0.102096644934373	0.16066
1.53209999999985	0.18263222718734	0.102078494083739	0.1606
1.53409999999985	0.182604483299546	0.102059975116547	0.160540000000015
1.53609999999985	0.182648451860395	0.102110141930499	0.160480000000015
1.53809999999985	0.182619631078045	0.102091099445153	0.16043
1.54009999999985	0.182590281056141	0.102071793743765	0.16037
1.54209999999985	0.1825604239164	0.102052237613213	0.16031
1.54409999999985	0.182530080855866	0.1020324433027	0.16025
1.54609999999985	0.182499159231018	0.102012495690182	0.16019
1.54809999999985	0.182467913365734	0.101992265047615	0.16013
1.55009999999985	0.182436239655125	0.101971829766358	0.16007
1.55209999999985	0.182404155999856	0.101951200181969	0.16001
1.55409999999985	0.182371679559843	0.101930386200579	0.15995
1.55609999999985	0.182338378585853	0.101909328646583	0.15989
1.55809999999984	0.182305000018028	0.101888009891614	0.15983
1.56009999999984	0.182271282140732	0.101866540139255	0.15977
1.56209999999984	0.182237239107974	0.101844927415173	0.15971
1.56409999999984	0.182202884494192	0.101823179416079	0.15965
1.56609999999984	0.182167736479391	0.101801188277386	0.15959
1.56809999999984	0.182132501653334	0.101778902780307	0.15953
1.57009999999984	0.182097032401454	0.101756541367367	0.15947
1.57209999999984	0.182061309293186	0.101734081005422	0.15941
1.57409999999984	0.182025342809176	0.101711527417188	0.15935
1.57609999999984	0.181989143005661	0.10168888609434	0.15929
1.57809999999984	0.181952719530688	0.101666162305127	0.159220000000016
1.58009999999984	0.181916081643386	0.101643361107181	0.159160000000016
1.58209999999984	0.181879238229815	0.101620487356101	0.1591
1.58409999999984	0.181842197815839	0.101597545710084	0.15904
1.58609999999984	0.181804968583061	0.10157454063974	0.15898
1.58809999999984	0.181767558382871	0.101551476435706	0.15892
1.59009999999984	0.181729974749908	0.101528357215948	0.15886
1.59209999999984	0.181692224914951	0.101505186932742	0.158790000000016
1.59409999999984	0.181654315817271	0.101481969379379	0.15873
1.59609999999984	0.181616011303882	0.10145865016185	0.15867
1.59809999999984	0.181577649373952	0.101435371734452	0.15861
1.60009999999984	0.181539266454091	0.101411994082704	0.158540000000016
1.60209999999984	0.181500751452936	0.1013885851314	0.158480000000016
1.60409999999984	0.181462109762164	0.101365147712828	0.15842
1.60609999999984	0.181423346557164	0.101341684546012	0.15836
1.60809999999984	0.181384466805719	0.101318198241212	0.158290000000016
1.61009999999984	0.181345475276361	0.101294691304248	0.15823
1.61209999999984	0.181306376546364	0.101271166140642	0.15817
1.61409999999984	0.181267175009431	0.101247625059605	0.15811
1.61609999999984	0.181227874883055	0.101224070277855	0.158040000000016
1.61809999999984	0.181188480215592	0.101200503923284	0.15798
1.62009999999984	0.181148994893043	0.101176928038487	0.15792
1.62209999999984	0.181109422645564	0.101153344584135	0.157850000000016
1.62409999999984	0.181163678190499	0.101220251738291	0.15779
1.62609999999984	0.181123989374568	0.101196696268043	0.157720000000016
1.62809999999984	0.181084221178402	0.101173137112765	0.15766
1.63009999999984	0.181044376879974	0.101149575996941	0.1576
1.63209999999984	0.18100445962577	0.101126014575738	0.157530000000016
1.63409999999984	0.180964472436059	0.101102454437753	0.15747
1.63609999999984	0.180924418209946	0.101078897107648	0.157400000000016
1.63809999999984	0.180884299730222	0.101055344048679	0.15734
1.64009999999984	0.180847917008117	0.101035307470712	0.15728
1.64209999999984	0.180807673237547	0.101011765009452	0.15721
1.64409999999984	0.180767373065621	0.100988230947432	0.15715
1.64609999999984	0.180727018848268	0.1009647065223	0.15708
1.64809999999983	0.180686612846846	0.100941192921661	0.15702
1.65009999999983	0.180646157231921	0.100917691285058	0.156950000000017
1.65209999999983	0.180605654086906	0.100894202705873	0.15689
1.65409999999983	0.180545973713142	0.100862946489889	0.15682
1.65609999999983	0.1805059501622	0.100839797904016	0.15676
1.65809999999983	0.180465861750646	0.100816652879246	0.15669
1.66009999999983	0.180425711181736	0.100793512843295	0.15663
1.66209999999983	0.180429363464413	0.100804422167356	0.15656
1.66409999999983	0.180375607184919	0.10077907877198	0.156490000000017
1.66609999999983	0.180319054624353	0.10074443438265	0.15643
1.66809999999983	0.180362606538242	0.100789447512266	0.156360000000017
1.67009999999983	0.180318773782192	0.100767705150486	0.1563
1.67209999999983	0.18025990211503	0.10073285950934	0.15623
1.67409999999983	0.18021412340387	0.100695149000275	0.156160000000017
1.67609999999983	0.180176123600184	0.100675512714556	0.1561
1.67809999999983	0.180117255769147	0.100641189349198	0.156030000000017
1.68009999999983	0.180147649645234	0.100681456312606	0.15597
1.68209999999983	0.180060073378161	0.100632511426982	0.1559
1.68409999999983	0.179970147258232	0.100582253248578	0.155830000000017
1.68609999999983	0.179881519454443	0.100532720676974	0.15577
1.68809999999983	0.179793647200918	0.100483677557275	0.1557
1.69009999999983	0.179706952997089	0.100435225609393	0.155630000000017
1.69209999999983	0.179621459200188	0.100387444548969	0.155560000000017
1.69409999999983	0.179537132470199	0.10034031574282	0.1555
1.69609999999983	0.17945394041591	0.100293821088039	0.15543
1.69809999999983	0.179371851566436	0.10024794299607	0.155360000000017
1.70009999999983	0.179290835343754	0.100202664377367	0.1553
1.70209999999983	0.179208786326928	0.100165628535477	0.15523
1.70409999999983	0.17917109427558	0.10013164188868	0.15516
1.70609999999983	0.179202706918952	0.100185531506681	0.155090000000017
1.70809999999983	0.179144737239129	0.100151434590254	0.15503
1.71009999999983	0.179094934656085	0.100111133558834	0.15496
1.71209999999983	0.179057878579492	0.10008554346798	0.15489
1.71409999999983	0.179003469029443	0.100059552002135	0.15482
1.71609999999983	0.178945925076292	0.1000256889437	0.154750000000017
1.71809999999983	0.178938896108968	0.100025214987243	0.15469
1.72009999999983	0.178853215557696	0.0999773203385804	0.15462
1.72209999999983	0.178766566993271	0.099928884579372	0.15455
1.72409999999983	0.178681070638306	0.0998810928947692	0.15448
1.72609999999983	0.178596695454409	0.0998339279345937	0.15441
1.72809999999983	0.178528173192062	0.0998022794596835	0.154340000000017
1.73009999999983	0.178474136425025	0.0997645243105262	0.154270000000017
1.73209999999983	0.178436703070764	0.0997360850579766	0.154200000000017
1.73409999999983	0.178387555447295	0.0997134424880687	0.15414
1.73609999999983	0.178330196711375	0.0996794428045353	0.15407
1.73809999999983	0.178279652471211	0.0996400095337317	0.154
1.74009999999982	0.178241604031421	0.0996148926179887	0.15393
1.74209999999982	0.178190306885387	0.0995915438830314	0.15386
1.74409999999982	0.178134080942061	0.0995571431838747	0.15379
1.74609999999982	0.178084164417856	0.0995181323295473	0.15372
1.74809999999982	0.178045501611997	0.0994927485934725	0.15365
1.75009999999982	0.17799227587702	0.0994687738313264	0.15358
1.75209999999982	0.177934453811746	0.099434202665227	0.15351
1.75409999999982	0.177888796527231	0.0993965714639846	0.153440000000018
1.75609999999982	0.177887382874661	0.0994071883308459	0.153370000000018
1.75809999999982	0.177805829966765	0.0993616148610294	0.153300000000018
1.76009999999982	0.177721896486948	0.0993147110778574	0.153230000000018
1.76209999999982	0.177639070932268	0.0992684264264127	0.15316
1.76409999999982	0.177557322892525	0.0992227439128411	0.15309
1.76609999999982	0.177476622811834	0.0991776470206957	0.15302
1.76809999999982	0.17743758177867	0.0991525754765754	0.15295
1.77009999999982	0.177384864476019	0.0991290552660244	0.15288
1.77209999999982	0.177326761680683	0.0990954845486499	0.15281
1.77409999999982	0.177280675649265	0.0990585631711221	0.15274
1.77609999999982	0.177241997704838	0.0990338407366446	0.15267
1.77809999999982	0.177186881462189	0.0990091736622749	0.1526
1.78009999999982	0.177129238393423	0.09897583570635	0.15253
1.78209999999982	0.177085632412593	0.0989405657798428	0.152450000000018
1.78409999999982	0.177047232135373	0.0989203985899615	0.152380000000018
1.78609999999982	0.17698987058573	0.0988909308116652	0.152310000000018
1.78809999999982	0.176955140820905	0.0988749032242637	0.15224
1.79009999999982	0.176896785030263	0.0988489532188983	0.15217
1.79209999999982	0.176837696168363	0.0988141508919161	0.1521
1.79409999999982	0.176795399076645	0.0987787566909458	0.15203
1.79609999999982	0.17675466067027	0.0987527747414188	0.15196
1.79809999999982	0.176699851717952	0.0987284414690818	0.151880000000018
1.80009999999982	0.1766432320037	0.0986949317025544	0.151810000000018
1.80209999999982	0.176595359613323	0.098657548157224	0.15174
1.80409999999982	0.176553823769392	0.0986317626369553	0.15167
1.80609999999982	0.176502697085302	0.0986096442618485	0.1516
1.80809999999982	0.176444013200405	0.0985761968008293	0.151520000000018
1.81009999999982	0.176396770891753	0.0985392354490193	0.151450000000018
1.81209999999982	0.176356968697816	0.0985147834792823	0.15138
1.81409999999982	0.176303644831221	0.0984917820270888	0.15131
1.81609999999982	0.176245368864617	0.0984585652829363	0.151230000000018
1.81809999999982	0.176201388880373	0.0984232481003911	0.151160000000018
1.82009999999982	0.176160730229087	0.0983973527273086	0.15109
1.82209999999982	0.176105536074291	0.098373571087125	0.15102
1.82409999999982	0.176045505219986	0.0983401684157732	0.150940000000018
1.82609999999982	0.176006602848007	0.0983077101605585	0.15087
1.82809999999982	0.175965087591614	0.0982879691623688	0.1508
1.83009999999981	0.175906431428349	0.0982558326770612	0.15073
1.83209999999981	0.175851916324168	0.098216944042452	0.150650000000019
1.83409999999981	0.175809803221565	0.0981908305098322	0.15058
1.83609999999981	0.175791633263744	0.0981978143230362	0.15051
1.83809999999981	0.175731596340949	0.0981640825603256	0.150430000000019
1.84009999999981	0.175680958915376	0.0981259474534245	0.15036
1.84209999999981	0.175640345110696	0.0981008067252709	0.15029
1.84409999999981	0.17559009909084	0.0980800762553481	0.150210000000019
1.84609999999981	0.175531436811665	0.0980476304827253	0.15014
1.84809999999981	0.175483357354618	0.0980102464398227	0.150060000000019
1.85009999999981	0.175442584702562	0.0979854817605014	0.14999
1.85209999999981	0.175390424966961	0.0979634368282475	0.14992
1.85409999999981	0.175331023960327	0.0979300133151107	0.149840000000019
1.85609999999981	0.175285987744078	0.0978944025764664	0.14977
1.85809999999981	0.175245236479487	0.0978698009856832	0.1497
1.86009999999981	0.175190692631586	0.097846696187102	0.14962
1.86209999999981	0.175131144092046	0.0978127266665059	0.14955
1.86409999999981	0.175085240376559	0.0977769886103009	0.149470000000019
1.86609999999981	0.175042665784896	0.0977517081344412	0.1494
1.86809999999981	0.174990717843482	0.0977300444890114	0.149320000000019
1.87009999999981	0.174930819117087	0.0976969650435408	0.14925
1.87209999999981	0.174885529402776	0.0976616401670036	0.149170000000019
1.87409999999981	0.174883383336859	0.0976762430642675	0.1491
1.87609999999981	0.174831003267457	0.0976543004989187	0.149020000000019
1.87809999999981	0.174773126446582	0.0976216218026027	0.14895
1.88009999999981	0.174724157637858	0.0975849931820808	0.14888
1.88209999999981	0.174682112659959	0.0975586075639494	0.1488
1.88409999999981	0.174633384679799	0.0975387382665506	0.14873
1.88609999999981	0.174573532940531	0.0975060906253756	0.14865
1.88809999999981	0.174524978140914	0.0974681019727299	0.148570000000019
1.89009999999981	0.174517196605241	0.0974783192580578	0.1485
1.89209999999981	0.174439689969452	0.0974350271542704	0.148420000000019
1.89409999999981	0.174395461928664	0.0974163834993381	0.14835
1.89609999999981	0.174319442350832	0.097365423209012	0.148270000000019
1.89809999999981	0.174238443693998	0.0973201817351088	0.1482
1.90009999999981	0.174157878302419	0.0972751822597699	0.148120000000019
1.90209999999981	0.174078314050333	0.0972307419668675	0.14805
1.90409999999981	0.174034712480465	0.0972043991723908	0.14797
1.90609999999981	0.173990881841736	0.0971783115676281	0.147890000000019
1.90809999999981	0.173934653824664	0.0971545160421948	0.14782
1.91009999999981	0.173875646293654	0.0971206018184808	0.147740000000019
1.91209999999981	0.173824396251939	0.0970823297423901	0.14767
1.91409999999981	0.173780890257654	0.0970567870343604	0.14759
1.91609999999981	0.173737438613742	0.0970310345417321	0.147510000000019
1.91809999999981	0.173693602372008	0.0970180887656123	0.14744
1.9200999999998	0.17363612189652	0.0969847248973773	0.147360000000019
1.9220999999998	0.173584038710666	0.0969468292392388	0.14729
1.9240999999998	0.173558486137617	0.0969393352377048	0.14721
1.9260999999998	0.173478320943149	0.0968945597799677	0.14713000000002
1.9280999999998	0.173398344703946	0.0968498898612814	0.14706
1.9300999999998	0.173353452127519	0.0968238626835077	0.14698
1.9320999999998	0.173306099649871	0.0968045671813483	0.14690000000002
1.9340999999998	0.173248512636849	0.0967726444686675	0.14683
1.9360999999998	0.17319047159162	0.0967396587251732	0.14675
1.9380999999998	0.173244140180601	0.0968057667369222	0.14667000000002
1.9400999999998	0.173199653284129	0.0967805577330817	0.14659000000002
1.9420999999998	0.17315386476647	0.0967547337265394	0.14652
1.9440999999998	0.173101800311696	0.0967335122796175	0.14644
1.9460999999998	0.173043260697055	0.0967015109533823	0.14636000000002
1.9480999999998	0.172988642975114	0.0966652593225945	0.14629
1.9500999999998	0.172944904340184	0.096638162306587	0.14621
1.9520999999998	0.172901219321185	0.0966135900652521	0.14613
1.9540999999998	0.172849976378839	0.0965920554133792	0.14605000000002
1.9560999999998	0.172790938017994	0.096559182858097	0.14598
1.9580999999998	0.172737172714543	0.0965207396965664	0.1459
1.9600999999998	0.172693592923242	0.0964955584793551	0.14582
1.9620999999998	0.172650595062237	0.0964701364809046	0.14574000000002
1.9640999999998	0.17258913494562	0.0964444753037826	0.14567
1.9660999999998	0.172532062968559	0.0964069459241377	0.14559
1.9680999999998	0.172488579363217	0.096378925651466	0.14551
1.9700999999998	0.172445018274244	0.0963538424818371	0.14543
1.9720999999998	0.172389868782578	0.0963308592474725	0.14535000000002
1.9740999999998	0.172330064430754	0.0962971269664819	0.14527000000002
1.9760999999998	0.172284837489548	0.0962626525843152	0.1452
1.9780999999998	0.172241884468528	0.0962386343796292	0.14512
1.9800999999998	0.17218745209721	0.0962168288123302	0.14504
1.9820999999998	0.1721257354524	0.0961828811938776	0.14496000000002
1.9840999999998	0.172084007960187	0.0961502241348082	0.14488000000002
1.9860999999998	0.172040630012223	0.0961257880527976	0.14480000000002
1.9880999999998	0.171984397090119	0.0961032238037731	0.14473
1.9900999999998	0.171927110998829	0.0960625709436553	0.14465
1.9920999999998	0.171884928757315	0.09603928778873	0.14457
1.9940999999998	0.171839756007743	0.0960223401033789	0.14449
1.9960999999998	0.17177453435149	0.0959873891340349	0.14441
1.9980999999998	0.171731138285897	0.0959541090612374	0.14433000000002
