t	La
0	0	0
0.002	0	0
0.0041	203.798464850322	348.09555
0.006	206.744677978331	348.12288
0.00800000000000001	211.982694460872	348.18826
0.0101	219.722677980851	348.324
0.0121	229.060179467786	348.52761
0.0141	240.121789568716	348.83071
0.0161	252.706271172276	349.25732
0.0180999999999999	266.617390626166	349.83306
0.0200999999999999	281.673634079293	350.585
0.0220999999999999	297.71315921298	351.54157
0.0240999999999999	314.595260655154	352.73258
0.0260999999999999	332.199653632564	354.18909
0.0280999999999999	350.42460387789	355.9434
0.0300999999999999	369.184596959405	358.02903
0.0320999999999999	388.407960187521	360.48065
0.0341	408.034653441219	363.33408
0.036	427.007637692217	366.27623
0.0380000000000001	447.283314076611	369.99577
0.0400000000000001	467.835575023271	374.227220000001
0.0420000000000002	488.633943027932	379.010630000001
0.0440000000000002	509.652512689421	384.387080000001
0.0460000000000003	530.869167514348	390.398640000002
0.0480000000000003	552.264939649517	397.088400000002
0.0500000000000004	573.823486362664	404.500410000003
0.0520000000000005	595.530661400641	412.679670000004
0.0540000000000005	616.794625773192	421.672110000005
0.0560000000000006	616.794625773192	431.524570000006
0.0580000000000006	616.794625773192	442.284770000007
0.0600000000000007	616.794625773192	454.001270000009
0.0620000000000007	616.794625773192	466.72348000001
0.0640000000000008	616.794625773192	480.501550000012
0.0660000000000009	616.794625773192	495.386390000013
0.0680000000000009	1233.58925154638	511.429610000015
0.070000000000001	1233.58925154638	528.683430000018
0.072000000000001	1233.58925154638	547.20066000002
0.0740000000000011	1233.58925154638	567.034590000022
0.0760000000000012	1233.58925154638	588.238900000025
0.0780000000000012	1233.58925154638	610.867590000028
0.0800000000000013	1233.58925154638	652.050540000031
0.0820000000000013	1233.58925154638	703.352300000035
0.0840000000000014	1233.58925154638	757.772320000039
0.0860000000000014	1850.38387731958	815.407000000043
0.0880000000000015	1850.38387731958	876.350090000047
0.0900000000000016	1850.38387731958	940.692070000051
0.0920000000000016	1850.38387731958	1008.51937000006
0.0940000000000017	1850.38387731958	1079.91350000006
0.0960000000000017	1850.38387731958	1154.95012000007
0.0980000000000018	1850.38387731958	1233.69796000007
0.100000000000002	1850.38387731958	1316.21760000008
0.102000000000002	1850.38387731958	1402.56024000008
0.104000000000002	1850.38387731958	1492.76621000009
0.106000000000002	1850.38387731958	1586.8634900001
0.108000000000002	2467.17850309277	1684.8660500001
0.110000000000002	2467.17850309277	1786.77217000011
0.112000000000002	2467.17850309277	1892.56261000012
0.114000000000002	3083.97312886596	2002.19886000013
0.116000000000002	3083.97312886596	2115.62135000013
0.118000000000002	3083.97312886596	2232.74780000014
0.120000000000002	3083.97312886596	2353.47160000015
0.122000000000002	3238.17178530926	2477.66063000016
0.124000000000003	3083.97312886596	2605.15617000016
0.126000000000002	3700.76775463915	2735.77245000016
0.128000000000002	3700.76775463915	2869.29652000015
0.130000000000002	3700.76775463915	3005.48888000014
0.132000000000002	3700.76775463915	3144.08463000012
0.134000000000002	3700.76775463915	3284.79547000011
0.136000000000001	4317.56238041235	3427.31236000009
0.138000000000001	4317.56238041235	3571.30885000008
0.140000000000001	4317.56238041235	3716.44514000007
0.142000000000001	4934.35700618554	3862.37259000005
0.144	4934.35700618554	4008.73865000003
0.146	4934.35700618554	4155.19197000002
0.148	4934.35700618554	4301.38749
0.1501	4934.35700618554	4454.25026999998
0.1521	4934.35700618554	4598.89095999997
0.154099999999999	4934.35700618554	4742.30917999996
0.156099999999999	5551.15163195873	4884.23071999994
0.158099999999999	5551.15163195873	5024.40692999992
0.160099999999999	5551.15163195873	5162.61641999991
0.162099999999998	6167.94625773192	5298.6659099999
0.164099999999998	6167.94625773192	5432.39039999988
0.166099999999998	6167.94625773192	5563.65263999987
0.168099999999998	6784.74088350511	5692.34204999986
0.170099999999998	6784.74088350511	5818.37324999985
0.172099999999997	6784.74088350511	5941.68419999984
0.174099999999997	6784.74088350511	6062.23415999983
0.176099999999997	6784.74088350511	6180.00149999982
0.178099999999997	6784.74088350511	6294.98153999981
0.180099999999996	6784.74088350511	6407.1843099998
0.182099999999996	6784.74088350511	6516.6325299998
0.184099999999996	6784.74088350511	6623.35958999979
0.186099999999996	6784.74088350511	6727.40776999979
0.188099999999996	7401.53550927831	6828.82659999978
0.190099999999995	7401.53550927831	6927.67132999978
0.192099999999995	7401.53550927831	7024.00168999977
0.194099999999995	8018.3301350515	7117.88069999977
0.196099999999995	8018.3301350515	7209.37368999976
0.198099999999995	8018.3301350515	7298.54749999976
0.200099999999994	8018.3301350515	7385.46966999976
0.202099999999994	8018.3301350515	7470.20795999975
0.204099999999994	8018.3301350515	7552.82972999975
0.206099999999994	8018.3301350515	7633.40166999975
0.208099999999993	8635.12476082469	7711.98933999974
0.210099999999993	8635.12476082469	7788.65701999974
0.212099999999993	8635.12476082469	7863.46745999974
0.214099999999993	8635.12476082469	7936.48174999974
0.216099999999993	8635.12476082469	8007.75918999974
0.218099999999992	8635.12476082469	8077.35723999974
0.220099999999992	8635.12476082469	8145.33147999973
0.222099999999992	8635.12476082469	8211.73554999973
0.224099999999992	8635.12476082469	8276.62121999973
0.226099999999991	8635.12476082469	8340.03833999973
0.228099999999991	8635.12476082469	8402.03488999973
0.230099999999991	8635.12476082469	8462.65702999973
0.232099999999991	9251.91938659788	8521.94912999973
0.234099999999991	9251.91938659788	8579.95381999973
0.23609999999999	9251.91938659788	8636.71206999973
0.23809999999999	9251.91938659788	8692.26319999973
0.24009999999999	9251.91938659788	8746.64497999973
0.24209999999999	9868.71401237107	8799.89364999973
0.244099999999989	9868.71401237107	8852.04404999973
0.246099999999989	9868.71401237107	8903.12958999973
0.248099999999989	9868.71401237107	8953.18235999973
0.250099999999989	9868.71401237107	9002.23318999973
0.252099999999989	9868.71401237107	9050.31168999973
0.254099999999988	9868.71401237107	9097.44628999973
0.256099999999988	9868.71401237107	9143.66432999973
0.258099999999988	9868.71401237107	9188.99208999973
0.260099999999988	9868.71401237107	9233.45480999973
0.262099999999987	9868.71401237107	9277.07679999973
0.264099999999987	9868.71401237107	9319.88140999973
0.266099999999987	9868.71401237107	9361.89114999973
0.268099999999987	9868.71401237107	9403.12765999973
0.270099999999987	9868.71401237107	9443.61178999973
0.272099999999986	9868.71401237107	9483.36362999973
0.274099999999986	9868.71401237107	9522.40252999973
0.276099999999986	9868.71401237107	9560.74714999973
0.278099999999986	10485.5086381443	9598.41548999973
0.280099999999985	10485.5086381443	9635.42490999973
0.282099999999985	10485.5086381443	9671.79216999974
0.284099999999985	10485.5086381443	9707.53342999973
0.286099999999985	10485.5086381443	9742.66432999973
0.288099999999985	10485.5086381443	9777.19994999974
0.290099999999984	10485.5086381443	9811.15488999974
0.292099999999984	10485.5086381443	9844.54324999974
0.294099999999984	10485.5086381443	9877.37867999974
0.296099999999984	10485.5086381443	9909.67436999974
0.298099999999983	10485.5086381443	9941.44308999974
0.300099999999983	10485.5086381443	9972.69722999974
0.302099999999983	10485.5086381443	10003.4487499997
0.304099999999983	10485.5086381443	10033.7092799997
0.306099999999983	10485.5086381443	10063.4900499997
0.308099999999982	10485.5086381443	10092.8019699997
0.310099999999982	10485.5086381443	10121.6556299997
0.312099999999982	10485.5086381443	10150.0612799997
0.314099999999982	11102.3032639175	10178.0288799997
0.316099999999982	11102.3032639175	10205.5680999997
0.318099999999981	11102.3032639175	10232.6883199997
0.320099999999981	11102.3032639175	10259.3986599997
0.322099999999981	11102.3032639175	10285.7079799997
0.324099999999981	11102.3032639175	10311.6248899997
0.32609999999998	11102.3032639175	10337.1577499998
0.32809999999998	11102.3032639175	10362.3146999998
0.33009999999998	11102.3032639175	10387.1036599998
0.33209999999998	11102.3032639175	10411.5323099998
0.33409999999998	11719.0978896907	10435.6081599998
0.336099999999979	11719.0978896907	10459.3384899998
0.338099999999979	11719.0978896907	10482.7304099998
0.340099999999979	11719.0978896907	10505.7908299998
0.342099999999979	11719.0978896907	10528.5264799998
0.344099999999978	11719.0978896907	10550.9439199998
0.346099999999978	11719.0978896907	10573.0495399998
0.348099999999978	11719.0978896907	10594.8495899998
0.350099999999978	11719.0978896907	10616.3501199998
0.352099999999978	11719.0978896907	10637.5570599998
0.354099999999977	11719.0978896907	10658.4761899998
0.356099999999977	11719.0978896907	10679.1131399998
0.358099999999977	11719.0978896907	10699.4733999998
0.360099999999977	11719.0978896907	10719.5623499998
0.362099999999976	11719.0978896907	10739.3852099998
0.364099999999976	11719.0978896907	10758.9470999998
0.366099999999976	11719.0978896907	10778.2529999998
0.368099999999976	11719.0978896907	10797.3077899998
0.370099999999976	11719.0978896907	10816.1162099998
0.372099999999975	11719.0978896907	10834.6829199998
0.374099999999975	11719.0978896907	10853.0124599998
0.376099999999975	11719.0978896907	10871.1092699998
0.378099999999975	11719.0978896907	10888.9776599998
0.380099999999974	11719.0978896907	10906.6218899998
0.382099999999974	11719.0978896907	10924.0460999998
0.384099999999974	11719.0978896907	10941.2543199998
0.386099999999974	11719.0978896907	10958.2505199998
0.388099999999974	11719.0978896907	10975.0385599998
0.390099999999973	11719.0978896907	10991.6222399998
0.392099999999973	11719.0978896907	11008.0052499998
0.394099999999973	11719.0978896907	11024.1912199998
0.396099999999973	11719.0978896907	11040.1836799998
0.398099999999972	11719.0978896907	11055.9860999998
0.400099999999972	11719.0978896907	11071.6018799998
0.402099999999972	11719.0978896907	11087.0343299998
0.404099999999972	11719.0978896907	11102.2866999998
0.406099999999972	11719.0978896907	11117.3621699998
0.408099999999971	11719.0978896907	11132.2638499998
0.410099999999971	11719.0978896907	11146.9947999998
0.412099999999971	11719.0978896907	11161.5579899998
0.414099999999971	11719.0978896907	11175.9563499998
0.41609999999997	11719.0978896907	11190.1927299998
0.41809999999997	11719.0978896907	11204.2699399998
0.42009999999997	11719.0978896907	11218.1907299998
0.42209999999997	11719.0978896907	11231.9577799998
0.42409999999997	11719.0978896907	11245.5737199998
0.426099999999969	11719.0978896907	11259.0411299998
0.428099999999969	11719.0978896907	11272.3625499998
0.430099999999969	11719.0978896907	11285.5404499998
0.432099999999969	11719.0978896907	11298.5772499998
0.434099999999969	11719.0978896907	11311.4753399998
0.436099999999968	12335.8925154639	11324.2370499998
0.438099999999968	12335.8925154639	11336.8646499998
0.440099999999968	12335.8925154639	11349.3603899998
0.442099999999968	12335.8925154639	11361.7264699998
0.444099999999967	12335.8925154639	11373.9650399998
0.446099999999967	12335.8925154639	11386.0781899998
0.448099999999967	12335.8925154639	11398.0680199998
0.450099999999967	12335.8925154639	11409.9365299998
0.452099999999967	12335.8925154639	11421.6857299998
0.454099999999966	12335.8925154639	11433.3175499998
0.456099999999966	12335.8925154639	11444.8339199998
0.458099999999966	12335.8925154639	11456.2366999998
0.460099999999966	12335.8925154639	11467.5277399998
0.462099999999965	12335.8925154639	11478.7088499998
0.464099999999965	12335.8925154639	11489.7817799998
0.466099999999965	12335.8925154639	11500.7482799998
0.468099999999965	12335.8925154639	11511.6100399998
0.470099999999965	12335.8925154639	11522.3687499998
0.472099999999964	12335.8925154639	11533.0260299998
0.474099999999964	12335.8925154639	11543.5834999998
0.476099999999964	12335.8925154639	11554.0427399998
0.478099999999964	12335.8925154639	11564.4052799998
0.480099999999963	12335.8925154639	11574.6726599998
0.482099999999963	12335.8925154639	11584.8463599998
0.484099999999963	12335.8925154639	11594.9278399998
0.486099999999963	12335.8925154639	11604.9185399998
0.488099999999963	12952.6871412371	11614.8198699998
0.490099999999962	12952.6871412371	11624.6332099998
0.492099999999962	12952.6871412371	11634.3599099998
0.494099999999962	12952.6871412371	11644.0013199998
0.496099999999962	12952.6871412371	11653.5587399998
0.498099999999961	12952.6871412371	11663.0334499998
0.500099999999961	12952.6871412371	11672.4267099998
0.502099999999961	12952.6871412371	11681.7397699998
0.504099999999961	12952.6871412371	11690.9738299998
0.506099999999961	12952.6871412371	11700.1300799998
0.50809999999996	12952.6871412371	11709.2096999998
0.51009999999996	12952.6871412371	11718.2138499998
0.51209999999996	12952.6871412371	11727.1436299998
0.51409999999996	12952.6871412371	11736.0001799998
0.516099999999959	12952.6871412371	11744.7845699998
0.518099999999959	12952.6871412371	11753.4978699998
0.520099999999959	12952.6871412371	11762.1411399998
0.522099999999959	12952.6871412371	11770.7153999998
0.524099999999959	12952.6871412371	11779.2216599998
0.526099999999958	12952.6871412371	11787.6609299998
0.528099999999958	12952.6871412371	11796.0341799998
0.530099999999958	12952.6871412371	11804.3423699998
0.532099999999958	12952.6871412371	11812.5864399998
0.534099999999958	12952.6871412371	11820.7673199998
0.536099999999957	12952.6871412371	11828.8859099998
0.538099999999957	12952.6871412371	11836.9431199998
0.540099999999957	12952.6871412371	11844.9398199998
0.542099999999957	12952.6871412371	11852.8768599998
0.544099999999956	12952.6871412371	11860.7551099998
0.546099999999956	12952.6871412371	11868.5753899998
0.548099999999956	12952.6871412371	11876.3385199998
0.550099999999956	12952.6871412371	11884.0452999998
0.552099999999956	12952.6871412371	11891.6965299998
0.554099999999955	12952.6871412371	11899.2929799998
0.556099999999955	12952.6871412371	11906.8354099998
0.558099999999955	13569.4817670103	11914.3245699998
0.560099999999955	13569.4817670103	11921.7612099998
0.562099999999954	13569.4817670103	11929.1460399998
0.564099999999954	13569.4817670103	11936.4797799998
0.566099999999954	13569.4817670103	11943.7631199998
0.568099999999954	13569.4817670103	11950.9967499998
0.570099999999954	13569.4817670103	11958.1813499998
0.572099999999953	13569.4817670103	11965.3175899998
0.574099999999953	13569.4817670103	11972.4061099998
0.576099999999953	13569.4817670103	11979.4475699998
0.578099999999953	13569.4817670103	11986.4425799998
0.580099999999952	13569.4817670103	11993.3917699998
0.582099999999952	13569.4817670103	12000.2957499998
0.584099999999952	13569.4817670103	12007.1551199998
0.586099999999952	13569.4817670103	12013.9704699998
0.588099999999952	13569.4817670103	12020.7423699998
0.590099999999951	13569.4817670103	12027.4714099998
0.592099999999951	13569.4817670103	12034.1581299998
0.594099999999951	13569.4817670103	12040.8030999998
0.596099999999951	13569.4817670103	12047.4068499998
0.59809999999995	13569.4817670103	12053.9699099998
0.60009999999995	13569.4817670103	12060.4928199998
0.60209999999995	13569.4817670103	12066.9760799998
0.60409999999995	13569.4817670103	12073.4201999998
0.60609999999995	13569.4817670103	12079.8256799998
0.608099999999949	13569.4817670103	12086.1930099998
0.610099999999949	13569.4817670103	12092.5226799998
0.612099999999949	13569.4817670103	12098.8151499998
0.614099999999949	13569.4817670103	12105.0708999998
0.616099999999948	13569.4817670103	12111.2903799998
0.618099999999948	13569.4817670103	12117.4740499998
0.620099999999948	13569.4817670103	12123.6223499998
0.622099999999948	13569.4817670103	12129.7357099998
0.624099999999948	13569.4817670103	12135.8145799998
0.626099999999947	13569.4817670103	12141.8593599998
0.628099999999947	13569.4817670103	12147.8704699998
0.630099999999947	13569.4817670103	12153.8483399998
0.632099999999947	13569.4817670103	12159.7933499998
0.634099999999946	13569.4817670103	12165.7058999998
0.636099999999946	13569.4817670103	12171.5863899998
0.638099999999946	13569.4817670103	12177.4351999998
0.640099999999946	13569.4817670103	12183.2527099998
0.642099999999946	13569.4817670103	12189.0392899998
0.644099999999945	13569.4817670103	12194.7952999998
0.646099999999945	13569.4817670103	12200.5210999998
0.648099999999945	13569.4817670103	12206.2170599998
0.650099999999945	13569.4817670103	12211.8835099998
0.652099999999945	13569.4817670103	12217.5208099998
0.654099999999944	13569.4817670103	12223.1292799998
0.656099999999944	13569.4817670103	12228.7092699998
0.658099999999944	13569.4817670103	12234.2610999998
0.660099999999944	13569.4817670103	12239.7850899998
0.662099999999943	13569.4817670103	12245.2815599998
0.664099999999943	13569.4817670103	12250.7508199998
0.666099999999943	13569.4817670103	12256.1931799998
0.668099999999943	13569.4817670103	12261.6089399998
0.670099999999943	13569.4817670103	12266.9983999998
0.672099999999942	13569.4817670103	12272.3618599998
0.674099999999942	13569.4817670103	12277.6995999998
0.676099999999942	13569.4817670103	12283.0119099998
0.678099999999942	13569.4817670103	12288.2990699998
0.680099999999941	13569.4817670103	12293.5613599998
0.682099999999941	13569.4817670103	12298.7990399998
0.684099999999941	13569.4817670103	12304.0123799998
0.686099999999941	13569.4817670103	12309.2016499998
0.688099999999941	13569.4817670103	12314.3671099998
0.69009999999994	13569.4817670103	12319.5090099998
0.69209999999994	13569.4817670103	12324.6276099998
0.69409999999994	13569.4817670103	12329.7231499998
0.69609999999994	13569.4817670103	12334.7958799998
0.698099999999939	13569.4817670103	12339.8460399998
0.700099999999939	13569.4817670103	12344.8738599998
0.702099999999939	13569.4817670103	12349.8795899998
0.704099999999939	13569.4817670103	12354.8634399998
0.706099999999939	13569.4817670103	12359.8256499998
0.708099999999938	13569.4817670103	12364.7664399998
0.710099999999938	13569.4817670103	12369.6860299998
0.712099999999938	13569.4817670103	12374.5846299998
0.714099999999938	13569.4817670103	12379.4624699998
0.716099999999937	13569.4817670103	12384.3197499998
0.718099999999937	13569.4817670103	12389.1566799998
0.720099999999937	13569.4817670103	12393.9734599998
0.722099999999937	13569.4817670103	12398.7702899998
0.724099999999937	13569.4817670103	12403.5473799998
0.726099999999936	13569.4817670103	12408.3049199998
0.728099999999936	13569.4817670103	12413.0430999998
0.730099999999936	13569.4817670103	12417.7621199998
0.732099999999936	13569.4817670103	12422.4621599998
0.734099999999935	13569.4817670103	12427.1433999998
0.736099999999935	13569.4817670103	12431.8060199998
0.738099999999935	13569.4817670103	12436.4502199998
0.740099999999935	13569.4817670103	12441.0761599999
0.742099999999935	13569.4817670103	12445.6840099999
0.744099999999934	13569.4817670103	12450.2739599999
0.746099999999934	13569.4817670103	12454.8461699999
0.748099999999934	13569.4817670103	12459.4007999999
0.750099999999934	13569.4817670103	12463.9380299998
0.752099999999933	13569.4817670103	12468.4580099998
0.754099999999933	13569.4817670103	12472.9609099999
0.756099999999933	13569.4817670103	12477.4468799998
0.758099999999933	13569.4817670103	12481.9160799999
0.760099999999933	13569.4817670103	12486.3686699999
0.762099999999932	13569.4817670103	12490.8047899999
0.764099999999932	13569.4817670103	12495.2245899999
0.766099999999932	13569.4817670103	12499.6282299999
0.768099999999932	13569.4817670103	12504.0158399999
0.770099999999932	13569.4817670103	12508.3875699998
0.772099999999931	13569.4817670103	12512.7435699999
0.774099999999931	13569.4817670103	12517.0839699999
0.776099999999931	13569.4817670103	12521.4089199999
0.778099999999931	13569.4817670103	12525.7185299999
0.78009999999993	13569.4817670103	12530.0129599999
0.78209999999993	13569.4817670103	12534.2923299999
0.78409999999993	13569.4817670103	12538.5567799999
0.78609999999993	13569.4817670103	12542.8064299999
0.78809999999993	13569.4817670103	12547.0414099999
0.790099999999929	13569.4817670103	12551.2618399999
0.792099999999929	13569.4817670103	12555.4678499999
0.794099999999929	13569.4817670103	12559.6595599999
0.796099999999929	13569.4817670103	12563.8370999999
0.798099999999928	13569.4817670103	12568.0005699999
0.800099999999928	13569.4817670103	12572.1501099999
0.802099999999928	13569.4817670103	12576.2858199999
0.804099999999928	13569.4817670103	12580.4078099999
0.806099999999928	13569.4817670103	12584.5162099999
0.808099999999927	13569.4817670103	12588.6111199999
0.810099999999927	13569.4817670103	12592.6926599999
0.812099999999927	13569.4817670103	12596.7609199999
0.814099999999927	14186.2763927834	12600.8160299999
0.816099999999926	14186.2763927834	12604.8580799999
0.818099999999926	14186.2763927834	12608.8871799999
0.820099999999926	14186.2763927834	12612.9034399999
0.822099999999926	14186.2763927834	12616.9069499999
0.824099999999926	14186.2763927834	12620.8978099999
0.826099999999925	14186.2763927834	12624.8761299999
0.828099999999925	14186.2763927834	12628.8420099999
0.830099999999925	14186.2763927834	12632.7955299999
0.832099999999925	14186.2763927834	12636.7367999999
0.834099999999924	14186.2763927834	12640.6659099999
0.836099999999924	14186.2763927834	12644.5829599999
0.838099999999924	14186.2763927834	12648.4880299999
0.840099999999924	14186.2763927834	12652.3812199999
0.842099999999924	14186.2763927834	12656.2626199999
0.844099999999923	14186.2763927834	12660.1323099999
0.846099999999923	14186.2763927834	12663.9903899999
0.848099999999923	14186.2763927834	12667.8369399999
0.850099999999923	14186.2763927834	12671.6720499999
0.852099999999922	14186.2763927834	12675.4957999999
0.854099999999922	14186.2763927834	12679.3082799999
0.856099999999922	14186.2763927834	12683.1095599999
0.858099999999922	14186.2763927834	12686.8997399999
0.860099999999922	14186.2763927834	12690.6788799999
0.862099999999921	14186.2763927834	12694.4470799999
0.864099999999921	14186.2763927834	12698.2044099999
0.866099999999921	14186.2763927834	12701.9509499999
0.868099999999921	14186.2763927834	12705.6867699999
0.87009999999992	14186.2763927834	12709.4119499999
0.87209999999992	14186.2763927834	12713.1265699999
0.87409999999992	14186.2763927834	12716.8306999999
0.87609999999992	14186.2763927834	12720.5244199999
0.87809999999992	14186.2763927834	12724.2077899999
0.880099999999919	14186.2763927834	12727.8808899999
0.882099999999919	14186.2763927834	12731.5437899999
0.884099999999919	14186.2763927834	12735.1965699999
0.886099999999919	14186.2763927834	12738.8392799999
0.888099999999919	14186.2763927834	12742.4719999999
0.890099999999918	14186.2763927834	12746.0947999999
0.892099999999918	14186.2763927834	12749.7077499999
0.894099999999918	14186.2763927834	12753.3109099999
0.896099999999918	14186.2763927834	12756.9043399999
0.898099999999917	14186.2763927834	12760.4881099999
0.900099999999917	14186.2763927834	12764.0622899999
0.902099999999917	14186.2763927834	12767.6269399999
0.904099999999917	14186.2763927834	12771.1821199999
0.906099999999917	14494.67370567	12774.7278999999
0.908099999999916	14803.0710185566	12778.2643299999
0.910099999999916	14803.0710185566	12781.7914799999
0.912099999999916	14803.0710185566	12785.3094099999
0.914099999999916	14803.0710185566	12788.8181699999
0.916099999999915	14803.0710185566	12792.3178299999
0.918099999999915	14803.0710185566	12795.8084399999
0.920099999999915	14803.0710185566	12799.2900599999
0.922099999999915	14803.0710185566	12802.7627599999
0.924099999999915	14803.0710185566	12806.2265799999
0.926099999999914	14803.0710185566	12809.6815799999
0.928099999999914	14803.0710185566	12813.1278099999
0.930099999999914	14803.0710185566	12816.5653399999
0.932099999999914	14803.0710185566	12819.9942099999
0.934099999999913	14803.0710185566	12823.4144799999
0.936099999999913	14803.0710185566	12826.8262099999
0.938099999999913	14803.0710185566	12830.2294299999
0.940099999999913	14803.0710185566	12833.6242199999
0.942099999999913	14803.0710185566	12837.0106099999
0.944099999999912	14803.0710185566	12840.3886599999
0.946099999999912	14803.0710185566	12843.7584199999
0.948099999999912	14803.0710185566	12847.1199399999
0.950099999999912	14803.0710185566	12850.4732699999
0.952099999999911	14803.0710185566	12853.8184599999
0.954099999999911	14803.0710185566	12857.1555499999
0.956099999999911	14803.0710185566	12860.4845899999
0.958099999999911	14803.0710185566	12863.8056399999
0.960099999999911	14803.0710185566	12867.1187299999
0.96209999999991	14803.0710185566	12870.4239199999
0.96409999999991	14803.0710185566	12873.7212599999
0.96609999999991	14803.0710185566	12877.0107699999
0.96809999999991	14803.0710185566	12880.2925199999
0.970099999999909	14803.0710185566	12883.5665499999
0.972099999999909	14803.0710185566	12886.8328999999
0.974099999999909	14803.0710185566	12890.0916099999
0.976099999999909	14803.0710185566	12893.3427299999
0.978099999999909	14803.0710185566	12896.5862999999
0.980099999999908	14803.0710185566	12899.8223699999
0.982099999999908	14803.0710185566	12903.0509699999
0.984099999999908	14803.0710185566	12906.2721499999
0.986099999999908	14803.0710185566	12909.4859499999
0.988099999999908	14803.0710185566	12912.6924099999
0.990099999999907	14803.0710185566	12915.8915699999
0.992099999999907	14803.0710185566	12919.0834799999
0.994099999999907	14803.0710185566	12922.2681599999
0.996099999999907	14803.0710185566	12925.4456699999
0.998099999999906	14803.0710185566	12928.6160399999
1.00009999999991	14803.0710185566	12931.7793099999
1.00209999999991	14803.0710185566	12934.9355099999
1.00409999999991	14803.0710185566	12938.0846999999
1.00609999999991	14803.0710185566	12941.2268899999
1.00809999999991	14803.0710185566	12944.3621399999
1.01009999999991	14803.0710185566	12947.4904799999
1.0120999999999	14803.0710185566	12950.6119399999
1.0140999999999	14803.0710185566	12953.7265699999
1.0160999999999	14803.0710185566	12956.8343899999
1.0180999999999	14803.0710185566	12959.9354499999
1.0200999999999	14803.0710185566	12963.0297799999
1.0220999999999	14803.0710185566	12966.1174099999
1.0240999999999	14803.0710185566	12969.1983799999
1.0260999999999	14803.0710185566	12972.2727299999
1.0280999999999	14803.0710185566	12975.3404899999
1.0300999999999	14803.0710185566	12978.4016799999
1.0320999999999	14803.0710185566	12981.4563599999
1.0340999999999	14803.0710185566	12984.5045499999
1.0360999999999	14803.0710185566	12987.5462799999
1.0380999999999	14803.0710185566	12990.5815799999
1.0400999999999	14803.0710185566	12993.6104999999
1.0420999999999	14803.0710185566	12996.6330499999
1.0440999999999	14803.0710185566	12999.6492799999
1.0460999999999	14803.0710185566	13002.6592099999
1.0480999999999	14803.0710185566	13005.6628799999
1.0500999999999	14803.0710185566	13008.6603199999
1.0520999999999	14803.0710185566	13011.6515599999
1.0540999999999	14803.0710185566	13014.6366299999
1.0560999999999	14803.0710185566	13017.6155499999
1.0580999999999	14803.0710185566	13020.5883699999
1.0600999999999	14803.0710185566	13023.5551099999
1.0620999999999	14803.0710185566	13026.5157999999
1.0640999999999	14803.0710185566	13029.4704699999
1.0660999999999	14803.0710185566	13032.4191399999
1.0680999999999	14803.0710185566	13035.3618599999
1.0700999999999	14803.0710185566	13038.2986399999
1.0720999999999	14803.0710185566	13041.2295199999
1.0740999999999	14803.0710185566	13044.1545199999
1.0760999999999	14803.0710185566	13047.0736699999
1.0780999999999	14803.0710185566	13049.9870099999
1.0800999999999	14803.0710185566	13052.8945499999
1.0820999999999	14803.0710185566	13055.7963199999
1.0840999999999	14803.0710185566	13058.6923599998
1.0860999999999	14803.0710185566	13061.5826899999
1.0880999999999	14803.0710185566	13064.4673399999
1.0900999999999	14803.0710185566	13067.3463199999
1.0920999999999	14803.0710185566	13070.2196799999
1.0940999999999	14803.0710185566	13073.0874299999
1.0960999999999	14803.0710185566	13075.9496099999
1.0980999999999	14803.0710185566	13078.8062299999
1.1000999999999	14803.0710185566	13081.6573299999
1.1020999999999	14803.0710185566	13084.5029199999
1.10409999999989	14803.0710185566	13087.3430399999
1.10609999999989	14803.0710185566	13090.1776999999
1.10809999999989	14803.0710185566	13093.0069499999
1.11009999999989	14803.0710185566	13095.8307799999
1.11209999999989	14803.0710185566	13098.6492499999
1.11409999999989	14803.0710185566	13101.4623599999
1.11609999999989	14803.0710185566	13104.2701399999
1.11809999999989	14803.0710185566	13107.0726199999
1.12009999999989	14803.0710185566	13109.8698099999
1.12209999999989	14803.0710185566	13112.6617499999
1.12409999999989	14803.0710185566	13115.4484599999
1.12609999999989	14803.0710185566	13118.2299599998
1.12809999999989	14803.0710185566	13121.0062599999
1.13009999999989	14803.0710185566	13123.7774099999
1.13209999999989	14803.0710185566	13126.5434099999
1.13409999999989	14803.0710185566	13129.3042999999
1.13609999999989	14803.0710185566	13132.0600799998
1.13809999999989	14803.0710185566	13134.8107999999
1.14009999999989	14803.0710185566	13137.5564599998
1.14209999999989	14803.0710185566	13140.2970899998
1.14409999999989	14803.0710185566	13143.0327199998
1.14609999999989	14803.0710185566	13145.7633599998
1.14809999999989	14803.0710185566	13148.4890299998
1.15009999999989	14803.0710185566	13151.2097599998
1.15209999999989	14803.0710185566	13153.9255699999
1.15409999999989	14803.0710185566	13156.6364699998
1.15609999999989	14803.0710185566	13159.3424999998
1.15809999999989	14803.0710185566	13162.0436699998
1.16009999999989	14803.0710185566	13164.7399899999
1.16209999999989	15419.8656443298	13167.4314999998
1.16409999999989	15419.8656443298	13170.1182199999
1.16609999999989	15419.8656443298	13172.8001499999
1.16809999999989	15419.8656443298	13175.4773299999
1.17009999999989	15419.8656443298	13178.1497699998
1.17209999999989	15419.8656443298	13180.8174899998
1.17409999999989	15419.8656443298	13183.4805099999
1.17609999999989	15419.8656443298	13186.1388599999
1.17809999999989	15419.8656443298	13188.7925499999
1.18009999999989	15419.8656443298	13191.4415899998
1.18209999999989	15419.8656443298	13194.0860199999
1.18409999999989	15419.8656443298	13196.7258399998
1.18609999999989	15419.8656443298	13199.3610799999
1.18809999999989	15419.8656443298	13201.9917599999
1.19009999999989	15419.8656443298	13204.6178999999
1.19209999999989	15419.8656443298	13207.2394999999
1.19409999999988	15419.8656443298	13209.8565999998
1.19609999999988	15419.8656443298	13212.4692099999
1.19809999999988	15419.8656443298	13215.0773499998
1.20009999999988	15419.8656443298	13217.6810299999
1.20209999999988	15419.8656443298	13220.2802799998
1.20409999999988	15419.8656443298	13222.8751099998
1.20609999999988	15419.8656443298	13225.4655399999
1.20809999999988	15419.8656443298	13228.0515899999
1.21009999999988	15419.8656443298	13230.6332699999
1.21209999999988	15419.8656443298	13233.2106099998
1.21409999999988	15419.8656443298	13235.7836099998
1.21609999999988	15419.8656443298	13238.3522999999
1.21809999999988	15419.8656443298	13240.9166999999
1.22009999999988	15419.8656443298	13243.4768199999
1.22209999999988	15419.8656443298	13246.0326699999
1.22409999999988	15419.8656443298	13248.5842799999
1.22609999999988	15419.8656443298	13251.1316699998
1.22809999999988	15419.8656443298	13253.6748299998
1.23009999999988	15419.8656443298	13256.2138099998
1.23209999999988	15419.8656443298	13258.7485999998
1.23409999999988	15419.8656443298	13261.2792299998
1.23609999999988	15419.8656443298	13263.8057199998
1.23809999999988	15419.8656443298	13266.3280699998
1.24009999999988	15419.8656443298	13268.8463099998
1.24209999999988	15419.8656443298	13271.3604499998
1.24409999999988	15419.8656443298	13273.8704999998
1.24609999999988	15419.8656443298	13276.3764899998
1.24809999999988	15419.8656443298	13278.8784299998
1.25009999999988	15419.8656443298	13281.3763199998
1.25209999999988	15419.8656443298	13283.8701999998
1.25409999999988	15419.8656443298	13286.3600699998
1.25609999999988	15419.8656443298	13288.8459499998
1.25809999999988	15419.8656443298	13291.3278599998
1.26009999999988	15419.8656443298	13293.8057999998
1.26209999999988	15419.8656443298	13296.2797999998
1.26409999999988	15419.8656443298	13298.7498699998
1.26609999999988	15419.8656443298	13301.2160199998
1.26809999999988	15419.8656443298	13303.6782699998
1.27009999999988	15419.8656443298	13306.1366299998
1.27209999999988	15419.8656443298	13308.5911199998
1.27409999999988	15419.8656443298	13311.0417499998
1.27609999999988	15419.8656443298	13313.4885399998
1.27809999999988	15419.8656443298	13315.9314999998
1.28009999999988	15419.8656443298	13318.3706399998
1.28209999999988	15419.8656443298	13320.8059799998
1.28409999999988	15419.8656443298	13323.2375399998
1.28609999999987	15419.8656443298	13325.6653199998
1.28809999999987	15419.8656443298	13328.0893399998
1.29009999999987	15419.8656443298	13330.5096199998
1.29209999999987	15419.8656443298	13332.9261599998
1.29409999999987	15419.8656443298	13335.3389799998
1.29609999999987	15419.8656443298	13337.7480999998
1.29809999999987	15419.8656443298	13340.1535299998
1.30009999999987	15419.8656443298	13342.5552799998
1.30209999999987	15419.8656443298	13344.9533699998
1.30409999999987	15419.8656443298	13347.3477999998
1.30609999999987	15419.8656443298	13349.7385899998
1.30809999999987	15419.8656443298	13352.1257599998
1.31009999999987	15419.8656443298	13354.5093199998
1.31209999999987	15419.8656443298	13356.8892799998
1.31409999999987	15419.8656443298	13359.2656499998
1.31609999999987	15419.8656443298	13361.6384399998
1.31809999999987	15419.8656443298	13364.0076799998
1.32009999999987	15419.8656443298	13366.3733699998
1.32209999999987	15419.8656443298	13368.7355199998
1.32409999999987	15419.8656443298	13371.0941499998
1.32609999999987	15419.8656443298	13373.4492599998
1.32809999999987	15419.8656443298	13375.8008799998
1.33009999999987	15419.8656443298	13378.1490099998
1.33209999999987	15419.8656443298	13380.4936699998
1.33409999999987	15419.8656443298	13382.8348599998
1.33609999999987	15419.8656443298	13385.1726099998
1.33809999999987	15419.8656443298	13387.5069199998
1.34009999999987	15419.8656443298	13389.8377999998
1.34209999999987	15419.8656443298	13392.1652699998
1.34409999999987	15419.8656443298	13394.4893299998
1.34609999999987	15419.8656443298	13396.8100099998
1.34809999999987	15419.8656443298	13399.1272999998
1.35009999999987	15419.8656443298	13401.4412299998
1.35209999999987	15419.8656443298	13403.7518099998
1.35409999999987	15419.8656443298	13406.0590399998
1.35609999999987	15419.8656443298	13408.3629299998
1.35809999999987	15419.8656443298	13410.6635099998
1.36009999999987	15419.8656443298	13412.9607799998
1.36209999999987	15419.8656443298	13415.2547499998
1.36409999999987	15419.8656443298	13417.5454299998
1.36609999999987	15419.8656443298	13419.8328399998
1.36809999999987	15419.8656443298	13422.1169799998
1.37009999999987	15419.8656443298	13424.3978599998
1.37209999999987	15419.8656443298	13426.6755099998
1.37409999999987	15419.8656443298	13428.9499199998
1.37609999999986	15419.8656443298	13431.2211099998
1.37809999999986	15419.8656443298	13433.4890999998
1.38009999999986	15419.8656443298	13435.7538799998
1.38209999999986	15419.8656443298	13438.0154699998
1.38409999999986	15419.8656443298	13440.2738899998
1.38609999999986	15419.8656443298	13442.5291399998
1.38809999999986	15419.8656443298	13444.7812299998
1.39009999999986	15419.8656443298	13447.0301699998
1.39209999999986	15419.8656443298	13449.2759799998
1.39409999999986	15419.8656443298	13451.5186699998
1.39609999999986	15419.8656443298	13453.7582399998
1.39809999999986	15419.8656443298	13455.9946999998
1.40009999999986	15419.8656443298	13458.2280699998
1.40209999999986	15419.8656443298	13460.4583599998
1.40409999999986	15419.8656443298	13462.6855699998
1.40609999999986	15419.8656443298	13464.9097099998
1.40809999999986	15419.8656443298	13467.1308099998
1.41009999999986	15419.8656443298	13469.3488499998
1.41209999999986	15419.8656443298	13471.5638699998
1.41409999999986	15419.8656443298	13473.7758599998
1.41609999999986	15419.8656443298	13475.9848299998
1.41809999999986	15419.8656443298	13478.1907999998
1.42009999999986	15419.8656443298	13480.3937799998
1.42209999999986	15419.8656443298	13482.5937699998
1.42409999999986	15419.8656443298	13484.7907799998
1.42609999999986	15419.8656443298	13486.9848299998
1.42809999999986	15419.8656443298	13489.1759199998
1.43009999999986	15419.8656443298	13491.3640699998
1.43209999999986	15419.8656443298	13493.5492699998
1.43409999999986	15419.8656443298	13495.7315499998
1.43609999999986	15419.8656443298	13497.9109099998
1.43809999999986	15419.8656443298	13500.0873599998
1.44009999999986	15419.8656443298	13502.2609099998
1.44209999999986	15419.8656443298	13504.4315699998
1.44409999999986	15419.8656443298	13506.5993499998
1.44609999999986	15419.8656443298	13508.7642499998
1.44809999999986	15419.8656443298	13510.9262899998
1.45009999999986	15419.8656443298	13513.0854699998
1.45209999999986	15419.8656443298	13515.2418099998
1.45409999999986	15419.8656443298	13517.3953199998
1.45609999999986	15419.8656443298	13519.5459899998
1.45809999999986	15419.8656443298	13521.6938499998
1.46009999999986	15419.8656443298	13523.8388999998
1.46209999999986	15419.8656443298	13525.9811399998
1.46409999999986	15419.8656443298	13528.1205999998
1.46609999999985	15419.8656443298	13530.2572599998
1.46809999999985	15419.8656443298	13532.3911599998
1.47009999999985	15419.8656443298	13534.5222899998
1.47209999999985	15419.8656443298	13536.6506599998
1.47409999999985	15419.8656443298	13538.7762799998
1.47609999999985	15419.8656443298	13540.8991499998
1.47809999999985	15419.8656443298	13543.0192999998
1.48009999999985	15419.8656443298	13545.1367199998
1.48209999999985	15419.8656443298	13547.2514299998
1.48409999999985	15419.8656443298	13549.3634299998
1.48609999999985	15419.8656443298	13551.4727299998
1.48809999999985	15419.8656443298	13553.5793399998
1.49009999999985	15419.8656443298	13555.6832699998
1.49209999999985	15419.8656443298	13557.7845199998
1.49409999999985	15419.8656443298	13559.8831099998
1.49609999999985	15419.8656443298	13561.9790399998
1.49809999999985	15419.8656443298	13564.0723199998
1.50009999999985	15419.8656443298	13566.1629499998
1.50209999999985	15419.8656443298	13568.2509599998
1.50409999999985	15419.8656443298	13570.3363399998
1.50609999999985	15419.8656443298	13572.4190899998
1.50809999999985	15419.8656443298	13574.4992399998
1.51009999999985	15419.8656443298	13576.5767899998
1.51209999999985	15419.8656443298	13578.6517399998
1.51409999999985	15419.8656443298	13580.7241099998
1.51609999999985	15419.8656443298	13582.7938999998
1.51809999999985	15419.8656443298	13584.8611099998
1.52009999999985	15419.8656443298	13586.9257599998
1.52209999999985	15419.8656443298	13588.9878599998
1.52409999999985	15419.8656443298	13591.0474099998
1.52609999999985	15419.8656443298	13593.1044199998
1.52809999999985	15419.8656443298	13595.1588899998
1.53009999999985	15728.2629572164	13597.2108399998
1.53209999999985	16036.660270103	13599.2602699998
1.53409999999985	16036.660270103	13601.3071899998
1.53609999999985	16036.660270103	13603.3515999998
1.53809999999985	16036.660270103	13605.3935199998
1.54009999999985	16036.660270103	13607.4329599998
1.54209999999985	16036.660270103	13609.4699099998
1.54409999999985	16036.660270103	13611.5043799998
1.54609999999985	16036.660270103	13613.5363899998
1.54809999999985	16036.660270103	13615.5659399998
1.55009999999985	16036.660270103	13617.5930399998
1.55209999999985	16036.660270103	13619.6176899998
1.55409999999985	16036.660270103	13621.6399099998
1.55609999999985	16036.660270103	13623.6596899998
1.55809999999984	16036.660270103	13625.6770499998
1.56009999999984	16036.660270103	13627.6919899998
1.56209999999984	16036.660270103	13629.7045299998
1.56409999999984	16036.660270103	13631.7146599998
1.56609999999984	16036.660270103	13633.7223899998
1.56809999999984	16036.660270103	13635.7277399998
1.57009999999984	16036.660270103	13637.7306999998
1.57209999999984	16036.660270103	13639.7312899998
1.57409999999984	16036.660270103	13641.7294999998
1.57609999999984	16036.660270103	13643.7253599998
1.57809999999984	16036.660270103	13645.7188599998
1.58009999999984	16036.660270103	13647.7100099998
1.58209999999984	16036.660270103	13649.6988299998
1.58409999999984	16036.660270103	13651.6852999998
1.58609999999984	16036.660270103	13653.6694499998
1.58809999999984	16036.660270103	13655.6512799998
1.59009999999984	16036.660270103	13657.6307899998
1.59209999999984	16036.660270103	13659.6079899998
1.59409999999984	16036.660270103	13661.5828899998
1.59609999999984	16036.660270103	13663.5554999998
1.59809999999984	16036.660270103	13665.5258099998
1.60009999999984	16036.660270103	13667.4938499998
1.60209999999984	16036.660270103	13669.4595999998
1.60409999999984	16036.660270103	13671.4230899998
1.60609999999984	16036.660270103	13673.3843099998
1.60809999999984	16036.660270103	13675.3432799998
1.61009999999984	16036.660270103	13677.2999999998
1.61209999999984	16036.660270103	13679.2544699998
1.61409999999984	16036.660270103	13681.2066999998
1.61609999999984	16036.660270103	13683.1566999998
1.61809999999984	16036.660270103	13685.1044799998
1.62009999999984	16036.660270103	13687.0500299998
1.62209999999984	16036.660270103	13688.9933699998
1.62409999999984	16036.660270103	13690.9345099998
1.62609999999984	16036.660270103	13692.8734399998
1.62809999999984	16036.660270103	13694.8101799998
1.63009999999984	16036.660270103	13696.7447299998
1.63209999999984	16036.660270103	13698.6770999998
1.63409999999984	16036.660270103	13700.6072799998
1.63609999999984	16036.660270103	13702.5352999998
1.63809999999984	16190.8589265463	13704.4611499998
1.64009999999984	16036.660270103	13706.3848499998
1.64209999999984	16036.660270103	13708.3063899998
1.64409999999984	16036.660270103	13710.2257799998
1.64609999999984	16036.660270103	13712.1430299998
1.64809999999983	16036.660270103	13714.0581399998
1.65009999999983	16036.660270103	13715.9711299998
1.65209999999983	16036.660270103	13717.8819899998
1.65409999999983	16036.660270103	13719.7907299998
1.65609999999983	16036.660270103	13721.6973599998
1.65809999999983	16036.660270103	13723.6018799998
1.66009999999983	16036.660270103	13725.5042999998
1.66209999999983	16345.0575829896	13727.4046299998
1.66409999999983	16653.4548958762	13729.3028599998
1.66609999999983	16653.4548958762	13731.1990099998
1.66809999999983	16653.4548958762	13733.0930799998
1.67009999999983	16653.4548958762	13734.9850799998
1.67209999999983	16653.4548958762	13736.8750099998
1.67409999999983	16653.4548958762	13738.7628799998
1.67609999999983	16653.4548958762	13740.6486899998
1.67809999999983	16653.4548958762	13742.5324599998
1.68009999999983	16653.4548958762	13744.4141699998
1.68209999999983	16653.4548958762	13746.2938499998
1.68409999999983	16653.4548958762	13748.1714899998
1.68609999999983	16653.4548958762	13750.0470999998
1.68809999999983	16653.4548958762	13751.9206799998
1.69009999999983	16653.4548958762	13753.7922499998
1.69209999999983	16653.4548958762	13755.6618099998
1.69409999999983	16653.4548958762	13757.5293499998
1.69609999999983	16653.4548958762	13759.3948999998
1.69809999999983	16653.4548958762	13761.2584399998
1.70009999999983	16653.4548958762	13763.1199999998
1.70209999999983	16653.4548958762	13764.9795599998
1.70409999999983	16653.4548958762	13766.8371499998
1.70609999999983	16653.4548958762	13768.6927599998
1.70809999999983	16653.4548958762	13770.5463999998
1.71009999999983	16653.4548958762	13772.3980699998
1.71209999999983	16653.4548958762	13774.2477799998
1.71409999999983	16653.4548958762	13776.0955299998
1.71609999999983	16653.4548958762	13777.9413299998
1.71809999999983	16653.4548958762	13779.7851899998
1.72009999999983	16653.4548958762	13781.6271099998
1.72209999999983	16653.4548958762	13783.4670899998
1.72409999999983	16653.4548958762	13785.3051399998
1.72609999999983	16653.4548958762	13787.1412599998
1.72809999999983	16653.4548958762	13788.9754599998
1.73009999999983	16653.4548958762	13790.8077499998
1.73209999999983	16653.4548958762	13792.6381299998
1.73409999999983	16653.4548958762	13794.4665999998
1.73609999999983	16653.4548958762	13796.2931699998
1.73809999999983	16653.4548958762	13798.1178399998
1.74009999999982	16653.4548958762	13799.9406199998
1.74209999999982	16653.4548958762	13801.7615099998
1.74409999999982	16653.4548958762	13803.5805299998
1.74609999999982	16653.4548958762	13805.3976599998
1.74809999999982	16653.4548958762	13807.2129299998
1.75009999999982	16653.4548958762	13809.0263199998
1.75209999999982	16653.4548958762	13810.8378599998
1.75409999999982	16653.4548958762	13812.6475299998
1.75609999999982	16653.4548958762	13814.4553599998
1.75809999999982	16653.4548958762	13816.2613299998
1.76009999999982	16653.4548958762	13818.0654599998
1.76209999999982	16653.4548958762	13819.8677499998
1.76409999999982	16653.4548958762	13821.6682099998
1.76609999999982	16653.4548958762	13823.4668399998
1.76809999999982	16653.4548958762	13825.2636399998
1.77009999999982	16653.4548958762	13827.0586199998
1.77209999999982	16653.4548958762	13828.8517799998
1.77409999999982	16653.4548958762	13830.6431399998
1.77609999999982	16653.4548958762	13832.4326799998
1.77809999999982	16653.4548958762	13834.2204299998
1.78009999999982	16653.4548958762	13836.0063699998
1.78209999999982	16653.4548958762	13837.7905299998
1.78409999999982	16653.4548958762	13839.5728899998
1.78609999999982	16653.4548958762	13841.3534699998
1.78809999999982	16653.4548958762	13843.1322699998
1.79009999999982	16653.4548958762	13844.9092899998
1.79209999999982	16653.4548958762	13846.6845399998
1.79409999999982	16653.4548958762	13848.4580199998
1.79609999999982	16653.4548958762	13850.2297499998
1.79809999999982	16653.4548958762	13851.9997099998
1.80009999999982	16653.4548958762	13853.7679199998
1.80209999999982	16653.4548958762	13855.5343799998
1.80409999999982	16653.4548958762	13857.2990899998
1.80609999999982	16653.4548958762	13859.0620699998
1.80809999999982	16653.4548958762	13860.8233099998
1.81009999999982	16653.4548958762	13862.5828099998
1.81209999999982	16653.4548958762	13864.3405899998
1.81409999999982	16653.4548958762	13866.0966399998
1.81609999999982	16653.4548958762	13867.8509699998
1.81809999999982	16653.4548958762	13869.6035899998
1.82009999999982	16653.4548958762	13871.3544999998
1.82209999999982	16653.4548958762	13873.1036899998
1.82409999999982	16653.4548958762	13874.8511899998
1.82609999999982	16653.4548958762	13876.5969899998
1.82809999999982	16653.4548958762	13878.3410899998
1.83009999999981	16653.4548958762	13880.0834999998
1.83209999999981	16653.4548958762	13881.8242199998
1.83409999999981	16653.4548958762	13883.5632699998
1.83609999999981	16653.4548958762	13885.3006299998
1.83809999999981	16653.4548958762	13887.0363199998
1.84009999999981	16653.4548958762	13888.7703399998
1.84209999999981	16653.4548958762	13890.5026899998
1.84409999999981	16653.4548958762	13892.2333799998
1.84609999999981	16653.4548958762	13893.9624199998
1.84809999999981	16653.4548958762	13895.6897899998
1.85009999999981	16653.4548958762	13897.4155199998
1.85209999999981	16653.4548958762	13899.1395999998
1.85409999999981	16653.4548958762	13900.8620399998
1.85609999999981	16653.4548958762	13902.5828399998
1.85809999999981	16653.4548958762	13904.3020099998
1.86009999999981	16653.4548958762	13906.0195399998
1.86209999999981	16653.4548958762	13907.7354499998
1.86409999999981	16653.4548958762	13909.4497299998
1.86609999999981	16653.4548958762	13911.1623999998
1.86809999999981	16653.4548958762	13912.8734499998
1.87009999999981	16653.4548958762	13914.5828899998
1.87209999999981	16653.4548958762	13916.2907199998
1.87409999999981	16653.4548958762	13917.9969399998
1.87609999999981	16653.4548958762	13919.7015699998
1.87809999999981	16653.4548958762	13921.4045999998
1.88009999999981	16653.4548958762	13923.1060399998
1.88209999999981	16653.4548958762	13924.8058899998
1.88409999999981	16653.4548958762	13926.5041499998
1.88609999999981	16653.4548958762	13928.2008299998
1.88809999999981	16653.4548958762	13929.8959399998
1.89009999999981	16653.4548958762	13931.5894699998
1.89209999999981	16653.4548958762	13933.2814299998
1.89409999999981	16653.4548958762	13934.9718199998
1.89609999999981	16653.4548958762	13936.6606499998
1.89809999999981	16653.4548958762	13938.3479199998
1.90009999999981	16653.4548958762	13940.0336399998
1.90209999999981	16653.4548958762	13941.7177999998
1.90409999999981	16653.4548958762	13943.4004199998
1.90609999999981	16653.4548958762	13945.0814899998
1.90809999999981	16653.4548958762	13946.7610099998
1.91009999999981	16653.4548958762	13948.4390099998
1.91209999999981	16653.4548958762	13950.1154599998
1.91409999999981	16653.4548958762	13951.7903899998
1.91609999999981	16653.4548958762	13953.4637899998
1.91809999999981	16653.4548958762	13955.1356599998
1.9200999999998	16653.4548958762	13956.8060199998
1.9220999999998	16653.4548958762	13958.4748499998
1.9240999999998	16653.4548958762	13960.1421799998
1.9260999999998	16653.4548958762	13961.8079899998
1.9280999999998	16653.4548958762	13963.4722999998
1.9300999999998	16653.4548958762	13965.1351099998
1.9320999999998	16653.4548958762	13966.7964199998
1.9340999999998	16653.4548958762	13968.4562299998
1.9360999999998	16653.4548958762	13970.1145499998
1.9380999999998	16653.4548958762	13971.7713799998
1.9400999999998	16653.4548958762	13973.4267199998
1.9420999999998	16653.4548958762	13975.0805799998
1.9440999999998	16653.4548958762	13976.7329599998
1.9460999999998	16653.4548958762	13978.3838699998
1.9480999999998	16653.4548958762	13980.0333099998
1.9500999999998	16653.4548958762	13981.6812699998
1.9520999999998	16653.4548958762	13983.3277699998
1.9540999999998	16653.4548958762	13984.9728099998
1.9560999999998	16653.4548958762	13986.6163899998
1.9580999999998	16653.4548958762	13988.2585099998
1.9600999999998	16653.4548958762	13989.8991799998
1.9620999999998	16653.4548958762	13991.5383999998
1.9640999999998	16653.4548958762	13993.1761799998
1.9660999999998	16653.4548958762	13994.8125099998
1.9680999999998	16653.4548958762	13996.4473999998
1.9700999999998	16653.4548958762	13998.0808599998
1.9720999999998	16653.4548958762	13999.7128799998
1.9740999999998	16653.4548958762	14001.3434799998
1.9760999999998	16653.4548958762	14002.9726399998
1.9780999999998	16653.4548958762	14004.6003899998
1.9800999999998	16653.4548958762	14006.2267099998
1.9820999999998	16653.4548958762	14007.8516199998
1.9840999999998	16653.4548958762	14009.4751099998
1.9860999999998	16653.4548958762	14011.0971899998
1.9880999999998	16653.4548958762	14012.7178699998
1.9900999999998	16653.4548958762	14014.3371399998
1.9920999999998	16653.4548958762	14015.9549999998
1.9940999999998	16653.4548958762	14017.5714699998
1.9960999999998	16653.4548958762	14019.1865499998
1.9980999999998	16653.4548958762	14020.8002299998
