t	Sv
0	0	0
0.002	0	0
0.0041	2.51049278145304	9.0844
0.006	2.58360334363262	9.08582
0.00800000000000001	2.71617643182997	9.08923
0.0101	2.91814540139701	9.09632
0.0121	3.17143893564814	9.10696
0.0141	3.48514059819669	9.12281
0.0161	3.86001684089404	9.14514
0.0180999999999999	4.29669085759401	9.17531
0.0200999999999999	4.7956729106977	9.2148
0.0220999999999999	5.35738951058483	9.26515
0.0240999999999999	5.98220803579284	9.32803999999999
0.0260999999999999	6.67045580347125	9.40522999999999
0.0280999999999999	7.42243396612698	9.49862999999999
0.0300999999999999	8.23842717028542	9.61026999999999
0.0320999999999999	9.11871000201278	9.74232999999998
0.0341	10.0635511186674	9.89717999999999
0.036	11.0211889130704	10.05811
0.0380000000000001	12.0926798331397	10.26343
0.0400000000000001	13.2295065868884	10.49953
0.0420000000000002	14.4319303560425	10.76966
0.0440000000000002	15.7002113891087	11.0773700000001
0.0460000000000003	17.0346088436235	11.4265600000001
0.0480000000000003	18.4353805341474	11.8215200000001
0.0500000000000004	19.9027826346415	12.2669600000002
0.0520000000000005	21.4370693655185	12.7680700000002
0.0540000000000005	22.9952598945461	13.3305700000003
0.0560000000000006	22.9952598945461	13.9607900000004
0.0580000000000006	22.9952598945461	14.6657100000005
0.0600000000000007	22.9952598945461	15.4530200000006
0.0620000000000007	22.9952598945461	16.3312100000007
0.0640000000000008	22.9952598945461	17.3096700000008
0.0660000000000009	22.9952598945461	18.398700000001
0.0680000000000009	91.9810395781844	19.6096900000012
0.070000000000001	91.9810395781844	20.9551400000014
0.072000000000001	91.9810395781844	22.4487600000016
0.0740000000000011	91.9810395781844	24.1056100000019
0.0760000000000012	91.9810395781844	25.9421900000022
0.0780000000000012	91.9810395781844	27.9764900000026
0.0800000000000013	91.9810395781844	31.8758400000031
0.0820000000000013	91.9810395781844	37.0889800000037
0.0840000000000014	91.9810395781844	43.0503400000044
0.0860000000000014	206.957339050915	49.8480300000053
0.0880000000000015	206.957339050915	57.5777100000062
0.0900000000000016	206.957339050915	66.3428400000073
0.0920000000000016	206.957339050915	76.2548700000085
0.0940000000000017	206.957339050915	87.4333300000099
0.0960000000000017	206.957339050915	100.005880000012
0.0980000000000018	206.957339050915	114.108180000013
0.100000000000002	206.957339050915	129.883650000015
0.102000000000002	206.957339050915	147.483060000018
0.104000000000002	206.957339050915	167.06393000002
0.106000000000002	206.957339050915	188.789670000023
0.108000000000002	367.924158312738	212.828530000026
0.110000000000002	367.924158312738	239.35222000003
0.112000000000002	367.924158312738	268.534200000033
0.114000000000002	574.881497363653	300.547770000038
0.116000000000002	574.881497363653	335.563700000042
0.118000000000002	574.881497363653	373.747620000047
0.120000000000002	574.881497363653	415.257050000052
0.122000000000002	633.806850843427	460.238270000058
0.124000000000003	574.881497363653	508.822870000064
0.126000000000002	827.829356203659	561.124250000066
0.128000000000002	827.829356203659	617.234170000065
0.130000000000002	827.829356203659	677.219330000062
0.132000000000002	827.829356203659	741.118320000058
0.134000000000002	827.829356203659	808.938970000055
0.136000000000001	1126.76773483276	880.656340000049
0.138000000000001	1126.76773483276	956.211390000044
0.140000000000001	1126.76773483276	1035.51059000004
0.142000000000001	1471.69663325095	1118.42644000003
0.144	1471.69663325095	1204.79895000002
0.146	1471.69663325095	1294.43807000001
0.148	1471.69663325095	1387.12701
0.1501	1471.69663325095	1487.47036999999
0.1521	1471.69663325095	1585.64264999998
0.154099999999999	1471.69663325095	1686.08250999997
0.156099999999999	1862.61605145823	1788.51024999996
0.158099999999999	1862.61605145823	1892.64300999994
0.160099999999999	1862.61605145823	1998.19932999993
0.162099999999998	2299.52598945461	2104.90338999992
0.164099999999998	2299.52598945461	2212.48858999991
0.166099999999998	2299.52598945461	2320.70055999989
0.168099999999998	2782.42644724008	2429.29954999988
0.170099999999998	2782.42644724008	2538.06212999987
0.172099999999997	2782.42644724008	2646.78230999986
0.174099999999997	2782.42644724008	2755.27217999985
0.176099999999997	2782.42644724008	2863.36197999983
0.178099999999997	2782.42644724008	2970.89986999982
0.180099999999996	2782.42644724008	3077.75132999981
0.182099999999996	2782.42644724008	3183.7983799998
0.184099999999996	2782.42644724008	3288.93855999979
0.186099999999996	2782.42644724008	3393.08389999978
0.188099999999996	3311.31742481464	3496.15970999977
0.190099999999995	3311.31742481464	3598.10342999977
0.192099999999995	3311.31742481464	3698.86352999976
0.194099999999995	3886.19892217829	3798.39828999975
0.196099999999995	3886.19892217829	3896.67484999974
0.198099999999995	3886.19892217829	3993.66810999974
0.200099999999994	3886.19892217829	4089.35987999973
0.202099999999994	3886.19892217829	4183.73796999972
0.204099999999994	3886.19892217829	4276.79547999972
0.206099999999994	3886.19892217829	4368.53000999971
0.208099999999993	4507.07093933104	4458.9431399997
0.210099999999993	4507.07093933104	4548.0397599997
0.212099999999993	4507.07093933104	4635.82764999969
0.214099999999993	4507.07093933104	4722.31699999969
0.216099999999993	4507.07093933104	4807.52002999968
0.218099999999992	4507.07093933104	4891.45063999968
0.220099999999992	4507.07093933104	4974.12412999968
0.222099999999992	4507.07093933104	5055.55690999967
0.224099999999992	4507.07093933104	5135.76630999967
0.226099999999991	4507.07093933104	5214.77034999966
0.228099999999991	4507.07093933104	5292.58758999966
0.230099999999991	4507.07093933104	5369.23698999966
0.232099999999991	5173.93347627287	5444.73776999965
0.234099999999991	5173.93347627287	5519.10928999965
0.23609999999999	5173.93347627287	5592.37101999965
0.23809999999999	5173.93347627287	5664.54236999965
0.24009999999999	5173.93347627287	5735.64272999964
0.24209999999999	5886.7865330038	5805.69130999964
0.244099999999989	5886.7865330038	5874.70719999964
0.246099999999989	5886.7865330038	5942.70924999964
0.248099999999989	5886.7865330038	6009.71606999963
0.250099999999989	5886.7865330038	6075.74600999963
0.252099999999989	5886.7865330038	6140.81714999963
0.254099999999988	5886.7865330038	6204.94724999963
0.256099999999988	5886.7865330038	6268.15377999963
0.258099999999988	5886.7865330038	6330.45386999963
0.260099999999988	5886.7865330038	6391.86434999962
0.262099999999987	5886.7865330038	6452.40169999962
0.264099999999987	5886.7865330038	6512.08207999962
0.266099999999987	5886.7865330038	6570.92132999962
0.268099999999987	5886.7865330038	6628.93495999962
0.270099999999987	5886.7865330038	6686.13812999962
0.272099999999986	5886.7865330038	6742.54571999962
0.274099999999986	5886.7865330038	6798.17225999962
0.276099999999986	5886.7865330038	6853.03197999962
0.278099999999986	6645.63010952383	6907.13881999962
0.280099999999985	6645.63010952383	6960.50637999961
0.282099999999985	6645.63010952383	7013.14800999961
0.284099999999985	6645.63010952383	7065.07672999961
0.286099999999985	6645.63010952383	7116.30530999961
0.288099999999985	6645.63010952383	7166.84623999961
0.290099999999984	6645.63010952383	7216.71171999961
0.292099999999984	6645.63010952383	7265.91370999961
0.294099999999984	6645.63010952383	7314.46390999961
0.296099999999984	6645.63010952383	7362.37374999961
0.298099999999983	6645.63010952383	7409.65444999961
0.300099999999983	6645.63010952383	7456.31696999961
0.302099999999983	6645.63010952383	7502.37203999961
0.304099999999983	6645.63010952383	7547.83017999961
0.306099999999983	6645.63010952383	7592.70166999961
0.308099999999982	6645.63010952383	7636.99660999961
0.310099999999982	6645.63010952383	7680.72484999961
0.312099999999982	6645.63010952383	7723.89606999961
0.314099999999982	7450.46420583295	7766.51974999961
0.316099999999982	7450.46420583295	7808.60514999961
0.318099999999981	7450.46420583295	7850.16138999961
0.320099999999981	7450.46420583295	7891.19735999961
0.322099999999981	7450.46420583295	7931.72180999961
0.324099999999981	7450.46420583295	7971.74329999962
0.32609999999998	7450.46420583295	8011.27022999962
0.32809999999998	7450.46420583295	8050.31081999962
0.33009999999998	7450.46420583295	8088.87313999962
0.33209999999998	7450.46420583295	8126.96511999962
0.33409999999998	8301.28882193116	8164.59450999962
0.336099999999979	8301.28882193116	8201.76892999962
0.338099999999979	8301.28882193116	8238.49584999962
0.340099999999979	8301.28882193116	8274.78260999962
0.342099999999979	8301.28882193116	8310.63637999962
0.344099999999978	8301.28882193116	8346.06422999962
0.346099999999978	8301.28882193116	8381.07308999962
0.348099999999978	8301.28882193116	8415.66974999962
0.350099999999978	8301.28882193116	8449.86087999962
0.352099999999978	8301.28882193116	8483.65302999962
0.354099999999977	8301.28882193116	8517.05263999962
0.356099999999977	8301.28882193116	8550.06601999962
0.358099999999977	8301.28882193116	8582.69935999963
0.360099999999977	8301.28882193116	8614.95875999963
0.362099999999976	8301.28882193116	8646.85017999963
0.364099999999976	8301.28882193116	8678.37949999963
0.366099999999976	8301.28882193116	8709.55248999963
0.368099999999976	8301.28882193116	8740.37479999963
0.370099999999976	8301.28882193116	8770.85199999963
0.372099999999975	8301.28882193116	8800.98955999963
0.374099999999975	8301.28882193116	8830.79283999963
0.376099999999975	8301.28882193116	8860.26711999963
0.378099999999975	8301.28882193116	8889.41756999963
0.380099999999974	8301.28882193116	8918.24929999963
0.382099999999974	8301.28882193116	8946.76728999964
0.384099999999974	8301.28882193116	8974.97647999963
0.386099999999974	8301.28882193116	9002.88167999964
0.388099999999974	8301.28882193116	9030.48764999964
0.390099999999973	8301.28882193116	9057.79904999964
0.392099999999973	8301.28882193116	9084.82046999964
0.394099999999973	8301.28882193116	9111.55640999964
0.396099999999973	8301.28882193116	9138.01129999964
0.398099999999972	8301.28882193116	9164.18949999964
0.400099999999972	8301.28882193116	9190.09528999964
0.402099999999972	8301.28882193116	9215.73286999964
0.404099999999972	8301.28882193116	9241.10636999964
0.406099999999972	8301.28882193116	9266.21986999965
0.408099999999971	8301.28882193116	9291.07735999965
0.410099999999971	8301.28882193116	9315.68275999965
0.412099999999971	8301.28882193116	9340.03993999965
0.414099999999971	8301.28882193116	9364.15269999965
0.41609999999997	8301.28882193116	9388.02475999965
0.41809999999997	8301.28882193116	9411.65979999965
0.42009999999997	8301.28882193116	9435.06142999965
0.42209999999997	8301.28882193116	9458.23319999965
0.42409999999997	8301.28882193116	9481.17857999965
0.426099999999969	8301.28882193116	9503.90101999965
0.428099999999969	8301.28882193116	9526.40388999966
0.430099999999969	8301.28882193116	9548.69049999966
0.432099999999969	8301.28882193116	9570.76410999966
0.434099999999969	8301.28882193116	9592.62792999966
0.436099999999968	9198.10395781846	9614.28510999966
0.438099999999968	9198.10395781846	9635.73874999966
0.440099999999968	9198.10395781846	9656.99190999966
0.442099999999968	9198.10395781846	9678.04756999966
0.444099999999967	9198.10395781846	9698.90869999966
0.446099999999967	9198.10395781846	9719.57817999966
0.448099999999967	9198.10395781846	9740.05886999966
0.450099999999967	9198.10395781846	9760.35357999966
0.452099999999967	9198.10395781846	9780.46504999966
0.454099999999966	9198.10395781846	9800.39600999967
0.456099999999966	9198.10395781846	9820.14911999967
0.458099999999966	9198.10395781846	9839.72700999967
0.460099999999966	9198.10395781846	9859.13224999967
0.462099999999965	9198.10395781846	9878.36737999967
0.464099999999965	9198.10395781846	9897.43489999967
0.466099999999965	9198.10395781846	9916.33725999967
0.468099999999965	9198.10395781846	9935.07687999967
0.470099999999965	9198.10395781846	9953.65612999967
0.472099999999964	9198.10395781846	9972.07733999967
0.474099999999964	9198.10395781846	9990.34280999967
0.476099999999964	9198.10395781846	10008.4548099997
0.478099999999964	9198.10395781846	10026.4155499997
0.480099999999963	9198.10395781846	10044.2272199997
0.482099999999963	9198.10395781846	10061.8919599997
0.484099999999963	9198.10395781846	10079.4118999997
0.486099999999963	9198.10395781846	10096.7891199997
0.488099999999963	10140.9096134949	10114.0256499997
0.490099999999962	10140.9096134949	10131.1235099997
0.492099999999962	10140.9096134949	10148.0846899997
0.494099999999962	10140.9096134949	10164.9111199997
0.496099999999962	10140.9096134949	10181.6047199997
0.498099999999961	10140.9096134949	10198.1673799997
0.500099999999961	10140.9096134949	10214.6009599997
0.502099999999961	10140.9096134949	10230.9072599997
0.504099999999961	10140.9096134949	10247.0880899997
0.506099999999961	10140.9096134949	10263.1452099997
0.50809999999996	10140.9096134949	10279.0803599997
0.51009999999996	10140.9096134949	10294.8952399997
0.51209999999996	10140.9096134949	10310.5915399997
0.51409999999996	10140.9096134949	10326.1708999997
0.516099999999959	10140.9096134949	10341.6349499997
0.518099999999959	10140.9096134949	10356.9852899997
0.520099999999959	10140.9096134949	10372.2234899997
0.522099999999959	10140.9096134949	10387.3510999997
0.524099999999959	10140.9096134949	10402.3696499997
0.526099999999958	10140.9096134949	10417.2806299997
0.528099999999958	10140.9096134949	10432.0855099997
0.530099999999958	10140.9096134949	10446.7857499997
0.532099999999958	10140.9096134949	10461.3827599997
0.534099999999958	10140.9096134949	10475.8779699997
0.536099999999957	10140.9096134949	10490.2727399997
0.538099999999957	10140.9096134949	10504.5684399997
0.540099999999957	10140.9096134949	10518.7663899997
0.542099999999957	10140.9096134949	10532.8679299997
0.544099999999956	10140.9096134949	10546.8743399997
0.546099999999956	10140.9096134949	10560.7868899997
0.548099999999956	10140.9096134949	10574.6068399997
0.550099999999956	10140.9096134949	10588.3354199997
0.552099999999956	10140.9096134949	10601.9738499997
0.554099999999955	10140.9096134949	10615.5233099997
0.556099999999955	10140.9096134949	10628.9849999997
0.558099999999955	11129.7057889604	10642.3600499997
0.560099999999955	11129.7057889604	10655.6495999997
0.562099999999954	11129.7057889604	10668.8547899997
0.564099999999954	11129.7057889604	10681.9766999997
0.566099999999954	11129.7057889604	10695.0164299997
0.568099999999954	11129.7057889604	10707.9750299997
0.570099999999954	11129.7057889604	10720.8535699997
0.572099999999953	11129.7057889604	10733.6530699997
0.574099999999953	11129.7057889604	10746.3745499997
0.576099999999953	11129.7057889604	10759.0190199997
0.578099999999953	11129.7057889604	10771.5874499997
0.580099999999952	11129.7057889604	10784.0808099997
0.582099999999952	11129.7057889604	10796.5000699997
0.584099999999952	11129.7057889604	10808.8461599997
0.586099999999952	11129.7057889604	10821.1199999997
0.588099999999952	11129.7057889604	10833.3225099997
0.590099999999951	11129.7057889604	10845.4545799997
0.592099999999951	11129.7057889604	10857.5170799997
0.594099999999951	11129.7057889604	10869.5108999997
0.596099999999951	11129.7057889604	10881.4368899997
0.59809999999995	11129.7057889604	10893.2958699997
0.60009999999995	11129.7057889604	10905.0886899997
0.60209999999995	11129.7057889604	10916.8161599997
0.60409999999995	11129.7057889604	10928.4790799997
0.60609999999995	11129.7057889604	10940.0782299997
0.608099999999949	11129.7057889604	10951.6143999997
0.610099999999949	11129.7057889604	10963.0883599997
0.612099999999949	11129.7057889604	10974.5008499997
0.614099999999949	11129.7057889604	10985.8526199997
0.616099999999948	11129.7057889604	10997.1443899997
0.618099999999948	11129.7057889604	11008.3768999997
0.620099999999948	11129.7057889604	11019.5508299997
0.622099999999948	11129.7057889604	11030.6668999997
0.624099999999948	11129.7057889604	11041.7257899997
0.626099999999947	11129.7057889604	11052.7281699997
0.628099999999947	11129.7057889604	11063.6747199997
0.630099999999947	11129.7057889604	11074.5660699997
0.632099999999947	11129.7057889604	11085.4028899997
0.634099999999946	11129.7057889604	11096.1857999997
0.636099999999946	11129.7057889604	11106.9154399997
0.638099999999946	11129.7057889604	11117.5924099997
0.640099999999946	11129.7057889604	11128.2173299997
0.642099999999946	11129.7057889604	11138.7907899997
0.644099999999945	11129.7057889604	11149.3133799997
0.646099999999945	11129.7057889604	11159.7856799997
0.648099999999945	11129.7057889604	11170.2082699997
0.650099999999945	11129.7057889604	11180.5816999997
0.652099999999945	11129.7057889604	11190.9065199997
0.654099999999944	11129.7057889604	11201.1832899997
0.656099999999944	11129.7057889604	11211.4125399997
0.658099999999944	11129.7057889604	11221.5947999997
0.660099999999944	11129.7057889604	11231.7305899997
0.662099999999943	11129.7057889604	11241.8204299997
0.664099999999943	11129.7057889604	11251.8648199997
0.666099999999943	11129.7057889604	11261.8642599997
0.668099999999943	11129.7057889604	11271.8192299997
0.670099999999943	11129.7057889604	11281.7302399997
0.672099999999942	11129.7057889604	11291.5977399997
0.674099999999942	11129.7057889604	11301.4222099997
0.676099999999942	11129.7057889604	11311.2041199997
0.678099999999942	11129.7057889604	11320.9439099997
0.680099999999941	11129.7057889604	11330.6420399997
0.682099999999941	11129.7057889604	11340.2989499997
0.684099999999941	11129.7057889604	11349.9150799997
0.686099999999941	11129.7057889604	11359.4908499997
0.688099999999941	11129.7057889604	11369.0266899997
0.69009999999994	11129.7057889604	11378.5230199997
0.69209999999994	11129.7057889604	11387.9802499997
0.69409999999994	11129.7057889604	11397.3987699997
0.69609999999994	11129.7057889604	11406.7789999997
0.698099999999939	11129.7057889604	11416.1213299997
0.700099999999939	11129.7057889604	11425.4261299997
0.702099999999939	11129.7057889604	11434.6937999997
0.704099999999939	11129.7057889604	11443.9247099997
0.706099999999939	11129.7057889604	11453.1192399997
0.708099999999938	11129.7057889604	11462.2777399997
0.710099999999938	11129.7057889604	11471.4005899997
0.712099999999938	11129.7057889604	11480.4881299997
0.714099999999938	11129.7057889604	11489.5407099997
0.716099999999937	11129.7057889604	11498.5586899997
0.718099999999937	11129.7057889604	11507.5423999997
0.720099999999937	11129.7057889604	11516.4921699997
0.722099999999937	11129.7057889604	11525.4083499997
0.724099999999937	11129.7057889604	11534.2912499997
0.726099999999936	11129.7057889604	11543.1411899997
0.728099999999936	11129.7057889604	11551.9585099997
0.730099999999936	11129.7057889604	11560.7434999997
0.732099999999936	11129.7057889604	11569.4964699997
0.734099999999935	11129.7057889604	11578.2177399997
0.736099999999935	11129.7057889604	11586.9075999997
0.738099999999935	11129.7057889604	11595.5663399997
0.740099999999935	11129.7057889604	11604.1942599997
0.742099999999935	11129.7057889604	11612.7916399997
0.744099999999934	11129.7057889604	11621.3587799997
0.746099999999934	11129.7057889604	11629.8959399997
0.748099999999934	11129.7057889604	11638.4034099997
0.750099999999934	11129.7057889604	11646.8814599997
0.752099999999933	11129.7057889604	11655.3303599997
0.754099999999933	11129.7057889604	11663.7503599997
0.756099999999933	11129.7057889604	11672.1417399997
0.758099999999933	11129.7057889604	11680.5047399997
0.760099999999933	11129.7057889604	11688.8396399997
0.762099999999932	11129.7057889604	11697.1466599997
0.764099999999932	11129.7057889604	11705.4260699997
0.766099999999932	11129.7057889604	11713.6781099997
0.768099999999932	11129.7057889604	11721.9030099997
0.770099999999932	11129.7057889604	11730.1010199997
0.772099999999931	11129.7057889604	11738.2723699997
0.774099999999931	11129.7057889604	11746.4172899997
0.776099999999931	11129.7057889604	11754.5360099997
0.778099999999931	11129.7057889604	11762.6287499997
0.78009999999993	11129.7057889604	11770.6957399997
0.78209999999993	11129.7057889604	11778.7371999997
0.78409999999993	11129.7057889604	11786.7533399997
0.78609999999993	11129.7057889604	11794.7443799997
0.78809999999993	11129.7057889604	11802.7105199997
0.790099999999929	11129.7057889604	11810.6519899997
0.792099999999929	11129.7057889604	11818.5689699997
0.794099999999929	11129.7057889604	11826.4616799997
0.796099999999929	11129.7057889604	11834.3303099997
0.798099999999928	11129.7057889604	11842.1750599997
0.800099999999928	11129.7057889604	11849.9961399997
0.802099999999928	11129.7057889604	11857.7937199997
0.804099999999928	11129.7057889604	11865.5679999997
0.806099999999928	11129.7057889604	11873.3191699997
0.808099999999927	11129.7057889604	11881.0474099997
0.810099999999927	11129.7057889604	11888.7529099997
0.812099999999927	11129.7057889604	11896.4358499997
0.814099999999927	12164.4924842149	11904.0963999997
0.816099999999926	12164.4924842149	11911.7347499997
0.818099999999926	12164.4924842149	11919.3510599997
0.820099999999926	12164.4924842149	11926.9455099997
0.822099999999926	12164.4924842149	11934.5182599997
0.824099999999926	12164.4924842149	11942.0694899997
0.826099999999925	12164.4924842149	11949.5993599997
0.828099999999925	12164.4924842149	11957.1080399997
0.830099999999925	12164.4924842149	11964.5956799997
0.832099999999925	12164.4924842149	11972.0624399997
0.834099999999924	12164.4924842149	11979.5084899997
0.836099999999924	12164.4924842149	11986.9339799997
0.838099999999924	12164.4924842149	11994.3390599997
0.840099999999924	12164.4924842149	12001.7238799997
0.842099999999924	12164.4924842149	12009.0885999997
0.844099999999923	12164.4924842149	12016.4333599997
0.846099999999923	12164.4924842149	12023.7583099997
0.848099999999923	12164.4924842149	12031.0635999997
0.850099999999923	12164.4924842149	12038.3493599997
0.852099999999922	12164.4924842149	12045.6157399997
0.854099999999922	12164.4924842149	12052.8628799997
0.856099999999922	12164.4924842149	12060.0909099997
0.858099999999922	12164.4924842149	12067.2999799997
0.860099999999922	12164.4924842149	12074.4902099997
0.862099999999921	12164.4924842149	12081.6617399997
0.864099999999921	12164.4924842149	12088.8147099997
0.866099999999921	12164.4924842149	12095.9492399997
0.868099999999921	12164.4924842149	12103.0654599997
0.87009999999992	12164.4924842149	12110.1634999997
0.87209999999992	12164.4924842149	12117.2434899997
0.87409999999992	12164.4924842149	12124.3055399997
0.87609999999992	12164.4924842149	12131.3497899997
0.87809999999992	12164.4924842149	12138.3763399997
0.880099999999919	12164.4924842149	12145.3853399997
0.882099999999919	12164.4924842149	12152.3768799997
0.884099999999919	12164.4924842149	12159.3510899997
0.886099999999919	12164.4924842149	12166.3080899997
0.888099999999919	12164.4924842149	12173.2479899997
0.890099999999918	12164.4924842149	12180.1709099997
0.892099999999918	12164.4924842149	12187.0769499997
0.894099999999918	12164.4924842149	12193.9662199997
0.896099999999918	12164.4924842149	12200.8388499997
0.898099999999917	12164.4924842149	12207.6949299997
0.900099999999917	12164.4924842149	12214.5345799997
0.902099999999917	12164.4924842149	12221.3578899997
0.904099999999917	12164.4924842149	12228.1649799997
0.906099999999917	12699.1322767631	12234.9559499997
0.908099999999916	13245.2696992586	12241.7308999997
0.910099999999916	13245.2696992586	12248.4899399997
0.912099999999916	13245.2696992586	12255.2331599997
0.914099999999916	13245.2696992586	12261.9606599997
0.916099999999915	13245.2696992586	12268.6725499997
0.918099999999915	13245.2696992586	12275.3689199997
0.920099999999915	13245.2696992586	12282.0498599997
0.922099999999915	13245.2696992586	12288.7154799997
0.924099999999915	13245.2696992586	12295.3658599997
0.926099999999914	13245.2696992586	12302.0010999997
0.928099999999914	13245.2696992586	12308.6212999997
0.930099999999914	13245.2696992586	12315.2265399997
0.932099999999914	13245.2696992586	12321.8169099997
0.934099999999913	13245.2696992586	12328.3925199997
0.936099999999913	13245.2696992586	12334.9534299997
0.938099999999913	13245.2696992586	12341.4997399997
0.940099999999913	13245.2696992586	12348.0315499997
0.942099999999913	13245.2696992586	12354.5489299997
0.944099999999912	13245.2696992586	12361.0519699997
0.946099999999912	13245.2696992586	12367.5407499997
0.948099999999912	13245.2696992586	12374.0153599997
0.950099999999912	13245.2696992586	12380.4758799997
0.952099999999911	13245.2696992586	12386.9223999997
0.954099999999911	13245.2696992586	12393.3549899997
0.956099999999911	13245.2696992586	12399.7737299997
0.958099999999911	13245.2696992586	12406.1786999997
0.960099999999911	13245.2696992586	12412.5699899997
0.96209999999991	13245.2696992586	12418.9476699997
0.96409999999991	13245.2696992586	12425.3118199997
0.96609999999991	13245.2696992586	12431.6625099997
0.96809999999991	13245.2696992586	12437.9998199997
0.970099999999909	13245.2696992586	12444.3238199997
0.972099999999909	13245.2696992586	12450.6345899997
0.974099999999909	13245.2696992586	12456.9322099997
0.976099999999909	13245.2696992586	12463.2167399997
0.978099999999909	13245.2696992586	12469.4882599997
0.980099999999908	13245.2696992586	12475.7468399997
0.982099999999908	13245.2696992586	12481.9925499997
0.984099999999908	13245.2696992586	12488.2254499997
0.986099999999908	13245.2696992586	12494.4456299997
0.988099999999908	13245.2696992586	12500.6531499997
0.990099999999907	13245.2696992586	12506.8480699997
0.992099999999907	13245.2696992586	12513.0304699997
0.994099999999907	13245.2696992586	12519.2004099997
0.996099999999907	13245.2696992586	12525.3579599997
0.998099999999906	13245.2696992586	12531.5031899997
1.00009999999991	13245.2696992586	12537.6361499997
1.00209999999991	13245.2696992586	12543.7569099997
1.00409999999991	13245.2696992586	12549.8655499997
1.00609999999991	13245.2696992586	12555.9621099997
1.00809999999991	13245.2696992586	12562.0466699997
1.01009999999991	13245.2696992586	12568.1192899997
1.0120999999999	13245.2696992586	12574.1800199997
1.0140999999999	13245.2696992586	12580.2289299997
1.0160999999999	13245.2696992586	12586.2660899997
1.0180999999999	13245.2696992586	12592.2915399997
1.0200999999999	13245.2696992586	12598.3053599997
1.0220999999999	13245.2696992586	12604.3075899997
1.0240999999999	13245.2696992586	12610.2983099997
1.0260999999999	13245.2696992586	12616.2775499997
1.0280999999999	13245.2696992586	12622.2453999997
1.0300999999999	13245.2696992586	12628.2018899997
1.0320999999999	13245.2696992586	12634.1470899997
1.0340999999999	13245.2696992586	12640.0810499997
1.0360999999999	13245.2696992586	12646.0038399997
1.0380999999999	13245.2696992586	12651.9154999997
1.0400999999999	13245.2696992586	12657.8160799997
1.0420999999999	13245.2696992586	12663.7056599997
1.0440999999999	13245.2696992586	12669.5842699997
1.0460999999999	13245.2696992586	12675.4519699997
1.0480999999999	13245.2696992586	12681.3088099997
1.0500999999999	13245.2696992586	12687.1548499997
1.0520999999999	13245.2696992586	12692.9901399997
1.0540999999999	13245.2696992586	12698.8147299997
1.0560999999999	13245.2696992586	12704.6286799997
1.0580999999999	13245.2696992586	12710.4320199997
1.0600999999999	13245.2696992586	12716.2248199997
1.0620999999999	13245.2696992586	12722.0071199997
1.0640999999999	13245.2696992586	12727.7789699997
1.0660999999999	13245.2696992586	12733.5404299997
1.0680999999999	13245.2696992586	12739.2915299997
1.0700999999999	13245.2696992586	12745.0323399997
1.0720999999999	13245.2696992586	12750.7628899997
1.0740999999999	13245.2696992586	12756.4832399997
1.0760999999999	13245.2696992586	12762.1934299997
1.0780999999999	13245.2696992586	12767.8935099997
1.0800999999999	13245.2696992586	12773.5835199997
1.0820999999999	13245.2696992586	12779.2635199997
1.0840999999999	13245.2696992586	12784.9335499997
1.0860999999999	13245.2696992586	12790.5936499997
1.0880999999999	13245.2696992586	12796.2438599997
1.0900999999999	13245.2696992586	12801.8842399997
1.0920999999999	13245.2696992586	12807.5148299997
1.0940999999999	13245.2696992586	12813.1356799997
1.0960999999999	13245.2696992586	12818.7468099997
1.0980999999999	13245.2696992586	12824.3482899997
1.1000999999999	13245.2696992586	12829.9401499997
1.1020999999999	13245.2696992586	12835.5224399997
1.10409999999989	13245.2696992586	12841.0951899997
1.10609999999989	13245.2696992586	12846.6584499997
1.10809999999989	13245.2696992586	12852.2122699997
1.11009999999989	13245.2696992586	12857.7566799997
1.11209999999989	13245.2696992586	12863.2917199997
1.11409999999989	13245.2696992586	12868.8174499997
1.11609999999989	13245.2696992586	12874.3338799997
1.11809999999989	13245.2696992586	12879.8410799997
1.12009999999989	13245.2696992586	12885.3390699997
1.12209999999989	13245.2696992586	12890.8278999997
1.12409999999989	13245.2696992586	12896.3076099997
1.12609999999989	13245.2696992586	12901.7782299997
1.12809999999989	13245.2696992586	12907.2398099997
1.13009999999989	13245.2696992586	12912.6923799997
1.13209999999989	13245.2696992586	12918.1359799997
1.13409999999989	13245.2696992586	12923.5706499997
1.13609999999989	13245.2696992586	12928.9964299997
1.13809999999989	13245.2696992586	12934.4133599997
1.14009999999989	13245.2696992586	12939.8214699997
1.14209999999989	13245.2696992586	12945.2207899997
1.14409999999989	13245.2696992586	12950.6113799997
1.14609999999989	13245.2696992586	12955.9932599997
1.14809999999989	13245.2696992586	12961.3664699997
1.15009999999989	13245.2696992586	12966.7310399997
1.15209999999989	13245.2696992586	12972.0870199997
1.15409999999989	13245.2696992586	12977.4344299997
1.15609999999989	13245.2696992586	12982.7733199997
1.15809999999989	13245.2696992586	12988.1037099997
1.16009999999989	13245.2696992586	12993.4256499997
1.16209999999989	14372.0374340914	12998.7391599997
1.16409999999989	14372.0374340914	13004.0442899997
1.16609999999989	14372.0374340914	13009.3410599997
1.16809999999989	14372.0374340914	13014.6295099997
1.17009999999989	14372.0374340914	13019.9096699997
1.17209999999989	14372.0374340914	13025.1815799997
1.17409999999989	14372.0374340914	13030.4452699997
1.17609999999989	14372.0374340914	13035.7007799997
1.17809999999989	14372.0374340914	13040.9481299997
1.18009999999989	14372.0374340914	13046.1873499997
1.18209999999989	14372.0374340914	13051.4184899997
1.18409999999989	14372.0374340914	13056.6415799997
1.18609999999989	14372.0374340914	13061.8566299997
1.18809999999989	14372.0374340914	13067.0636999997
1.19009999999989	14372.0374340914	13072.2627999997
1.19209999999989	14372.0374340914	13077.4539799997
1.19409999999988	14372.0374340914	13082.6372499997
1.19609999999988	14372.0374340914	13087.8126599997
1.19809999999988	14372.0374340914	13092.9802299997
1.20009999999988	14372.0374340914	13098.1399899997
1.20209999999988	14372.0374340914	13103.2919799997
1.20409999999988	14372.0374340914	13108.4362199997
1.20609999999988	14372.0374340914	13113.5727499997
1.20809999999988	14372.0374340914	13118.7015899997
1.21009999999988	14372.0374340914	13123.8227699997
1.21209999999988	14372.0374340914	13128.9363199997
1.21409999999988	14372.0374340914	13134.0422799997
1.21609999999988	14372.0374340914	13139.1406699997
1.21809999999988	14372.0374340914	13144.2315199997
1.22009999999988	14372.0374340914	13149.3148599997
1.22209999999988	14372.0374340914	13154.3907199997
1.22409999999988	14372.0374340914	13159.4591199997
1.22609999999988	14372.0374340914	13164.5200899997
1.22809999999988	14372.0374340914	13169.5736699997
1.23009999999988	14372.0374340914	13174.6198799997
1.23209999999988	14372.0374340914	13179.6587499997
1.23409999999988	14372.0374340914	13184.6902999997
1.23609999999988	14372.0374340914	13189.7145599997
1.23809999999988	14372.0374340914	13194.7315599997
1.24009999999988	14372.0374340914	13199.7413299997
1.24209999999988	14372.0374340914	13204.7438999997
1.24409999999988	14372.0374340914	13209.7392799997
1.24609999999988	14372.0374340914	13214.7275099997
1.24809999999988	14372.0374340914	13219.7086199997
1.25009999999988	14372.0374340914	13224.6826199997
1.25209999999988	14372.0374340914	13229.6495499997
1.25409999999988	14372.0374340914	13234.6094399997
1.25609999999988	14372.0374340914	13239.5622999997
1.25809999999988	14372.0374340914	13244.5081599997
1.26009999999988	14372.0374340914	13249.4470499997
1.26209999999988	14372.0374340914	13254.3789899997
1.26409999999988	14372.0374340914	13259.3040199997
1.26609999999988	14372.0374340914	13264.2221499997
1.26809999999988	14372.0374340914	13269.1333999997
1.27009999999988	14372.0374340914	13274.0378099997
1.27209999999988	14372.0374340914	13278.9353999997
1.27409999999988	14372.0374340914	13283.8261899997
1.27609999999988	14372.0374340914	13288.7102099997
1.27809999999988	14372.0374340914	13293.5874799997
1.28009999999988	14372.0374340914	13298.4580299997
1.28209999999988	14372.0374340914	13303.3218799997
1.28409999999988	14372.0374340914	13308.1790499997
1.28609999999987	14372.0374340914	13313.0295599997
1.28809999999987	14372.0374340914	13317.8734499997
1.29009999999987	14372.0374340914	13322.7107299997
1.29209999999987	14372.0374340914	13327.5414199997
1.29409999999987	14372.0374340914	13332.3655599997
1.29609999999987	14372.0374340914	13337.1831599997
1.29809999999987	14372.0374340914	13341.9942499997
1.30009999999987	14372.0374340914	13346.7988399997
1.30209999999987	14372.0374340914	13351.5969699997
1.30409999999987	14372.0374340914	13356.3886499997
1.30609999999987	14372.0374340914	13361.1739099997
1.30809999999987	14372.0374340914	13365.9527599997
1.31009999999987	14372.0374340914	13370.7252399997
1.31209999999987	14372.0374340914	13375.4913599997
1.31409999999987	14372.0374340914	13380.2511399997
1.31609999999987	14372.0374340914	13385.0046099997
1.31809999999987	14372.0374340914	13389.7517899997
1.32009999999987	14372.0374340914	13394.4926999997
1.32209999999987	14372.0374340914	13399.2273599997
1.32409999999987	14372.0374340914	13403.9557899997
1.32609999999987	14372.0374340914	13408.6780099997
1.32809999999987	14372.0374340914	13413.3940499997
1.33009999999987	14372.0374340914	13418.1039299997
1.33209999999987	14372.0374340914	13422.8076599997
1.33409999999987	14372.0374340914	13427.5052699997
1.33609999999987	14372.0374340914	13432.1967699997
1.33809999999987	14372.0374340914	13436.8821999997
1.34009999999987	14372.0374340914	13441.5615599997
1.34209999999987	14372.0374340914	13446.2348799997
1.34409999999987	14372.0374340914	13450.9021899997
1.34609999999987	14372.0374340914	13455.5634899997
1.34809999999987	14372.0374340914	13460.2188099997
1.35009999999987	14372.0374340914	13464.8681699997
1.35209999999987	14372.0374340914	13469.5115899997
1.35409999999987	14372.0374340914	13474.1490899997
1.35609999999987	14372.0374340914	13478.7806899997
1.35809999999987	14372.0374340914	13483.4063999997
1.36009999999987	14372.0374340914	13488.0262499997
1.36209999999987	14372.0374340914	13492.6402599997
1.36409999999987	14372.0374340914	13497.2484499997
1.36609999999987	14372.0374340914	13501.8508299997
1.36809999999987	14372.0374340914	13506.4474199997
1.37009999999987	14372.0374340914	13511.0382499997
1.37209999999987	14372.0374340914	13515.6233299997
1.37409999999987	14372.0374340914	13520.2026699997
1.37609999999986	14372.0374340914	13524.7763099997
1.37809999999986	14372.0374340914	13529.3442599997
1.38009999999986	14372.0374340914	13533.9065299997
1.38209999999986	14372.0374340914	13538.4631399997
1.38409999999986	14372.0374340914	13543.0141199997
1.38609999999986	14372.0374340914	13547.5594699997
1.38809999999986	14372.0374340914	13552.0992299997
1.39009999999986	14372.0374340914	13556.6333999997
1.39209999999986	14372.0374340914	13561.1620099997
1.39409999999986	14372.0374340914	13565.6850699997
1.39609999999986	14372.0374340914	13570.2025999997
1.39809999999986	14372.0374340914	13574.7146199997
1.40009999999986	14372.0374340914	13579.2211399997
1.40209999999986	14372.0374340914	13583.7221899997
1.40409999999986	14372.0374340914	13588.2177699997
1.40609999999986	14372.0374340914	13592.7079099997
1.40809999999986	14372.0374340914	13597.1926299997
1.41009999999986	14372.0374340914	13601.6719399997
1.41209999999986	14372.0374340914	13606.1458499997
1.41409999999986	14372.0374340914	13610.6143899997
1.41609999999986	14372.0374340914	13615.0775799997
1.41809999999986	14372.0374340914	13619.5354199997
1.42009999999986	14372.0374340914	13623.9879399997
1.42209999999986	14372.0374340914	13628.4351499997
1.42409999999986	14372.0374340914	13632.8770699997
1.42609999999986	14372.0374340914	13637.3137199997
1.42809999999986	14372.0374340914	13641.7451099997
1.43009999999986	14372.0374340914	13646.1712499997
1.43209999999986	14372.0374340914	13650.5921699997
1.43409999999986	14372.0374340914	13655.0078799997
1.43609999999986	14372.0374340914	13659.4183999997
1.43809999999986	14372.0374340914	13663.8237399997
1.44009999999986	14372.0374340914	13668.2239199997
1.44209999999986	14372.0374340914	13672.6189499997
1.44409999999986	14372.0374340914	13677.0088499997
1.44609999999986	14372.0374340914	13681.3936399997
1.44809999999986	14372.0374340914	13685.7733199997
1.45009999999986	14372.0374340914	13690.1479299997
1.45209999999986	14372.0374340914	13694.5174699997
1.45409999999986	14372.0374340914	13698.8819499997
1.45609999999986	14372.0374340914	13703.2413999997
1.45809999999986	14372.0374340914	13707.5958299997
1.46009999999986	14372.0374340914	13711.9452499997
1.46209999999986	14372.0374340914	13716.2896799997
1.46409999999986	14372.0374340914	13720.6291299997
1.46609999999985	14372.0374340914	13724.9636199997
1.46809999999985	14372.0374340914	13729.2931699997
1.47009999999985	14372.0374340914	13733.6177799997
1.47209999999985	14372.0374340914	13737.9374799997
1.47409999999985	14372.0374340914	13742.2522699997
1.47609999999985	14372.0374340914	13746.5621699997
1.47809999999985	14372.0374340914	13750.8672099997
1.48009999999985	14372.0374340914	13755.1673799997
1.48209999999985	14372.0374340914	13759.4627099997
1.48409999999985	14372.0374340914	13763.7532099997
1.48609999999985	14372.0374340914	13768.0388999997
1.48809999999985	14372.0374340914	13772.3197799997
1.49009999999985	14372.0374340914	13776.5958799997
1.49209999999985	14372.0374340914	13780.8672099997
1.49409999999985	14372.0374340914	13785.1337699997
1.49609999999985	14372.0374340914	13789.3955899997
1.49809999999985	14372.0374340914	13793.6526799997
1.50009999999985	14372.0374340914	13797.9050499997
1.50209999999985	14372.0374340914	13802.1527199997
1.50409999999985	14372.0374340914	13806.3956999997
1.50609999999985	14372.0374340914	13810.6340099997
1.50809999999985	14372.0374340914	13814.8676499997
1.51009999999985	14372.0374340914	13819.0966399997
1.51209999999985	14372.0374340914	13823.3209999997
1.51409999999985	14372.0374340914	13827.5407399997
1.51609999999985	14372.0374340914	13831.7558599997
1.51809999999985	14372.0374340914	13835.9663999997
1.52009999999985	14372.0374340914	13840.1723499997
1.52209999999985	14372.0374340914	13844.3737299997
1.52409999999985	14372.0374340914	13848.5705599997
1.52609999999985	14372.0374340914	13852.7628399997
1.52809999999985	14372.0374340914	13856.9505999997
1.53009999999985	14952.6677464287	13861.1338299997
1.53209999999985	15544.7956887132	13865.3125699997
1.53409999999985	15544.7956887132	13869.4868099997
1.53609999999985	15544.7956887132	13873.6565799997
1.53809999999985	15544.7956887132	13877.8218799997
1.54009999999985	15544.7956887132	13881.9827299997
1.54209999999985	15544.7956887132	13886.1391399997
1.54409999999985	15544.7956887132	13890.2911199997
1.54609999999985	15544.7956887132	13894.4386899997
1.54809999999985	15544.7956887132	13898.5818499997
1.55009999999985	15544.7956887132	13902.7206299997
1.55209999999985	15544.7956887132	13906.8550299997
1.55409999999985	15544.7956887132	13910.9850599997
1.55609999999985	15544.7956887132	13915.1107399997
1.55809999999984	15544.7956887132	13919.2320799997
1.56009999999984	15544.7956887132	13923.3490899997
1.56209999999984	15544.7956887132	13927.4617799997
1.56409999999984	15544.7956887132	13931.5701699997
1.56609999999984	15544.7956887132	13935.6742699997
1.56809999999984	15544.7956887132	13939.7740899997
1.57009999999984	15544.7956887132	13943.8696399997
1.57209999999984	15544.7956887132	13947.9609299997
1.57409999999984	15544.7956887132	13952.0479799997
1.57609999999984	15544.7956887132	13956.1307899997
1.57809999999984	15544.7956887132	13960.2093799997
1.58009999999984	15544.7956887132	13964.2837699997
1.58209999999984	15544.7956887132	13968.3539499997
1.58409999999984	15544.7956887132	13972.4199499997
1.58609999999984	15544.7956887132	13976.4817699997
1.58809999999984	15544.7956887132	13980.5394299997
1.59009999999984	15544.7956887132	13984.5929399997
1.59209999999984	15544.7956887132	13988.6422999997
1.59409999999984	15544.7956887132	13992.6875399997
1.59609999999984	15544.7956887132	13996.7286599997
1.59809999999984	15544.7956887132	14000.7656699997
1.60009999999984	15544.7956887132	14004.7985899997
1.60209999999984	15544.7956887132	14008.8274199997
1.60409999999984	15544.7956887132	14012.8521799997
1.60609999999984	15544.7956887132	14016.8728699997
1.60809999999984	15544.7956887132	14020.8895199997
1.61009999999984	15544.7956887132	14024.9021199997
1.61209999999984	15544.7956887132	14028.9106899997
1.61409999999984	15544.7956887132	14032.9152499997
1.61609999999984	15544.7956887132	14036.9157899997
1.61809999999984	15544.7956887132	14040.9123399997
1.62009999999984	15544.7956887132	14044.9048999997
1.62209999999984	15544.7956887132	14048.8934899997
1.62409999999984	15544.7956887132	14052.8781099997
1.62609999999984	15544.7956887132	14056.8587799997
1.62809999999984	15544.7956887132	14060.8354999997
1.63009999999984	15544.7956887132	14064.8082899997
1.63209999999984	15544.7956887132	14068.7771499997
1.63409999999984	15544.7956887132	14072.7421099997
1.63609999999984	15544.7956887132	14076.7031599997
1.63809999999984	15845.1712710858	14080.6603199997
1.64009999999984	15544.7956887132	14084.6135899997
1.64209999999984	15544.7956887132	14088.5629999997
1.64409999999984	15544.7956887132	14092.5085399997
1.64609999999984	15544.7956887132	14096.4502399997
1.64809999999983	15544.7956887132	14100.3880899997
1.65009999999983	15544.7956887132	14104.3221099997
1.65209999999983	15544.7956887132	14108.2523199997
1.65409999999983	15544.7956887132	14112.1787099997
1.65609999999983	15544.7956887132	14116.1012999997
1.65809999999983	15544.7956887132	14120.0200999997
1.66009999999983	15544.7956887132	14123.9351199997
1.66209999999983	16148.4212609451	14127.8463599997
1.66409999999983	16763.5444631242	14131.7538499997
1.66609999999983	16763.5444631242	14135.6575899997
1.66809999999983	16763.5444631242	14139.5575799997
1.67009999999983	16763.5444631242	14143.4538399997
1.67209999999983	16763.5444631242	14147.3463799997
1.67409999999983	16763.5444631242	14151.2352099997
1.67609999999983	16763.5444631242	14155.1203299997
1.67809999999983	16763.5444631242	14159.0017699997
1.68009999999983	16763.5444631242	14162.8795099997
1.68209999999983	16763.5444631242	14166.7535899997
1.68409999999983	16763.5444631242	14170.6239899997
1.68609999999983	16763.5444631242	14174.4907499997
1.68809999999983	16763.5444631242	14178.3538499997
1.69009999999983	16763.5444631242	14182.2133199997
1.69209999999983	16763.5444631242	14186.0691599997
1.69409999999983	16763.5444631242	14189.9213899997
1.69609999999983	16763.5444631242	14193.7699999997
1.69809999999983	16763.5444631242	14197.6150199997
1.70009999999983	16763.5444631242	14201.4564399997
1.70209999999983	16763.5444631242	14205.2942799997
1.70409999999983	16763.5444631242	14209.1285499997
1.70609999999983	16763.5444631242	14212.9592599997
1.70809999999983	16763.5444631242	14216.7864099997
1.71009999999983	16763.5444631242	14220.6100199997
1.71209999999983	16763.5444631242	14224.4300899997
1.71409999999983	16763.5444631242	14228.2466399997
1.71609999999983	16763.5444631242	14232.0596599997
1.71809999999983	16763.5444631242	14235.8691799997
1.72009999999983	16763.5444631242	14239.6751899997
1.72209999999983	16763.5444631242	14243.4777099997
1.72409999999983	16763.5444631242	14247.2767499997
1.72609999999983	16763.5444631242	14251.0723199997
1.72809999999983	16763.5444631242	14254.8644199997
1.73009999999983	16763.5444631241	14258.6530599997
1.73209999999983	16763.5444631242	14262.4382499997
1.73409999999983	16763.5444631242	14266.2199999997
1.73609999999983	16763.5444631242	14269.9983199997
1.73809999999983	16763.5444631242	14273.7732199997
1.74009999999982	16763.5444631242	14277.5446999997
1.74209999999982	16763.5444631242	14281.3127799997
1.74409999999982	16763.5444631242	14285.0774599997
1.74609999999982	16763.5444631242	14288.8387499997
1.74809999999982	16763.5444631242	14292.5966599997
1.75009999999982	16763.5444631242	14296.3511999997
1.75209999999982	16763.5444631242	14300.1023699997
1.75409999999982	16763.5444631242	14303.8501899997
1.75609999999982	16763.5444631242	14307.5946599997
1.75809999999982	16763.5444631242	14311.3357899997
1.76009999999982	16763.5444631242	14315.0735899997
1.76209999999982	16763.5444631242	14318.8080599997
1.76409999999982	16763.5444631242	14322.5392199997
1.76609999999982	16763.5444631242	14326.2670799997
1.76809999999982	16763.5444631242	14329.9916299997
1.77009999999982	16763.5444631242	14333.7128999997
1.77209999999982	16763.5444631242	14337.4308799997
1.77409999999982	16763.5444631242	14341.1455899997
1.77609999999982	16763.5444631242	14344.8570299997
1.77809999999982	16763.5444631242	14348.5652099997
1.78009999999982	16763.5444631242	14352.2701399997
1.78209999999982	16763.5444631242	14355.9718299997
1.78409999999982	16763.5444631241	14359.6702799997
1.78609999999982	16763.5444631242	14363.3654999997
1.78809999999982	16763.5444631242	14367.0575099997
1.79009999999982	16763.5444631242	14370.7462999997
1.79209999999982	16763.5444631242	14374.4318899997
1.79409999999982	16763.5444631242	14378.1142799997
1.79609999999982	16763.5444631242	14381.7934899997
1.79809999999982	16763.5444631242	14385.4695099997
1.80009999999982	16763.5444631242	14389.1423599997
1.80209999999982	16763.5444631242	14392.8120399997
1.80409999999982	16763.5444631242	14396.4785699997
1.80609999999982	16763.5444631242	14400.1419399997
1.80809999999982	16763.5444631242	14403.8021699997
1.81009999999982	16763.5444631242	14407.4592599997
1.81209999999982	16763.5444631242	14411.1132299997
1.81409999999982	16763.5444631242	14414.7640699997
1.81609999999982	16763.5444631242	14418.4117999997
1.81809999999982	16763.5444631242	14422.0564299997
1.82009999999982	16763.5444631242	14425.6979499997
1.82209999999982	16763.5444631242	14429.3363899997
1.82409999999982	16763.5444631242	14432.9717399997
1.82609999999982	16763.5444631242	14436.6040099997
1.82809999999982	16763.5444631242	14440.2332099997
1.83009999999981	16763.5444631242	14443.8593499997
1.83209999999981	16763.5444631242	14447.4824399997
1.83409999999981	16763.5444631242	14451.1024699997
1.83609999999981	16763.5444631242	14454.7194699997
1.83809999999981	16763.5444631242	14458.3334299997
1.84009999999981	16763.5444631242	14461.9443699997
1.84209999999981	16763.5444631242	14465.5522799997
1.84409999999981	16763.5444631242	14469.1571799997
1.84609999999981	16763.5444631242	14472.7590799997
1.84809999999981	16763.5444631242	14476.3579799997
1.85009999999981	16763.5444631242	14479.9538899997
1.85209999999981	16763.5444631242	14483.5468099997
1.85409999999981	16763.5444631242	14487.1367499997
1.85609999999981	16763.5444631242	14490.7237199997
1.85809999999981	16763.5444631242	14494.3077299997
1.86009999999981	16763.5444631242	14497.8887799997
1.86209999999981	16763.5444631242	14501.4668899997
1.86409999999981	16763.5444631242	14505.0420399997
1.86609999999981	16763.5444631242	14508.6142599997
1.86809999999981	16763.5444631242	14512.1835499997
1.87009999999981	16763.5444631242	14515.7499199997
1.87209999999981	16763.5444631242	14519.3133699997
1.87409999999981	16763.5444631242	14522.8739099997
1.87609999999981	16763.5444631242	14526.4315499997
1.87809999999981	16763.5444631242	14529.9862899997
1.88009999999981	16763.5444631242	14533.5381399997
1.88209999999981	16763.5444631242	14537.0871099997
1.88409999999981	16763.5444631242	14540.6331999997
1.88609999999981	16763.5444631242	14544.1764199997
1.88809999999981	16763.5444631242	14547.7167799997
1.89009999999981	16763.5444631242	14551.2542799997
1.89209999999981	16763.5444631242	14554.7889299997
1.89409999999981	16763.5444631242	14558.3207299997
1.89609999999981	16763.5444631242	14561.8496999997
1.89809999999981	16763.5444631242	14565.3758299997
1.90009999999981	16763.5444631242	14568.8991399997
1.90209999999981	16763.5444631242	14572.4196299997
1.90409999999981	16763.5444631242	14575.9373099997
1.90609999999981	16763.5444631242	14579.4521899997
1.90809999999981	16763.5444631242	14582.9642599997
1.91009999999981	16763.5444631242	14586.4735399997
1.91209999999981	16763.5444631242	14589.9800399997
1.91409999999981	16763.5444631242	14593.4837499997
1.91609999999981	16763.5444631242	14596.9846899997
1.91809999999981	16763.5444631242	14600.4828599997
1.9200999999998	16763.5444631242	14603.9782699997
1.9220999999998	16763.5444631242	14607.4709199997
1.9240999999998	16763.5444631242	14610.9608199997
1.9260999999998	16763.5444631242	14614.4479799997
1.9280999999998	16763.5444631242	14617.9323999997
1.9300999999998	16763.5444631242	14621.4140899997
1.9320999999998	16763.5444631242	14624.8930599997
1.9340999999998	16763.5444631242	14628.3692999997
1.9360999999998	16763.5444631242	14631.8428299997
1.9380999999998	16763.5444631242	14635.3136599997
1.9400999999998	16763.5444631242	14638.7817799997
1.9420999999998	16763.5444631242	14642.2472099997
1.9440999999998	16763.5444631242	14645.7099399997
1.9460999999998	16763.5444631242	14649.1699999997
1.9480999999998	16763.5444631241	14652.6273799997
1.9500999999998	16763.5444631242	14656.0820799997
1.9520999999998	16763.5444631242	14659.5341199997
1.9540999999998	16763.5444631242	14662.9834999997
1.9560999999998	16763.5444631242	14666.4302299997
1.9580999999998	16763.5444631242	14669.8742999997
1.9600999999998	16763.5444631242	14673.3157399997
1.9620999999998	16763.5444631242	14676.7545399997
1.9640999999998	16763.5444631242	14680.1906999997
1.9660999999998	16763.5444631241	14683.6242499997
1.9680999999998	16763.5444631242	14687.0551699997
1.9700999999998	16763.5444631242	14690.4834799997
1.9720999999998	16763.5444631242	14693.9091799997
1.9740999999998	16763.5444631242	14697.3322799997
1.9760999999998	16763.5444631242	14700.7527799997
1.9780999999998	16763.5444631242	14704.1706899997
1.9800999999998	16763.5444631242	14707.5860099997
1.9820999999998	16763.5444631242	14710.9987599997
1.9840999999998	16763.5444631242	14714.4089299997
1.9860999999998	16763.5444631242	14717.8165299997
1.9880999999998	16763.5444631242	14721.2215699997
1.9900999999998	16763.5444631242	14724.6240499997
1.9920999999998	16763.5444631242	14728.0239799997
1.9940999999998	16763.5444631242	14731.4213599997
1.9960999999998	16763.5444631242	14734.8161999997
1.9980999999998	16763.5444631242	14738.2084999997
