0	0	0	0
0.0101	1.3334380043341E-05	1.33356175220945E-05	1.33356173648991E-05
0.0200999999999999	1.33497935458079E-05	1.33580580240184E-05	1.33580667998793E-05
0.0300999999999999	1.34066533014989E-05	1.34321755117966E-05	1.34322053049794E-05
0.0400000000000001	1.35367491357116E-05	1.35960046014432E-05	1.35960744518474E-05
0.0500000000000004	1.37798213783127E-05	1.39000958999638E-05	1.3900237261105E-05
0.0600000000000007	1.41741671250135E-05	1.43977002955056E-05	1.43979626700622E-05
0.070000000000001	1.47583402889036E-05	1.51496384926792E-05	1.51501002936113E-05
0.0800000000000013	1.55671646633515E-05	1.62229929320748E-05	1.62237786475397E-05
0.0900000000000016	1.66276760549402E-05	1.76910014042958E-05	1.76923102485702E-05
0.100000000000002	1.795416028051E-05	1.96329953493059E-05	1.96351503304847E-05
0.110000000000002	1.95429304109144E-05	2.21343584188426E-05	2.2137892203816E-05
0.120000000000002	2.13684047762977E-05	2.52864812684351E-05	2.52922889056744E-05
0.130000000000002	2.33828117674986E-05	2.91866810540106E-05	2.91962944456672E-05
0.140000000000001	2.55214103961005E-05	3.39380368365319E-05	3.39541201086306E-05
0.1501	2.77347189970389E-05	3.97113970453207E-05	3.97387846873105E-05
0.160099999999999	2.9912144384777E-05	4.65067235992582E-05	4.65536891151221E-05
0.170099999999998	3.20233636859399E-05	5.44932067730802E-05	5.45745853478702E-05
0.180099999999996	3.40337116732738E-05	6.37895154591297E-05	6.39315468782541E-05
0.190099999999995	3.59245384819531E-05	7.45126099396391E-05	7.47613230340536E-05
0.200099999999994	3.76893635355966E-05	8.67723087154305E-05	8.72074373002414E-05
0.210099999999993	3.93296986634406E-05	0.000100662894220638	0.000101420286370538
0.220099999999992	4.08516418228893E-05	0.000116250847473547	0.000117557237305741
0.230099999999991	4.22635094508625E-05	0.000133558216823195	0.000135782719214785
0.24009999999999	4.35743623027036E-05	0.000152542379336594	0.000156268304456195
0.250099999999989	4.47931689499628E-05	0.000173075372927972	0.000179192772336219
0.260099999999988	4.59283779922498E-05	0.000194929245582173	0.000204742145465426
0.270099999999987	4.69877335130665E-05	0.000217776250071918	0.000233109685086482
0.280099999999985	4.79782264789687E-05	0.000241211133292035	0.00026449582650216
0.290099999999984	4.89061169806301E-05	0.000264795209964808	0.000299108028850219
0.300099999999983	4.97769896705454E-05	0.000288111162854044	0.000337160504462505
0.310099999999982	5.05958215422984E-05	0.000310811131687987	0.000378873781426854
0.320099999999981	5.13670510565183E-05	0.000332644170335274	0.000424474038234587
0.33009999999998	5.20946432315538E-05	0.00035345976096311	0.000474192131070832
0.340099999999979	5.27821484180437E-05	0.000373193674874087	0.000528262212064967
0.350099999999978	5.34327541286034E-05	0.000391845910741808	0.000586919810680182
0.360099999999977	5.40493301268363E-05	0.000409458550791429	0.000650399221051026
0.370099999999976	5.46344673596587E-05	0.000426097649257011	0.000718930007264996
0.380099999999974	5.51905114624042E-05	0.000441840231283959	0.000792732409912758
0.390099999999973	5.57195915789387E-05	0.000456765842156697	0.000872011416966333
0.400099999999972	5.62236450435305E-05	0.000470951535118028	0.00095694926016089
0.410099999999971	5.67044387530722E-05	0.000484469209287572	0.0010476961291873
0.42009999999997	5.71635876478682E-05	0.00049738444095604	0.00114435897978507
0.430099999999969	5.76025707100568E-05	0.000509756205664922	0.00124698847171426
0.440099999999968	5.80227448768366E-05	0.000521637096060781	0.00135556433174299
0.450099999999967	5.84253571932296E-05	0.000533073789500311	0.00146997980944486
0.460099999999966	5.88115554717953E-05	0.000544107618776066	0.00159002637089551
0.470099999999965	5.91823976807134E-05	0.000554775162559902	0.00171538030703821
0.480099999999963	5.95388602443198E-05	0.000565108810986169	0.00184559341154355
0.490099999999962	5.98818454096741E-05	0.000575137284914409	0.00198009013951006
0.500099999999961	6.02121878076966E-05	0.000584886100734736	0.00211817349380499
0.51009999999996	6.05306603167982E-05	0.000594377979941787	0.00225904113817155
0.520099999999959	6.08379793199234E-05	0.000603633206515794	0.00240181187978379
0.530099999999958	6.11348094292225E-05	0.000612669936896373	0.00254556089430418
0.540099999999957	6.1421767742561E-05	0.000621504467914868	0.00268936030574767
0.550099999999956	6.16994277143532E-05	0.000630151468000561	0.00283232051138898
0.560099999999955	6.19683226427308E-05	0.000638624176609133	0.00297362738146558
0.570099999999954	6.22289488339636E-05	0.000646934576318768	0.0031125712784485
0.580099999999952	6.24817684858832E-05	0.000655093541500679	0.00324856547172898
0.590099999999951	6.27272123183996E-05	0.000663110966949684	0.0033811534570058
0.60009999999995	6.29656819764082E-05	0.000670995879382352	0.00351000638702479
0.610099999999949	6.31975522276666E-05	0.000678756534285381	0.00363491292301947
0.620099999999948	6.3423172975711E-05	0.00068640050022659	0.00375576422761848
0.630099999999947	6.36428711056283E-05	0.00069393473242242	0.0038725366594939
0.640099999999946	6.3856952178498E-05	0.00070136563708417	0.00398527422150463
0.650099999999945	6.40657019885743E-05	0.000708699127834691	0.00409407218040954
0.660099999999944	6.42693879957384E-05	0.000715940675292441	0.00419906267847203
0.670099999999943	6.44682606444179E-05	0.000723095350755272	0.00430040268055679
0.680099999999941	6.46625545789998E-05	0.000730167864777772	0.00439826426834137
0.69009999999994	6.48524897647356E-05	0.000737162601318968	0.0044928270923592
0.700099999999939	6.50382725222412E-05	0.000744083648038693	0.0045842726929277
0.710099999999938	6.52200964828947E-05	0.000750934823237587	0.00467278037057903
0.720099999999937	6.53981434717402E-05	0.000757719699865337	0.00475852429823216
0.730099999999936	6.55725843238813E-05	0.000764441626962159	0.00484167160094369
0.740099999999935	6.57435796397932E-05	0.000771103748847952	0.00492238117130312
0.750099999999934	6.59112804844914E-05	0.000777709022330606	0.00500080303137531
0.760099999999933	6.60758290350529E-05	0.000784260232168356	0.00507707809127654
0.770099999999932	6.62373591805881E-05	0.000790760004989866	0.00515133818816486
0.78009999999993	6.63959970784061E-05	0.000797210821849057	0.00522370631722807
0.790099999999929	6.65518616697953E-05	0.000803615029568797	0.00529429698852731
0.800099999999928	6.67050651585505E-05	0.000809974851007972	0.00536321666100599
0.810099999999927	6.68557134551152E-05	0.000816292394369572	0.00543056421841105
0.820099999999926	6.70039065889683E-05	0.00082256966165283	0.0054964314620692
0.830099999999925	6.71497390916714E-05	0.000828808556339903	0.0055609036031014
0.840099999999924	6.72933003527916E-05	0.000835010890396669	0.00562405974231864
0.850099999999923	6.74346749507413E-05	0.000841178390657768	0.00568597333018647
0.860099999999922	6.75739429604061E-05	0.000847312704657791	0.00574671260224504
0.87009999999992	6.77111802392899E-05	0.000853415405963357	0.00580634098751178
0.880099999999919	6.78464586937661E-05	0.000859487999054576	0.00586491748889745
0.890099999999918	6.79798465268986E-05	0.000865531923798899	0.00592249703569935
0.900099999999917	6.81114084691854E-05	0.000871548559555606	0.00597913080892591
0.910099999999916	6.82412059934697E-05	0.000877539228944916	0.00603486654064836
0.920099999999915	6.8369297515171E-05	0.000883505201312046	0.0060897487888387
0.930099999999914	6.84957385788961E-05	0.000889447695913261	0.0061438191892903
0.940099999999913	6.86205820324145E-05	0.000895367884848039	0.00619711668626706
0.950099999999912	6.87438781889035E-05	0.000901266895758984	0.00624967774351661
0.960099999999911	6.88656749783031E-05	0.000907145814318796	0.00630153653723271
0.970099999999909	6.89860180885576E-05	0.000913005686521615	0.00635272513247725
0.980099999999908	6.91049510974604E-05	0.000918847520794272	0.00640327364448218
0.990099999999907	6.92225155957697E-05	0.00092467228994136	0.00645321038615496
1.00009999999991	6.9338751302208E-05	0.000930480932936609	0.00650256200301177
1.01009999999991	6.94536961709187E-05	0.000936274356571792	0.00655135359666464
1.0200999999999	6.95673864919057E-05	0.000942053436973201	0.00659960883789413
1.0300999999999	6.96798569849488E-05	0.000947819020994712	0.00664735007024952
1.0400999999999	6.97911408874472E-05	0.000953571927495536	0.00669459840503431
1.0500999999999	6.99012700366132E-05	0.000959312948509877	0.00674137380845676
1.0600999999999	7.00102749464068E-05	0.000965042850314972	0.0067876951816532
1.0700999999999	7.01181848795737E-05	0.00097076237440328	0.00683358043422602
1.0800999999999	7.02250279151244E-05	0.000976472238363961	0.00687904655187763
1.0900999999999	7.03308310115643E-05	0.000982173136678182	0.00692410965866724
1.1000999999999	7.04356200661682E-05	0.000987865741432281	0.00696878507436727
1.11009999999989	7.05394199705654E-05	0.000993550702952298	0.00701308736735114
1.12009999999989	7.06422546628877E-05	0.000999228650362949	0.00705703040340355
1.13009999999989	7.07441471767118E-05	0.00100490019207368	0.00710062739080721
1.14009999999989	7.08451196870129E-05	0.00101056591619405	0.007143890922027
1.15009999999989	7.09451935533291E-05	0.00101622639088037	0.00718683301228234
1.16009999999989	7.10443893603239E-05	0.00102188216461503	0.00722946513527144
1.17009999999989	7.11427269559194E-05	0.00102753376641985	0.0072717982562868
1.18009999999989	7.12402254871638E-05	0.0010331817060043	0.00731384286293912
1.19009999999989	7.13369034339796E-05	0.00103882647384915	0.00735560899368696
1.20009999999988	7.14327786409354E-05	0.00104446854122598	0.00739710626435171
1.21009999999988	7.1527868347168E-05	0.00105010836015258	0.00743834389278091
1.22009999999988	7.16221892145788E-05	0.00105574636328393	0.00747933072180856
1.23009999999988	7.17157573544139E-05	0.00106138296373853	0.00752007524064791
1.24009999999988	7.18085883523341E-05	0.00106701855485922	0.00756058560483992
1.25009999999988	7.19006972920717E-05	0.00107265350990756	0.00760086965487037
1.26009999999988	7.19920987777647E-05	0.00107828818169086	0.00764093493355802
1.27009999999988	7.20828069550531E-05	0.00108392290212013	0.00768078870230831
1.28009999999988	7.21728355310158E-05	0.00108955798169764	0.00772043795631814
1.29009999999987	7.22621977930205E-05	0.00109519370893225	0.00775988943881075
1.30009999999987	7.23509066265563E-05	0.00110083034968038	0.00779914965437254
1.31009999999987	7.24389745321121E-05	0.00110646814641056	0.00783822488145816
1.32009999999987	7.25264136411585E-05	0.0011121073173891	0.00787712118412435
1.33009999999987	7.26132357312913E-05	0.00111774805578437	0.00791584442304828
1.34009999999987	7.2699452240586E-05	0.00112339052868681	0.00795440026588157
1.35009999999987	7.27850742812118E-05	0.00112903487604196	0.00799279419698714
1.36009999999987	7.28701126523507E-05	0.0011346812094932	0.008031031526602
1.37009999999987	7.29545778524629E-05	0.00114032961113124	0.00806911739946613
1.38009999999986	7.30384800909374E-05	0.00114598013214679	0.00810705680295418
1.39009999999986	7.31218292991649E-05	0.00115163279138321	0.00814485457474373
1.40009999999986	7.32046351410676E-05	0.00115728757378542	0.00818251541005178
1.41009999999986	7.32869070231151E-05	0.00116294442874169	0.0082200438684681
1.42009999999986	7.33686541038599E-05	0.00116860326831461	0.00825744438041252
1.43009999999986	7.34498853030172E-05	0.00117426396535774	0.00829472125324058
1.44009999999986	7.35306093101169E-05	0.00117992635151445	0.00833187867702074
1.45009999999986	7.36108345927516E-05	0.00118559021509562	0.00836892073000439
1.46009999999986	7.36905694044426E-05	0.001191255298833	0.00840585138380813
1.47009999999985	7.37698217921465E-05	0.00119692129750532	0.00844267450832682
1.48009999999985	7.38485996034212E-05	0.00120258785543474	0.00847939387639435
1.49009999999985	7.39269104932718E-05	0.0012082545638513	0.00851601316820783
1.50009999999985	7.40047619306907E-05	0.00121392095812424	0.00855253597552991
1.51009999999985	7.40821612049121E-05	0.00121958651485908	0.00858896580568285
1.52009999999985	7.41591154313934E-05	0.00122525064886085	0.00862530608534706
1.53009999999985	7.42356315575398E-05	0.00123091270996447	0.00866156016417592
1.54009999999985	7.43117163681847E-05	0.00123657197973503	0.00869773131823807
1.55009999999985	7.43873764908385E-05	0.00124222766804184	0.00873382275329707
1.56009999999984	7.44626184007185E-05	0.00124787890951234	0.0087698376079386
1.57009999999984	7.4537448425571E-05	0.00125352475987403	0.00880577895655357
1.58009999999984	7.46118727502958E-05	0.00125916419219496	0.0088416498121861
1.59009999999984	7.4685897421383E-05	0.00126479609303689	0.00887745312925371
1.60009999999984	7.47595283511717E-05	0.00127041925853803	0.00891319180614743
1.61009999999984	7.48327713219398E-05	0.00127603239044694	0.0089488686877185
1.62009999999984	7.49056319898323E-05	0.00128163409213364	0.00898448656765814
1.63009999999984	7.49781158886371E-05	0.00128722286460914	0.00902004819077653
1.64009999999984	7.50502284334136E-05	0.00129279710259114	0.00905555625518641
1.65009999999983	7.51219749239846E-05	0.00129835509065995	0.00909101341439696
1.66009999999983	7.51933605482932E-05	0.00130389499955697	0.00912642227932263
1.67009999999983	7.52643903856361E-05	0.00130941488268604	0.00916178542021182
1.68009999999983	7.5335069409775E-05	0.0013149126728876	0.00919710536849965
1.69009999999983	7.54054024919345E-05	0.00132038617956574	0.00923238461858922
1.70009999999983	7.54753944036886E-05	0.00132583308625872	0.00926762562956494
1.71009999999983	7.55450498197453E-05	0.00133125094875531	0.00930283082684189
1.72009999999983	7.56143733206284E-05	0.00133663719387055	0.00933800260375453
1.73009999999983	7.56833693952662E-05	0.00134198911900653	0.00937314332308799
1.74009999999982	7.57520424434877E-05	0.00134730389263482	0.00940825531855523
1.75009999999982	7.58203967784318E-05	0.00135257855584784	0.00944334089622274
1.76009999999982	7.5888436628873E-05	0.00135781002513519	0.00947840233588764
1.77009999999982	7.59561661414671E-05	0.00136299509654773	0.00951344189240883
1.78009999999982	7.60235893829203E-05	0.00136813045141569	0.00954846179699464
1.79009999999982	7.60907103420847E-05	0.00137321266378669	0.00958346425844909
1.80009999999982	7.61575329319842E-05	0.00137823820974393	0.00961845146437932
1.81009999999982	7.62240609917723E-05	0.00138320347875317	0.00965342558236603
1.82009999999982	7.62902982886254E-05	0.00138810478716811	0.00968838876109893
1.83009999999981	7.63562485195745E-05	0.00139293839399682	0.00972334313147921
1.84009999999981	7.64219153132769E-05	0.00139770051899594	0.00975829080769071
1.85009999999981	7.64873022317309E-05	0.00140238736311379	0.00979323388824145
1.86009999999981	7.65524127719359E-05	0.00140699513124881	0.00982817445697724
1.87009999999981	7.66172503674992E-05	0.00141152005722555	0.0098631145840688
1.88009999999981	7.66818183901929E-05	0.00141595843081838	0.00989805632697402
1.89009999999981	7.67461201514614E-05	0.00142030662657464	0.00993300173137635
1.90009999999981	7.68101589038824E-05	0.00142456113410633	0.00996795283210128
1.91009999999981	7.68739378425828E-05	0.00142871858943678	0.0100029116540115
1.9200999999998	7.69374601066111E-05	0.00143277580690831	0.0100378802128822
1.9300999999998	7.70007287802684E-05	0.00143672981108527	0.0100728605162585
1.9400999999998	7.70637468943986E-05	0.00144057786802619	0.0101078545642937
1.9500999999998	7.71265174276411E-05	0.00144431751525653	0.0101428643505729
1.9600999999998	7.71890433076446E-05	0.00144794658975113	0.0101778918629197
1.9700999999998	7.72513274122463E-05	0.00145146325323935	0.0102129390841891
1.9800999999998	7.73133725706156E-05	0.00145486601417567	0.0102480079930465
1.9900999999998	7.73751815643655E-05	0.00145815374577759	0.0102831005647339
2.0000999999998	7.74367571286301E-05	0.00146132569961823	0.0103182187718247
2.01009999999982	7.74981019531127E-05	0.00146438151437192	0.0103533645849665
2.02009999999984	7.75592186831036E-05	0.00146732121944168	0.0103885399736146
2.03009999999986	7.76201099204676E-05	0.00147014523334291	0.0104237469067556
2.04009999999988	7.76807782246054E-05	0.00147285435687017	0.0104589873536215
2.0500999999999	7.77412261133872E-05	0.00147544976122605	0.0104942632843973
2.06009999999992	7.780145606406E-05	0.00147793297143536	0.0105295766709193
2.07009999999994	7.78614705141303E-05	0.00148030584549665	0.0105649294873679
2.08009999999997	7.7921271862222E-05	0.00148257054983099	0.0106003237109542
2.09009999999999	7.79808624689115E-05	0.0014847295316697	0.0106357613226
2.10000000000001	7.80396518597832E-05	0.00148676543006015	0.0106708892466348
2.11000000000003	7.80988299673522E-05	0.00148872226629811	0.0107064191118759
2.12000000000005	7.81578041726326E-05	0.00149058206744756	0.0107419983169533
2.13000000000007	7.8216576692258E-05	0.00149234808991474	0.0107776288642821
2.14000000000009	7.8275149708654E-05	0.00149402371187588	0.0108133127633223
2.15000000000011	7.83335253707474E-05	0.00149561240181555	0.0108490520312376
2.16000000000013	7.83917057946565E-05	0.0014971176885034	0.0108848486935531
2.17000000000015	7.84496930643642E-05	0.00149854313280799	0.0109207047848106
2.18000000000018	7.85074892323725E-05	0.00149989230165575	0.0109566223492245
2.1900000000002	7.8565096320341E-05	0.00150116874435485	0.0109926034413358
2.20000000000022	7.86225163197084E-05	0.00150237597142001	0.011028650126667
2.21000000000024	7.86797511922986E-05	0.00150351743595851	0.0110647644823772
2.22000000000026	7.87368028709107E-05	0.00150459651761118	0.0111009485979179
2.23000000000028	7.8793673259895E-05	0.00150561650898619	0.01113720457569
2.2400000000003	7.88503642357144E-05	0.00150658060447799	0.0111735345317028
2.25000000000032	7.89068776474905E-05	0.0015074918913289	0.0112099405962339
2.26000000000034	7.89632153175375E-05	0.00150835334276589	0.0112464249144933
2.27000000000037	7.90193790418828E-05	0.00150916781302859	0.011282989647288
2.28000000000039	7.90753705907741E-05	0.00150993803409623	0.0113196369716915
2.29000000000041	7.91311917091747E-05	0.00151066661391892	0.0113563690817153
2.30000000000043	7.91868441172462E-05	0.00151135603596207	0.011393188188985
2.31000000000045	7.924232951082E-05	0.00151200865987979	0.0114300965234202
2.32000000000047	7.92976495618572E-05	0.00151262672314365	0.0114670963339178
2.33000000000049	7.93528059188975E-05	0.00151321234346562	0.0115041898890415
2.34000000000051	7.94078002074977E-05	0.0015137675218674	0.0115413794777148
2.35000000000053	7.94626340306589E-05	0.00151429414626342	0.0115786674099196
2.36000000000056	7.95173089692448E-05	0.00151479399543855	0.0116160560174
2.37000000000058	7.95718265823894E-05	0.00151526874331641	0.0116535476543725
2.3800000000006	7.96261884078953E-05	0.00151571996342729	0.0116911446982406
2.39000000000062	7.96803959626229E-05	0.00151614913349777	0.0117288495503166
2.40000000000064	7.97344507428707E-05	0.00151655764009575	0.0117666646365493
2.41000000000066	7.97883542247461E-05	0.00151694678327542	0.011804592408258
2.42000000000068	7.98421078645288E-05	0.00151731778117637	0.011842635342873
2.4300000000007	7.9895713099025E-05	0.00151767177453959	0.0118807959446832
2.44000000000072	7.99491713459142E-05	0.00151800983111075	0.0119190767455901
2.45000000000075	8.00024840040875E-05	0.00151833294990772	0.0119574803058689
2.46000000000077	8.0055652453979E-05	0.00151864206533496	0.011996009214937
2.47000000000079	8.01086780578892E-05	0.00151893805987297	0.0120346660921289
2.48000000000081	8.01615621603016E-05	0.00151922179866707	0.0120734535874786
2.49000000000083	8.02143060881922E-05	0.00151949409666128	0.0121123743825091
2.50000000000085	8.02669111513318E-05	0.00151975570905557	0.0121514311910291
2.51000000000087	8.0319378642582E-05	0.0015200073360521	0.0121906267599363
2.52000000000089	8.03717098381849E-05	0.00152024962721352	0.0122299638700283
2.53000000000091	8.04239059980463E-05	0.00152048318546134	0.0122694453368196
2.54000000000094	8.0475968366012E-05	0.0015207085707442	0.0123090740113654
2.55000000000096	8.052789817014E-05	0.0015209263034034	0.0123488527810927
2.56000000000098	8.05796966229648E-05	0.00152113686726084	0.0123887845706361
2.570000000001	8.06313649217573E-05	0.00152134071245253	0.0124288723426804
2.58000000000102	8.06829042487788E-05	0.00152153825802921	0.0124691190988087
2.59000000000104	8.07343157715295E-05	0.00152172989434331	0.0125095278803549
2.60000000000106	8.07856006429923E-05	0.00152191598524054	0.0125501017692616
2.61000000000108	8.08367600018704E-05	0.00152209687007237	0.0125908438889412
2.6200000000011	8.08877949728212E-05	0.00152227286554455	0.0126317574051409
2.63000000000113	8.09387066666843E-05	0.00152244426741558	0.01267284552681
2.64000000000115	8.09894961807053E-05	0.00152261135205762	0.0127141115069693
2.65000000000117	8.10401645987553E-05	0.00152277437789167	0.0127555586435814
2.66000000000119	8.10907129915447E-05	0.00152293358670731	0.0127971902804205
2.67000000000121	8.11411424168337E-05	0.00152308920487706	0.0128390098079415
2.68000000000123	8.11914539196385E-05	0.00152324144447389	0.0128810206641466
2.69000000000125	8.12416485324321E-05	0.00152339050430028	0.0129232263354477
2.70000000000127	8.12917272753432E-05	0.00152353657083601	0.0129656303575237
2.71000000000129	8.13416911563485E-05	0.00152367981911161	0.013008236316171
2.72000000000132	8.13915411714634E-05	0.00152382041351368	0.013051047848145
2.73000000000134	8.14412783049273E-05	0.00152395850852758	0.0130940686419903
2.74000000000136	8.14909035293864E-05	0.00152409424942287	0.0131373024388585
2.75000000000138	8.15404178060714E-05	0.00152422777288609	0.0131807530333103
2.7600000000014	8.15898220849739E-05	0.00152435920760531	0.0132244242740991
2.77000000000142	8.16391173050171E-05	0.00152448867481031	0.0132683200649338
2.78000000000144	8.16883043942244E-05	0.00152461628877209	0.0133124443652175
2.79000000000146	8.17373842698844E-05	0.00152474215726495	0.013356801190758
2.80000000000148	8.17863578387122E-05	0.00152486638199428	0.0134013946144472
2.81000000000151	8.18352259970093E-05	0.00152498905899267	0.0134462287669045
2.82000000000153	8.18839896308177E-05	0.00152511027898702	0.0134913078370805
2.83000000000155	8.19326496160736E-05	0.00152523012773887	0.0135366360728152
2.84000000000157	8.19812068187567E-05	0.00152534868636012	0.0135822177813454
2.85000000000159	8.2029662095037E-05	0.00152546603160614	0.0136280573297569
2.86000000000161	8.20780162914186E-05	0.00152558223614787	0.0136741591453728
2.87000000000163	8.21262702448818E-05	0.00152569736882481	0.0137205277160732
2.88000000000165	8.21744247830209E-05	0.00152581149488015	0.0137671675905367
2.89000000000167	8.22224807241808E-05	0.00152592467617954	0.0138140833783975
2.9000000000017	8.227043887759E-05	0.00152603697141478	0.0138612797503073
2.91000000000172	8.23183000434923E-05	0.00152614843629348	0.0139087614378941
2.92000000000174	8.23660650132746E-05	0.00152625912371588	0.0139565332336049
2.93000000000176	8.24137345695939E-05	0.00152636908393968	0.0140045999904238
2.94000000000178	8.24613094865005E-05	0.00152647836473386	0.0140529666214492
2.9500000000018	8.25087905295597E-05	0.00152658701152231	0.0141016380993207
2.96000000000182	8.25561784559716E-05	0.00152669506751797	0.0141506194554765
2.97000000000184	8.26034740146877E-05	0.00152680257384823	0.0141999157792277
2.98000000000186	8.26506779465264E-05	0.0015269095696722	0.0142495322166319
2.99000000000189	8.26977909842857E-05	0.00152701609229048	0.0142994739691441
3.00000000000191	8.27448138528545E-05	0.00152712217724789	0.0143497462920272
3.01000000000193	8.2791747269321E-05	0.00152722785842977	0.0144003544924968
3.02000000000195	8.28385919430801E-05	0.00152733316815225	0.0144513039275759
3.03000000000197	8.28853485759381E-05	0.00152743813724686	0.0145026000016323
3.04000000000199	8.29320178622166E-05	0.00152754279514005	0.0145542481635684
3.05000000000201	8.29786004888527E-05	0.00152764716992771	0.0146062539036312
3.06000000000203	8.30250971354999E-05	0.00152775128844535	0.0146586227498065
3.07000000000205	8.30715084746248E-05	0.00152785517633397	0.0147113602637581
3.08000000000208	8.31178351716039E-05	0.00152795885810204	0.0147644720362696
3.0900000000021	8.3164077884818E-05	0.00152806235718382	0.0148179636821425
3.10000000000212	8.32102372657442E-05	0.00152816569599435	0.0148718408344985
3.11000000000214	8.32563139590482E-05	0.00152826889598114	0.0149261091384313
3.12000000000216	8.33023086026729E-05	0.00152837197767298	0.0149807742439451
3.13000000000218	8.33482218279272E-05	0.00152847496072596	0.0150358417981141
3.1400000000022	8.33940542595717E-05	0.00152857786396687	0.0150913174363883
3.15000000000222	8.34398065159044E-05	0.00152868070543417	0.0151472067729652
3.16000000000224	8.34854792088442E-05	0.00152878350241674	0.0152035153973476
3.17000000000227	8.35310729440124E-05	0.00152888627149043	0.0152602494710746
3.18000000000229	8.35765883208143E-05	0.00152898902855268	0.0153174162457089
3.19000000000231	8.36220259325181E-05	0.0015290917888552	0.0153750231701302
3.20000000000233	8.3667386366333E-05	0.00152919456703495	0.0154330777881617
3.21000000000235	8.37126702034862E-05	0.00152929737714346	0.0154915877385504
3.22000000000237	8.37578780192977E-05	0.00152940023267458	0.0155505607548343
3.23000000000239	8.38030103832552E-05	0.0015295031465908	0.0156100046650913
3.24000000000241	8.38480678590868E-05	0.00152960613134819	0.0156699273915653
3.25000000000243	8.38930510048324E-05	0.00152970919892003	0.0157303369501638
3.26000000000246	8.39379603729144E-05	0.00152981236081928	0.0157912414498227
3.27000000000248	8.39827965102075E-05	0.00152991562811988	0.0158526490917328
3.2800000000025	8.40275599581064E-05	0.00153001901147695	0.0159145681684255
3.29000000000252	8.4072251252593E-05	0.00153012252114602	0.0159770070627095
3.30000000000254	8.41168709243027E-05	0.00153022616700128	0.0160399742464587
3.31000000000256	8.41614194985887E-05	0.00153032995855293	0.0161034782792437
3.32000000000258	8.42058974955865E-05	0.00153043390496369	0.0161675278068056
3.3300000000026	8.42503054302767E-05	0.00153053801506447	0.0162321315593688
3.34000000000262	8.42946438125462E-05	0.0015306422973693	0.0162972983497887
3.35000000000265	8.43389131472497E-05	0.0015307467600896	0.0163630370715338
3.36000000000267	8.43831139342692E-05	0.00153085141114764	0.0164293566964993
3.37000000000269	8.4427246668573E-05	0.00153095625818946	0.0164962662726514
3.38000000000271	8.44713118402734E-05	0.00153106130859716	0.0165637749215021
3.39000000000273	8.45153099346838E-05	0.00153116656950057	0.0166318918354143
3.40000000000275	8.45592414323753E-05	0.00153127204778844	0.0167006262747391
3.41000000000277	8.4603106809231E-05	0.00153137775011902	0.0167699875647858
3.42000000000279	8.46469065365012E-05	0.00153148368293027	0.0168399850926283
3.43000000000281	8.46906410808561E-05	0.00153158985244946	0.0169106283037505
3.44000000000284	8.47343109044392E-05	0.00153169626470246	0.0169819266985362
3.45000000000286	8.47779164649186E-05	0.0015318029255225	0.0170538898286087
3.46000000000288	8.48214582155379E-05	0.00153190984055862	0.0171265272930254
3.4700000000029	8.4864936605167E-05	0.00153201701528367	0.0171998487343363
3.48000000000292	8.4908352078351E-05	0.00153212445500199	0.0172738638345147
3.49000000000294	8.4951705075359E-05	0.00153223216485673	0.0173485823107697
3.50000000000296	8.4994996032232E-05	0.00153234014983683	0.017424013911249
3.51000000000298	8.50382253808299E-05	0.00153244841478372	0.0175001684106469
3.520000000003	8.50813935488786E-05	0.00153255696439774	0.0175770556057299
3.53000000000302	8.51245009600146E-05	0.00153266580324416	0.0176546853107891
3.54000000000305	8.51675480338309E-05	0.00153277493575913	0.0177330673530409
3.55000000000307	8.52105351859213E-05	0.00153288436625514	0.0178122115679847
3.56000000000309	8.52534628279233E-05	0.00153299409892648	0.0178921277947395
3.57000000000311	8.52963313675621E-05	0.00153310413785425	0.0179728258713722
3.58000000000313	8.5339141208692E-05	0.00153321448701129	0.0180543156302372
3.59000000000315	8.53818927513388E-05	0.00153332515026685	0.0181366068933436
3.60000000000317	8.54245863917406E-05	0.00153343613139105	0.0182197094677703
3.61000000000319	8.54672225223881E-05	0.00153354743405916	0.0183036331411467
3.62000000000321	8.55098015320647E-05	0.00153365906185569	0.0183883876772163
3.63000000000324	8.55523238058855E-05	0.00153377101827833	0.0184739828115033
3.64000000000326	8.55947897253362E-05	0.00153388330674168	0.0185604282470987
3.65000000000328	8.56371996683111E-05	0.00153399593058085	0.0186477336505849
3.6600000000033	8.56795540091504E-05	0.0015341088930549	0.0187359086481149
3.67000000000332	8.57218531186775E-05	0.00153422219735013	0.0188249628216603
3.68000000000334	8.57640973642352E-05	0.00153433584658324	0.018914905705447
3.69000000000336	8.58062871097216E-05	0.00153444984380432	0.019005746782586
3.70000000000338	8.58484227156255E-05	0.0015345641919998	0.0190974954819203
3.7100000000034	8.58905045390613E-05	0.00153467889409517	0.0191901611750894
3.72000000000343	8.59325329338029E-05	0.00153479395295765	0.0192837531738253
3.73000000000345	8.59745082503181E-05	0.00153490937139875	0.0193782807274861
3.74000000000347	8.60164308358013E-05	0.00153502515217667	0.0194737530208278
3.75000000000349	8.60583010342069E-05	0.00153514129799867	0.0195701791720272
3.76000000000351	8.61001191862816E-05	0.00153525781152327	0.0196675682309437
3.77000000000353	8.61418856295955E-05	0.00153537469536244	0.0197659291776272
3.78000000000355	8.61836006985749E-05	0.00153549195208361	0.0198652709210639
3.79000000000357	8.62252647245319E-05	0.00153560958421165	0.0199656022981512
3.80000000000359	8.62668780356958E-05	0.00153572759423077	0.0200669320729026
3.81000000000362	8.63084409572427E-05	0.0015358459845863	0.0201692689358592
3.82000000000364	8.63499538113257E-05	0.00153596475768647	0.0202726215037029
3.83000000000366	8.63914169171034E-05	0.001536083915904	0.0203769983190546
3.84000000000368	8.64328305907694E-05	0.00153620346157774	0.0204824078504402
3.8500000000037	8.64741951455804E-05	0.00153632339701421	0.0205888584924026
3.86000000000372	8.6515510891884E-05	0.001536443724489	0.0206963585657477
3.87000000000374	8.65567781371467E-05	0.00153656444624822	0.0208049163178938
3.88000000000376	8.6597997185981E-05	0.00153668556450983	0.020914539923314
3.89000000000378	8.66391683401718E-05	0.00153680708146493	0.0210252374840357
3.90000000000381	8.66802918987036E-05	0.00153692899927898	0.0211370170301836
3.91000000000383	8.6721368157786E-05	0.00153705132009298	0.0212498865205359
3.92000000000385	8.67623974108796E-05	0.00153717404602464	0.0213638538430805
3.93000000000387	8.68033799487213E-05	0.00153729717916944	0.021478926815534
3.94000000000389	8.68443160593496E-05	0.00153742072160164	0.0215951131858228
3.95000000000391	8.68852060281286E-05	0.00153754467537535	0.0217124206324622
3.96000000000393	8.69260501377729E-05	0.00153766904252541	0.0218308567648724
3.97000000000395	8.69668486683717E-05	0.00153779382506838	0.0219504291235887
3.98000000000397	8.70076018974115E-05	0.00153791902500335	0.0220711451802981
3.990000000004	8.70483100998005E-05	0.00153804464431284	0.0221930123377794
4.00000000000402	8.70889735478907E-05	0.00153817068496356	0.0223160379296575
4.01000000000399	8.71295925115013E-05	0.0015382971489072	0.022440229219979
4.02000000000397	8.71701672579404E-05	0.00153842403808121	0.0225655934025889
4.03000000000395	8.72106980520278E-05	0.00153855135440943	0.0226921376003532
4.04000000000392	8.72511851561161E-05	0.00153867909980285	0.0228198688641722
4.0500000000039	8.72916288301122E-05	0.00153880727616022	0.0229487941717725
4.06000000000388	8.73320293314992E-05	0.00153893588536866	0.023078920426381
4.07000000000385	8.73723869153561E-05	0.0015390649293043	0.0232102544549194
4.08000000000383	8.74127018343796E-05	0.00153919440983283	0.0233428030064268
4.09000000000381	8.74529743389032E-05	0.00153932432881005	0.0234765727498902
4.10000000000378	8.74932046769184E-05	0.00153945468808239	0.0236115702717159
4.11000000000376	8.75333930940935E-05	0.00153958548948743	0.0237478020735977
4.12000000000374	8.7573539833794E-05	0.00153971673485436	0.0238852745699281
4.13000000000371	8.76136451371009E-05	0.00153984842600447	0.0240239940846955
4.14000000000369	8.76537092428304E-05	0.00153998056475154	0.0241639668483374
4.15000000000367	8.76937323875522E-05	0.00154011315290235	0.0243051989948694
4.16000000000364	8.77337148056082E-05	0.00154024619225698	0.0244476965580846
4.17000000000362	8.77736567291306E-05	0.00154037968460928	0.0245914654684986
4.1800000000036	8.781355838806E-05	0.0015405136317472	0.024736511548148
4.19000000000357	8.78534200101632E-05	0.00154064803545315	0.0248828405104757
4.20000000000355	8.78932418210503E-05	0.00154078289750434	0.0250304579534528
4.21000000000353	8.79330240441926E-05	0.0015409182196731	0.0251793693500252
4.2200000000035	8.79727669009393E-05	0.0015410540037272	0.0253295800568118
4.23000000000348	8.8012470610534E-05	0.00154119025143016	0.0254810952999079
4.24000000000346	8.80521353901318E-05	0.00154132696454147	0.0256339201710327
4.25000000000343	8.8091761454816E-05	0.00154146414481693	0.0257880596262502
4.26000000000341	8.8131349017613E-05	0.00154160179400889	0.0259435184786784
4.27000000000339	8.81708982895096E-05	0.00154173991386645	0.0261003013865929
4.28000000000336	8.82104094794682E-05	0.00154187850613575	0.0262584128461116
4.29000000000334	8.82498827944421E-05	0.00154201757256019	0.0264178572007855
4.30000000000332	8.82893184393913E-05	0.0015421571148806	0.0265786386373679
4.31000000000329	8.83287166172974E-05	0.00154229713483548	0.0267407612252544
4.32000000000327	8.83680775291785E-05	0.0015424376341612	0.0269042287490662
4.33000000000325	8.84074013741042E-05	0.00154257861459215	0.0270690449577177
4.34000000000322	8.84466883492099E-05	0.00154272007786093	0.0272352132855443
4.3500000000032	8.84859386497112E-05	0.00154286202569856	0.0274027371941332
4.36000000000318	8.85251524689184E-05	0.00154300445983455	0.0275716190134773
4.37000000000315	8.856432999825E-05	0.00154314738199715	0.027741861391753
4.38000000000313	8.86034714272471E-05	0.00154329079391341	0.0279134675156936
4.39000000000311	8.86425769435866E-05	0.00154343469730937	0.0280864387784058
4.40000000000308	8.86816467330947E-05	0.00154357909391017	0.0282607780224059
4.41000000000306	8.87206809797607E-05	0.00154372398544016	0.0284364864505219
4.42000000000304	8.87596798657496E-05	0.00154386937362305	0.0286135581532713
4.43000000000301	8.87986435714151E-05	0.00154401526018197	0.0287919985392306
4.44000000000299	8.88375722753127E-05	0.00154416164683963	0.028971807264246
4.45000000000297	8.88764661542125E-05	0.00154430853531837	0.0291529944092596
4.46000000000294	8.89153253831108E-05	0.00154445592734028	0.0293355658638989
4.47000000000292	8.89541501352437E-05	0.00154460382462727	0.0295195102593351
4.4800000000029	8.8992940582098E-05	0.00154475222890116	0.0297048226457824
4.49000000000287	8.90316968934241E-05	0.00154490114188375	0.0298914176839314
4.50000000000285	8.90704192372477E-05	0.00154505056529691	0.0300794656333355
4.51000000000283	8.91091077798813E-05	0.00154520050086262	0.0302687887827822
4.5200000000028	8.91477626859359E-05	0.00154535095030303	0.0304593487969331
4.53000000000278	8.91863841183325E-05	0.00154550191534057	0.0306523109161178
4.54000000000276	8.92249722383133E-05	0.00154565339769793	0.0308497117781739
4.55000000000273	8.92635272054531E-05	0.00154580539909815	0.0310548189808603
4.56000000000271	8.93020491776697E-05	0.00154595792126468	0.0312874918516782
4.57000000000269	8.93405383112356E-05	0.00154611096592138	0.031654228601198
4.58000000000266	8.93789947607881E-05	0.00154626453479258	0.0334004850736645
4.59000000000264	8.94174186793403E-05	0.00154641862960313	NaN
4.60000000000262	8.94558102182916E-05	0.0015465732520784	NaN
4.61000000000259	8.94941695274376E-05	0.00154672840394432	NaN
4.62000000000257	8.95324967549808E-05	0.00154688408692743	NaN
4.63000000000255	8.95707920475406E-05	0.00154704030275486	NaN
4.64000000000252	8.96090555501635E-05	0.00154719705315435	NaN
4.6500000000025	8.96472874063323E-05	0.00154735433985432	NaN
4.66000000000248	8.96854877579766E-05	0.00154751216458382	NaN
4.67000000000245	8.97236567454822E-05	0.00154767052907257	NaN
4.68000000000243	8.97617945077001E-05	0.00154782943505096	NaN
4.69000000000241	8.9799901181957E-05	0.00154798888425007	NaN
4.70000000000238	8.98379769040636E-05	0.00154814887840164	NaN
4.71000000000236	8.98760218083241E-05	0.0015483094192381	NaN
4.72000000000234	8.99140360275456E-05	0.00154847050849256	NaN
4.73000000000232	8.99520196930464E-05	0.00154863214789879	NaN
4.74000000000229	8.99899729346658E-05	0.00154879433919123	NaN
4.75000000000227	9.0027895880772E-05	0.00154895708410499	NaN
4.76000000000225	9.00657886582712E-05	0.0015491203843758	NaN
4.77000000000222	9.0103651392616E-05	0.00154928424174005	NaN
4.7800000000022	9.0141484207814E-05	0.00154944865793471	NaN
4.79000000000218	9.01792872264363E-05	0.00154961363469738	NaN
4.80000000000215	9.02170605696255E-05	0.00154977917376623	NaN
4.81000000000213	9.02548043571036E-05	0.00154994527688	NaN
4.82000000000211	9.02925187071809E-05	0.00155011194577794	NaN
4.83000000000208	9.03302037367633E-05	0.00155027918219984	NaN
4.84000000000206	9.03678595613606E-05	0.00155044698788597	NaN
4.85000000000204	9.0405486295094E-05	0.00155061536457705	NaN
4.86000000000201	9.04430840507041E-05	0.00155078431401425	NaN
4.87000000000199	9.04806529395584E-05	0.00155095383793911	NaN
4.88000000000197	9.05181930716589E-05	0.00155112393809357	NaN
4.89000000000194	9.05557045556496E-05	0.00155129461621987	NaN
4.90000000000192	9.05931874988238E-05	0.00155146587406058	NaN
4.9100000000019	9.06306420071314E-05	0.00155163771335851	NaN
4.92000000000187	9.06680681851865E-05	0.0015518101358567	NaN
4.93000000000185	9.07054661362738E-05	0.00155198314329839	NaN
4.94000000000183	9.07428359623565E-05	0.00155215673742692	NaN
4.9500000000018	9.07801777640826E-05	0.00155233091998578	NaN
4.96000000000178	9.08174916407927E-05	0.00155250569271849	NaN
4.97000000000176	9.08547776905256E-05	0.00155268105736858	NaN
4.98000000000173	9.08920360100263E-05	0.00155285701567957	NaN
4.99000000000171	9.09292666947519E-05	0.00155303356939487	NaN
5.00000000000169	9.09664698388789E-05	0.00155321072025777	NaN
5.01000000000166	9.10036455353091E-05	0.00155338847001141	NaN
5.02000000000164	9.10407938756766E-05	0.00155356682039865	NaN
5.03000000000162	9.10779149503539E-05	0.00155374577316211	NaN
5.04000000000159	9.11150088484583E-05	0.00155392533004406	NaN
5.05000000000157	9.11520756578588E-05	0.00155410549278637	NaN
5.06000000000155	9.11891154651814E-05	0.00155428626313048	NaN
5.07000000000152	9.12261283558159E-05	0.00155446764281732	NaN
5.0800000000015	9.12631144139217E-05	0.00155464963358728	NaN
5.09000000000148	9.13000737224345E-05	0.00155483223718011	NaN
5.10000000000145	9.13370063630714E-05	0.00155501545533489	NaN
5.11000000000143	9.13739124163373E-05	0.00155519928978998	NaN
5.12000000000141	9.14107919615311E-05	0.0015553837422829	NaN
5.13000000000138	9.14476450767509E-05	0.00155556881455035	NaN
5.14000000000136	9.14844718388999E-05	0.00155575450832809	NaN
5.15000000000134	9.15212723236925E-05	0.00155594082535088	NaN
5.16000000000131	9.15580466056597E-05	0.00155612776735243	NaN
5.17000000000129	9.15947947581548E-05	0.00155631533606533	NaN
5.18000000000127	9.16315168533588E-05	0.00155650353322098	NaN
5.19000000000124	9.1668212962286E-05	0.00155669236054951	NaN
5.20000000000122	9.17048831547896E-05	0.00155688181977973	NaN
5.2100000000012	9.1741527499567E-05	0.00155707191263905	NaN
5.22000000000117	9.17781460641651E-05	0.0015572626408534	NaN
5.23000000000115	9.18147389149856E-05	0.00155745400614719	NaN
5.24000000000113	9.18513061172907E-05	0.00155764601024318	NaN
5.2500000000011	9.18878477352075E-05	0.00155783865486247	NaN
5.26000000000108	9.19243638317338E-05	0.00155803194172437	NaN
5.27000000000106	9.19608544687435E-05	0.00155822587254636	NaN
5.28000000000103	9.19973197069907E-05	0.00155842044904401	NaN
5.29000000000101	9.20337596061158E-05	0.00155861567293086	NaN
5.30000000000099	9.20701742246497E-05	0.00155881154591841	NaN
5.31000000000096	9.21065636200195E-05	0.00155900806971598	NaN
5.32000000000094	9.21429278485528E-05	0.00155920524603068	NaN
5.33000000000092	9.2179266965483E-05	0.00155940307656728	NaN
5.34000000000089	9.22155810249542E-05	0.00155960156302815	NaN
5.35000000000087	9.22518700800253E-05	0.00155980070711319	NaN
5.36000000000085	9.2288134182676E-05	0.00156000051051973	NaN
5.37000000000082	9.23243733838104E-05	0.00156020097494245	NaN
5.3800000000008	9.23605877332624E-05	0.00156040210207328	NaN
5.39000000000078	9.23967772798E-05	0.00156060389360136	NaN
5.40000000000075	9.24329420711305E-05	0.00156080635121288	NaN
5.41000000000073	9.24690821539044E-05	0.00156100947659105	NaN
5.42000000000071	9.25051975737203E-05	0.001561213271416	NaN
5.43000000000068	9.25412883751298E-05	0.00156141773736467	NaN
5.44000000000066	9.25773546016416E-05	0.00156162287611073	NaN
5.45000000000064	9.26133962957258E-05	0.00156182868932451	NaN
5.46000000000061	9.26494134988189E-05	0.00156203517867287	NaN
5.47000000000059	9.26854062513279E-05	0.00156224234581913	NaN
5.48000000000057	9.27213745926351E-05	0.00156245019242298	NaN
5.49000000000054	9.27573185611018E-05	0.00156265872014035	NaN
5.50000000000052	9.27932381940732E-05	0.00156286793062339	NaN
5.5100000000005	9.28291335278827E-05	0.00156307782552027	NaN
5.52000000000047	9.28650045978559E-05	0.00156328840647518	NaN
5.53000000000045	9.29008514383152E-05	0.00156349967512817	NaN
5.54000000000043	9.29366740825837E-05	0.00156371163311509	NaN
5.5500000000004	9.29724725629898E-05	0.00156392428206744	NaN
5.56000000000038	9.30082469108716E-05	0.00156413762361233	NaN
5.57000000000036	9.30439971565803E-05	0.00156435165937235	NaN
5.58000000000033	9.3079723329485E-05	0.00156456639096546	NaN
5.59000000000031	9.31154254579768E-05	0.00156478182000489	NaN
5.60000000000029	9.31511035694727E-05	0.00156499794809906	NaN
5.61000000000026	9.31867576904198E-05	0.00156521477685146	NaN
5.62000000000024	9.32223878462998E-05	0.00156543230786054	NaN
5.63000000000022	9.32579940616321E-05	0.00156565054271959	NaN
5.64000000000019	9.32935763599791E-05	0.00156586948301669	NaN
5.65000000000017	9.33291347639492E-05	0.00156608913033454	NaN
5.66000000000015	9.33646692952016E-05	0.00156630948625039	NaN
5.67000000000012	9.34001799744496E-05	0.00156653055233591	NaN
5.6800000000001	9.34356668214652E-05	0.00156675233015711	NaN
5.69000000000008	9.34711298550828E-05	0.00156697482127417	NaN
5.70000000000005	9.35065690932031E-05	0.00156719802724143	NaN
5.71000000000003	9.35419845527975E-05	0.00156742194960716	NaN
5.72000000000001	9.35773762499115E-05	0.00156764658991355	NaN
5.73009999999998	9.36130977592912E-05	0.00156787420693289	NaN
5.74009999999996	9.36484417386349E-05	0.00156810029493981	NaN
5.75009999999994	9.36837619982483E-05	0.00156832710549122	NaN
5.76009999999991	9.37190585505043E-05	0.0015685546401036	NaN
5.77009999999989	9.375433140687E-05	0.00156878290028674	NaN
5.78009999999987	9.37895805779099E-05	0.00156901188754359	NaN
5.79009999999984	9.38248060732905E-05	0.0015692416033702	NaN
5.80009999999982	9.38600079017838E-05	0.00156947204925556	NaN
5.8100999999998	9.38951860712713E-05	0.00156970322668149	NaN
5.82009999999977	9.39303405887474E-05	0.00156993513712254	NaN
5.83009999999975	9.39654714603239E-05	0.00157016778204585	NaN
5.84009999999973	9.40005786912335E-05	0.00157040116291102	NaN
5.8500999999997	9.40356622858337E-05	0.00157063528117001	NaN
5.86009999999968	9.40707222476106E-05	0.00157087013826704	NaN
5.87009999999966	9.41057585791826E-05	0.0015711057356384	NaN
5.88009999999963	9.41407712823045E-05	0.0015713420747124	NaN
5.89009999999961	9.41757603578709E-05	0.00157157915690919	NaN
5.90009999999959	9.42107258059208E-05	0.00157181698364068	NaN
5.91009999999956	9.42456676256404E-05	0.00157205555631037	NaN
5.92009999999954	9.42805858153675E-05	0.00157229487631327	NaN
5.93009999999952	9.43154803725955E-05	0.00157253494503574	NaN
5.94009999999949	9.43503512939764E-05	0.0015727757638554	NaN
5.95009999999947	9.43851985753254E-05	0.00157301733414094	NaN
5.96009999999945	9.44200222116244E-05	0.00157325965725207	NaN
5.97009999999942	9.44548221970258E-05	0.00157350273453932	NaN
5.9800999999994	9.44895985248562E-05	0.00157374656734398	NaN
5.99009999999938	9.45243511876205E-05	0.0015739911569979	NaN
6.00009999999935	9.45590801770054E-05	0.00157423650482342	NaN
6.01009999999933	9.45937854838835E-05	0.00157448261213319	NaN
6.02009999999931	9.46284670983165E-05	0.0015747294802301	NaN
6.03009999999929	9.46631250095598E-05	0.00157497711040707	NaN
6.04009999999926	9.46977592060662E-05	0.00157522550394698	NaN
6.05009999999924	9.47323696754888E-05	0.00157547466212252	NaN
6.06009999999922	9.47669564046862E-05	0.00157572458619604	NaN
6.07009999999919	9.48015193797251E-05	0.00157597527741945	NaN
6.08009999999917	9.4836058585885E-05	0.00157622673703404	NaN
6.09009999999915	9.48705740076615E-05	0.00157647896627038	NaN
6.10009999999912	9.49050656287705E-05	0.0015767319663482	NaN
6.1100999999991	9.49395334321517E-05	0.00157698573847619	NaN
6.12009999999908	9.49739773999727E-05	0.00157724028385194	NaN
6.13009999999905	9.50083975136328E-05	0.00157749560366174	NaN
6.14009999999903	9.5042793753767E-05	0.00157775169908048	NaN
6.15009999999901	9.50771661002495E-05	0.00157800857127153	NaN
6.16009999999898	9.51115145321979E-05	0.00157826622138653	NaN
6.17009999999896	9.5145839027977E-05	0.00157852465056534	NaN
6.18009999999894	9.51492701602103E-05	0.00157878385993584	NaN
6.19009999999891	9.51492701602103E-05	0.00157904385061381	NaN
6.20009999999889	9.51492701602103E-05	0.00157930462370279	NaN
6.21009999999887	9.51492701602103E-05	0.00157956618029396	NaN
6.22009999999884	9.51492701602103E-05	0.00157982852146597	NaN
6.23009999999882	9.51492701602103E-05	0.00158009164828481	NaN
6.2400999999988	9.51493216824423E-05	0.00158035556180368	NaN
6.25009999999877	9.51505654065857E-05	0.00158062026306284	NaN
6.26009999999875	9.51547197882219E-05	0.00158088575308947	NaN
6.27009999999873	9.51625101112752E-05	0.00158115203289752	NaN
6.2800999999987	9.51739129911165E-05	0.0015814191034876	NaN
6.29009999999868	9.51885345775047E-05	0.0015816869658468	NaN
6.30009999999866	9.52058524173746E-05	0.00158195562094857	NaN
6.31009999999863	9.52253438323944E-05	0.00158222506975256	NaN
6.32009999999861	9.5246543695215E-05	0.00158249531320451	NaN
6.33009999999859	9.52690633439349E-05	0.00158276635223606	NaN
6.34009999999856	9.52925901832621E-05	0.00158303818776467	NaN
6.35009999999854	9.53168789646835E-05	0.00158331082069341	NaN
6.36009999999852	9.5341740495082E-05	0.00158358425191087	NaN
6.37009999999849	9.53670305355001E-05	0.00158385848229097	NaN
6.38009999999847	9.53926400411686E-05	0.00158413351269287	NaN
6.39009999999845	9.54184870748991E-05	0.00158440934396077	NaN
6.40009999999842	9.54445103418942E-05	0.00158468597692382	NaN
6.4100999999984	9.54706641388495E-05	0.00158496341239594	NaN
6.42009999999838	9.54969144691751E-05	0.00158524165117568	NaN
6.43009999999835	9.55232360875736E-05	0.00158552069404609	NaN
6.44009999999833	9.55496102691424E-05	0.00158580054177458	NaN
6.45009999999831	9.55760231349415E-05	0.00158608119511275	NaN
6.46009999999828	9.56024644005096E-05	0.00158636265479626	NaN
6.47009999999826	9.56289264434546E-05	0.00158664492154471	NaN
6.48009999999824	9.5655403610447E-05	0.00158692799606146	NaN
6.49009999999821	9.56818917031163E-05	0.0015872118790335	NaN
6.50009999999819	9.57083875972317E-05	0.0015874965711313	NaN
6.51009999999817	9.57348889609518E-05	0.00158778207300871	NaN
6.52009999999814	9.57613940465783E-05	0.00158806838530273	NaN
6.53009999999812	9.57879015367658E-05	0.00158835550863346	NaN
6.5400999999981	9.58144104310316E-05	0.0015886434436039	NaN
6.55009999999807	9.58409199620578E-05	0.0015889321907998	NaN
6.56009999999805	9.58674295340025E-05	0.00158922175078958	NaN
6.57009999999803	9.58939386770559E-05	0.0015895121241241	NaN
6.580099999998	9.59204470139821E-05	0.00158980331133661	NaN
6.59009999999798	9.59469542354954E-05	0.00159009531294253	NaN
6.60009999999796	9.59734600821491E-05	0.00159038812943934	NaN
6.61009999999793	9.59999643310189E-05	0.00159068176130646	NaN
6.62009999999791	9.60264667859171E-05	0.00159097620900507	NaN
6.63009999999789	9.60529672702038E-05	0.00159127147297799	NaN
6.64009999999786	9.60794656215098E-05	0.00159156755364954	NaN
6.65009999999784	9.61059616878632E-05	0.00159186445142538	NaN
6.66009999999782	9.61324553248479E-05	0.00159216216669239	NaN
6.67009999999779	9.61589463935218E-05	0.00159246069981854	NaN
6.68009999999777	9.61854347588898E-05	0.00159276005115272	NaN
6.69009999999775	9.62119202887869E-05	0.00159306022102462	NaN
6.70009999999772	9.62384028530597E-05	0.0015933612097446	NaN
6.7100999999977	9.62648823229692E-05	0.00159366301760353	NaN
6.72009999999768	9.62913585707532E-05	0.00159396564487266	NaN
6.73009999999765	9.6317831469308E-05	0.00159426909180349	NaN
6.74009999999763	9.63443008919559E-05	0.00159457335862764	NaN
6.75009999999761	9.6370766712276E-05	0.00159487844555671	NaN
6.76009999999758	9.63972288039818E-05	0.0015951843527821	NaN
6.77009999999756	9.64236870408325E-05	0.00159549108047496	NaN
6.78009999999754	9.64501412965687E-05	0.00159579862878599	NaN
6.79009999999751	9.6476591444867E-05	0.00159610699784532	NaN
6.80009999999749	9.65030373593068E-05	0.00159641618776241	NaN
6.81009999999747	9.6529478913348E-05	0.00159672619862588	NaN
6.82009999999744	9.65559159803152E-05	0.00159703703050337	NaN
6.83009999999742	9.65823484333868E-05	0.00159734868344146	NaN
6.8400999999974	9.6608776145588E-05	0.00159766115746551	NaN
6.85009999999737	9.66351989897873E-05	0.0015979744525795	NaN
6.86009999999735	9.66616168386937E-05	0.00159828856876598	NaN
6.87009999999733	9.66880295648567E-05	0.00159860350598585	NaN
6.8800999999973	9.67144370406665E-05	0.00159891926417832	NaN
6.89009999999728	9.67408391383554E-05	0.0015992358432607	NaN
6.90009999999726	9.67672357299996E-05	0.00159955324312836	NaN
6.91009999999723	9.67936266875216E-05	0.00159987146365454	NaN
6.92009999999721	9.68200118826926E-05	0.00160019050469026	NaN
6.93009999999719	9.68463911871357E-05	0.00160051036606418	NaN
6.94009999999716	9.68727644723286E-05	0.0016008310475825	NaN
6.95009999999714	9.68991316096071E-05	0.00160115254902881	NaN
6.96009999999712	9.6925492470168E-05	0.001601474870164	NaN
6.97009999999709	9.69518469250731E-05	0.00160179801072615	NaN
6.98009999999707	9.69781948452517E-05	0.00160212197043034	NaN
6.99009999999705	9.70045361015052E-05	0.00160244674896864	NaN
7.00009999999702	9.70308705645094E-05	0.00160277234600991	NaN
7.010099999997	9.70571981048193E-05	0.00160309876119972	NaN
7.02009999999698	9.70835185928719E-05	0.00160342599416026	NaN
7.03009999999695	9.71098318989899E-05	0.00160375404449017	NaN
7.04009999999693	9.71361378933856E-05	0.00160408291176449	NaN
7.05009999999691	9.71624364461649E-05	0.0016044125955345	NaN
7.06009999999688	9.71887274273303E-05	0.00160474309532766	NaN
7.07009999999686	9.72150107067851E-05	0.00160507441064748	NaN
7.08009999999684	9.72412861543366E-05	0.00160540654097338	NaN
7.09009999999681	9.7267553639701E-05	0.00160573948576065	NaN
7.10009999999679	9.72938130325061E-05	0.00160607324444032	NaN
7.11009999999677	9.73200642022956E-05	0.00160640781641905	NaN
7.12009999999674	9.73463070185329E-05	0.00160674320107902	NaN
7.13009999999672	9.7372541350605E-05	0.00160707939777788	NaN
7.1400999999967	9.73987670678263E-05	0.00160741640584859	NaN
7.15009999999667	9.74249840394425E-05	0.00160775422459937	NaN
7.16009999999665	9.74511921346347E-05	0.0016080928533136	NaN
7.17009999999663	9.74773912225232E-05	0.0016084322912497	NaN
7.1800999999966	9.75035811721712E-05	0.00160877253764107	NaN
7.19009999999658	9.75297618525893E-05	0.00160911359169599	NaN
7.20009999999656	9.7555933132739E-05	0.0016094554525975	NaN
7.21009999999653	9.75820948815374E-05	0.00160979811950339	NaN
7.22009999999651	9.76082469678602E-05	0.00161014159154604	NaN
7.23009999999649	9.76343892605469E-05	0.00161048586783237	NaN
7.24009999999647	9.76605216284037E-05	0.00161083094744374	NaN
7.25009999999644	9.76866439402088E-05	0.00161117682943592	NaN
7.26009999999642	9.77080566400035E-05	0.00161152351283894	NaN
7.2700999999964	9.77080566400035E-05	0.00161187099665706	NaN
7.28009999999637	9.77080566400035E-05	0.0016122192798687	NaN
7.29009999999635	9.77080566400035E-05	0.00161256836142633	NaN
7.30009999999633	9.77080566400035E-05	0.00161291824025643	NaN
7.3100999999963	9.77080566400035E-05	0.00161326891525941	NaN
7.32009999999628	9.77080597724215E-05	0.00161362038530954	NaN
7.33009999999626	9.77086387720468E-05	0.00161397264925491	NaN
7.34009999999623	9.77113601969072E-05	0.00161432570591731	NaN
7.35009999999621	9.77170546374257E-05	0.00161467955409222	NaN
7.36009999999619	9.77257846060312E-05	0.00161503419254875	NaN
7.37009999999616	9.77372273919478E-05	0.00161538962002952	NaN
7.38009999999614	9.77509269075255E-05	0.00161574583525069	NaN
7.39009999999612	9.7766424560462E-05	0.00161610283690186	NaN
7.40009999999609	9.77833158561624E-05	0.00161646062364598	NaN
7.41009999999607	9.78012674716063E-05	0.00161681919411941	NaN
7.42009999999605	9.78200155794411E-05	0.00161717854693174	NaN
7.43009999999602	9.78393566523878E-05	0.00161753868066585	NaN
7.440099999996	9.7859136344948E-05	0.00161789959387781	NaN
7.45009999999598	9.78792389744128E-05	0.00161826128509685	NaN
7.46009999999595	9.78995785441196E-05	0.00161862375282533	NaN
7.47009999999593	9.79200914947274E-05	0.0016189869955387	NaN
7.48009999999591	9.79407310424153E-05	0.00161935101168545	NaN
7.49009999999588	9.79614628502798E-05	0.00161971579968708	NaN
7.50009999999586	9.79822617662422E-05	0.0016200813579381	NaN
7.51009999999584	9.80031093889991E-05	0.00162044768480595	NaN
7.52009999999581	9.80239922645194E-05	0.00162081477863103	NaN
7.53009999999579	9.80449005564508E-05	0.00162118263772662	NaN
7.54009999999577	9.80658270694907E-05	0.0016215512603789	NaN
7.55009999999574	9.80867665339549E-05	0.00162192064484691	NaN
7.56009999999572	9.81077150827495E-05	0.00162229078936254	NaN
7.5700999999957	9.8128669869586E-05	0.00162266169213051	NaN
7.58009999999567	9.81496287906323E-05	0.00162303335132836	NaN
7.59009999999565	9.81705902817631E-05	0.00162340576510643	NaN
7.60009999999563	9.81915531709919E-05	0.00162377893158788	NaN
7.6100999999956	9.82125165711308E-05	0.00162415284886865	NaN
7.62009999999558	9.82334798017561E-05	0.00162452751501747	NaN
7.63009999999556	9.82544423325032E-05	0.00162490292807588	NaN
7.64009999999553	9.82754037418796E-05	0.00162527908605818	NaN
7.65009999999551	9.82963636873591E-05	0.00162565598695151	NaN
7.66009999999549	9.83173218836771E-05	0.00162603362871576	NaN
7.67009999999546	9.83382780870825E-05	0.00162641200928367	NaN
7.68009999999544	9.83592320839149E-05	0.0016267911265608	NaN
7.69009999999542	9.83801836823228E-05	0.00162717097842552	NaN
7.70009999999539	9.84011327062614E-05	0.00162755156272907	NaN
7.71009999999537	9.84220789911433E-05	0.00162793287729558	NaN
7.72009999999535	9.84430223806888E-05	0.00162831491992203	NaN
7.73009999999532	9.84639627246458E-05	0.00162869768837836	NaN
7.7400999999953	9.84848998771394E-05	0.00162908118040741	NaN
7.75009999999528	9.85058336954794E-05	0.00162946539372503	NaN
7.76009999999525	9.85267640392978E-05	0.00162985032602005	NaN
7.77009999999523	9.85476907699262E-05	0.00163023597495434	NaN
7.78009999999521	9.85686137499465E-05	0.00163062233816285	NaN
7.79009999999518	9.85895328428681E-05	0.00163100941325363	NaN
7.80009999999516	9.86104479128948E-05	0.0016313971978079	NaN
7.81009999999514	9.86313588247581E-05	0.00163178568938008	NaN
7.82009999999511	9.86522654435981E-05	0.00163217488549781	NaN
7.83009999999509	9.86731676348788E-05	0.00163256478366205	NaN
7.84009999999507	9.86940652643275E-05	0.0016329553813471	NaN
7.85009999999504	9.87149581978933E-05	0.00163334667600066	NaN
7.86009999999502	9.87358463017179E-05	0.00163373866504388	NaN
7.870099999995	9.87567294421161E-05	0.00163413134587147	NaN
7.88009999999497	9.87776074855623E-05	0.00163452471585166	NaN
7.89009999999495	9.87984802986834E-05	0.00163491877232638	NaN
7.90009999999493	9.88193477482535E-05	0.00163531351261125	NaN
7.9100999999949	9.88402097011923E-05	0.00163570893399568	NaN
7.92009999999488	9.88610660245649E-05	0.00163610503374295	NaN
7.93009999999486	9.88819165855829E-05	0.00163650180909026	NaN
7.94009999999483	9.89027612516068E-05	0.00163689925724883	NaN
7.95009999999481	9.89235998901483E-05	0.00163729737540398	NaN
7.96009999999479	9.89444323688744E-05	0.0016376961607152	NaN
7.97009999999476	9.89652585556104E-05	0.00163809561031626	NaN
7.98009999999474	9.89860783183439E-05	0.00163849572131527	NaN
7.99009999999472	9.90068915252292E-05	0.0016388964907948	NaN
8.00009999999469	9.90276980445911E-05	0.00163929791581194	NaN
8.01009999999467	9.90484977449299E-05	0.00163969999339844	NaN
8.02009999999465	9.90692904949247E-05	0.00164010272056078	NaN
8.03009999999462	9.90900761634387E-05	0.00164050609428029	NaN
8.0400999999946	9.91108546195235E-05	0.00164091011151323	NaN
8.05009999999458	9.9131625732423E-05	0.00164131476919093	NaN
8.06009999999455	9.91523893715787E-05	0.00164172006421986	NaN
8.07009999999453	9.91731454066332E-05	0.0016421259934818	NaN
8.08009999999451	9.91938937074353E-05	0.00164253255383389	NaN
8.09009999999448	9.91955532334864E-05	0.00164293974210881	NaN
8.10009999999446	9.91955532334864E-05	0.00164334755511485	NaN
8.11009999999444	9.91955532334864E-05	0.00164375598963606	NaN
8.12009999999441	9.91955532334864E-05	0.00164416504243238	NaN
8.13009999999439	9.91955532334864E-05	0.00164457471023976	NaN
8.14009999999437	9.9195557898015E-05	0.00164498498977028	NaN
8.15009999999434	9.91961153023843E-05	0.0016453958777123	NaN
8.16009999999432	9.91985679243189E-05	0.0016458073707306	NaN
8.1700999999943	9.92035618885552E-05	0.0016462194654665	NaN
8.18009999999427	9.92110949531882E-05	0.00164663215853801	NaN
8.19009999999425	9.92208580399826E-05	0.00164704544653998	NaN
8.20009999999423	9.92324481688215E-05	0.00164745932604426	NaN
8.2100999999942	9.92454739441572E-05	0.00164787379359979	NaN
8.22009999999418	9.92595980069757E-05	0.00164828884573284	NaN
8.23009999999416	9.92745473415309E-05	0.00164870447894708	NaN
8.24009999999413	9.92901091490256E-05	0.0016491206897238	NaN
8.25009999999411	9.93061214894595E-05	0.00164953747452202	NaN
8.26009999999409	9.93224630697411E-05	0.00164995482977869	NaN
8.27009999999406	9.93390440199673E-05	0.00165037275190883	NaN
8.28009999999404	9.93557982499816E-05	0.00165079123730571	NaN
8.29009999999402	9.93726774104746E-05	0.00165121028234101	NaN
8.30009999999399	9.938964625884E-05	0.00165162988336498	NaN
8.31009999999397	9.94066791694904E-05	0.00165205003670664	NaN
8.32009999999395	9.94237575391041E-05	0.00165247073867395	NaN
8.33009999999392	9.94408678740822E-05	0.00165289198555396	NaN
8.3400999999939	9.94580003894693E-05	0.00165331377361302	NaN
8.35009999999388	9.94751479870312E-05	0.00165373609909696	NaN
8.36009999999385	9.94923055122279E-05	0.00165415895823126	NaN
8.37009999999383	9.95094692152053E-05	0.00165458234722125	NaN
8.38009999999381	9.95266363604516E-05	0.00165500626225228	NaN
8.39009999999378	9.95438049444719E-05	0.00165543069948994	NaN
8.40009999999376	9.9560973491788E-05	0.00165585565508023	NaN
8.41009999999374	9.9578140907644E-05	0.00165628112514979	NaN
8.42009999999371	9.9595306371718E-05	0.00165670710580602	NaN
8.43009999999369	9.96124692614613E-05	0.0016571335931374	NaN
8.44009999999367	9.9629629096829E-05	0.00165756058321357	NaN
8.45009999999365	9.96467855004466E-05	0.00165798807208561	NaN
8.46009999999362	9.96639381689101E-05	0.00165841605578624	NaN
8.4700999999936	9.9681086852115E-05	0.00165884453033	NaN
8.48009999999358	9.96982313383695E-05	0.00165927349171347	NaN
8.49009999999355	9.97153714436789E-05	0.00165970293591549	NaN
8.50009999999353	9.9732507004032E-05	0.00166013285889737	NaN
8.51009999999351	9.97496378698523E-05	0.00166056325660311	NaN
8.52009999999348	9.97667639020052E-05	0.00166099412495963	NaN
8.53009999999346	9.97838849689275E-05	0.00166142545987693	NaN
8.54009999999344	9.98010009445635E-05	0.0016618572572484	NaN
8.55009999999341	9.98181117068821E-05	0.00166228951295099	NaN
8.56009999999339	9.98352171368114E-05	0.00166272222284542	NaN
8.57009999999337	9.98523171174745E-05	0.00166315538277646	NaN
8.58009999999334	9.98694115336405E-05	0.00166358898857313	NaN
8.59009999999332	9.98865002713313E-05	0.0016640230360489	NaN
8.6000999999933	9.99035832175408E-05	0.00166445752100199	NaN
8.61009999999327	9.99206602600333E-05	0.00166489243921554	NaN
8.62009999999325	9.99377312872002E-05	0.00166532778645789	NaN
8.63009999999323	9.9954796187958E-05	0.00166576355848279	NaN
8.6400999999932	9.99718548516763E-05	0.00166619975102964	NaN
8.65009999999318	9.99889071681269E-05	0.00166663635982375	NaN
8.66009999999316	0.000100005953027448	0.00166707338057655	NaN
8.67009999999313	0.000100022992320121	0.00166751080898588	NaN
8.68009999999311	0.000100040024936953	0.00166794864073617	NaN
8.69009999999309	0.000100057050769064	0.00166838687149873	NaN
8.70009999999306	0.000100074069707884	0.00166882549693201	NaN
8.71009999999304	0.000100091081645147	0.0016692645126818	NaN
8.72009999999302	0.000100108086472889	0.00166970391438151	NaN
8.73009999999299	0.000100125084083447	0.00167014369765242	NaN
8.74009999999297	0.000100142074369462	0.00167058385810391	NaN
8.75009999999295	0.000100159057223879	0.00167102439133376	NaN
8.76009999999292	0.00010016075509647	0.00167146529292835	NaN
8.7700999999929	0.00010016075509647	0.00167190655846294	NaN
8.78009999999288	0.00010016075509647	0.00167234818350192	NaN
8.79009999999285	0.00010016075509647	0.00167279016359911	NaN
8.80009999999283	0.00010016075509647	0.00167323249429793	NaN
8.81009999999281	0.000100160785502266	0.00167367517113174	NaN
8.82009999999278	0.000100161582325924	0.00167411818962405	NaN
8.83009999999276	0.000100164229606694	0.00167456154528883	NaN
8.84009999999274	0.000100169098856044	0.00167500523363072	NaN
8.85009999999271	0.000100176079646962	0.00167544925014532	NaN
8.86009999999269	0.000100184859527216	0.00167589359031945	NaN
8.87009999999267	0.000100195082077318	0.0016763382496314	NaN
8.88009999999264	0.000100206419406185	0.00167678322355123	NaN
8.89009999999262	0.000100218597686617	0.001677228507541	NaN
8.9000999999926	0.000100231400097833	0.00167767409705506	NaN
8.91009999999257	0.000100244660423473	0.00167811998754027	NaN
8.92009999999255	0.000100258253865574	0.00167856617443635	NaN
8.93009999999253	0.000100272088013985	0.00167901265317608	NaN
8.9400999999925	0.000100286095083827	0.00167945941918558	NaN
8.95009999999248	0.000100300225675607	0.0016799064678846	NaN
8.96009999999246	0.00010031444394976	0.00168035379468678	NaN
8.97009999999243	0.000100328723984102	0.00168080139499989	NaN
8.98009999999241	0.00010034304706739	0.00168124926422615	NaN
8.99009999999239	0.000100357399709802	0.00168169739776248	NaN
9.00009999999236	0.000100371772191151	0.00168214579100074	NaN
9.01009999999234	0.000100386157506976	0.00168259443932804	NaN
9.02009999999232	0.000100400550606245	0.00168304333812701	NaN
9.03009999999229	0.00010041494784144	0.00168349248277602	NaN
9.04009999999227	0.000100429346572604	0.00168394186864953	NaN
9.05009999999225	0.00010044374488264	0.00168439149111828	NaN
9.06009999999222	0.000100458141372817	0.00168484134554964	NaN
9.0700999999922	0.000100472535015998	0.0016852914273078	NaN
9.08009999999218	0.000100486925051362	0.0016857417317541	NaN
9.09009999999215	0.00010050131090892	0.00168619225424729	NaN
9.10009999999213	0.000100515692155426	0.00168664299014377	NaN
9.11009999999211	0.000100530068455607	0.0016870939347979	NaN
9.12009999999208	0.00010054443954441	0.00168754508356225	NaN
9.13009999999206	0.000100558805207114	0.00168799643178787	NaN
9.14009999999204	0.000100573165265099	0.00168844797482455	NaN
9.15009999999201	0.000100587519565654	0.00168889970802111	NaN
9.16009999999199	0.000100601867974686	0.00168935162672567	NaN
9.17009999999197	0.0001006162103715	0.00168980372628588	NaN
9.18009999999194	0.000100630546645069	0.00169025600204926	NaN
9.19009999999192	0.00010064487669136	0.00169070844936338	NaN
9.2000999999919	0.000100659200411426	0.00169116106357619	NaN
9.21009999999187	0.000100673517710041	0.00169161384003626	NaN
9.22009999999185	0.000100687828494725	0.00169206677409308	NaN
9.23009999999183	0.000100702132675047	0.00169251986109726	NaN
9.2400999999918	0.000100716430162125	0.00169297309640085	NaN
9.25009999999178	0.000100730720868275	0.0016934264753576	NaN
9.26009999999176	0.000100745004706754	0.00169387999332319	NaN
9.27009999999173	0.000100759281591581	0.00169433364565551	NaN
9.28009999999171	0.000100773551437411	0.00169478742771495	NaN
9.29009999999169	0.00010078781415944	0.00169524133486461	NaN
9.30009999999166	0.000100802069673344	0.00169569536247059	NaN
9.31009999999164	0.000100816317895233	0.00169614950590226	NaN
9.32009999999162	0.000100830558741616	0.00169660376053248	NaN
9.33009999999159	0.000100830985852186	0.0016970581217379	NaN
9.34009999999157	0.000100830985852186	0.00169751258489918	NaN
9.35009999999155	0.000100830985852186	0.00169796714540127	NaN
9.36009999999152	0.000100830985852186	0.00169842179863365	NaN
9.3700999999915	0.000100830985852186	0.0016988765399906	NaN
9.38009999999148	0.000100831104923424	0.00169933136487141	NaN
9.39009999999145	0.000100832249912339	0.0016997862686807	NaN
9.40009999999143	0.000100835184940938	0.0017002412468286	NaN
9.41009999999141	0.000100840054284976	0.00170069629473105	NaN
9.42009999999138	0.000100846671087781	0.00170115140781	NaN
9.43009999999136	0.000100854731668175	0.00170160658149371	NaN
9.44009999999134	0.000100863925448053	0.00170206181121694	NaN
9.45009999999131	0.000100873980642051	0.00170251709242125	NaN
9.46009999999129	0.000100884676972254	0.00170297242055518	NaN
9.47009999999127	0.000100895843577634	0.00170342779107455	NaN
9.48009999999124	0.000100907351488508	0.00170388319944263	NaN
9.49009999999122	0.000100919105063693	0.00170433864113047	NaN
9.5000999999912	0.000100931034212706	0.00170479411161704	NaN
9.51009999999117	0.000100943087982289	0.00170524960638953	NaN
9.52009999999115	0.00010095522953558	0.00170570512094356	NaN
9.53009999999113	0.000100967432341842	0.00170616065078341	NaN
9.5400999999911	0.000100979677341534	0.00170661619142225	NaN
9.55009999999108	0.000100991950864501	0.00170707173838238	NaN
9.56009999999106	0.00010100424311474	0.00170752728719543	NaN
9.57009999999103	0.000101016547074296	0.00170798283340262	NaN
9.58009999999101	0.000101028857713747	0.00170843837255496	NaN
9.59009999999099	0.00010104117142526	0.00170889390021349	NaN
9.60009999999096	0.000101053485616346	0.00170934941194947	NaN
9.61009999999094	0.000101065798419222	0.00170980490334462	NaN
9.62009999999092	0.000101078108483118	0.00171026036999133	NaN
9.63009999999089	0.00010109041482598	0.00171071580749288	NaN
9.64009999999087	0.000101102716728655	0.00171117121146366	NaN
9.65009999999085	0.000101115013659411	0.00171162657752935	NaN
9.66009999999083	0.000101127305220128	0.00171208190132716	NaN
9.6700999999908	0.000101139591107947	0.00171253717850603	NaN
9.68009999999078	0.000101151871087932	0.00171299240472682	NaN
9.69009999999076	0.000101164144973605	0.00171344757566254	NaN
9.70009999999073	0.000101176412613069	0.00171390268699852	NaN
9.71009999999071	0.000101188673879135	0.00171435773443264	NaN
9.72009999999069	0.00010120092866228	0.0017148127136755	NaN
9.73009999999066	0.000101213176865646	0.00171526762045064	NaN
9.74009999999064	0.000101225418401468	0.00171572245049472	NaN
9.75009999999062	0.000101237653188538	0.0017161771995577	NaN
9.76009999999059	0.000101249881150398	0.00171663186340306	NaN
9.77009999999057	0.000101262102214058	0.00171708643780796	NaN
9.78009999999055	0.000101274316309076	0.00171754091856344	NaN
9.79009999999052	0.000101286523366911	0.0017179953014746	NaN
9.8000999999905	0.000101298723320461	0.00171844958236077	NaN
9.81009999999048	0.00010131091610373	0.00171890375705571	NaN
9.82009999999045	0.000101318715691956	0.00171935782140777	NaN
9.83009999999043	0.000101318715691956	0.00171981177128008	NaN
9.84009999999041	0.000101318715691956	0.00172026560255068	NaN
9.85009999999038	0.000101318715691956	0.00172071931111277	NaN
9.86009999999036	0.000101318715691956	0.00172117289287479	NaN
9.87009999999034	0.000101318729898939	0.00172162634376065	NaN
9.88009999999031	0.000101319274960349	0.00172207965970987	NaN
9.89009999999029	0.000101321223211022	0.00172253283667773	NaN
9.90009999999027	0.000101324881338021	0.00172298587063546	NaN
9.91009999999024	0.000101330158762701	0.00172343875757037	NaN
9.92009999999022	0.000101336803361716	0.001723891493486	NaN
9.9300999999902	0.000101344531885052	0.00172434407440232	NaN
9.94009999999017	0.000101353087631035	0.00172479649635581	NaN
9.95009999999015	0.000101362259324106	0.00172524875539968	NaN
9.96009999999013	0.000101371882011467	0.00172570084760395	NaN
9.9700999999901	0.000101381830945133	0.00172615276905566	NaN
9.98009999999008	0.00010139201368269	0.00172660451585893	NaN
9.99009999999006	0.000101402362635868	0.0017270560841352	NaN
