0	0	0	0
0.0101	4.5374438310002E-07	8.07492928577685E-07	8.07965373678604E-07
0.0200999999999999	3.11690036831324E-06	4.24775302798505E-06	4.24915760097446E-06
0.0300999999999999	8.87686219281664E-06	1.13206385553713E-05	1.13235751181594E-05
0.0400000000000001	1.81131366832547E-05	2.2670339728887E-05	2.26757078303931E-05
0.0500000000000004	3.1289926702898E-05	3.92206234066215E-05	3.92298965946065E-05
0.0600000000000007	4.83977548192837E-05	6.15378274221205E-05	6.15532911932608E-05
0.070000000000001	6.92318597930661E-05	9.02556044305103E-05	9.02808753822918E-05
0.0800000000000013	9.32311256478053E-05	0.000125993779932857	0.000126034663957341
0.0900000000000016	0.000119378488080003	0.000169364247072557	0.000169430249926862
0.100000000000002	0.000146129851080439	0.000220974130301192	0.000221081162349728
0.110000000000002	0.000171450147166656	0.000281426655585245	0.000281601929173896
0.120000000000002	0.000193054123947092	0.000351319377439646	0.000351610322892206
0.130000000000002	0.000208887565069027	0.00043123857305718	0.000431729063466131
0.140000000000001	0.000217709018925441	0.000521747453636859	0.000522587144486121
0.1501	0.000219446705113201	0.000624437945400797	0.000625902843969222
0.160099999999999	0.000215123093332509	0.000737713643959953	0.000740280222341117
0.170099999999998	0.000206460921256372	0.000862817110144436	0.000867337665947386
0.180099999999996	0.000195193335971795	0.000999771839692872	0.00100773796670682
0.190099999999995	0.000182747608363949	0.00114817409023249	0.0011621536430302
0.200099999999994	0.000170122567648748	0.00130694314826042	0.0013312671199861
0.210099999999993	0.000157928297116488	0.00147397712951299	0.00151577068263096
0.220099999999992	0.000146487012296717	0.00164572841962775	0.00171636612511875
0.230099999999991	0.000135933328126298	0.00181677530849367	0.00193376397848626
0.24009999999999	0.000126290920851434	0.00197957139468207	0.00216868214761028
0.250099999999989	0.000117523760614129	0.0021246724341772	0.00242184371871405
0.260099999999988	0.000109567544068279	0.00224176615637364	0.00269397360822231
0.270099999999987	0.000102347758222703	0.00232159822194565	0.00298579360618518
0.280099999999985	9.5789419885574E-05	0.00235833864573217	0.00329801521673232
0.290099999999984	8.98219045641928E-05	0.00235137280291053	0.00363132950755756
0.300099999999983	8.43810019215E-05	0.00230552321332873	0.00398639294411942
0.310099999999982	7.94094731068799E-05	0.0022295332985366	0.00436380789770121
0.320099999999981	7.48568455931159E-05	0.00213364129939059	0.00476409617960138
0.33009999999998	7.06788575938195E-05	0.00202738895903493	0.00518766357458346
0.340099999999979	6.68367755898657E-05	0.00191834556620735	0.00563475294827913
0.350099999999978	6.32967009659334E-05	0.00181177016420983	0.00610538313288859
0.360099999999977	6.00289216575741E-05	0.00171087249212956	0.00659927053906811
0.370099999999976	5.70073319106885E-05	0.00161730946237253	0.00711573044196448
0.380099999999974	5.42089293310488E-05	0.00153168433738912	0.00765355536682836
0.390099999999973	5.16133734688118E-05	0.00145394844238854	0.00821086927335041
0.400099999999972	4.9202613133013E-05	0.00138368703742529	0.00878495873128602
0.410099999999971	4.69605829450719E-05	0.00132030664002246	0.0093720864924912
0.42009999999997	4.48729329385087E-05	0.00126314998639422	0.00996729927239559
0.430099999999969	4.29268017320223E-05	0.00121156220552209	0.0105642503938772
0.440099999999968	4.11106254751099E-05	0.00116492594913734	0.0111550688409347
0.450099999999967	3.94139761558676E-05	0.00112267765243252	0.0117303177021081
0.460099999999966	3.78274241645061E-05	0.0010843128191233	0.0122790937590018
0.470099999999965	3.63424209862462E-05	0.00104938525040906	0.0127893210134777
0.480099999999963	3.4951198661204E-05	0.00101750318767844	0.0132482779946463
0.490099999999962	3.3646683255723E-05	0.00098832410741507	0.0136433665443577
0.500099999999961	3.24224200804382E-05	0.000961549149593454	0.0139630780866073
0.51009999999996	3.12725087877487E-05	0.000936917705516454	0.0141980506431194
0.520099999999959	3.01915468068951E-05	0.000914202423120912	0.0143420547517317
0.530099999999958	2.91745790006959E-05	0.00089320473417458	0.0143927232278506
0.540099999999957	2.82170557848481E-05	0.00087375092282229	0.0143518671699834
0.550099999999956	2.73147949051495E-05	0.000855688710558217	0.014225299584219
0.560099999999955	2.64639454658432E-05	0.000838884311861303	0.0140221962241049
0.570099999999954	2.56609583319893E-05	0.000823219907202767	0.0137541234835227
0.580099999999952	2.49025594943734E-05	0.000808591479839547	0.0134339213085722
0.590099999999951	2.41857261029344E-05	0.000794906966186212	0.0130746305334277
0.60009999999995	2.3507664889771E-05	0.000782084674565736	0.0126886081583518
0.610099999999949	2.28657927194836E-05	0.000770051932630059	0.0122869054110831
0.620099999999948	2.22577190282152E-05	0.000758743929110435	0.0118789175829915
0.630099999999947	2.16812299389966E-05	0.00074810272050417	0.0114722680035222
0.640099999999946	2.11342738665383E-05	0.000738076377705562	0.01107286566812
0.650099999999945	2.06149484478332E-05	0.000728618251420704	0.0106850729340339
0.660099999999944	2.01214886554195E-05	0.00071968633849875	0.0103119287928812
0.670099999999943	1.9652255968705E-05	0.000711242734109518	0.00995538735625927
0.680099999999941	1.92057284936254E-05	0.000703253157061489	0.00961654539840924
0.69009999999994	1.87804919352032E-05	0.000695686537548365	0.0092958445272027
0.700099999999939	1.83752313381436E-05	0.000688514658283672	0.0089932420198007
0.710099999999938	1.79887235213806E-05	0.000681711841383047	0.00870834979840918
0.720099999999937	1.76198301405761E-05	0.000675254674533066	0.00844054409258767
0.730099999999936	1.72674913199608E-05	0.000669121770969025	0.00818904975623097
0.740099999999935	1.69307198012828E-05	0.000663293558609847	0.00795300359000018
0.750099999999934	1.66085955635637E-05	0.000657752094398521	0.00773150081524259
0.760099999999933	1.63002608714568E-05	0.000652480900471296	0.00752362835641236
0.770099999999932	1.60049157150079E-05	0.000647464819280853	0.00732848800243157
0.78009999999993	1.57218136068708E-05	0.00064268988520564	0.00714521193810558
0.790099999999929	1.54502577066077E-05	0.000638143210532375	0.00697297261631127
0.800099999999928	1.51895972442522E-05	0.000633812883994677	0.00681098849992738
0.810099999999927	1.49392242185197E-05	0.00062968788030353	0.00665852684124966
0.820099999999926	1.46985703465819E-05	0.000625757979317083	0.00651490437893649
0.830099999999925	1.44671042451917E-05	0.000622013693681447	0.00637948660785682
0.840099999999924	1.42443288241392E-05	0.000618446203931227	0.00625168610439014
0.850099999999923	1.40297788749958E-05	0.000615047300166816	0.00613096025837843
0.860099999999922	1.38230188397209E-05	0.00061180932954524	0.00601680866409927
0.87009999999992	1.36236407446789E-05	0.000608725148915637	0.00590877034894787
0.880099999999919	1.34312622872564E-05	0.000605788082014111	0.00580642096400817
0.890099999999918	1.32455250628652E-05	0.000602991880709099	0.00570937002070949
0.900099999999917	1.30660929218407E-05	0.000600330689847018	0.0056172582286788
0.910099999999916	1.2892650445838E-05	0.000597799015303914	0.00552975496895409
0.920099999999915	1.27249015348265E-05	0.000595391694897142	0.00544655592178384
0.930099999999914	1.25625680960515E-05	0.000593103871847169	0.00536738085776869
0.940099999999913	1.24053888273886E-05	0.000590930970523172	0.00529197159386969
0.950099999999912	1.22531180878193E-05	0.000588868674226689	0.00522009011094699
0.960099999999911	1.21055248486602E-05	0.000586912904804755	0.00515151682636153
0.970099999999909	1.19623917193607E-05	0.000585059803899315	0.00508604901323461
0.980099999999908	1.18235140423325E-05	0.000583305715665805	0.00502349935693508
0.990099999999907	1.16886990518582E-05	0.000581647170808124	0.00496369463890422
1.00009999999991	1.15577650920769E-05	0.000580080871796266	0.00490647453791514
1.01009999999991	1.14305408899635E-05	0.000578603679144708	0.00485169053910209
1.0200999999999	1.13068648791359E-05	0.000577212598641027	0.00479920494153288
1.0300999999999	1.11865845708238E-05	0.00057590476942868	0.00474888995563269
1.0400999999999	1.10695559685256E-05	0.000574677452853562	0.00470062688233694
1.0500999999999	1.09556430232631E-05	0.000573528021993882	0.00465430536649039
1.0600999999999	1.08447171264348E-05	0.000572453951800809	0.00460982271758642
1.0700999999999	1.07366566375783E-05	0.000571452809783112	0.00456708329154955
1.0800999999999	1.06313464445997E-05	0.000570522247174201	0.00452599792781061
1.0900999999999	1.05286775539673E-05	0.000569659990527878	0.00448648343645419
1.1000999999999	1.04285467089776E-05	0.000568863833687953	0.00444846213070025
1.11009999999989	1.03308560338354E-05	0.000568131630088697	0.00441186140043894
1.12009999999989	1.02355127019355E-05	0.000567461285338276	0.00437661332293609
1.13009999999989	1.01424286265279E-05	0.000566850750047723	0.00434265430721776
1.14009999999989	1.00515201721117E-05	0.000566298012865179	0.00430992476897049
1.15009999999989	9.96270788525837E-06	0.000565801093681384	0.00427836883310522
1.16009999999989	9.87591624332336E-06	0.00056535803697103	0.00424793406141968
1.17009999999989	9.79107341996085E-06	0.000564966905240712	0.00421857120303906
1.18009999999989	9.70811106615726E-06	0.000564625772551436	0.00419023396554055
1.19009999999989	9.62696410565555E-06	0.000564332718087725	0.00416287880487498
1.20009999999988	9.54757054389514E-06	0.000564085819746403	0.0041364647323866
1.21009999999988	9.46987128944413E-06	0.000563883147718149	0.00411095313739234
1.22009999999988	9.39380998705714E-06	0.000563722758036928	0.00408630762392646
1.23009999999988	9.31933286157917E-06	0.000563602686072195	0.00406249386040175
1.24009999999988	9.24638857191081E-06	0.000563520939940966	0.00403947944105116
1.25009999999988	9.17492807439901E-06	0.000563475493815661	0.0040172337581192
1.26009999999988	9.10490449494622E-06	0.000563464281106949	0.00399572788388089
1.27009999999988	9.03627300923056E-06	0.000563485187497476	0.00397493446164076
1.28009999999988	8.96899073059597E-06	0.000563536043807477	0.00395482760494647
1.29009999999987	8.90301660488983E-06	0.000563614618669339	0.00393538280433351
1.30009999999987	8.83831131199065E-06	0.000563718610993219	0.00391657684096245
1.31009999999987	8.77483717341821E-06	0.000563845642202106	0.00389838770658639
1.32009999999987	8.71255806563752E-06	0.000563993248219127	0.00388079452932142
1.33009999999987	8.65143933880621E-06	0.000564158871187725	0.00386377750475358
1.34009999999987	8.59144774033625E-06	0.000564339850909769	0.00384731783194923
1.35009999999987	8.53255134324129E-06	0.000564533415982414	0.00383139765397754
1.36009999999987	8.47471947877552E-06	0.000564736674622264	0.00381600000258967
1.37009999999987	8.41792267301912E-06	0.000564946605162302	0.00380110874672464
1.38009999999986	8.36213258739562E-06	0.000565160046209185	0.00378670854454665
1.39009999999986	8.30732196260005E-06	0.000565373686454865	0.00377278479873958
1.40009999999986	8.25346456586684E-06	0.000565584054132429	0.00375932361481574
1.41009999999986	8.20053514127279E-06	0.000565787506116181	0.00374631176220032
1.42009999999986	8.14850936300463E-06	0.000565980216663715	0.00373373663789224
1.43009999999986	8.0973637911772E-06	0.000566158165805865	0.00372158623250689
1.44009999999986	8.04707583031829E-06	0.000566317127393899	0.00370984909852124
1.45009999999986	7.99762369011722E-06	0.000566452656819992	0.0036985143205653
1.46009999999986	7.94898634834573E-06	0.00056656007843352	0.00368757148761229
1.47009999999985	7.90114351592846E-06	0.000566634472682984	0.00367701066692794
1.48009999999985	7.85407560391211E-06	0.00056667066302887	0.0036668223796516
1.49009999999985	7.80776369220624E-06	0.000566663202672417	0.00365699757790177
1.50009999999985	7.76218950005659E-06	0.0005666063611719	0.00364752762329402
1.51009999999985	7.71733535812009E-06	0.000566494111024767	0.00363840426677163
1.52009999999985	7.67318418198337E-06	0.000566320114311921	0.00362961962966682
1.53009999999985	7.62971944713726E-06	0.000566077709528382	0.00362116618589872
1.54009999999985	7.58692516520584E-06	0.000565759898738936	0.00361303674524073
1.55009999999985	7.54478586147421E-06	0.00056535933523187	0.00360522443757578
1.56009999999984	7.50328655352971E-06	0.000564868311872627	0.00359772269808834
1.57009999999984	7.46241273099933E-06	0.000564278750396396	0.00359052525331335
1.58009999999984	7.42215033633444E-06	0.000563582191919599	0.00358362610800327
1.59009999999984	7.3824857465268E-06	0.000562769788996405	0.00357701953274892
1.60009999999984	7.343405755757E-06	0.000561832299599326	0.00357070005231307
1.61009999999984	7.30489755891456E-06	0.000560760083460427	0.00356466243462601
1.62009999999984	7.26694873585888E-06	0.000559543101277475	0.00355890168040523
1.63009999999984	7.22954723651433E-06	0.000558170917352539	0.0035534130133605
1.64009999999984	7.19268136660591E-06	0.000556632706313861	0.0035481918709448
1.65009999999983	7.15633977415882E-06	0.000554917264646186	0.00354323389562229
1.66009999999983	7.12051143655323E-06	0.000553013027840649	0.0035385349266162
1.67009999999983	7.08518564821855E-06	0.000550908094055599	0.00353409099211649
1.68009999999983	7.05035200890929E-06	0.000548590255263807	0.0035298983019084
1.69009999999983	7.01600041248046E-06	0.000546047036932233	0.00352595324041115
1.70009999999983	6.98212103617885E-06	0.000543265747345733	0.00352225236008752
1.71009999999983	6.94870433048036E-06	0.0005402335377287	0.0035187923752143
1.72009999999983	6.91574100924117E-06	0.000536937474337377	0.00351557015599115
1.73009999999983	6.8832220404473E-06	0.000533364623678967	0.003512582722961
1.74009999999982	6.85113863728073E-06	0.000529502151952247	0.00350982724173436
1.75009999999982	6.81948224951472E-06	0.000525337439687705	0.00350730101799802
1.76009999999982	6.78824455543623E-06	0.000520858212375341	0.00350500149278421
1.77009999999982	6.75741745396364E-06	0.000516052687609076	0.00350292623800067
1.78009999999982	6.72699305714138E-06	0.00051090973891385	0.00350107295219497
1.79009999999982	6.69696368303735E-06	0.00050541907597011	0.00349943945654535
1.80009999999982	6.66732184878333E-06	0.000499571440386903	0.00349802369106698
1.81009999999982	6.63806026400918E-06	0.000493358815506571	0.00349682371102364
1.82009999999982	6.60917182451659E-06	0.000486774647954304	0.00349583768352806
1.83009999999981	6.58064960620783E-06	0.000479814077788096	0.00349506388432718
1.84009999999981	6.55248685923955E-06	0.000472474173179226	0.00349450069476217
1.85009999999981	6.52467700244797E-06	0.000464754164603033	0.00349414659889261
1.86009999999981	6.49721361795147E-06	0.00045665567257276	0.00349400018077656
1.87009999999981	6.47009044597099E-06	0.000448182922081064	0.00349406012190112
1.88009999999981	6.443301379923E-06	0.00043934293618328	0.003494325198755
1.89009999999981	6.41684046159162E-06	0.000430145700622876	0.00349479428053816
1.90009999999981	6.39070187653428E-06	0.000420604291171182	0.00349546632699626
1.91009999999981	6.36487994968576E-06	0.000410734955462185	0.00349634038638202
1.9200999999998	6.33936914110559E-06	0.000400557141644918	0.00349741559353363
1.9300999999998	6.3141640418758E-06	0.000390093467167458	0.00349869116806382
1.9400999999998	6.28925937016544E-06	0.000379369622479035	0.00350016641265904
1.9500999999998	6.26464996741362E-06	0.000368414206362878	0.00350184071147813
1.9600999999998	6.24033079470936E-06	0.000357258491937225	0.00350371352865222
1.9700999999998	6.21629692922172E-06	0.000345936124989109	0.00350578440687584
1.9800999999998	6.19254356083639E-06	0.000334482759105525	0.00350805296609329
1.9900999999998	6.16906598884582E-06	0.000322935634866497	0.00351051890226483
2.0000999999998	6.14585961883036E-06	0.000311333112998084	0.00351318198622237
2.01009999999982	6.12291995956812E-06	0.000299714173655079	0.00351604206260135
2.02009999999984	6.1002426201077E-06	0.000288117895758933	0.00351909904885089
2.03009999999986	6.07782330691741E-06	0.000276582931410449	0.00352235293431711
2.04009999999988	6.05565782116581E-06	0.000265146990743833	0.00352580377939948
2.0500999999999	6.03374205604516E-06	0.000253846352160895	0.00352945171477278
2.06009999999992	6.01207199423324E-06	0.000242715411702183	0.00353329694067962
2.07009999999994	5.99064370540277E-06	0.000231786283465396	0.00353733972628165
2.08009999999997	5.96945334384339E-06	0.000221088460600786	0.00354158040907695
2.09009999999999	5.94849714614118E-06	0.000210648543679084	0.00354601939437395
2.10000000000001	5.92797755716264E-06	0.000200590163023477	0.0035506097915679
2.11000000000003	5.90747646393444E-06	0.000190730253024191	0.00355544487072237
2.12000000000005	5.88719875112078E-06	0.000181188896940045	0.00356047986438804
2.13000000000007	5.86714096219562E-06	0.000171979864829173	0.00356571544433541
2.14000000000009	5.84729971246854E-06	0.000163113724651739	0.00357115234835217
2.15000000000011	5.82767168724242E-06	0.00015459796345895	0.00357679138004236
2.16000000000013	5.80825363994786E-06	0.000146437152861892	0.00358263340866468
2.17000000000015	5.78904239038611E-06	0.000138633149800361	0.0035886793690231
2.18000000000018	5.77003482298816E-06	0.000131185323600192	0.00359493026140008
2.1900000000002	5.75122788516407E-06	0.000124090800666922	0.00360138715153778
2.20000000000022	5.73261858569293E-06	0.000117344718813799	0.00360805117065299
2.21000000000024	5.71420399314734E-06	0.000110940484090448	0.00361492351550413
2.22000000000026	5.69598123439594E-06	0.000104870023984568	0.00362200544848864
2.23000000000028	5.67794749311828E-06	9.91240319305325E-05	0.00362929829778847
2.2400000000003	5.66010000838249E-06	9.36921991277152E-05	0.00363680345754555
2.25000000000032	5.64243607326293E-06	8.85634306881044E-05	0.00364452238807912
2.26000000000034	5.62495303352235E-06	8.37260440671715E-05	0.00365245661613862
2.27000000000037	5.60764828628868E-06	7.91679485607796E-05	0.00366060773518784
2.28000000000039	5.59051927882106E-06	7.48768053582969E-05	0.00366897740572451
2.29000000000041	5.5735635072391E-06	7.08401682292818E-05	0.00367756735563721
2.30000000000043	5.55677851539164E-06	6.7045605387618E-05	0.00368637938058489
2.31000000000045	5.54016189366131E-06	6.34808034313104E-05	0.00369541534441159
2.32000000000047	5.52371127787045E-06	6.01336545125984E-05	0.00370467717959339
2.33000000000049	5.50742434819327E-06	5.69923280605885E-05	0.00371416688770717
2.34000000000051	5.49129882808927E-06	5.40453284746836E-05	0.00372388653993167
2.35000000000053	5.47533248328523E-06	5.12815402418693E-05	0.00373383827756981
2.36000000000056	5.45952312077676E-06	4.86902619198407E-05	0.00374402431259923
2.37000000000058	5.44386858787509E-06	4.62612303796121E-05	0.00375444692824234
2.3800000000006	5.42836677124537E-06	4.39846366293491E-05	0.00376510847956354
2.39000000000062	5.41301559601764E-06	4.18511344467119E-05	0.00377601139407999
2.40000000000064	5.39781302487437E-06	3.98518429499251E-05	0.00378715817239455
2.41000000000066	5.3827570572008E-06	3.79783441258167E-05	0.00379855138884663
2.42000000000068	5.3678457282422E-06	3.62226762285981E-05	0.00381019369217712
2.4300000000007	5.35307710829242E-06	3.45773238565397E-05	0.00382208780620439
2.44000000000072	5.33844930189544E-06	3.30352054132271E-05	0.00383423653051574
2.45000000000075	5.32396044708579E-06	3.15896585658345E-05	0.00384664274116827
2.46000000000077	5.30960871460527E-06	3.02344242269199E-05	0.00385930939138868
2.47000000000079	5.29539230719756E-06	2.89664375365279E-05	0.00387223951228744
2.48000000000081	5.28130945891229E-06	2.77830547622447E-05	0.00388543621356973
2.49000000000083	5.26735843437361E-06	2.66780669305676E-05	0.0038989026842449
2.50000000000085	5.25353752813021E-06	2.564574593848E-05	0.00391264219333635
2.51000000000087	5.23984506399541E-06	2.46808183532507E-05	0.0039266580905759
2.52000000000089	5.22627939440957E-06	2.37784278807246E-05	0.00394095380709403
2.53000000000091	5.21283889981605E-06	2.29341009210403E-05	0.00395553285609186
2.54000000000094	5.19952198805103E-06	2.21437149740868E-05	0.00397039883349493
2.55000000000096	5.18632709377446E-06	2.14034696699948E-05	0.00398555541858189
2.56000000000098	5.17325267786316E-06	2.07098602170015E-05	0.00400100637458536
2.570000000001	5.16029722686558E-06	2.00596530714934E-05	0.00401675554925872
2.58000000000102	5.14745925246388E-06	1.94498636493174E-05	0.00403280687540617
2.59000000000104	5.13473729094094E-06	1.8877735911315E-05	0.00404916437135795
2.60000000000106	5.12212990264943E-06	1.83407236675011E-05	0.004065832141403
2.61000000000108	5.10963567152682E-06	1.78364734571958E-05	0.00408281437615934
2.6200000000011	5.09725320457528E-06	1.73628088728166E-05	0.00410011535286921
2.63000000000113	5.08498113141116E-06	1.69177162060734E-05	0.00411773943562739
2.64000000000115	5.07281810377473E-06	1.64993313045077E-05	0.0041356910755163
2.65000000000117	5.06076279509035E-06	1.61059275359843E-05	0.00415397481065494
2.66000000000119	5.04881389999754E-06	1.57359047664266E-05	0.00417259526613092
2.67000000000121	5.03697013395101E-06	1.53877792647314E-05	0.00419155715381924
2.68000000000123	5.02523023277433E-06	1.5060174455227E-05	0.00421086527207708
2.69000000000125	5.01359295225522E-06	1.47518124454236E-05	0.00423052450527823
2.70000000000127	5.00205706773023E-06	1.44615062620088E-05	0.00425053982320662
2.71000000000129	4.9906213736966E-06	1.41881527349848E-05	0.0042709162802587
2.72000000000132	4.9792846834482E-06	1.39307259736233E-05	0.00429165901446331
2.73000000000134	4.96804582867397E-06	1.36882713838287E-05	0.00431277324628388
2.74000000000136	4.95690365910135E-06	1.34599001802354E-05	0.00433426427719928
2.75000000000138	4.94585704213603E-06	1.3244784350604E-05	0.00435613748801884
2.7600000000014	4.93490486253678E-06	1.30421520337929E-05	0.00437839833691429
2.77000000000142	4.92404602204073E-06	1.2851283275723E-05	0.00440105235717024
2.78000000000144	4.9132794390483E-06	1.26715061312645E-05	0.00442410515457619
2.79000000000146	4.90260404829982E-06	1.25021930823623E-05	0.0044475624044729
2.80000000000148	4.89201880054506E-06	1.23427577454962E-05	0.00447142984839874
2.81000000000151	4.88152266226898E-06	1.2192651843985E-05	0.0044957132902987
2.82000000000153	4.87111461533245E-06	1.2051362422385E-05	0.00452041859226624
2.83000000000155	4.86079365674248E-06	1.19184092829127E-05	0.00454555166975666
2.84000000000157	4.85055879830609E-06	1.1793342625083E-05	0.00457111848628774
2.85000000000159	4.84040906637286E-06	1.16757408712398E-05	0.00459712504746376
2.86000000000161	4.83034350156059E-06	1.15652086627708E-05	0.00462357739437299
2.87000000000163	4.82036115849807E-06	1.14613750124467E-05	0.00465048159626624
2.88000000000165	4.81046110552294E-06	1.13638916002566E-05	0.0046778437424268
2.89000000000167	4.80064242445805E-06	1.1272431200464E-05	0.00470566993319559
2.9000000000017	4.79090421035398E-06	1.11866862294243E-05	0.004733966270056
2.91000000000172	4.7812455712327E-06	1.11063674040604E-05	0.00476273884469969
2.92000000000174	4.77166562786131E-06	1.10312025018422E-05	0.00479199372700106
2.93000000000176	4.76216351349231E-06	1.0960935214359E-05	0.00482173695174291
2.94000000000178	4.75273837366351E-06	1.08953240863988E-05	0.0048519745040772
2.9500000000018	4.74338936595465E-06	1.0834141534199E-05	0.00488271230353943
2.96000000000182	4.7341156597606E-06	1.0777172935958E-05	0.00491395618646174
2.97000000000184	4.72491643610303E-06	1.07242157892624E-05	0.00494571188675861
2.98000000000186	4.71579088738679E-06	1.06750789297586E-05	0.00497798501480129
2.99000000000189	4.70673821722354E-06	1.06295818065713E-05	0.00501078103428622
3.00000000000191	4.69775764021551E-06	1.05875538097209E-05	0.00504410523692812
3.01000000000193	4.68884838174894E-06	1.05488336454566E-05	0.00507796271471269
3.02000000000195	4.68000967782548E-06	1.05132687560926E-05	0.00511235832955504
3.03000000000197	4.67124077483849E-06	1.04807147804696E-05	0.00514729668007756
3.04000000000199	4.66254092942482E-06	1.04510350521741E-05	0.00518278206526443
3.05000000000201	4.65390940825483E-06	1.0424100132559E-05	0.00521881844472356
3.06000000000203	4.64534548787911E-06	1.03997873759661E-05	0.00525540939518654
3.07000000000205	4.63684845452894E-06	1.03779805244629E-05	0.00529255806293204
3.08000000000208	4.62841760398125E-06	1.03585693302118E-05	0.00533026711178397
3.0900000000021	4.62005224134341E-06	1.03414492032138E-05	0.00536853866615466
3.10000000000212	4.61175168093772E-06	1.0326520882387E-05	0.0054073742488365
3.11000000000214	4.60351524612089E-06	1.03136901287169E-05	0.00544677471283359
3.12000000000216	4.59534226912332E-06	1.03028674382551E-05	0.00548674016683671
3.13000000000218	4.58723209089732E-06	1.02939677739443E-05	0.00552726989367527
3.1400000000022	4.57918406097659E-06	1.02869103148919E-05	0.00556836226096838
3.15000000000222	4.57119753731383E-06	1.0281618221473E-05	0.00561001462343146
3.16000000000224	4.56327188615537E-06	1.027801841547E-05	0.00565223093281196
3.17000000000227	4.55540648189017E-06	1.02760413740925E-05	0.00569513541983041
3.18000000000229	4.54760070691343E-06	1.02756209369106E-05	0.00573878009713942
3.19000000000231	4.53985395149902E-06	1.02766941245826E-05	0.00578317445647726
3.20000000000233	4.53216561363882E-06	1.0279200968914E-05	0.00582832799303676
3.21000000000235	4.52453509893658E-06	1.02830843531262E-05	0.0058742501944279
3.22000000000237	4.51696182048509E-06	1.02882898619078E-05	0.00592095052909462
3.23000000000239	4.50944519873107E-06	1.02947656403482E-05	0.00596843843422347
3.24000000000241	4.50198466134723E-06	1.03024622612585E-05	0.00601672330321511
3.25000000000243	4.4945796431149E-06	1.03113326003954E-05	0.00606581447261079
3.26000000000246	4.48722958581782E-06	1.03213317189106E-05	0.00611572120853925
3.27000000000248	4.47993393811271E-06	1.03324167525124E-05	0.00616645269271223
3.2800000000025	4.47269215542359E-06	1.03445468072195E-05	0.00621801800797713
3.29000000000252	4.46550369982943E-06	1.03576828608622E-05	0.0062704261234032
3.30000000000254	4.45836803995949E-06	1.03717876701757E-05	0.00632368587902591
3.31000000000256	4.45128465086949E-06	1.03868256832226E-05	0.00637780597008489
3.32000000000258	4.44425301395502E-06	1.04027629564786E-05	0.00643279493114735
3.3300000000026	4.43727261684904E-06	1.04195670766704E-05	0.00648866111977696
3.34000000000262	4.4303429533061E-06	1.04372070867512E-05	0.00654541269993294
3.35000000000265	4.42346352311626E-06	1.04556534159864E-05	0.0066030576253324
3.36000000000267	4.41663383201984E-06	1.04748778137351E-05	0.00666160362254278
3.37000000000269	4.40985339155764E-06	1.04948532867685E-05	0.00672105817390736
3.38000000000271	4.4031217190469E-06	1.05155540398946E-05	0.00678142850079037
3.39000000000273	4.39643833746223E-06	1.05369554198636E-05	0.00684272154646786
3.40000000000275	4.38980277532153E-06	1.05590338618554E-05	0.00690494395951803
3.41000000000277	4.38321456664491E-06	1.05817668391369E-05	0.00696810207719392
3.42000000000279	4.37667325082221E-06	1.06051328149148E-05	0.00703220190918919
3.43000000000281	4.37017837254611E-06	1.06291111969677E-05	0.00709724912179765
3.44000000000284	4.36372948174998E-06	1.06536822944205E-05	0.00716324902262083
3.45000000000286	4.35732613348929E-06	1.06788272766148E-05	0.0072302065457587
3.46000000000288	4.3509678878933E-06	1.0704528134247E-05	0.00729812623784491
3.4700000000029	4.34465431006196E-06	1.07307676422551E-05	0.00736701224458793
3.48000000000292	4.33838496999466E-06	1.07575293245447E-05	0.00743686829885498
3.49000000000294	4.33215944252389E-06	1.07847974205344E-05	0.00750769770884711
3.50000000000296	4.325977307242E-06	1.08125568532353E-05	0.00757950334816084
3.51000000000298	4.31983814840243E-06	1.08407931989428E-05	0.00765228764675712
3.520000000003	4.3137415548834E-06	1.08694926583431E-05	0.00772605258328438
3.53000000000302	4.30768712007909E-06	1.08986420289675E-05	0.00780079967872405
3.54000000000305	4.30167444187513E-06	1.09282286789571E-05	0.00787652999164941
3.55000000000307	4.29570312253677E-06	1.0958240522195E-05	0.00795324411517965
3.56000000000309	4.28977276867063E-06	1.09886659944312E-05	0.00803094217525337
3.57000000000311	4.2838829911432E-06	1.10194940305717E-05	0.00810962383108782
3.58000000000313	4.27803340501966E-06	1.10507140431151E-05	0.00818928827675378
3.59000000000315	4.27222362951551E-06	1.10823159014306E-05	0.00826993424525456
3.60000000000317	4.26645328790496E-06	1.11142899120813E-05	0.00835156001420077
3.61000000000319	4.26072200748638E-06	1.11466268000601E-05	0.00843416341292799
3.62000000000321	4.25502941951822E-06	1.11793176907706E-05	0.00851774183220937
3.63000000000324	4.24937515913318E-06	1.12123540930358E-05	0.00860229223514333
3.64000000000326	4.24375886532218E-06	1.124572788256E-05	0.00868781117016397
3.65000000000328	4.23818018083402E-06	1.12794312864075E-05	0.0087742947858141
3.6600000000033	4.23263875216093E-06	1.1313456868126E-05	0.00886173884649834
3.67000000000332	4.22713422945531E-06	1.13477975132752E-05	0.0089501387509944
3.68000000000334	4.22166626647518E-06	1.13824464160142E-05	0.00903948955120485
3.69000000000336	4.21623452055776E-06	1.14173970659473E-05	0.00912978597274584
3.70000000000338	4.21083865252684E-06	1.14526432356547E-05	0.00922102243675194
3.7100000000034	4.20547832667481E-06	1.14881789688635E-05	0.00931319308251866
3.72000000000343	4.20015321069973E-06	1.15239985689239E-05	0.00940629179075745
3.73000000000345	4.19486297564797E-06	1.15600965880498E-05	0.00950031220736166
3.74000000000347	4.18960729587856E-06	1.15964678167445E-05	0.00959524776829517
3.75000000000349	4.1843858490105E-06	1.16331072739264E-05	0.00969109172377395
3.76000000000351	4.17919831587688E-06	1.16700101973135E-05	0.00978783716271206
3.77000000000353	4.17404438047081E-06	1.17071720343897E-05	0.00988547703680079
3.78000000000355	4.1689237299048E-06	1.17445884334951E-05	0.00998400418423832
3.79000000000357	4.16383605436938E-06	1.17822552355107E-05	0.0100834113521263
3.80000000000359	4.1587810470859E-06	1.18201684659176E-05	0.0101836912191679
3.81000000000362	4.15375840425417E-06	1.18583243269842E-05	0.0102848364151536
3.82000000000364	4.1487678250268E-06	1.18967191905361E-05	0.0103868395413971
3.83000000000366	4.14380901145587E-06	1.19353495907968E-05	0.0104896931870761
3.84000000000368	4.13888166845069E-06	1.19742122177586E-05	0.0105933899460884
3.8500000000037	4.13398550374971E-06	1.20133039105845E-05	0.0106979224307422
3.86000000000372	4.12912022785882E-06	1.20526216515068E-05	0.0108032832831576
3.87000000000374	4.1242855540327E-06	1.20921625598358E-05	0.0109094651858202
3.88000000000376	4.11948119822608E-06	1.21319238863119E-05	0.011016460868344
3.89000000000378	4.11470687905317E-06	1.21719030076741E-05	0.0111242631135401
3.90000000000381	4.10996231776255E-06	1.22120974213825E-05	0.0112328647586233
3.91000000000383	4.1052472381796E-06	1.2252504740548E-05	0.0113422586976577
3.92000000000385	4.10056136669446E-06	1.2293122689288E-05	0.0114524378784247
3.93000000000387	4.09590443220802E-06	1.23339490979944E-05	0.011563395299259
3.94000000000389	4.09127616610909E-06	1.2374981898987E-05	0.0116751240012475
3.95000000000391	4.08667630223127E-06	1.24162191222659E-05	0.0117876170615646
3.96000000000393	4.08210457682409E-06	1.24576588914098E-05	0.0119008675833647
3.97000000000395	4.07756072850369E-06	1.24992994197487E-05	0.0120148686811616
3.98000000000397	4.07304449825004E-06	1.25411390065367E-05	0.0121296134707083
3.990000000004	4.06855562934879E-06	1.25831760335427E-05	0.012245095051077
4.00000000000402	4.06409386736638E-06	1.26254089614136E-05	0.0123613064891234
4.01000000000399	4.05965896011925E-06	1.26678363264896E-05	0.0124782407971798
4.02000000000397	4.05525065766333E-06	1.2710456737605E-05	0.0125958909226391
4.03000000000395	4.05086871222846E-06	1.27532688731364E-05	0.0127142497177805
4.04000000000392	4.04651287819763E-06	1.27962714779845E-05	0.012833309926276
4.0500000000039	4.0421829120993E-06	1.28394633608116E-05	0.0129530641720425
4.06000000000388	4.03787857256335E-06	1.28828433914026E-05	0.0130735049205926
4.07000000000385	4.03359962026973E-06	1.29264104980293E-05	0.0131946244517432
4.08000000000383	4.029345817971E-06	1.29701636650582E-05	0.0133164148784217
4.09000000000381	4.02511693043123E-06	1.30141019304854E-05	0.0134388680846864
4.10000000000378	4.02091272438253E-06	1.30582243837679E-05	0.0135619757004114
4.11000000000376	4.01673296855088E-06	1.3102530163567E-05	0.0136857291150862
4.12000000000374	4.01257743358461E-06	1.31470184557044E-05	0.013810119475059
4.13000000000371	4.00844589203482E-06	1.31916884910072E-05	0.0139351375022803
4.14000000000369	4.00433811834313E-06	1.32365395435845E-05	0.014060773807019
4.15000000000367	4.00025388881375E-06	1.32815709288902E-05	0.0141870185268323
4.16000000000364	3.9961929815833E-06	1.33267820018282E-05	0.0143138613854258
4.17000000000362	3.99215517660324E-06	1.3372172155222E-05	0.0144412920450862
4.1800000000036	3.98814025560163E-06	1.34177408180242E-05	0.0145692991817612
4.19000000000357	3.98414800208242E-06	1.34634874538429E-05	0.014697872283514
4.20000000000355	3.98017820128285E-06	1.35094115593701E-05	0.0148269986870292
4.21000000000353	3.9762306401524E-06	1.35555126629026E-05	0.0149566666364099
4.2200000000035	3.97230510733483E-06	1.36017903230472E-05	0.0150868638886578
4.23000000000348	3.96840139315043E-06	1.36482441271897E-05	0.0152175769397025
4.24000000000346	3.96451928955761E-06	1.36948736904476E-05	0.0153487922038013
4.25000000000343	3.96065859015319E-06	1.3741678654209E-05	0.0154804952085824
4.26000000000341	3.95681909014004E-06	1.37886586850333E-05	0.0156126746861481
4.27000000000339	3.9530005863048E-06	1.38358134735207E-05	0.0157453104672156
4.28000000000336	3.94920287699528E-06	1.38831427331978E-05	0.0158783862768568
4.29000000000334	3.94542576209942E-06	1.39306461994101E-05	0.016011889657302
4.30000000000332	3.94166904304617E-06	1.39783236283452E-05	0.016145807259286
4.31000000000329	3.93793252275125E-06	1.40261747960774E-05	0.0162801206343069
4.32000000000327	3.93421600561679E-06	1.40741994975306E-05	0.0164148023183142
4.33000000000325	3.93051929752085E-06	1.41223975457206E-05	0.0165498430579526
4.34000000000322	3.92684220578371E-06	1.41707687707146E-05	0.0166852632282466
4.3500000000032	3.92318453914987E-06	1.42193130189533E-05	0.0168209203247189
4.36000000000318	3.91954610778414E-06	1.42680301522862E-05	0.0169568595000479
4.37000000000315	3.91592672322625E-06	1.43169200473028E-05	0.0170930501257384
4.38000000000313	3.91232619840627E-06	1.43659825945253E-05	0.0172295232803234
4.39000000000311	3.90874434759991E-06	1.4415217697836E-05	0.0173661334826509
4.40000000000308	3.905180986427E-06	1.44646252735417E-05	0.0175032813476471
4.41000000000306	3.90163593183368E-06	1.45142052499085E-05	0.0176398850882841
4.42000000000304	3.89810900206107E-06	1.4563957566384E-05	0.0177759863140042
4.43000000000301	3.89460001664404E-06	1.46138821730858E-05	0.0179131036452702
4.44000000000299	3.89110879639407E-06	1.46639790301558E-05	0.0180505717746124
4.45000000000297	3.88763516337615E-06	1.4714248107195E-05	0.0181883896173061
4.46000000000294	3.88417894088874E-06	1.47646893826494E-05	0.0183271474591657
4.47000000000292	3.88073995346434E-06	1.48153028434613E-05	0.0184657362892327
4.4800000000029	3.87731802684586E-06	1.48660884843034E-05	0.0185917244275017
4.49000000000287	3.87391298796952E-06	1.49170463072529E-05	0.0187292330288303
4.50000000000285	3.87052466495197E-06	1.49681763212453E-05	0.0188799469658446
4.51000000000283	3.86715288706852E-06	1.50194785416999E-05	0.0189974046260475
4.5200000000028	3.86379748475096E-06	1.50709529900263E-05	0.0191783209972291
4.53000000000278	3.86045828956649E-06	1.51225996930462E-05	0.0194521764734218
4.54000000000276	3.85713513421028E-06	1.51744186828531E-05	0.0198853492582187
4.55000000000273	3.85382785247255E-06	1.52264099961891E-05	0.0216045650676803
4.56000000000271	3.85053627924692E-06	1.52785736742548E-05	0.0271642935248082
4.57000000000269	3.84726025051596E-06	1.53309097620873E-05	0.0510500565715491
4.58000000000266	3.84399960332447E-06	1.53834183084534E-05	2.87926235368723
4.59000000000264	3.84075417576445E-06	1.54360993652882E-05	NaN
4.60000000000262	3.83752380698149E-06	1.54889529876151E-05	NaN
4.61000000000259	3.83430833715056E-06	1.55419792328521E-05	NaN
4.62000000000257	3.83110760745637E-06	1.55951781609073E-05	NaN
4.63000000000255	3.82792146009662E-06	1.56485498335266E-05	NaN
4.64000000000252	3.82474973825278E-06	1.57020943142354E-05	NaN
4.6500000000025	3.82159228610265E-06	1.57558116679401E-05	NaN
4.66000000000248	3.81844894877748E-06	1.58097019606808E-05	NaN
4.67000000000245	3.8153195723765E-06	1.58637652593411E-05	NaN
4.68000000000243	3.81220400394483E-06	1.59180016314268E-05	NaN
4.69000000000241	3.80910209145665E-06	1.59724111447757E-05	NaN
4.70000000000238	3.80601368381865E-06	1.6026993867406E-05	NaN
4.71000000000236	3.80293863084285E-06	1.60817498670876E-05	NaN
4.72000000000234	3.79987678324817E-06	1.61366792112819E-05	NaN
4.73000000000232	3.7968279926478E-06	1.61917819668605E-05	NaN
4.74000000000229	3.7937921115336E-06	1.62470581999225E-05	NaN
4.75000000000227	3.79076899326997E-06	1.63025079755502E-05	NaN
4.76000000000225	3.78775849208303E-06	1.63581313575861E-05	NaN
4.77000000000222	3.78476046304303E-06	1.64139284083853E-05	NaN
4.7800000000022	3.78177476208007E-06	1.64698991888641E-05	NaN
4.79000000000218	3.77880124593778E-06	1.65260437580097E-05	NaN
4.80000000000215	3.77583977219258E-06	1.65823621728218E-05	NaN
4.81000000000213	3.77289019921966E-06	1.66388544881801E-05	NaN
4.82000000000211	3.76995238622122E-06	1.66955207566038E-05	NaN
4.83000000000208	3.76702619317792E-06	1.67523610281301E-05	NaN
4.84000000000206	3.76411148086203E-06	1.680937535015E-05	NaN
4.85000000000204	3.76120811082073E-06	1.6866563767061E-05	NaN
4.86000000000201	3.75831594536257E-06	1.69239263204041E-05	NaN
4.87000000000199	3.75543484757817E-06	1.6981463048523E-05	NaN
4.88000000000197	3.75256468128968E-06	1.70391739864784E-05	NaN
4.89000000000194	3.7497053110688E-06	1.70970591658383E-05	NaN
4.90000000000192	3.74685660221748E-06	1.71551186146092E-05	NaN
4.9100000000019	3.74401842077087E-06	1.72133523570116E-05	NaN
4.92000000000187	3.74119063348559E-06	1.72717604134203E-05	NaN
4.93000000000185	3.73837310781539E-06	1.73303428001562E-05	NaN
4.94000000000183	3.73556571193789E-06	1.73890995294252E-05	NaN
4.9500000000018	3.73276831471535E-06	1.74480306091448E-05	NaN
4.96000000000178	3.72998078569792E-06	1.75071360428153E-05	NaN
4.97000000000176	3.72720299511733E-06	1.75664158293615E-05	NaN
4.98000000000173	3.72443481388257E-06	1.76258699630667E-05	NaN
4.99000000000171	3.72167611358184E-06	1.76854984334435E-05	NaN
5.00000000000169	3.7189267664411E-06	1.77453012251527E-05	NaN
5.01000000000166	3.71618664535709E-06	1.78052783176409E-05	NaN
5.02000000000164	3.71345562385987E-06	1.78654296854032E-05	NaN
5.03000000000162	3.71073357613505E-06	1.79257552975544E-05	NaN
5.04000000000159	3.70802037698962E-06	1.79862551179564E-05	NaN
5.05000000000157	3.70531590185771E-06	1.80469291048682E-05	NaN
5.06000000000155	3.7026200268107E-06	1.81077772110379E-05	NaN
5.07000000000152	3.69993262850636E-06	1.81687993834291E-05	NaN
5.0800000000015	3.69725358424235E-06	1.82299955632564E-05	NaN
5.09000000000148	3.69458277189835E-06	1.82913656858611E-05	NaN
5.10000000000145	3.69192006996549E-06	1.83529096804103E-05	NaN
5.11000000000143	3.68926535751667E-06	1.84146274701253E-05	NaN
5.12000000000141	3.68661851420639E-06	1.84765189719083E-05	NaN
5.13000000000138	3.6839794202839E-06	1.85385840963306E-05	NaN
5.14000000000136	3.68134795655512E-06	1.86008227475719E-05	NaN
5.15000000000134	3.67872400440176E-06	1.86632348232436E-05	NaN
5.16000000000131	3.6761074457806E-06	1.87258202143585E-05	NaN
5.17000000000129	3.67349816319645E-06	1.87885788052371E-05	NaN
5.18000000000127	3.67089603970782E-06	1.88515104733553E-05	NaN
5.19000000000124	3.6683009589252E-06	1.89146150891704E-05	NaN
5.20000000000122	3.66571280500212E-06	1.89778925163139E-05	NaN
5.2100000000012	3.66313146262627E-06	1.90413426112173E-05	NaN
5.22000000000117	3.66055681702502E-06	1.9104965223105E-05	NaN
5.23000000000115	3.65798875395058E-06	1.91687601939786E-05	NaN
5.24000000000113	3.6554271596881E-06	1.92327273584371E-05	NaN
5.2500000000011	3.65287192103354E-06	1.92968665435242E-05	NaN
5.26000000000108	3.65032292530693E-06	1.93611775688449E-05	NaN
5.27000000000106	3.64778006033249E-06	1.94256602462648E-05	NaN
5.28000000000103	3.64524321445069E-06	1.94903143799709E-05	NaN
5.29000000000101	3.64271227649498E-06	1.95551397663371E-05	NaN
5.30000000000099	3.64018713580944E-06	1.9620136193738E-05	NaN
5.31000000000096	3.6376676822184E-06	1.96853034425621E-05	NaN
5.32000000000094	3.63515380605615E-06	1.97506412851681E-05	NaN
5.33000000000092	3.63264539813066E-06	1.98161494856922E-05	NaN
5.34000000000089	3.63014234973876E-06	1.98818278000492E-05	NaN
5.35000000000087	3.62764455266511E-06	1.994767597576E-05	NaN
5.36000000000085	3.62515189915656E-06	2.00136937518513E-05	NaN
5.37000000000082	3.62266428193453E-06	2.00798808589787E-05	NaN
5.3800000000008	3.62018159420548E-06	2.01462370191299E-05	NaN
5.39000000000078	3.61770372962983E-06	2.02127619455893E-05	NaN
5.40000000000075	3.61523058233346E-06	2.02794553428657E-05	NaN
5.41000000000073	3.61276204689754E-06	2.03463169066304E-05	NaN
5.42000000000071	3.61029801837131E-06	2.04133463235735E-05	NaN
5.43000000000068	3.6078383922546E-06	2.04805432714291E-05	NaN
5.44000000000066	3.60538306448352E-06	2.05479074188672E-05	NaN
5.45000000000064	3.60293193146639E-06	2.06154384252857E-05	NaN
5.46000000000061	3.60048489003423E-06	2.06831359408336E-05	NaN
5.47000000000059	3.59804183747134E-06	2.07509996063477E-05	NaN
5.48000000000057	3.59560267150368E-06	2.08190290531916E-05	NaN
5.49000000000054	3.59316729028721E-06	2.08872239032789E-05	NaN
5.50000000000052	3.59073559242241E-06	2.09555837689243E-05	NaN
5.5100000000005	3.58830747693105E-06	2.10241082527705E-05	NaN
5.52000000000047	3.58588284326189E-06	2.10927969477198E-05	NaN
5.53000000000045	3.58346159130287E-06	2.11616494368798E-05	NaN
5.54000000000043	3.58104362135967E-06	2.1230665293374E-05	NaN
5.5500000000004	3.57862883416737E-06	2.12998440804152E-05	NaN
5.56000000000038	3.57621713086809E-06	2.13691853511431E-05	NaN
5.57000000000036	3.57380841303687E-06	2.14386886486091E-05	NaN
5.58000000000033	3.57140258265031E-06	2.15083535055209E-05	NaN
5.59000000000031	3.56899954211513E-06	2.15781794445028E-05	NaN
5.60000000000029	3.56659919423648E-06	2.16481659776215E-05	NaN
5.61000000000026	3.56420144223591E-06	2.17183126065649E-05	NaN
5.62000000000024	3.56180618974925E-06	2.1788618822591E-05	NaN
5.63000000000022	3.55941334080956E-06	2.18590841062178E-05	NaN
5.64000000000019	3.55702279986026E-06	2.19297079274257E-05	NaN
5.65000000000017	3.55463447174841E-06	2.20004897453915E-05	NaN
5.66000000000015	3.55224826172105E-06	2.20714290085292E-05	NaN
5.67000000000012	3.54986407542406E-06	2.21425251542915E-05	NaN
5.6800000000001	3.54748181891299E-06	2.22137776091323E-05	NaN
5.69000000000008	3.5451013986276E-06	2.2285185788626E-05	NaN
5.70000000000005	3.54272272141551E-06	2.23567490971322E-05	NaN
5.71000000000003	3.54034569451359E-06	2.24284669278858E-05	NaN
5.72000000000001	3.53797022554636E-06	2.25003386628332E-05	NaN
5.73009999999998	3.53557248960679E-06	2.25730846945862E-05	NaN
5.74009999999996	3.53319987426278E-06	2.26452638615209E-05	NaN
5.75009999999994	3.53082854119604E-06	2.2717595003742E-05	NaN
5.76009999999991	3.52845839960903E-06	2.27900774573256E-05	NaN
5.77009999999989	3.52608935908989E-06	2.28627105468822E-05	NaN
5.78009999999987	3.52372132961116E-06	2.29354935852046E-05	NaN
5.79009999999984	3.52135422154176E-06	2.30084258735146E-05	NaN
5.80009999999982	3.51898794563049E-06	2.30815067010296E-05	NaN
5.8100999999998	3.51662241301091E-06	2.31547353452084E-05	NaN
5.82009999999977	3.51425753520679E-06	2.32281110716074E-05	NaN
5.83009999999975	3.51189322411979E-06	2.33016331336357E-05	NaN
5.84009999999973	3.50952939203236E-06	2.33753007728E-05	NaN
5.8500999999997	3.50716595162508E-06	2.34491132183564E-05	NaN
5.86009999999968	3.50480281594923E-06	2.35230696873775E-05	NaN
5.87009999999966	3.50243989844082E-06	2.35971693846444E-05	NaN
5.88009999999963	3.50007711290969E-06	2.36714115027029E-05	NaN
5.89009999999961	3.4977143735685E-06	2.3745795221648E-05	NaN
5.90009999999959	3.49535159499041E-06	2.38203197091055E-05	NaN
5.91009999999956	3.49298869213277E-06	2.38949841202904E-05	NaN
5.92009999999954	3.49062558033806E-06	2.39697875977242E-05	NaN
5.93009999999952	3.48826217533205E-06	2.40447292712944E-05	NaN
5.94009999999949	3.48589839321215E-06	2.41198082582285E-05	NaN
5.95009999999947	3.48353415046495E-06	2.41950236631411E-05	NaN
5.96009999999945	3.48116936394768E-06	2.42703745775682E-05	NaN
5.97009999999942	3.47880395091092E-06	2.43458600803431E-05	NaN
5.9800999999994	3.4764378289741E-06	2.44214792374181E-05	NaN
5.99009999999938	3.47407091614169E-06	2.44972311016442E-05	NaN
6.00009999999935	3.47170313080158E-06	2.45731147129048E-05	NaN
6.01009999999933	3.46933439170853E-06	2.46491290980672E-05	NaN
6.02009999999931	3.46696461802136E-06	2.47252732706778E-05	NaN
6.03009999999929	3.46459372925746E-06	2.48015462313242E-05	NaN
6.04009999999926	3.46222164533288E-06	2.48779469671627E-05	NaN
6.05009999999924	3.45984828653498E-06	2.49544744520858E-05	NaN
6.06009999999922	3.45747357353367E-06	2.50311276467873E-05	NaN
6.07009999999919	3.4550974273955E-06	2.51079054983749E-05	NaN
6.08009999999917	3.45271976954913E-06	2.51848069406759E-05	NaN
6.09009999999915	3.45034052182643E-06	2.52618308939946E-05	NaN
6.10009999999912	3.44795960642877E-06	2.53389762650936E-05	NaN
6.1100999999991	3.44557694595015E-06	2.54162419471553E-05	NaN
6.12009999999908	3.44319246337266E-06	2.54936268196619E-05	NaN
6.13009999999905	3.44080608205718E-06	2.55711297485375E-05	NaN
6.14009999999903	3.43841772575362E-06	2.56487495859924E-05	NaN
6.15009999999901	3.43602731859837E-06	2.57264851705583E-05	NaN
6.16009999999898	3.43363478512067E-06	2.58043353269119E-05	NaN
6.17009999999896	3.4312400502405E-06	2.58822988657712E-05	NaN
6.18009999999894	0	2.596037458432E-05	NaN
6.19009999999891	0	2.60385612656149E-05	NaN
6.20009999999889	0	2.61168576787564E-05	NaN
6.21009999999887	0	2.61952625790587E-05	NaN
6.22009999999884	0	2.62737747076593E-05	NaN
6.23009999999882	0	2.63523927919034E-05	NaN
6.2400999999988	3.05568154799093E-08	2.64311155447785E-05	NaN
6.25009999999877	2.50874858922651E-07	2.6509941665374E-05	NaN
6.26009999999875	5.94698366391085E-07	2.65888698387505E-05	NaN
6.27009999999873	9.65995903294446E-07	2.66678987355127E-05	NaN
6.2800999999987	1.31105649778646E-06	2.67470270124554E-05	NaN
6.29009999999868	1.60731022949636E-06	2.68262533119949E-05	NaN
6.30009999999866	1.84988782991947E-06	2.69055762624128E-05	NaN
6.31009999999863	2.04254958762059E-06	2.69849944776478E-05	NaN
6.32009999999861	2.19245475121183E-06	2.70645065575226E-05	NaN
6.33009999999859	2.30743730353826E-06	2.71441110874741E-05	NaN
6.34009999999856	2.39474110903814E-06	2.72238066387071E-05	NaN
6.35009999999854	2.46054322011233E-06	2.73035917681287E-05	NaN
6.36009999999852	2.50987203370153E-06	2.73834650183793E-05	NaN
6.37009999999849	2.54670314119215E-06	2.74634249177032E-05	NaN
6.38009999999847	2.57411934571359E-06	2.75434699799348E-05	NaN
6.39009999999845	2.59447935873202E-06	2.76235987047188E-05	NaN
6.40009999999842	2.60957083965161E-06	2.77038095770858E-05	NaN
6.4100999999984	2.62073939351604E-06	2.77841010680918E-05	NaN
6.42009999999838	2.62899279228601E-06	2.78644716340398E-05	NaN
6.43009999999835	2.63508295987553E-06	2.79449197171221E-05	NaN
6.44009999999833	2.63956932936967E-06	2.80254437449721E-05	NaN
6.45009999999831	2.64286720813141E-06	2.81060421310206E-05	NaN
6.46009999999828	2.64528437892419E-06	2.81867132741611E-05	NaN
6.47009999999826	2.64704862496624E-06	2.82674555590757E-05	NaN
6.48009999999824	2.64832833411411E-06	2.83482673559438E-05	NaN
6.49009999999821	2.64924786913956E-06	2.84291470205881E-05	NaN
6.50009999999819	2.64989900361514E-06	2.85100928946392E-05	NaN
6.51009999999817	2.65034941327941E-06	2.85911033052074E-05	NaN
6.52009999999814	2.65064897104718E-06	2.86721765651186E-05	NaN
6.53009999999812	2.65083440777483E-06	2.87533109729253E-05	NaN
6.5400999999981	2.65093275942511E-06	2.88345048128376E-05	NaN
6.55009999999807	2.65096391445682E-06	2.8915756354712E-05	NaN
6.56009999999805	2.65094249478043E-06	2.89970638543556E-05	NaN
6.57009999999803	2.65087924375916E-06	2.90784255530659E-05	NaN
6.580099999998	2.65078204984881E-06	2.9159839678102E-05	NaN
6.59009999999798	2.65065670104737E-06	2.92413044424257E-05	NaN
6.60009999999796	2.65050744071786E-06	2.93228180448742E-05	NaN
6.61009999999793	2.65033737683698E-06	2.94043786700899E-05	NaN
6.62009999999791	2.65014878320022E-06	2.94859844886067E-05	NaN
6.63009999999789	2.6499433210096E-06	2.95676336570015E-05	NaN
6.64009999999786	2.64972220179498E-06	2.96493243175207E-05	NaN
6.65009999999784	2.64948630718594E-06	2.97310545986901E-05	NaN
6.66009999999782	2.64923627688507E-06	2.98128226149136E-05	NaN
6.67009999999779	2.64897257328405E-06	2.98946264665899E-05	NaN
6.68009999999777	2.64869552889704E-06	2.99764642403293E-05	NaN
6.69009999999775	2.64840538115872E-06	3.00583340088334E-05	NaN
6.70009999999772	2.64810229796016E-06	3.01402338311202E-05	NaN
6.7100999999977	2.64778639635547E-06	3.02221617522901E-05	NaN
6.72009999999768	2.64745775628911E-06	3.03041158038557E-05	NaN
6.73009999999765	2.64711643063769E-06	3.0386094003451E-05	NaN
6.74009999999763	2.64676245256981E-06	3.04680943553845E-05	NaN
6.75009999999761	2.64639584092373E-06	3.05501148501877E-05	NaN
6.76009999999758	2.6460166041786E-06	3.06321534650671E-05	NaN
6.77009999999756	2.64562474331082E-06	3.07142081637412E-05	NaN
6.78009999999754	2.64522025390195E-06	3.07962768964923E-05	NaN
6.79009999999751	2.6448031277024E-06	3.08783576003358E-05	NaN
6.80009999999749	2.6443733537334E-06	3.096044819913E-05	NaN
6.81009999999747	2.64393091913264E-06	3.10425466034921E-05	NaN
6.82009999999744	2.64347580973996E-06	3.11246507108684E-05	NaN
6.83009999999742	2.64300801054307E-06	3.1206758405771E-05	NaN
6.8400999999974	2.64252750600177E-06	3.12888675597192E-05	NaN
6.85009999999737	2.64203428027261E-06	3.13709760315255E-05	NaN
6.86009999999735	2.64152831739826E-06	3.1453081666988E-05	NaN
6.87009999999733	2.64100960141018E-06	3.15351822991944E-05	NaN
6.8800999999973	2.64047811643819E-06	3.16172757487421E-05	NaN
6.89009999999728	2.63993384677938E-06	3.16993598235995E-05	NaN
6.90009999999726	2.63937677693452E-06	3.17814323193918E-05	NaN
6.91009999999723	2.63880689165592E-06	3.18634910192103E-05	NaN
6.92009999999721	2.63822417596856E-06	3.19455336940368E-05	NaN
6.93009999999719	2.63762861519724E-06	3.20275581026548E-05	NaN
6.94009999999716	2.63702019497572E-06	3.21095619915939E-05	NaN
6.95009999999714	2.63639890126269E-06	3.21915430955141E-05	NaN
6.96009999999712	2.63576472034982E-06	3.22734991374251E-05	NaN
6.97009999999709	2.63511763886772E-06	3.23554278282608E-05	NaN
6.98009999999707	2.63445764379768E-06	3.24373268674319E-05	NaN
6.99009999999705	2.63378472246867E-06	3.25191939427372E-05	NaN
7.00009999999702	2.63309886256589E-06	3.26010267305681E-05	NaN
7.010099999997	2.63240005212642E-06	3.26828228960695E-05	NaN
7.02009999999698	2.63168827956512E-06	3.27645800929743E-05	NaN
7.03009999999695	2.63096353364851E-06	3.28462959641935E-05	NaN
7.04009999999693	2.63022580351918E-06	3.29279681414543E-05	NaN
7.05009999999691	2.62947507868475E-06	3.30095942457733E-05	NaN
7.06009999999688	2.6287113490275E-06	3.30911718872698E-05	NaN
7.07009999999686	2.62793460480062E-06	3.31726986656496E-05	NaN
7.08009999999684	2.62714483664215E-06	3.32541721700409E-05	NaN
7.09009999999681	2.62634203556388E-06	3.33355899791996E-05	NaN
7.10009999999679	2.62552619296014E-06	3.34169496617841E-05	NaN
7.11009999999677	2.62469730061104E-06	3.3498248776574E-05	NaN
7.12009999999674	2.6238553506759E-06	3.35794848720856E-05	NaN
7.13009999999672	2.62300033571198E-06	3.36606554872028E-05	NaN
7.1400999999967	2.62213224865508E-06	3.37417581510831E-05	NaN
7.15009999999667	2.62125108283656E-06	3.38227903836059E-05	NaN
7.16009999999665	2.62035683198447E-06	3.39037496951477E-05	NaN
7.17009999999663	2.61944949021563E-06	3.39846335868553E-05	NaN
7.1800999999966	2.6185290520518E-06	3.40654395509477E-05	NaN
7.19009999999658	2.61759551240175E-06	3.41461650706779E-05	NaN
7.20009999999656	2.61664886658898E-06	3.42268076206885E-05	NaN
7.21009999999653	2.61568911032691E-06	3.43073646670643E-05	NaN
7.22009999999651	2.61471623973967E-06	3.43878336673066E-05	NaN
7.23009999999649	2.61373025135286E-06	3.44682120708344E-05	NaN
7.24009999999647	2.61273114210294E-06	3.45484973189566E-05	NaN
7.25009999999644	2.61171890933661E-06	3.46286868451128E-05	NaN
7.26009999999642	0	3.47087780749202E-05	NaN
7.2700999999964	0	3.47887684265131E-05	NaN
7.28009999999637	0	3.48686553107561E-05	NaN
7.29009999999635	0	3.49484361309183E-05	NaN
7.30009999999633	0	3.50281082837955E-05	NaN
7.3100999999963	0	3.51076691589535E-05	NaN
7.32009999999628	4.43310293344612E-09	3.51871161393836E-05	NaN
7.33009999999626	1.43843171428644E-07	3.52664466016643E-05	NaN
7.34009999999623	4.16296361548918E-07	3.53456579161723E-05	NaN
7.35009999999621	7.26007578769365E-07	3.54247474470062E-05	NaN
7.36009999999619	1.01709090497847E-06	3.55037125524687E-05	NaN
7.37009999999616	1.26614661359162E-06	3.55825505851983E-05	NaN
7.38009999999614	1.4680502971108E-06	3.56612588922704E-05	NaN
7.39009999999612	1.62630401956983E-06	3.57398348153964E-05	NaN
7.40009999999609	1.74762492330425E-06	3.58182756912403E-05	NaN
7.41009999999607	1.83923967700678E-06	3.58965788517155E-05	NaN
7.42009999999605	1.90769832872546E-06	3.5974741623846E-05	NaN
7.43009999999602	1.95847319306382E-06	3.60527613300911E-05	NaN
7.440099999996	1.99592982754117E-06	3.61306352888247E-05	NaN
7.45009999999598	2.02345232661317E-06	3.62083608144999E-05	NaN
7.46009999999595	2.04361499606591E-06	3.62859352173281E-05	NaN
7.47009999999593	2.05835117342465E-06	3.63633558040623E-05	NaN
7.48009999999591	2.06909988546662E-06	3.64406198779552E-05	NaN
7.49009999999588	2.07692544031252E-06	3.65177247391418E-05	NaN
7.50009999999586	2.08261139736219E-06	3.65946676849374E-05	NaN
7.51009999999584	2.08673269026046E-06	3.66714460095116E-05	NaN
7.52009999999581	2.08971012511825E-06	3.67480570046615E-05	NaN
7.53009999999579	2.09185112268004E-06	3.68244979600405E-05	NaN
7.54009999999577	2.09337994879617E-06	3.69007661629579E-05	NaN
7.55009999999574	2.09446002529645E-06	3.69768588989825E-05	NaN
7.56009999999572	2.0952103320848E-06	3.70527734520392E-05	NaN
7.5700999999957	2.09571743089677E-06	3.7128507104734E-05	NaN
7.58009999999567	2.09604426068444E-06	3.72040571382611E-05	NaN
7.59009999999565	2.09623656108183E-06	3.72794208332235E-05	NaN
7.60009999999563	2.09632755774086E-06	3.73545954694154E-05	NaN
7.6100999999956	2.09634137655607E-06	3.74295783259282E-05	NaN
7.62009999999558	2.0962955296432E-06	3.7504366681993E-05	NaN
7.63009999999556	2.09620272428443E-06	3.75789578166813E-05	NaN
7.64009999999553	2.09607217848839E-06	3.76533490094184E-05	NaN
7.65009999999551	2.09591057732E-06	3.77275375398661E-05	NaN
7.66009999999549	2.0957227677451E-06	3.78015206888152E-05	NaN
7.67009999999546	2.09551226334677E-06	3.7875295738048E-05	NaN
7.68009999999544	2.09528161076826E-06	3.79488599701797E-05	NaN
7.69009999999542	2.09503265571312E-06	3.80222106697364E-05	NaN
7.70009999999539	2.09476673593396E-06	3.80953451228905E-05	NaN
7.71009999999537	2.09448482123359E-06	3.81682606177743E-05	NaN
7.72009999999535	2.09418761499874E-06	3.8240954444802E-05	NaN
7.73009999999532	2.09387562778709E-06	3.8313423896942E-05	NaN
7.7400999999953	2.09354923067816E-06	3.83856662696815E-05	NaN
7.75009999999528	2.09320869391707E-06	3.84576788619779E-05	NaN
7.76009999999525	2.09285421491932E-06	3.85294589755223E-05	NaN
7.77009999999523	2.09248593852844E-06	3.8601003915902E-05	NaN
7.78009999999521	2.09210397170131E-06	3.8672310992416E-05	NaN
7.79009999999518	2.09170839412653E-06	3.87433775183121E-05	NaN
7.80009999999516	2.09129926591577E-06	3.88142008112547E-05	NaN
7.81009999999514	2.09087663315357E-06	3.88847781934873E-05	NaN
7.82009999999511	2.09044053192908E-06	3.895510699176E-05	NaN
7.83009999999509	2.08999099122999E-06	3.90251845384754E-05	NaN
7.84009999999507	2.08952803504543E-06	3.90950081709966E-05	NaN
7.85009999999504	2.08905168389592E-06	3.91645752325127E-05	NaN
7.86009999999502	2.08856195591439E-06	3.92338830717417E-05	NaN
7.870099999995	2.08805886765046E-06	3.93029290438334E-05	NaN
7.88009999999497	2.08754243462817E-06	3.93717105103566E-05	NaN
7.89009999999495	2.08701267177252E-06	3.94402248394756E-05	NaN
7.90009999999493	2.08646959369761E-06	3.95084694061596E-05	NaN
7.9100999999949	2.08591321492417E-06	3.95764415925928E-05	NaN
7.92009999999488	2.08534355003151E-06	3.96441387886566E-05	NaN
7.93009999999486	2.08476061377499E-06	3.9711558391824E-05	NaN
7.94009999999483	2.08416442115906E-06	3.97786978075295E-05	NaN
7.95009999999481	2.08355498749563E-06	3.9845554449466E-05	NaN
7.96009999999479	2.08293232845264E-06	3.99121257399227E-05	NaN
7.97009999999476	2.08229646007639E-06	3.99784091099193E-05	NaN
7.98009999999474	2.08164739880865E-06	4.00444019996013E-05	NaN
7.99009999999472	2.08098516151263E-06	4.01101018581817E-05	NaN
8.00009999999469	2.08030976548128E-06	4.01755061448134E-05	NaN
8.01009999999467	2.07962122843543E-06	4.02406123283287E-05	NaN
8.02009999999465	2.07891956853761E-06	4.03054178877656E-05	NaN
8.03009999999462	2.07820480438665E-06	4.03699203122249E-05	NaN
8.0400999999946	2.0774769550351E-06	4.0434117101979E-05	NaN
8.05009999999458	2.07673603997312E-06	4.04980057678162E-05	NaN
8.06009999999455	2.07598207914361E-06	4.0561583831883E-05	NaN
8.07009999999453	2.07521509292464E-06	4.06248488274737E-05	NaN
8.08009999999451	2.07443510215056E-06	4.0687798299964E-05	NaN
8.09009999999448	0	4.07504298064692E-05	NaN
8.10009999999446	0	4.08127409163228E-05	NaN
8.11009999999444	0	4.08747292113578E-05	NaN
8.12009999999441	0	4.09363922862733E-05	NaN
8.13009999999439	0	4.09977277485977E-05	NaN
8.14009999999437	5.56597208875728E-09	4.10587332191829E-05	NaN
8.15009999999434	1.33378932669482E-07	4.11194063324771E-05	NaN
8.16009999999432	3.69576298226182E-07	4.11797447364589E-05	NaN
8.1700999999943	6.31161904115391E-07	4.12397460933552E-05	NaN
8.18009999999427	8.72354644540511E-07	4.1299408079501E-05	NaN
8.19009999999425	1.07541148989888E-06	4.13587283859836E-05	NaN
8.20009999999423	1.23765427758146E-06	4.14177047183728E-05	NaN
8.2100999999942	1.36312564296809E-06	4.14763347975E-05	NaN
8.22009999999418	1.45810116255107E-06	4.15346163593272E-05	NaN
8.23009999999416	1.52894916168408E-06	4.15925471555041E-05	NaN
8.24009999999413	1.58125790213655E-06	4.16501249534256E-05	NaN
8.25009999999411	1.61959061697304E-06	4.17073475363416E-05	NaN
8.26009999999409	1.64752206366064E-06	4.17642127037938E-05	NaN
8.27009999999406	1.66778088198574E-06	4.18207182721566E-05	NaN
8.28009999999404	1.68241463110922E-06	4.18768620739005E-05	NaN
8.29009999999402	1.69294210283599E-06	4.19326419591356E-05	NaN
8.30009999999399	1.70048085605296E-06	4.19880557946077E-05	NaN
8.31009999999397	1.70584856547769E-06	4.20431014649583E-05	NaN
8.32009999999395	1.70964107252074E-06	4.20977768722659E-05	NaN
8.33009999999392	1.71229129754811E-06	4.21520799368748E-05	NaN
8.3400999999939	1.71411311411822E-06	4.22060085969417E-05	NaN
8.35009999999388	1.71533372478658E-06	4.22595608089571E-05	NaN
8.36009999999385	1.71611739885965E-06	4.23127345481989E-05	NaN
8.37009999999383	1.71658279751444E-06	4.23655278086171E-05	NaN
8.38009999999381	1.71681557718236E-06	4.24179386030385E-05	NaN
8.39009999999378	1.71687753617355E-06	4.2469964963945E-05	NaN
8.40009999999376	1.71681324096385E-06	4.25216049430621E-05	NaN
8.41009999999374	1.71665482030413E-06	4.25728566120672E-05	NaN
8.42009999999371	1.71642543030325E-06	4.26237180621326E-05	NaN
8.43009999999369	1.71614175697078E-06	4.26741874047656E-05	NaN
8.44009999999367	1.7158158225241E-06	4.27242627719798E-05	NaN
8.45009999999365	1.71545628849296E-06	4.27739423158541E-05	NaN
8.46009999999362	1.71506939544443E-06	4.2823224209592E-05	NaN
8.4700999999936	1.71465964040281E-06	4.28721066472925E-05	NaN
8.48009999999358	1.71423026506057E-06	4.29205878437313E-05	NaN
8.49009999999355	1.7137836074828E-06	4.29686660355507E-05	NaN
8.50009999999353	1.71332135548562E-06	4.30163394805621E-05	NaN
8.51009999999351	1.71284472906633E-06	4.30636064584459E-05	NaN
8.52009999999348	1.71235461174805E-06	4.31104652709087E-05	NaN
8.53009999999346	1.71185164513435E-06	4.31569142412336E-05	NaN
8.54009999999344	1.71133629695464E-06	4.32029517154655E-05	NaN
8.55009999999341	1.71080891001658E-06	4.32485760621023E-05	NaN
8.56009999999339	1.71026973742996E-06	4.329378567184E-05	NaN
8.57009999999337	1.70971896793818E-06	4.33385789584479E-05	NaN
8.58009999999334	1.70915674412146E-06	4.33829543583875E-05	NaN
8.59009999999332	1.70858317551549E-06	4.34269103315545E-05	NaN
8.6000999999933	1.70799834799924E-06	4.34704453609722E-05	NaN
8.61009999999327	1.70740233057931E-06	4.35135579532623E-05	NaN
8.62009999999325	1.7067951802386E-06	4.35562466382662E-05	NaN
8.63009999999323	1.70617694543086E-06	4.35985099699232E-05	NaN
8.6400999999932	1.70554766859577E-06	4.36403465262499E-05	NaN
8.65009999999318	1.70490738794828E-06	4.368175490871E-05	NaN
8.66009999999316	1.70425613877062E-06	4.37227337433832E-05	NaN
8.67009999999313	1.70359395434673E-06	4.37632816805303E-05	NaN
8.68009999999311	1.70292086662537E-06	4.38033973952421E-05	NaN
8.69009999999309	1.70223690669063E-06	4.38430795865988E-05	NaN
8.70009999999306	1.70154210510962E-06	4.38823269790092E-05	NaN
8.71009999999304	1.70083649217112E-06	4.39211383214606E-05	NaN
8.72009999999302	1.70012009806216E-06	4.39595123881858E-05	NaN
8.73009999999299	1.69939295300187E-06	4.39974479780675E-05	NaN
8.74009999999297	1.69865508730941E-06	4.40349439158206E-05	NaN
8.75009999999295	1.69790653148742E-06	4.40719990509403E-05	NaN
8.76009999999292	0	4.41086122586557E-05	NaN
8.7700999999929	0	4.41447824398273E-05	NaN
8.78009999999288	0	4.41805085212326E-05	NaN
8.79009999999285	0	4.42157894548754E-05	NaN
8.80009999999283	0	4.42506242188568E-05	NaN
8.81009999999281	1.88979196890793E-08	4.42850118170407E-05	NaN
8.82009999999278	1.6117581645341E-07	4.4318951279966E-05	NaN
8.83009999999276	3.75927943936437E-07	4.43524416636785E-05	NaN
8.84009999999274	5.97802834751043E-07	4.43854820509145E-05	NaN
8.85009999999271	7.94859484696854E-07	4.44180715503276E-05	NaN
8.86009999999269	9.56684438367873E-07	4.4450209297057E-05	NaN
8.87009999999267	1.08359760261402E-06	4.44818944525523E-05	NaN
8.88009999999264	1.18027461216819E-06	4.45131262054154E-05	NaN
8.89009999999262	1.25250718397275E-06	4.45439037699452E-05	NaN
8.9000999999926	1.30575735340435E-06	4.45742263876381E-05	NaN
8.91009999999257	1.34463512316796E-06	4.46040933265046E-05	NaN
8.92009999999255	1.37281035233708E-06	4.46335038815547E-05	NaN
8.93009999999253	1.39310475990454E-06	4.46624573741851E-05	NaN
8.9400999999925	1.40764060772327E-06	4.46909531529672E-05	NaN
8.95009999999248	1.41799094928973E-06	4.47189905930939E-05	NaN
8.96009999999246	1.42531023347763E-06	4.47465690965763E-05	NaN
8.97009999999243	1.43043988519162E-06	4.47736880928039E-05	NaN
8.98009999999241	1.43399021828543E-06	4.48003470381044E-05	NaN
8.99009999999239	1.436402392638E-06	4.48265454155693E-05	NaN
9.00009999999236	1.4379945096785E-06	4.48522827351182E-05	NaN
9.01009999999234	1.43899552860883E-06	4.48775585341774E-05	NaN
9.02009999999232	1.43957003167662E-06	4.49023723770679E-05	NaN
9.03009999999229	1.43983621136941E-06	4.49267238548901E-05	NaN
9.04009999999227	1.43987888543122E-06	4.49506125864049E-05	NaN
9.05009999999225	1.43975888873425E-06	4.49740382171688E-05	NaN
9.06009999999222	1.43951983741391E-06	4.49970004195384E-05	NaN
9.0700999999922	1.43919299352855E-06	4.50194988931057E-05	NaN
9.08009999999218	1.43880075993202E-06	4.50415333651764E-05	NaN
9.09009999999215	1.43835918909733E-06	4.50631035885675E-05	NaN
9.10009999999213	1.43787978297955E-06	4.50842093450708E-05	NaN
9.11009999999211	1.43737078367928E-06	4.51048504423984E-05	NaN
9.12009999999208	1.43683809860074E-06	4.51250267149385E-05	NaN
9.13009999999206	1.43628596339917E-06	4.51447380248668E-05	NaN
9.14009999999204	1.43571741694175E-06	4.51639842607334E-05	NaN
9.15009999999201	1.43513464146943E-06	4.5182765338293E-05	NaN
9.16009999999199	1.43453920621669E-06	4.52010812000411E-05	NaN
9.17009999999197	1.4339322418117E-06	4.52189318153433E-05	NaN
9.18009999999194	1.43331456513678E-06	4.52363171803073E-05	NaN
9.19009999999192	1.43268676869438E-06	4.5253237317666E-05	NaN
9.2000999999919	1.43204928454907E-06	4.52696922773355E-05	NaN
9.21009999999187	1.43140243009757E-06	4.52856821353999E-05	NaN
9.22009999999185	1.4307464407943E-06	4.53012069942117E-05	NaN
9.23009999999183	1.43008149357595E-06	4.53162669834273E-05	NaN
9.2400999999918	1.42940772360476E-06	4.53308622581686E-05	NaN
9.25009999999178	1.42872523625174E-06	4.53449930010028E-05	NaN
9.26009999999176	1.42803411565478E-06	4.53586594197662E-05	NaN
9.27009999999173	1.42733443084191E-06	4.53718617489919E-05	NaN
9.28009999999171	1.42662624010681E-06	4.53846002494226E-05	NaN
9.29009999999169	1.42590959413409E-06	4.53968752076293E-05	NaN
9.30009999999166	1.42518453823374E-06	4.54086869363831E-05	NaN
9.31009999999164	1.42445111393873E-06	4.54200357741183E-05	NaN
9.32009999999162	1.42370936014626E-06	4.54309220850517E-05	NaN
9.33009999999159	0	4.54413462593005E-05	NaN
9.34009999999157	0	4.54513087118319E-05	NaN
9.35009999999155	0	4.54608098837415E-05	NaN
9.36009999999152	0	4.54698502417216E-05	NaN
9.3700999999915	0	4.54784302769943E-05	NaN
9.38009999999148	4.4817636194905E-08	4.54865505062574E-05	NaN
9.39009999999145	1.98273649371226E-07	4.54942114710541E-05	NaN
9.40009999999143	3.92476024117835E-07	4.55014137382536E-05	NaN
9.41009999999141	5.79784753741825E-07	4.55081578992384E-05	NaN
9.42009999999138	7.39940977450217E-07	4.55144445698441E-05	NaN
9.43009999999136	8.6821564650748E-07	4.55202743905773E-05	NaN
9.44009999999134	9.66985894934196E-07	4.55256480263744E-05	NaN
9.45009999999131	1.04113340342876E-06	4.55305661666853E-05	NaN
9.46009999999129	1.0958497538386E-06	4.55350295243339E-05	NaN
9.47009999999127	1.13573871139884E-06	4.55390388371102E-05	NaN
9.48009999999124	1.1645532456549E-06	4.55425948656301E-05	NaN
9.49009999999122	1.18521283961424E-06	4.55456983945808E-05	NaN
9.5000999999912	1.19992461769593E-06	4.55483502323906E-05	NaN
9.51009999999117	1.21032671735216E-06	4.5550551210602E-05	NaN
9.52009999999115	1.21762013193547E-06	4.55523021843194E-05	NaN
9.53009999999113	1.22267801777909E-06	4.55536040312708E-05	NaN
9.5400999999911	1.22613150741424E-06	4.55544576522153E-05	NaN
9.55009999999108	1.22843493904726E-06	4.55548639708863E-05	NaN
9.56009999999106	1.22991443820859E-06	4.55548239336938E-05	NaN
9.57009999999103	1.23080361747793E-06	4.5554338508789E-05	NaN
9.58009999999101	1.23126957261714E-06	4.55534086872433E-05	NaN
9.59009999999099	1.23143169442254E-06	4.55520354819328E-05	NaN
9.60009999999096	1.23137522224604E-06	4.5550219927708E-05	NaN
9.61009999999094	1.23116097884195E-06	4.55479630810014E-05	NaN
9.62009999999092	1.23083234705099E-06	4.55452660197935E-05	NaN
9.63009999999089	1.23042026184217E-06	4.55421298434291E-05	NaN
9.64009999999087	1.22994677817396E-06	4.55385556728188E-05	NaN
9.65009999999085	1.22942761881918E-06	4.55345446493796E-05	NaN
9.66009999999083	1.22887399262753E-06	4.55300979357959E-05	NaN
9.6700999999908	1.22829389150386E-06	4.55252167147341E-05	NaN
9.68009999999078	1.22769301523408E-06	4.55199021897364E-05	NaN
9.69009999999076	1.22707543073989E-06	4.55141555845934E-05	NaN
9.70009999999073	1.22644404189306E-06	4.55079781429524E-05	NaN
9.71009999999071	1.22580092429064E-06	4.55013711286586E-05	NaN
9.72009999999069	1.22514756376072E-06	4.54943358245332E-05	NaN
9.73009999999066	1.22448502622502E-06	4.54868735330806E-05	NaN
9.74009999999064	1.22381407870692E-06	4.54789855765524E-05	NaN
9.75009999999062	1.22313527548452E-06	4.54706732959957E-05	NaN
9.76009999999059	1.22244901944228E-06	4.54619380507088E-05	NaN
9.77009999999057	1.22175560575345E-06	4.54527812195009E-05	NaN
9.78009999999055	1.22105525296503E-06	4.54432041991446E-05	NaN
9.79009999999052	1.22034812514319E-06	4.54332084047031E-05	NaN
9.8000999999905	1.21963434761789E-06	4.5422795269051E-05	NaN
9.81009999999048	1.21891401819595E-06	4.54119662428666E-05	NaN
9.82009999999045	0	4.54007227948754E-05	NaN
9.83009999999043	0	4.53890664105884E-05	NaN
9.84009999999041	0	4.53769985931226E-05	NaN
9.85009999999038	0	4.53645208619707E-05	NaN
9.86009999999036	0	4.53516347538957E-05	NaN
9.87009999999034	1.05367932061404E-08	4.53383418221373E-05	NaN
9.88009999999031	1.15468516613502E-07	4.53246436359081E-05	NaN
9.89009999999029	2.803595681566E-07	4.53105417799979E-05	NaN
9.90009999999027	4.51044439996153E-07	4.52960378563241E-05	NaN
9.91009999999024	6.01531118941358E-07	4.52811334812836E-05	NaN
9.92009999999022	7.23804158373479E-07	4.52658302874547E-05	NaN
9.9300999999902	8.18546869525921E-07	4.52501299216609E-05	NaN
9.94009999999017	8.89798947138004E-07	4.52340340462767E-05	NaN
9.95009999999015	9.42331065647374E-07	4.52175443382707E-05	NaN
9.96009999999013	9.80526091756861E-07	4.52006624893193E-05	NaN
9.9700999999901	1.00800985308066E-06	4.51833902049525E-05	NaN
9.98009999999008	1.02761958137171E-06	4.51657292050432E-05	NaN
9.99009999999006	1.04150325583385E-06	4.51476812227625E-05	NaN
