t	La
0	0	0
0.02	2.47270495001043	5.02831488843767
0.04	5.07555226581088	10.0566297768754
0.06	7.67839958161133	15.084944665313
0.0800000000000001	10.2812468974118	20.1132595537507
0.1	12.8840942132123	25.1415744421884
0.12	13.7350073686247	30.1698893306261
0.14	27.4700147372493	35.1982042190637
0.16	27.4700147372493	40.2265191075014
0.18	41.205022105874	45.2548339959391
0.2	41.205022105874	50.2831488843768
0.22	41.205022105874	55.3114637728144
0.24	41.205022105874	60.3397786612521
0.26	54.9400294744986	65.3680935496898
0.28	54.9400294744986	70.3964084381275
0.3	68.6750368431233	75.4247233265651
0.32	68.6750368431233	80.4530382150028
0.34	68.6750368431233	85.4813531034405
0.36	82.4100442117479	90.5096679918781
0.38	82.4100442117479	95.5379828803158
0.4	82.4100442117479	100.566297768754
0.42	96.1450515803726	105.594612657191
0.44	96.1450515803726	110.622927545629
0.46	109.880058948997	115.651242434067
0.48	109.880058948997	120.679557322504
0.5	109.880058948997	125.707872210942
0.52	109.880058948997	130.73618709938
0.54	123.615066317622	135.764501987817
0.56	123.615066317622	140.792816876255
0.58	137.350073686247	145.821131764693
0.6	137.350073686247	150.84944665313
0.62	151.085081054871	155.877761541568
0.64	151.085081054871	160.906076430006
0.66	151.085081054871	165.934391318443
0.68	151.085081054871	170.962706206881
0.700000000000001	151.085081054871	175.991021095319
0.720000000000001	164.820088423496	181.019335983756
0.740000000000001	178.555095792121	186.047650872194
0.760000000000001	178.555095792121	191.075965760632
0.780000000000001	178.555095792121	196.104280649069
0.800000000000001	192.290103160745	201.132595537507
0.820000000000001	192.290103160745	206.160910425945
0.840000000000001	192.290103160745	211.189225314382
0.860000000000001	206.02511052937	216.21754020282
0.880000000000001	206.02511052937	221.245855091258
0.900000000000001	219.760117897994	226.274169979695
0.920000000000001	219.760117897994	231.302484868133
0.940000000000001	219.760117897994	236.330799756571
0.960000000000001	233.495125266619	241.359114645008
0.980000000000001	233.495125266619	246.387429533446
1	233.495125266619	251.415744421884
1.021	247.230132635244	256.695475054743
1.041	247.230132635244	261.72378994318
1.06099999999999	260.965140003868	266.752104831617
1.08099999999999	260.965140003868	271.780419720054
1.10099999999999	260.965140003868	276.808734608491
1.12099999999999	260.965140003868	281.837049496928
1.14099999999999	274.700147372493	286.865364385365
1.16099999999998	274.700147372493	291.893679273803
1.18099999999998	288.435154741117	296.92199416224
1.20099999999998	288.435154741117	301.950309050677
1.22099999999998	302.170162109742	306.978623939114
1.24099999999997	302.170162109742	312.006938827551
1.26099999999997	302.170162109742	317.035253715988
1.28099999999997	302.170162109742	322.063568604425
1.30099999999997	315.905169478366	327.091883492862
1.32099999999997	315.905169478366	332.120198381299
1.34099999999996	329.640176846991	337.148513269737
1.36099999999996	329.640176846991	342.176828158174
1.38099999999996	329.640176846991	347.205143046611
1.40099999999996	343.375184215616	352.233457935048
1.42099999999995	343.375184215616	357.261772823485
1.44099999999995	343.375184215616	362.290087711922
1.46099999999995	357.11019158424	367.318402600359
1.48099999999995	357.11019158424	372.346717488796
1.50099999999995	370.845198952865	377.375032377234
1.52099999999994	370.845198952865	382.403347265671
1.54099999999994	370.845198952865	387.431662154108
1.56099999999994	370.845198952865	392.459977042545
1.58099999999994	384.580206321489	397.488291930982
1.60099999999993	384.580206321489	402.516606819419
1.62099999999993	398.315213690114	407.544921707856
1.64099999999993	398.315213690114	412.573236596293
1.66099999999993	412.050221058738	417.601551484731
1.68099999999993	412.050221058738	422.629866373168
1.70099999999992	412.050221058738	427.658181261605
1.72099999999992	412.050221058738	432.686496150042
1.74099999999992	425.785228427363	437.714811038479
1.76099999999992	425.785228427363	442.743125926916
1.78099999999991	439.520235795988	447.771440815353
1.80099999999991	439.520235795988	452.79975570379
1.82099999999991	453.255243164613	457.828070592227
1.84099999999991	453.255243164613	462.856385480665
1.86099999999991	453.255243164613	467.884700369102
1.8809999999999	453.255243164613	472.913015257539
1.9009999999999	466.990250533237	477.941330145976
1.9209999999999	466.990250533237	482.969645034413
1.9409999999999	480.725257901862	487.99795992285
1.96099999999989	480.725257901862	493.026274811287
1.98099999999989	480.725257901862	498.054589699724
2.00099999999989	494.460265270487	503.082904588162
2.02099999999989	494.460265270487	508.111219476599
2.04099999999989	494.460265270487	513.139534365036
2.06099999999988	508.195272639112	518.167849253473
2.08099999999988	508.195272639112	523.19616414191
2.10099999999988	521.930280007736	528.224479030347
2.12099999999988	521.930280007736	533.252793918784
2.14099999999988	521.930280007736	538.281108807221
2.16099999999987	521.930280007736	543.309423695659
2.18099999999987	535.665287376361	548.337738584096
2.20099999999987	535.665287376361	553.366053472533
2.22099999999987	549.400294744986	558.39436836097
2.24099999999986	549.400294744986	563.422683249407
2.26099999999986	563.135302113611	568.450998137844
2.28099999999986	563.135302113611	573.479313026281
2.30099999999986	563.135302113611	578.507627914718
2.32099999999986	563.135302113611	583.535942803155
2.34099999999985	563.135302113611	588.564257691593
2.36099999999985	576.870309482235	593.59257258003
2.38099999999985	590.60531685086	598.620887468467
2.40099999999985	590.60531685086	603.649202356904
2.42099999999984	604.340324219485	608.677517245341
2.44099999999984	604.340324219485	613.705832133778
2.46099999999984	604.340324219485	618.734147022215
2.48099999999984	604.340324219485	623.762461910652
2.50099999999984	618.07533158811	628.790776799089
2.52099999999983	618.07533158811	633.819091687527
2.54099999999983	631.810338956734	638.847406575964
2.56099999999983	631.810338956734	643.875721464401
2.58099999999983	631.810338956734	648.904036352838
2.60099999999982	645.545346325359	653.932351241275
2.62099999999982	645.545346325359	658.960666129712
2.64099999999982	645.545346325359	663.988981018149
2.66099999999982	659.280353693984	669.017295906586
2.68099999999982	659.280353693984	674.045610795024
2.70099999999981	673.015361062609	679.073925683461
2.72099999999981	673.015361062609	684.102240571898
2.74099999999981	673.015361062609	689.130555460335
2.76099999999981	673.015361062609	694.158870348772
2.7809999999998	686.750368431233	699.187185237209
2.8009999999998	686.750368431233	704.215500125646
2.8209999999998	700.485375799858	709.243815014083
2.8409999999998	700.485375799858	714.27212990252
2.8609999999998	714.220383168483	719.300444790958
2.88099999999979	714.220383168483	724.328759679395
2.90099999999979	714.220383168483	729.357074567832
2.92099999999979	714.220383168483	734.385389456269
2.94099999999979	714.220383168483	739.413704344706
2.96099999999978	727.955390537108	744.442019233143
2.98099999999978	741.690397905732	749.47033412158
3.00099999999978	741.690397905732	754.498649010017
3.02099999999978	741.690397905732	759.526963898455
3.04099999999978	755.425405274357	764.555278786892
3.06099999999977	755.425405274357	769.583593675329
3.08099999999977	755.425405274357	774.611908563766
3.10099999999977	769.160412642982	779.640223452203
3.12099999999977	769.160412642982	784.66853834064
3.14099999999977	782.895420011607	789.696853229077
3.16099999999976	782.895420011607	794.725168117514
3.18099999999976	782.895420011607	799.753483005951
3.20099999999976	796.630427380231	804.781797894389
3.22099999999976	796.630427380231	809.810112782826
3.24099999999975	796.630427380231	814.838427671263
3.26099999999975	810.365434748856	819.8667425597
3.28099999999975	810.365434748856	824.895057448137
3.30099999999975	824.100442117481	829.923372336574
3.32099999999975	824.100442117481	834.951687225011
3.34099999999974	824.100442117481	839.980002113449
3.36099999999974	824.100442117481	845.008317001886
3.38099999999974	837.835449486105	850.036631890323
3.40099999999974	837.835449486105	855.06494677876
3.42099999999973	851.57045685473	860.093261667197
3.44099999999973	851.57045685473	865.121576555634
3.46099999999973	865.305464223354	870.149891444071
3.48099999999973	865.305464223354	875.178206332508
3.50099999999973	865.305464223354	880.206521220945
3.52099999999972	865.305464223354	885.234836109383
3.54099999999972	879.040471591979	890.26315099782
3.56099999999972	879.040471591979	895.291465886257
3.58099999999972	892.775478960603	900.319780774694
3.60099999999971	892.775478960603	905.348095663131
3.62099999999971	892.775478960603	910.376410551568
3.64099999999971	906.510486329227	915.404725440005
3.66099999999971	906.510486329227	920.433040328442
3.68099999999971	906.510486329227	925.46135521688
3.7009999999997	920.245493697852	930.489670105317
3.7209999999997	920.245493697852	935.517984993754
3.7409999999997	933.980501066476	940.546299882191
3.7609999999997	933.980501066476	945.574614770628
3.78099999999969	933.980501066476	950.602929659065
3.80099999999969	933.980501066476	955.631244547502
3.82099999999969	947.7155084351	960.659559435939
3.84099999999969	947.7155084351	965.687874324377
3.86099999999969	961.450515803725	970.716189212813
3.88099999999968	975.185523172349	975.744504101251
3.90099999999968	975.185523172349	980.772818989688
3.92099999999968	975.185523172349	985.801133878125
3.94099999999968	975.185523172349	990.829448766562
3.96099999999967	975.185523172349	995.857763654999
3.98099999999967	988.920530540974	1000.88607854344
4.00099999999967	988.920530540974	1005.91439343187
4.02099999999968	1002.6555379096	1010.94270832031
4.04099999999968	1002.6555379096	1015.97102320875
4.06099999999969	1016.39054527822	1020.99933809719
4.0809999999997	1016.39054527822	1026.02765298563
4.1009999999997	1016.39054527822	1031.05596787407
4.12099999999971	1016.39054527822	1036.08428276251
4.14099999999972	1030.12555264685	1041.11259765095
4.16099999999972	1030.12555264685	1046.14091253939
4.18099999999973	1043.86056001547	1051.16922742783
4.20099999999974	1043.86056001547	1056.19754231627
4.22099999999974	1043.86056001547	1061.22585720471
4.24099999999975	1057.5955673841	1066.25417209315
4.26099999999976	1057.5955673841	1071.28248698158
4.28099999999976	1057.5955673841	1076.31080187002
4.30099999999977	1071.33057475272	1081.33911675846
4.32099999999978	1071.33057475272	1086.3674316469
4.34099999999978	1085.06558212134	1091.39574653534
4.36099999999979	1085.06558212134	1096.42406142378
4.3809999999998	1085.06558212134	1101.45237631222
4.4009999999998	1085.06558212134	1106.48069120066
4.42099999999981	1098.80058948997	1111.5090060891
4.44099999999982	1098.80058948997	1116.53732097754
4.46099999999982	1112.53559685859	1121.56563586598
4.48099999999983	1112.53559685859	1126.59395075442
4.50099999999984	1126.27060422722	1131.62226564286
4.52099999999984	1126.27060422722	1136.6505805313
4.54099999999985	1126.27060422722	1141.67889541974
4.56099999999986	1126.27060422722	1146.70721030818
4.58099999999986	1126.27060422722	1151.73552519661
4.60099999999987	1140.00561159584	1156.76384008505
4.62099999999988	1153.74061896447	1161.79215497349
4.64099999999988	1153.74061896447	1166.82046986193
4.66099999999989	1167.47562633309	1171.84878475037
4.6809999999999	1167.47562633309	1176.87709963881
4.7009999999999	1167.47562633309	1181.90541452725
4.72099999999991	1167.47562633309	1186.93372941569
4.74099999999992	1181.21063370171	1191.96204430413
4.76099999999992	1181.21063370171	1196.99035919257
4.78099999999993	1194.94564107034	1202.01867408101
4.80099999999994	1194.94564107034	1207.04698896945
4.82099999999994	1194.94564107034	1212.07530385789
4.84099999999995	1208.68064843896	1217.10361874633
4.86099999999996	1208.68064843896	1222.13193363477
4.88099999999996	1208.68064843896	1227.1602485232
4.90099999999997	1222.41565580759	1232.18856341164
4.92099999999998	1222.41565580759	1237.21687830008
4.94099999999998	1236.15066317621	1242.24519318852
4.96099999999999	1236.15066317621	1247.27350807696
4.981	1236.15066317621	1252.3018229654
5	1236.15066317621	1257.07872210942
5.02000000000001	1249.88567054484	1262.10703699786
5.04000000000002	1249.88567054484	1267.1353518863
5.06000000000002	1263.62067791346	1272.16366677474
5.08000000000003	1263.62067791346	1277.19198166318
5.10000000000004	1277.35568528209	1282.22029655162
5.12000000000004	1277.35568528209	1287.24861144006
5.14000000000005	1277.35568528209	1292.27692632849
5.16000000000006	1277.35568528209	1297.30524121693
5.18000000000006	1277.35568528209	1302.33355610537
5.20000000000007	1291.09069265071	1307.36187099381
5.22000000000008	1304.82570001933	1312.39018588225
5.24000000000008	1304.82570001933	1317.41850077069
5.26000000000009	1304.82570001933	1322.44681565913
5.2800000000001	1318.56070738796	1327.47513054757
5.3000000000001	1318.56070738796	1332.50344543601
5.32000000000011	1318.56070738796	1337.53176032445
5.34000000000012	1332.29571475658	1342.56007521289
5.36000000000012	1332.29571475658	1347.58839010133
5.38000000000013	1346.03072212521	1352.61670498977
5.40000000000014	1346.03072212521	1357.64501987821
5.42000000000014	1346.03072212521	1362.67333476665
5.44000000000015	1346.03072212521	1367.70164965508
5.46000000000016	1359.76572949383	1372.72996454352
5.48000000000016	1359.76572949383	1377.75827943196
5.50000000000017	1373.50073686246	1382.7865943204
5.52000000000018	1373.50073686246	1387.81490920884
5.54000000000018	1387.23574423108	1392.84322409728
5.56000000000019	1387.23574423108	1397.87153898572
5.5800000000002	1387.23574423108	1402.89985387416
5.6000000000002	1387.23574423108	1407.9281687626
5.62000000000021	1400.9707515997	1412.95648365104
5.64000000000022	1400.9707515997	1417.98479853948
5.66000000000022	1414.70575896833	1423.01311342792
5.68000000000023	1414.70575896833	1428.04142831636
5.70000000000024	1428.44076633695	1433.0697432048
5.72000000000024	1428.44076633695	1438.09805809324
5.74000000000025	1428.44076633695	1443.12637298168
5.76000000000026	1428.44076633695	1448.15468787011
5.78000000000026	1442.17577370558	1453.18300275855
5.80000000000027	1442.17577370558	1458.21131764699
5.82000000000028	1455.9107810742	1463.23963253543
5.84000000000029	1455.9107810742	1468.26794742387
5.86000000000029	1455.9107810742	1473.29626231231
5.8800000000003	1469.64578844283	1478.32457720075
5.90000000000031	1469.64578844283	1483.35289208919
5.92000000000031	1469.64578844283	1488.38120697763
5.94000000000032	1483.38079581145	1493.40952186607
5.96000000000033	1483.38079581145	1498.43783675451
5.98000000000033	1497.11580318008	1503.46615164295
6.00000000000034	1497.11580318008	1508.49446653139
6.02000000000035	1497.11580318008	1513.52278141983
6.04000000000035	1497.11580318008	1518.55109630827
6.06000000000036	1510.8508105487	1523.5794111967
6.08000000000037	1510.8508105487	1528.60772608514
6.10000000000037	1524.58581791732	1533.63604097358
6.12000000000038	1524.58581791732	1538.66435586202
6.14000000000039	1538.32082528595	1543.69267075046
6.16000000000039	1538.32082528595	1548.7209856389
6.1800000000004	1538.32082528595	1553.74930052734
6.20000000000041	1538.32082528595	1558.77761541578
6.22000000000041	1538.32082528595	1563.80593030422
6.24000000000042	1552.05583265457	1568.83424519266
6.26000000000043	1565.7908400232	1573.8625600811
6.28000000000043	1565.7908400232	1578.89087496954
6.30000000000044	1579.52584739182	1583.91918985798
6.32000000000045	1579.52584739182	1588.94750474642
6.34000000000045	1579.52584739182	1593.97581963486
6.36000000000046	1579.52584739182	1599.00413452329
6.38000000000047	1593.26085476045	1604.03244941173
6.40000000000047	1593.26085476045	1609.06076430017
6.42000000000048	1606.99586212907	1614.08907918861
6.44000000000049	1606.99586212907	1619.11739407705
6.46000000000049	1606.99586212907	1624.14570896549
6.4800000000005	1620.7308694977	1629.17402385393
6.50000000000051	1620.7308694977	1634.20233874237
6.52000000000051	1620.7308694977	1639.23065363081
6.54000000000052	1634.46587686632	1644.25896851925
6.56000000000053	1634.46587686632	1649.28728340769
6.58000000000053	1648.20088423494	1654.31559829613
6.60000000000054	1648.20088423494	1659.34391318457
6.62000000000055	1648.20088423494	1664.37222807301
6.64000000000055	1648.20088423494	1669.40054296145
6.66000000000056	1661.93589160357	1674.42885784989
6.68000000000057	1661.93589160357	1679.45717273832
6.70000000000057	1675.67089897219	1684.48548762676
6.72000000000058	1675.67089897219	1689.5138025152
6.74000000000059	1689.40590634082	1694.54211740364
6.76000000000059	1689.40590634082	1699.57043229208
6.7800000000006	1689.40590634082	1704.59874718052
6.80000000000061	1689.40590634082	1709.62706206896
6.82000000000061	1689.40590634082	1714.6553769574
6.84000000000062	1703.14091370944	1719.68369184584
6.86000000000063	1716.87592107807	1724.71200673428
6.88000000000063	1716.87592107807	1729.74032162272
6.90000000000064	1730.61092844669	1734.76863651116
6.92000000000065	1730.61092844669	1739.7969513996
6.94000000000065	1730.61092844669	1744.82526628804
6.96000000000066	1730.61092844669	1749.85358117648
6.98000000000067	1744.34593581532	1754.88189606491
7.00000000000067	1744.34593581532	1759.91021095335
7.02000000000068	1758.08094318394	1764.93852584179
7.04000000000069	1758.08094318394	1769.96684073023
7.06000000000069	1758.08094318394	1774.99515561867
7.0800000000007	1771.81595055257	1780.02347050711
7.10000000000071	1771.81595055257	1785.05178539555
7.12000000000071	1771.81595055257	1790.08010028399
7.14000000000072	1785.55095792119	1795.10841517243
7.16000000000073	1785.55095792119	1800.13673006087
7.18000000000073	1799.28596528982	1805.16504494931
7.20000000000074	1799.28596528982	1810.19335983775
7.22000000000075	1799.28596528982	1815.22167472619
7.24000000000075	1799.28596528982	1820.24998961463
7.26000000000076	1813.02097265844	1825.27830450307
7.28000000000077	1813.02097265844	1830.3066193915
7.30000000000077	1826.75598002707	1835.33493427994
7.32000000000078	1826.75598002707	1840.36324916838
7.34000000000079	1840.49098739569	1845.39156405682
7.36000000000079	1840.49098739569	1850.41987894526
7.3800000000008	1840.49098739569	1855.4481938337
7.40000000000081	1840.49098739569	1860.47650872214
7.42000000000081	1854.22599476432	1865.50482361058
7.44000000000082	1854.22599476432	1870.53313849902
7.46000000000083	1867.96100213295	1875.56145338746
7.48000000000083	1867.96100213295	1880.5897682759
7.50000000000084	1867.96100213295	1885.61808316434
7.52000000000085	1881.69600950157	1890.64639805278
7.54000000000085	1881.69600950157	1895.67471294122
7.56000000000086	1881.69600950157	1900.70302782966
7.58000000000087	1895.4310168702	1905.7313427181
7.60000000000087	1895.4310168702	1910.75965760653
7.62000000000088	1909.16602423882	1915.78797249497
7.64000000000089	1909.16602423882	1920.81628738341
7.66000000000089	1909.16602423882	1925.84460227185
7.6800000000009	1909.16602423882	1930.87291716029
7.70000000000091	1922.90103160745	1935.90123204873
7.72000000000091	1922.90103160745	1940.92954693717
7.74000000000092	1936.63603897607	1945.95786182561
7.76000000000093	1936.63603897607	1950.98617671405
7.78000000000093	1950.3710463447	1956.01449160249
7.80000000000094	1950.3710463447	1961.04280649093
7.82000000000095	1950.3710463447	1966.07112137937
7.84000000000095	1950.3710463447	1971.09943626781
7.86000000000096	1964.10605371332	1976.12775115625
7.88000000000097	1964.10605371332	1981.15606604469
7.90000000000097	1977.84106108195	1986.18438093312
7.92000000000098	1977.84106108195	1991.21269582156
7.94000000000099	1991.57606845057	1996.24101071
7.96000000000099	1991.57606845057	2001.26932559844
7.980000000001	1991.57606845057	2006.29764048688
8.00000000000101	1991.57606845057	2011.32595537532
8.02000000000099	2005.3110758192	2016.35427026376
8.04000000000098	2005.3110758192	2021.38258515219
8.06000000000097	2019.04608318782	2026.41090004063
8.08000000000096	2019.04608318782	2031.43921492906
8.10000000000095	2019.04608318782	2036.4675298175
8.12000000000094	2032.78109055645	2041.49584470593
8.14000000000093	2032.78109055645	2046.52415959437
8.16000000000092	2032.78109055645	2051.5524744828
8.18000000000091	2046.51609792507	2056.58078937124
8.20000000000089	2046.51609792507	2061.60910425967
8.22000000000088	2060.2511052937	2066.63741914811
8.24000000000087	2060.2511052937	2071.66573403654
8.26000000000086	2060.2511052937	2076.69404892498
8.28000000000085	2060.2511052937	2081.72236381341
8.30000000000084	2073.98611266232	2086.75067870184
8.32000000000083	2073.98611266232	2091.77899359028
8.34000000000082	2087.72112003095	2096.80730847871
8.36000000000081	2101.45612739957	2101.83562336715
8.38000000000079	2101.45612739957	2106.86393825558
8.40000000000078	2101.45612739957	2111.89225314402
8.42000000000077	2101.45612739957	2116.92056803245
8.44000000000076	2101.45612739957	2121.94888292089
8.46000000000075	2101.45612739957	2126.97719780932
8.48000000000074	2115.1911347682	2132.00551269776
8.50000000000073	2128.92614213682	2137.03382758619
8.52000000000072	2128.92614213682	2142.06214247463
8.54000000000071	2142.66114950545	2147.09045736306
8.5600000000007	2142.66114950545	2152.1187722515
8.58000000000068	2142.66114950545	2157.14708713993
8.60000000000067	2142.66114950545	2162.17540202837
8.62000000000066	2156.39615687407	2167.2037169168
8.64000000000065	2156.39615687407	2172.23203180524
8.66000000000064	2170.1311642427	2177.26034669367
8.68000000000063	2170.1311642427	2167.39532425759
8.70000000000062	2170.1311642427	2157.33869448072
8.72000000000061	2170.1311642427	2147.28206470385
8.7400000000006	2170.1311642427	2137.22543492698
8.76000000000058	2156.39615687407	2127.16880515011
8.78000000000057	2142.66114950545	2117.11217537324
8.80000000000056	2128.92614213682	2107.05554559637
8.82000000000055	2128.92614213682	2096.9989158195
8.84000000000054	2115.1911347682	2086.94228604263
8.86000000000053	2101.45612739957	2076.88565626577
8.88000000000052	2087.72112003095	2066.8290264889
8.90000000000051	2087.72112003095	2056.77239671203
8.9200000000005	2073.98611266232	2046.71576693516
8.94000000000048	2060.2511052937	2036.65913715829
8.96000000000047	2046.51609792507	2026.60250738142
8.98000000000046	2046.51609792507	2016.54587760455
9.00000000000045	2032.78109055645	2006.48924782768
9.02000000000044	2019.04608318782	1996.43261805081
9.04000000000043	2019.04608318782	1986.37598827394
9.06000000000042	2005.3110758192	1976.31935849707
9.08000000000041	1991.57606845057	1966.2627287202
9.1000000000004	1977.84106108195	1956.20609894333
9.12000000000038	1977.84106108195	1946.14946916646
9.14000000000037	1964.10605371332	1936.09283938959
9.16000000000036	1950.3710463447	1926.03620961272
9.18000000000035	1936.63603897607	1915.97957983585
9.20000000000034	1936.63603897607	1905.92295005898
9.22000000000033	1922.90103160745	1895.86632028211
9.24000000000032	1909.16602423882	1885.80969050524
9.26000000000031	1895.4310168702	1875.75306072837
9.2800000000003	1895.4310168702	1865.6964309515
9.30000000000028	1881.69600950157	1855.63980117463
9.32000000000027	1867.96100213295	1845.58317139776
9.34000000000026	1867.96100213295	1835.52654162089
9.36000000000025	1854.22599476432	1825.46991184402
9.38000000000024	1840.49098739569	1815.41328206715
9.40000000000023	1826.75598002707	1805.35665229028
9.42000000000022	1826.75598002707	1795.30002251341
9.44000000000021	1813.02097265844	1785.24339273654
9.4600000000002	1799.28596528982	1775.18676295967
9.48000000000019	1785.55095792119	1765.1301331828
9.50000000000017	1785.55095792119	1755.07350340593
9.52000000000016	1771.81595055257	1745.01687362906
9.54000000000015	1758.08094318394	1734.96024385219
9.56000000000014	1744.34593581532	1724.90361407532
9.58000000000013	1744.34593581532	1714.84698429845
9.60000000000012	1730.61092844669	1704.79035452158
9.62000000000011	1716.87592107807	1694.73372474471
9.6400000000001	1716.87592107807	1684.67709496784
9.66000000000009	1703.14091370944	1674.62046519097
9.68000000000007	1689.40590634082	1664.5638354141
9.70000000000006	1675.67089897219	1654.50720563723
9.72000000000005	1675.67089897219	1644.45057586037
9.74000000000004	1661.93589160357	1634.39394608349
9.76000000000003	1648.20088423494	1624.33731630663
9.78000000000002	1634.46587686632	1614.28068652976
9.80000000000001	1634.46587686632	1604.22405675289
9.821	1620.7308694977	1593.66459548717
9.84099999999999	1606.99586212907	1583.6079657103
9.86099999999997	1593.26085476045	1573.55133593343
9.88099999999996	1593.26085476045	1563.49470615656
9.90099999999995	1579.52584739182	1553.43807637969
9.92099999999994	1565.7908400232	1543.38144660282
9.94099999999993	1565.7908400232	1533.32481682595
9.96099999999992	1552.05583265457	1523.26818704908
9.98099999999991	1538.32082528595	1513.21155727222
10.0009999999999	1524.58581791732	1503.15492749534
10.0209999999999	1524.58581791732	1493.09829771847
10.0409999999999	1510.8508105487	1483.04166794161
10.0609999999999	1497.11580318008	1472.98503816474
10.0809999999999	1483.38079581145	1462.92840838787
10.1009999999998	1483.38079581145	1452.871778611
10.1209999999998	1469.64578844283	1442.81514883413
10.1409999999998	1455.9107810742	1432.75851905726
10.1609999999998	1442.17577370558	1422.70188928039
10.1809999999998	1442.17577370558	1412.64525950352
10.2009999999998	1428.44076633695	1402.58862972665
10.2209999999998	1414.70575896833	1392.53199994978
10.2409999999998	1414.70575896833	1382.47537017291
10.2609999999998	1400.9707515997	1372.41874039604
10.2809999999997	1387.23574423108	1362.36211061917
10.3009999999997	1373.50073686246	1352.3054808423
10.3209999999997	1373.50073686246	1342.24885106543
10.3409999999997	1359.76572949383	1332.19222128856
10.3609999999997	1346.03072212521	1322.13559151169
10.3809999999997	1332.29571475658	1312.07896173482
10.4009999999997	1332.29571475658	1302.02233195795
10.4209999999997	1318.56070738796	1291.96570218108
10.4409999999997	1304.82570001933	1281.90907240421
10.4609999999996	1304.82570001933	1271.85244262734
10.4809999999996	1291.09069265071	1261.79581285047
10.5009999999996	1277.35568528209	1251.7391830736
10.5209999999996	1263.62067791346	1241.68255329673
10.5409999999996	1263.62067791346	1231.62592351986
10.5609999999996	1249.88567054484	1221.56929374299
10.5809999999996	1236.15066317621	1211.51266396612
10.6009999999996	1222.41565580759	1201.45603418925
10.6209999999996	1222.41565580759	1191.39940441238
10.6409999999995	1208.68064843896	1181.34277463551
10.6609999999995	1194.94564107034	1171.28614485864
10.6809999999995	1181.21063370171	1161.22951508177
10.7009999999995	1181.21063370171	1151.1728853049
10.7209999999995	1167.47562633309	1141.11625552803
10.7409999999995	1153.74061896447	1131.05962575116
10.7609999999995	1153.74061896447	1121.00299597429
10.7809999999995	1140.00561159584	1110.94636619742
10.8009999999995	1126.27060422722	1100.88973642055
10.8209999999994	1112.53559685859	1090.83310664369
10.8409999999994	1112.53559685859	1080.77647686681
10.8609999999994	1098.80058948997	1070.71984708994
10.8809999999994	1085.06558212134	1060.66321731308
10.9009999999994	1071.33057475272	1050.60658753621
10.9209999999994	1071.33057475272	1040.54995775934
10.9409999999994	1057.5955673841	1030.49332798247
10.9609999999994	1043.86056001547	1020.4366982056
10.9809999999994	1030.12555264685	1010.38006842873
11.0009999999993	1030.12555264685	1000.32343865186
11.0209999999993	1016.39054527822	990.266808874986
11.0409999999993	1002.6555379096	980.210179098117
11.0609999999993	1002.6555379096	970.153549321248
11.0809999999993	988.920530540974	960.096919544377
11.1009999999993	975.185523172349	950.040289767507
11.1209999999993	961.450515803725	939.983659990639
11.1409999999993	961.450515803725	929.927030213768
11.1609999999993	947.7155084351	919.870400436898
11.1809999999992	933.980501066476	909.813770660029
11.2009999999992	920.245493697852	899.757140883158
11.2209999999992	920.245493697852	889.700511106288
11.2409999999992	906.510486329227	879.64388132942
11.2609999999992	892.775478960603	869.587251552549
11.2809999999992	879.040471591979	859.530621775679
11.3009999999992	879.040471591979	849.473991998811
11.3209999999992	865.305464223354	839.417362221941
11.3409999999992	851.57045685473	829.360732445071
11.3609999999991	851.57045685473	819.3041026682
11.3809999999991	837.835449486105	809.24747289133
11.4009999999991	824.100442117481	799.19084311446
11.4209999999991	810.365434748856	789.134213337592
11.4409999999991	810.365434748856	779.077583560722
11.4609999999991	796.630427380231	769.020953783852
11.4809999999991	782.895420011607	758.964324006982
11.5009999999991	769.160412642982	748.907694230112
11.5209999999991	769.160412642982	738.851064453242
11.540999999999	755.425405274357	728.794434676373
11.560999999999	741.690397905732	718.737804899503
11.580999999999	727.955390537108	708.681175122634
11.600999999999	727.955390537108	698.624545345763
11.620999999999	714.220383168483	688.567915568893
11.640999999999	700.485375799858	678.511285792023
11.660999999999	700.485375799858	668.454656015155
11.680999999999	686.750368431233	658.398026238285
11.700999999999	673.015361062609	648.341396461415
11.7209999999989	659.280353693984	638.284766684544
11.7409999999989	659.280353693984	628.228136907675
11.7609999999989	645.545346325359	618.171507130804
11.7809999999989	631.810338956734	608.114877353936
11.8009999999989	618.07533158811	598.058247577066
11.8209999999989	618.07533158811	588.001617800196
11.8409999999989	604.340324219485	577.944988023326
11.8609999999989	590.60531685086	567.888358246456
11.8809999999989	590.60531685086	557.831728469586
11.9009999999988	576.870309482235	547.775098692718
11.9209999999988	563.135302113611	537.718468915847
11.9409999999988	549.400294744986	527.661839138978
11.9609999999988	549.400294744986	517.605209362107
11.9809999999988	535.665287376361	507.548579585237
12.0009999999988	521.930280007736	497.491949808367
12.0209999999988	508.195272639112	487.435320031499
12.0409999999988	508.195272639112	477.378690254629
12.0609999999988	494.460265270487	467.322060477759
12.0809999999987	480.725257901862	457.265430700888
12.1009999999987	466.990250533237	447.208800924019
12.1209999999987	466.990250533237	437.152171147149
12.1409999999987	453.255243164613	427.09554137028
12.1609999999987	439.520235795988	417.03891159341
12.1809999999987	439.520235795988	406.982281816541
12.2009999999987	425.785228427363	396.92565203967
12.2209999999987	412.050221058738	386.8690222628
12.2409999999987	398.315213690114	376.81239248593
12.2609999999986	398.315213690114	366.755762709062
12.2809999999986	384.580206321489	356.699132932192
12.3009999999986	370.845198952865	346.642503155322
12.3209999999986	357.11019158424	336.585873378451
12.3409999999986	357.11019158424	326.529243601582
12.3609999999986	343.375184215616	316.472613824713
12.3809999999986	329.640176846991	306.415984047843
12.4009999999986	315.905169478366	296.359354270973
12.4209999999986	315.905169478366	286.302724494103
12.4409999999985	302.170162109742	276.246094717233
12.4609999999985	288.435154741117	266.189464940363
12.4809999999985	288.435154741117	256.132835163494
12.5009999999985	274.700147372493	246.076205386625
12.5209999999985	260.965140003868	236.019575609754
12.5409999999985	247.230132635244	225.962945832884
12.5609999999985	247.230132635244	215.906316056014
12.5809999999985	233.495125266619	205.849686279144
12.6009999999985	219.760117897994	195.793056502276
12.6209999999984	206.02511052937	185.736426725406
12.6409999999984	206.02511052937	175.679796948536
12.6609999999984	192.290103160745	165.623167171666
12.6809999999984	178.555095792121	155.566537394795
12.7009999999984	164.820088423496	145.509907617926
12.7209999999984	164.820088423496	135.453277841057
12.7409999999984	151.085081054871	125.396648064187
12.7609999999984	137.350073686247	115.340018287317
12.7809999999984	137.350073686247	105.283388510447
12.8009999999983	123.615066317622	95.2267587335767
12.8209999999983	109.880058948997	85.170128956707
12.8409999999983	96.1450515803726	75.1134991798384
12.8609999999983	96.1450515803726	65.0568694029687
12.8809999999983	82.4100442117479	55.0002396260985
12.9009999999983	68.6750368431233	44.9436098492284
12.9209999999983	54.9400294744986	34.8869800723583
12.9409999999983	54.9400294744986	24.8303502954886
12.9609999999983	41.205022105874	14.7737205186196
12.9809999999982	27.4700147372493	4.71709074174991
13.0009999999982	27.4700147372493	0
13.0209999999982	13.7350073686247	0
13.0409999999982	0	0
13.0609999999982	0	0
13.0809999999982	0	0
13.1009999999982	0	0
13.1209999999982	0	0
13.1409999999982	0	0
13.1609999999981	0	0
13.1809999999981	0	0
13.2009999999981	0	0
13.2209999999981	0	0
13.2409999999981	0	0
13.2609999999981	0	0
13.2809999999981	0	0
13.3009999999981	0	0
13.3209999999981	0	0
13.340999999998	0	0
13.360999999998	0	0
13.380999999998	0	0
13.400999999998	0	0
13.420999999998	0	0
13.440999999998	0	0
13.460999999998	0	0
13.480999999998	0	0
13.500999999998	0	0
13.5209999999979	0	0
13.5409999999979	0	0
13.5609999999979	0	0
13.5809999999979	0	0
13.6009999999979	0	0
13.6209999999979	0	0
13.6409999999979	0	0
13.6609999999979	0	0
13.6809999999979	0	0
13.7009999999978	0	0
13.7209999999978	0	0
13.7409999999978	0	0
13.7609999999978	0	0
13.7809999999978	0	0
13.8009999999978	0	0
13.8209999999978	0	0
13.8409999999978	0	0
13.8609999999978	0	0
