t	fd_A	fd_V
0	0	0	0
0.002	0	0	0
0.0041	0	0	1.65436122510606E-24
0.006	0	0	2.01422999999995E-10
0.00800000000000001	0	0	4.06226999999974E-10
0.0101	0	0	3.97046694025453E-23
0.0121	0	0	1.85288457211878E-22
0.0141	0	0	4.76456032830544E-22
0.0161	0	0	8.99972506457694E-22
0.0180999999999999	0	0	1.58818677610181E-21
0.0200999999999999	0	0	2.43521972335611E-21
0.0220999999999999	0	0	3.81164826264435E-21
0.0240999999999999	0	0	5.50571415715295E-21
0.0260999999999999	0	0	7.6232965252887E-21
0.0280999999999999	0	0	9.74087889342445E-21
0.0300999999999999	0	0	1.35525271560688E-20
0.0320999999999999	0	0	1.35525271560688E-20
0.0341	0	0	6.7762635780344E-21
0.036	0	0	1.74871999999987E-08
0.0380000000000001	0	0	2.03730999999865E-08
0.0400000000000001	0	0	2.36372999999715E-08
0.0420000000000002	0	0	2.73322999999521E-08
0.0440000000000002	0	0	3.1519699999925E-08
0.0460000000000003	0	0	3.62718999998951E-08
0.0480000000000003	0	0	4.16731999998536E-08
0.0500000000000004	0	0	4.78220999998085E-08
0.0520000000000005	0	0	5.48335999997474E-08
0.0540000000000005	0	0	6.28412999996772E-08
0.0560000000000006	0	0	7.20009999995847E-08
0.0580000000000006	0	0	8.24932999994785E-08
0.0600000000000007	0	0	9.45278999993449E-08
0.0620000000000007	0	0	1.08347999999185E-07
0.0640000000000008	0	0	1.24233999998998E-07
0.0660000000000009	0	0	1.42509999998775E-07
0.0680000000000009	3.81106976941954E-08	0	1.63551999998504E-07
0.070000000000001	2.40371031561531E-06	0	1.87788999998192E-07
0.072000000000001	3.88011916141594E-05	3.64905110624036E-07	2.15716999997783E-07
0.0740000000000011	8.98735781215609E-05	1.62380407898225E-06	2.47902999997299E-07
0.0760000000000012	0.000154868262847228	4.10094948908604E-06	2.84997999996689E-07
0.0780000000000012	0.000173751659217248	2.99226493553484E-06	3.27741999996058E-07
0.0800000000000013	0.000202974492011454	2.61785842260777E-06	1.57322000000315E-07
0.0820000000000013	0.00025182773884233	3.83604613075004E-06	1.05672000000092E-06
0.0840000000000014	0.000326372928071872	7.34079977704451E-06	2.97054000000175E-06
0.0860000000000014	0.000493563430930836	1.98270711306576E-05	6.18897000000289E-06
0.0880000000000015	0.000661166297592413	3.31269453484867E-05	1.10603000000044E-05
0.0900000000000016	0.000840134540377504	4.82509146718876E-05	1.79994000000064E-05
0.0920000000000016	0.00101294568694335	6.33549514413665E-05	2.74969000000089E-05
0.0940000000000017	0.00123596052743579	8.47048412532959E-05	4.0129400000012E-05
0.0960000000000017	0.00155182253623618	0.000118033168987546	5.6569800000016E-05
0.0980000000000018	0.00183778852233638	0.000149273177835055	7.7598300000021E-05
0.100000000000002	0.00218173049191968	0.000189273965808338	0.000104114000000027
0.102000000000002	0.00259498390609681	0.000240413982671913	0.000137145000000035
0.104000000000002	0.00303337503451393	0.000297544011807084	0.000177863000000044
0.106000000000002	0.00347482736922105	0.000357528024217108	0.000227587000000056
0.108000000000002	0.00399690469695083	0.000432242100002903	0.000287801000000068
0.110000000000002	0.00469523558989957	0.000538580852584646	0.000360153000000084
0.112000000000002	0.00530620395456333	0.000635195007530632	0.000446466000000104
0.114000000000002	0.00598563080968093	0.000747490252541192	0.000548739000000124
0.116000000000002	0.0067996370790755	0.000888848184393249	0.00066914000000015
0.118000000000002	0.00768031154050838	0.00104892547054342	0.000810007000000178
0.120000000000002	0.00860155448993746	0.00122368387190042	0.000973827000000213
0.122000000000002	0.00966467960731886	0.00143482896597056	0.00116000000000025
0.124000000000003	0.0107055262400339	0.00164982323658009	0.00138000000000025
0.126000000000002	0.0119043203912334	0.00190823530230978	0.00163000000000024
0.128000000000002	0.0130693412747564	0.00216880444128604	0.00191000000000044
0.130000000000002	0.0144238975111833	0.00248419054137866	0.0022300000000004
0.132000000000002	0.0159467007430396	0.00285355926998521	0.00259000000000036
0.134000000000002	0.0173396949473344	0.00320324881160339	0.00299000000000031
0.136000000000001	0.0189345522718033	0.00361865014225171	0.00344000000000027
0.138000000000001	0.0205346852185317	0.00404980290789147	0.00393000000000034
0.140000000000001	0.0223458016351138	0.00455554013313484	0.00447000000000027
0.142000000000001	0.0240932806727856	0.00505933403954891	0.00507000000000021
0.144	0.0260350779326801	0.00563794015046445	0.00571000000000019
0.146	0.0279552080806867	0.00622772246274109	0.0064100000000001
0.148	0.0298972415643007	0.00684174955776662	0.00716000000000001
0.1501	0.0321488746058207	0.00757594771298795	0.00799999999999991
0.1521	0.0342786628521727	0.00829052419040752	0.00885999999999982
0.154099999999999	0.0365095284878226	0.00905977287029113	0.00976999999999974
0.156099999999999	0.0386611622581572	0.00982039651394881	0.0107299999999996
0.158099999999999	0.0410079214207426	0.0106718028427922	0.0117399999999995
0.160099999999999	0.0432197587779411	0.0114928962595363	0.0127999999999992
0.162099999999998	0.045589081901329	0.0123934370475307	0.0138899999999992
0.164099999999998	0.0480071974929171	0.0133337148323982	0.0150299999999991
0.166099999999998	0.0503576886634395	0.0142670061133044	0.0162099999999988
0.168099999999998	0.0528005461762236	0.0152576295791751	0.0174299999999985
0.170099999999998	0.055192847009498	0.0162468697161777	0.0186699999999985
0.172099999999997	0.0576491484372039	0.0172824835105429	0.0199499999999982
0.174099999999997	0.0601691216079918	0.0183654462153817	0.0212499999999983
0.176099999999997	0.0625571664808995	0.0194092126017958	0.0225799999999978
0.178099999999997	0.0651273249579541	0.0205535334562489	0.0239299999999977
0.180099999999996	0.0675030411679927	0.0216277578485036	0.0252999999999975
0.182099999999996	0.069788828749103	0.0226764196092336	0.0266799999999974
0.184099999999996	0.0723318569221185	0.023863052511434	0.0280799999999972
0.186099999999996	0.0747649589869225	0.0250149403534542	0.0294899999999971
0.188099999999996	0.0772236774750877	0.026196104271992	0.0309099999999969
0.190099999999995	0.0795477976367356	0.0273270070979746	0.0323399999999968
0.192099999999995	0.081861691953466	0.0284674997181829	0.0337699999999966
0.194099999999995	0.0842054922542789	0.0296376804707275	0.0351999999999965
0.196099999999995	0.0865595023457882	0.0308277816809722	0.0366399999999963
0.198099999999995	0.0888869787089268	0.0320186395335003	0.0380799999999962
0.200099999999994	0.0910752140414969	0.033149870267996	0.0395199999999954
0.202099999999994	0.0934050760342705	0.0343692987754306	0.0409499999999959
0.204099999999994	0.0956496880429552	0.0355564156100011	0.0423799999999957
0.206099999999994	0.0978759095633225	0.0367461760936078	0.0438099999999955
0.208099999999993	0.100098868362861	0.0379465293343302	0.0452299999999954
0.210099999999993	0.102287502158039	0.0391399474931547	0.0466499999999952
0.212099999999993	0.104430740480871	0.0403196088569076	0.0480599999999951
0.214099999999993	0.106511635459046	0.0414749932523995	0.0494599999999949
0.216099999999993	0.108552897840359	0.0426181109527177	0.0508499999999948
0.218099999999992	0.110720650030536	0.0438443049566043	0.0522399999999946
0.220099999999992	0.112754798080927	0.0450037168266412	0.0536099999999945
0.222099999999992	0.114662063861325	0.0460982943666319	0.0549799999999943
0.224099999999992	0.116556774352712	0.0471940279202805	0.0563399999999942
0.226099999999991	0.118545099504961	0.0483540398647825	0.0576799999999949
0.228099999999991	0.120496827327415	0.0495012349652826	0.0590199999999939
0.230099999999991	0.122403260214351	0.0506298073965009	0.0603399999999946
0.232099999999991	0.124172177795507	0.0516828163163929	0.0616599999999936
0.234099999999991	0.126154501379512	0.0528739808932928	0.0629599999999934
0.23609999999999	0.128171428335079	0.0540954172797585	0.0642499999999932
0.23809999999999	0.129954550415512	0.0551803348625019	0.0655299999999931
0.24009999999999	0.131790313661628	0.0563054153016054	0.0667899999999939
0.24209999999999	0.133490759223505	0.0573526680735488	0.0680499999999927
0.244099999999989	0.135201398304624	0.0584128238727389	0.0692899999999936
0.246099999999989	0.136863520891887	0.059448581790255	0.0705199999999935
0.248099999999989	0.138583956705778	0.0605278698663674	0.0717399999999934
0.250099999999989	0.140289956342861	0.0616044114874619	0.0729399999999933
0.252099999999989	0.141858067441419	0.0625978827331745	0.0741399999999931
0.254099999999988	0.14341577962908	0.0635899627035108	0.075319999999993
0.256099999999988	0.144921160027987	0.0645530738208504	0.0764899999999929
0.258099999999988	0.146499374289562	0.0655690952683835	0.077639999999994
0.260099999999988	0.148290126371849	0.0667312212929888	0.0787899999999926
0.262099999999987	0.149783872300057	0.067702534495302	0.0799199999999925
0.264099999999987	0.15133240047941	0.0687153260543192	0.0810399999999923
0.266099999999987	0.152743834002151	0.0696411881104287	0.0821499999999922
0.268099999999987	0.154145514509625	0.0705647738696948	0.0832399999999934
0.270099999999987	0.15556116032375	0.0715020836670402	0.084329999999992
0.272099999999986	0.156994676900369	0.0724558860756537	0.0853999999999918
0.274099999999986	0.15849923802171	0.0734626715490829	0.0864599999999917
0.276099999999986	0.159879726038641	0.0743891283708395	0.0874999999999929
0.278099999999986	0.161382833120776	0.0754042200185637	0.0885399999999928
0.280099999999985	0.162701916698458	0.0762967154674344	0.0895599999999927
0.282099999999985	0.163965794706987	0.0771546096127641	0.0905699999999926
0.284099999999985	0.165229922075727	0.0780161007566273	0.091569999999994
0.286099999999985	0.166536392866193	0.0789106493470879	0.0925599999999924
0.288099999999985	0.167977604112706	0.0799035073425884	0.0935399999999923
0.290099999999984	0.169205941590041	0.0807505705588878	0.0945099999999922
0.292099999999984	0.170505381784782	0.0816511872864643	0.0954599999999921
0.294099999999984	0.171686615876256	0.0824714003758076	0.0963999999999936
0.296099999999984	0.17282879426298	0.083266778128989	0.0973399999999919
0.298099999999983	0.17397469843097	0.0840676106143129	0.0982599999999918
0.300099999999983	0.175127675265509	0.0848763289650339	0.0991699999999916
0.302099999999983	0.176284200917323	0.0856904680054019	0.100069999999992
0.304099999999983	0.177408706134666	0.0864843452268628	0.100949999999993
0.306099999999983	0.178550478505279	0.0872934404532533	0.101829999999993
0.308099999999982	0.179713712168943	0.0881209229190016	0.102699999999993
0.310099999999982	0.180916577885515	0.0889801923409496	0.103559999999991
0.312099999999982	0.182056769606587	0.0897967081264561	0.104399999999993
0.314099999999982	0.183062980718316	0.0905177962713597	0.105239999999993
0.316099999999982	0.18404670089594	0.0912245619046072	0.106059999999993
0.318099999999981	0.185072195681916	0.0919642288561241	0.106879999999993
0.320099999999981	0.186058763175448	0.0926774026182417	0.107689999999992
0.322099999999981	0.187110987462014	0.0934413515655125	0.108479999999992
0.324099999999981	0.188083485247677	0.0941484416597464	0.109269999999992
0.32609999999998	0.189306909880395	0.095044543442463	0.110049999999992
0.32809999999998	0.190264315160602	0.0957449294617482	0.110809999999994
0.33009999999998	0.191287840277925	0.0964968550410847	0.111569999999992
0.33209999999998	0.192297171428029	0.09724036313524	0.112319999999992
0.33409999999998	0.193195308589217	0.0979023264476066	0.113059999999992
0.336099999999979	0.194102103586206	0.0985726022996783	0.113789999999992
0.338099999999979	0.194966957318385	0.0992129667802748	0.114509999999992
0.340099999999979	0.195821012035765	0.0998468154035654	0.115219999999994
0.342099999999979	0.196658323917666	0.100469588370631	0.115929999999991
0.344099999999978	0.197480524688525	0.101082437401912	0.116619999999994
0.346099999999978	0.198298453506383	0.101693555095918	0.117309999999991
0.348099999999978	0.199150914202386	0.102332597602964	0.117979999999993
0.350099999999978	0.200002226745489	0.102972389997445	0.118649999999993
0.352099999999978	0.200876820531571	0.103631689848445	0.119309999999993
0.354099999999977	0.201665828935877	0.104226832069727	0.119969999999991
0.356099999999977	0.202516407043735	0.10487091920864	0.120609999999993
0.358099999999977	0.203390809718986	0.105535049555645	0.121249999999991
0.360099999999977	0.204148062541522	0.106110124310809	0.121869999999993
0.362099999999976	0.204857815874719	0.106649668379257	0.122489999999993
0.364099999999976	0.2055705657883	0.107192726399213	0.123109999999993
0.366099999999976	0.20628560090065	0.107738757501663	0.123709999999993
0.368099999999976	0.206999188652612	0.108284869360645	0.124309999999993
0.370099999999976	0.207844076292423	0.108934866007632	0.124899999999993
0.372099999999975	0.208542177753953	0.109471428333265	0.125479999999993
0.374099999999975	0.209286617728333	0.110045521022146	0.126059999999993
0.376099999999975	0.210157962526186	0.110720702679414	0.126629999999992
0.378099999999975	0.210833777783282	0.111243453521832	0.127189999999992
0.380099999999974	0.21150354615831	0.111762524812824	0.127739999999992
0.382099999999974	0.212167798064321	0.112278311088371	0.128289999999992
0.384099999999974	0.212904536987914	0.112852573002474	0.128829999999992
0.386099999999974	0.213607227053737	0.113401069868395	0.129359999999992
0.388099999999974	0.214229661745634	0.113886932370769	0.129889999999992
0.390099999999973	0.214939223745728	0.114443106915415	0.130409999999992
0.392099999999973	0.215555638584563	0.114926151974614	0.130919999999992
0.394099999999973	0.216157493916618	0.115398524669807	0.131429999999992
0.396099999999973	0.216736483339235	0.115853514293821	0.131929999999992
0.398099999999972	0.217315048159178	0.116309019152345	0.132419999999995
0.400099999999972	0.217897175563991	0.116768235586607	0.132909999999992
0.402099999999972	0.218473151333669	0.117223379069578	0.133389999999994
0.404099999999972	0.219034439961449	0.117667565358161	0.133869999999992
0.406099999999972	0.219595444397208	0.11811233871261	0.134339999999991
0.408099999999971	0.220163106846616	0.118563300782119	0.134799999999994
0.410099999999971	0.220744809257175	0.119026438248348	0.135259999999994
0.412099999999971	0.221320969314903	0.11948595363939	0.135709999999994
0.414099999999971	0.22189324870028	0.119943189436067	0.136159999999994
0.41609999999997	0.222492620775276	0.120423260521483	0.136599999999994
0.41809999999997	0.223111284876149	0.120919920051481	0.137029999999994
0.42009999999997	0.223619464291801	0.12132757558768	0.137459999999994
0.42209999999997	0.224271337614988	0.121853072072298	0.137889999999994
0.42409999999997	0.224817503540687	0.122293310544133	0.138309999999994
0.426099999999969	0.225296216754674	0.122679195329735	0.138719999999994
0.428099999999969	0.225772287595491	0.123063561319295	0.139129999999994
0.430099999999969	0.226250500894918	0.123450320090656	0.139539999999994
0.432099999999969	0.226719817198407	0.123830423281693	0.139929999999994
0.434099999999969	0.227176740362345	0.124200975251855	0.140329999999994
0.436099999999968	0.227625690743263	0.124565574425452	0.140719999999994
0.438099999999968	0.228073109974733	0.124929500599453	0.141099999999994
0.440099999999968	0.228571097253944	0.125335707789522	0.141479999999994
0.442099999999968	0.229005423078606	0.125690053284362	0.141859999999994
0.444099999999967	0.229438705250628	0.126044095774617	0.142229999999993
0.446099999999967	0.229877458158269	0.126403222429101	0.142589999999993
0.448099999999967	0.2305039912359	0.126918461468091	0.142949999999993
0.450099999999967	0.230942626789459	0.127278764681438	0.143309999999993
0.452099999999967	0.231427929449045	0.127678393253129	0.143659999999993
0.454099999999966	0.231861236286238	0.128035432996543	0.144009999999993
0.456099999999966	0.232294952610717	0.128393372832885	0.144349999999993
0.458099999999966	0.23270435188123	0.128731614137144	0.144689999999993
0.460099999999966	0.233202004689583	0.129143992720619	0.145019999999997
0.462099999999965	0.233595544192339	0.129470083278381	0.145359999999993
0.464099999999965	0.233990321390456	0.129797696189609	0.145679999999997
0.466099999999965	0.234377788700917	0.130119689523549	0.145999999999996
0.468099999999965	0.234824362094855	0.13049168241329	0.146319999999996
0.470099999999965	0.235219736950775	0.130821306772433	0.146639999999993
0.472099999999964	0.235587943190276	0.131128598785094	0.146949999999993
0.474099999999964	0.235936244546147	0.131419614837031	0.147259999999993
0.476099999999964	0.236268628928285	0.131697668322018	0.147559999999993
0.478099999999964	0.236600715070523	0.131975863429633	0.147859999999993
0.480099999999963	0.236931079224991	0.132252999889861	0.148149999999996
0.482099999999963	0.237262163433972	0.132531132632799	0.148449999999993
0.484099999999963	0.237590084590138	0.132806985256233	0.148739999999993
0.486099999999963	0.237915088340982	0.133080757633329	0.149019999999996
0.488099999999963	0.238240758788335	0.133355474061553	0.149299999999996
0.490099999999962	0.238641489585165	0.13369414047299	0.149579999999996
0.492099999999962	0.23895921224867	0.133962949367418	0.149859999999992
0.494099999999962	0.239285267133475	0.134239195629925	0.150129999999992
0.496099999999962	0.23960784179025	0.134512876383616	0.150389999999996
0.498099999999961	0.239933863687671	0.134789864320834	0.150659999999996
0.500099999999961	0.240314671333378	0.135113833680667	0.150919999999996
0.502099999999961	0.240631435894818	0.135383726766384	0.151179999999996
0.504099999999961	0.240956064278224	0.135660706924305	0.151439999999992
0.506099999999961	0.241242444816091	0.135905445497	0.151689999999992
0.50809999999996	0.241529485270041	0.136151071915435	0.151939999999992
0.51009999999996	0.2418941473929	0.13646335914536	0.152179999999996
0.51209999999996	0.242175160077146	0.136704542330574	0.152429999999992
0.51409999999996	0.242456747539252	0.136946533816384	0.152669999999992
0.516099999999959	0.242810264537927	0.137250462586109	0.152899999999996
0.518099999999959	0.243128994868745	0.137524979280893	0.153139999999996
0.520099999999959	0.243393570220677	0.137753395808021	0.153369999999996
0.522099999999959	0.243660821259765	0.137984410124459	0.153599999999996
0.524099999999959	0.243922433018436	0.138210879830146	0.153829999999992
0.526099999999958	0.24423954029727	0.13848537074249	0.154049999999996
0.528099999999958	0.244499871623002	0.1387113394514	0.154269999999996
0.530099999999958	0.244760317408657	0.138937694702219	0.154489999999996
0.532099999999958	0.245063052058394	0.139200803227381	0.154699999999996
0.534099999999958	0.245311861502817	0.139417704079425	0.154919999999996
0.536099999999957	0.245558652036317	0.139633134519629	0.155129999999996
0.538099999999957	0.245794840544975	0.139839681864714	0.155329999999996
0.540099999999957	0.246030001868437	0.140045601546087	0.155539999999996
0.542099999999957	0.246315488484241	0.140295333063499	0.155739999999996
0.544099999999956	0.246548708124498	0.140500101212966	0.155939999999996
0.546099999999956	0.246776046515857	0.14070003305346	0.156139999999996
0.548099999999956	0.247002229726596	0.140899210475967	0.156339999999996
0.550099999999956	0.247226923866719	0.14109734058007	0.156529999999996
0.552099999999956	0.247450051766179	0.14129433504815	0.156719999999996
0.554099999999955	0.247671141259521	0.141489802679045	0.156909999999996
0.556099999999955	0.248079475018275	0.141848413427535	0.157099999999995
0.558099999999955	0.248298604147618	0.142042725587316	0.157279999999995
0.560099999999955	0.248517108195914	0.14223672933856	0.15746
0.562099999999954	0.248733974286335	0.142429540778914	0.15764
0.564099999999954	0.248950128010085	0.14262196323079	0.157819999999995
0.566099999999954	0.249155769116396	0.142805443413136	0.157999999999995
0.568099999999954	0.249356721833776	0.142985051275811	0.158169999999995
0.570099999999954	0.249554274315313	0.143161902360274	0.158339999999995
0.572099999999953	0.249748186051256	0.143335780716949	0.158509999999995
0.574099999999953	0.250035644882284	0.143591775708092	0.158679999999995
0.576099999999953	0.25022233794183	0.143759777247151	0.158849999999995
0.578099999999953	0.250406920564121	0.143926129837576	0.159009999999995
0.580099999999952	0.250589303458606	0.144090751628204	0.159169999999995
0.582099999999952	0.250825413831886	0.14430273879798	0.159329999999995
0.584099999999952	0.250998671633001	0.144459757712543	0.159489999999995
0.586099999999952	0.251249614716022	0.1446852531667	0.159649999999995
0.588099999999952	0.251414745358244	0.144835522703383	0.159799999999995
0.590099999999951	0.251579325737722	0.144985486561102	0.15995
0.592099999999951	0.251840417784391	0.14522063441226	0.1601
0.594099999999951	0.25203448921509	0.145396990405359	0.16025
0.596099999999951	0.252185400689032	0.145535485153101	0.160399999999995
0.59809999999995	0.252336598720394	0.145674396581041	0.160549999999995
0.60009999999995	0.252488068171742	0.145813711150293	0.160689999999995
0.60209999999995	0.252639565122375	0.145953213241071	0.160829999999995
0.60409999999995	0.252788543297085	0.146090652902897	0.160969999999995
0.60609999999995	0.252937762920705	0.146228466168003	0.161109999999995
0.608099999999949	0.253086221996844	0.146365766183207	0.161249999999995
0.610099999999949	0.253231148919514	0.146500098371877	0.16138
0.612099999999949	0.253372463950726	0.146631389075312	0.161519999999995
0.614099999999949	0.253513277654538	0.146762388126011	0.161649999999995
0.616099999999948	0.253654305370389	0.146893727870083	0.161779999999995
0.618099999999948	0.253794246268622	0.147024254796602	0.161909999999995
0.620099999999948	0.253931616862913	0.147152652297066	0.162039999999995
0.622099999999948	0.25406917814817	0.14728136584332	0.16216
0.624099999999948	0.254347059662616	0.147534941896398	0.162289999999995
0.626099999999947	0.25448329726217	0.147662827930633	0.162409999999995
0.628099999999947	0.25462695720101	0.147797462881278	0.16253
0.630099999999947	0.254770828501802	0.147932435983933	0.16265
0.632099999999947	0.254913346021103	0.148066356683211	0.162769999999995
0.634099999999946	0.255056600604459	0.148201092312033	0.162889999999995
0.636099999999946	0.255203350510818	0.148339100231519	0.163
0.638099999999946	0.255342084572064	0.148470104015032	0.163119999999995
0.640099999999946	0.255481064489323	0.148601471045509	0.16323
0.642099999999946	0.255618024846057	0.148731177343437	0.16334
0.644099999999945	0.255782645409541	0.14888575422959	0.163459999999995
0.646099999999945	0.255905463781676	0.14900311802715	0.16356
0.648099999999945	0.256028492803813	0.149120800507352	0.16367
0.650099999999945	0.25615172343212	0.14923879337463	0.163779999999994
0.652099999999945	0.256275146817961	0.149357088501753	0.16388
0.654099999999944	0.256397624056509	0.149474665353519	0.163989999999994
0.656099999999944	0.256596841899808	0.149661189010712	0.16409
0.658099999999944	0.256731379185906	0.149789888273771	0.16419
0.660099999999944	0.256841852498772	0.149897125410512	0.16429
0.662099999999943	0.256952547150253	0.150004679970327	0.16439
0.664099999999943	0.257061702990311	0.150110975527586	0.16449
0.666099999999943	0.257206886657736	0.150249777759773	0.164589999999994
0.668099999999943	0.25731440098306	0.150354841213552	0.16468
0.670099999999943	0.25746555752093	0.15049930354933	0.164779999999994
0.672099999999942	0.25756936640274	0.150601293902799	0.16487
0.674099999999942	0.257671162095522	0.15070158677839	0.164969999999994
0.676099999999942	0.257769101054965	0.150798519187234	0.165059999999994
0.678099999999942	0.257867265828577	0.150895762092666	0.165149999999994
0.680099999999941	0.25796564946823	0.150993309054944	0.165239999999994
0.682099999999941	0.258063887609113	0.1510908313305	0.16532
0.684099999999941	0.258157228715573	0.151184046797166	0.16541
0.686099999999941	0.258247195228922	0.151274320417641	0.165499999999994
0.688099999999941	0.258335835847833	0.151363496493681	0.16558
0.69009999999994	0.258424694370882	0.151452968094867	0.16566
0.69209999999994	0.258510925756897	0.151540161431788	0.165749999999994
0.69409999999994	0.258616376797193	0.151644843463439	0.16583
0.69609999999994	0.258699918111553	0.151729793164647	0.16591
0.698099999999939	0.25878173784849	0.151813279259944	0.16599
0.700099999999939	0.258861312942744	0.151894827860586	0.166069999999994
0.702099999999939	0.258955314789392	0.151989548317439	0.166149999999994
0.704099999999939	0.259027940434426	0.152064987598612	0.16622
0.706099999999939	0.259096104895545	0.152136474575925	0.166299999999994
0.708099999999938	0.259164515604109	0.152208268124056	0.16637
0.710099999999938	0.259233167414373	0.152280363400203	0.166449999999994
0.712099999999938	0.259300806263732	0.152351622257209	0.16652
0.714099999999938	0.259367929057967	0.152422494618008	0.16659
0.716099999999937	0.259435285080108	0.152493659937119	0.16666
0.718099999999937	0.259502869474375	0.152565113642614	0.16673
0.720099999999937	0.259570677447392	0.152636851221774	0.1668
0.722099999999937	0.259642034995594	0.15271190150369	0.16687
0.724099999999937	0.259714880566968	0.152788388867844	0.16694
0.726099999999936	0.259787960472656	0.15286517203216	0.167009999999994
0.728099999999936	0.260049705509699	0.153114036189394	0.16707
0.730099999999936	0.260122329013466	0.153190592751042	0.167139999999994
0.732099999999936	0.260193815854911	0.153266195146081	0.1672
0.734099999999935	0.260259251422681	0.153336353383238	0.16726
0.736099999999935	0.260323710144689	0.15340569614755	0.167329999999994
0.738099999999935	0.260385817564977	0.153472970141903	0.167389999999994
0.740099999999935	0.260446207301963	0.153538751993027	0.16745
0.742099999999935	0.260506818554352	0.153604810445686	0.16751
0.744099999999934	0.260563856852678	0.153667676291069	0.167569999999993
0.746099999999934	0.260617492695005	0.153727504063412	0.167629999999993
0.748099999999934	0.260671354389252	0.153787608164346	0.16768
0.750099999999934	0.260725438050489	0.153847984898363	0.16774
0.752099999999933	0.260837672935082	0.153961718853478	0.167799999999993
0.754099999999933	0.260888064734135	0.154018853031293	0.16785
0.756099999999933	0.260937819717718	0.154075470572806	0.167909999999993
0.758099999999933	0.261080844052923	0.154217712709254	0.16796
0.760099999999933	0.26112699276397	0.15427116009499	0.16801
0.762099999999932	0.261171759775702	0.154323407733885	0.168069999999993
0.764099999999932	0.261215906838993	0.154375152441881	0.168119999999993
0.766099999999932	0.261260270212937	0.154427158788663	0.16817
0.768099999999932	0.261304846626853	0.154479423620235	0.16822
0.770099999999932	0.261349632829848	0.154531943805456	0.16827
0.772099999999931	0.26139462558985	0.154584716235011	0.168319999999993
0.774099999999931	0.261446679578821	0.15464405167003	0.16836
0.776099999999931	0.261576082325949	0.15477465111441	0.16841
0.778099999999931	0.261616347422501	0.154823257644543	0.16846
0.78009999999993	0.26168409767008	0.154897249603979	0.1685
0.78209999999993	0.261721958653841	0.154943764307116	0.16855
0.78409999999993	0.261760026544879	0.154990527811695	0.16859
0.78609999999993	0.2617969447733	0.155036288604366	0.16864
0.78809999999993	0.261833315576242	0.155081601347027	0.16868
0.790099999999929	0.261972237573681	0.155221632823423	0.16872
0.792099999999929	0.262005877945993	0.155264552304157	0.168769999999993
0.794099999999929	0.26203972366788	0.155307716688939	0.16881
0.796099999999929	0.262073772080277	0.15535112337757	0.16885
0.798099999999928	0.262163493680144	0.155446058525797	0.16889
0.800099999999928	0.262196780706357	0.155488870144129	0.16893
0.802099999999928	0.262230269443032	0.155531922659091	0.168969999999993
0.804099999999928	0.262261229275047	0.155572690517176	0.169
0.806099999999928	0.262339496056634	0.155657320261972	0.16904
0.808099999999927	0.262365152890691	0.155693282951318	0.16908
0.810099999999927	0.262391025128333	0.155729495472388	0.16911
0.812099999999927	0.26241711035381	0.155765955445563	0.16915
0.814099999999927	0.262443406151193	0.155802660496865	0.169189999999993
0.816099999999926	0.262469910104092	0.155839608257505	0.16922
0.818099999999926	0.26249661979541	0.155876796363484	0.16925
0.820099999999926	0.262523532807118	0.155914222455217	0.16929
0.822099999999926	0.262599017740944	0.155996787606115	0.16932
0.824099999999926	0.262625202268574	0.156033628808323	0.16935
0.826099999999925	0.262651587791885	0.156070705481631	0.16938
0.828099999999925	0.262678171932923	0.156108015311225	0.169419999999993
0.830099999999925	0.262704539860961	0.156145172671467	0.169449999999992
0.832099999999925	0.262727245923473	0.156178978105399	0.169479999999992
0.834099999999924	0.262748086476279	0.15621109867935	0.1695
0.836099999999924	0.262849655221368	0.156318413602027	0.16953
0.838099999999924	0.262870139820959	0.156350301485437	0.16956
0.840099999999924	0.26290107261576	0.156391977645353	0.16959
0.842099999999924	0.262995479917561	0.156492843039919	0.16962
0.844099999999923	0.263018031580156	0.156526811245397	0.16964
0.846099999999923	0.263040806722991	0.156561033354013	0.16967
0.848099999999923	0.26306289563648	0.156594661690367	0.169699999999992
0.850099999999923	0.263089727738157	0.156632760714709	0.16972
0.852099999999922	0.263115889669111	0.156670281351204	0.169749999999992
0.854099999999922	0.263140978560517	0.156706847229347	0.16977
0.856099999999922	0.263164389563194	0.156741892516819	0.16979
0.858099999999922	0.263187832890813	0.156777012777634	0.169819999999992
0.860099999999922	0.263211504388862	0.156812390745645	0.16984
0.862099999999921	0.263256757972057	0.156867989834526	0.16986
0.864099999999921	0.26327644542699	0.15689973510911	0.16988
0.866099999999921	0.26329636707737	0.156931742079698	0.1699
0.868099999999921	0.263341742390979	0.156987622474109	0.16992
0.87009999999992	0.263353406542002	0.157011997053048	0.16994
0.87209999999992	0.263365281472578	0.157036607778531	0.16996
0.87409999999992	0.263377365135674	0.157061452670938	0.16998
0.87609999999992	0.263389655476688	0.157086529748024	0.17
0.87809999999992	0.263402150433612	0.157111837024902	0.17002
0.880099999999919	0.263414847937179	0.157137372514051	0.17004
0.882099999999919	0.263426780726883	0.157162230195742	0.17005
0.884099999999919	0.263438445864708	0.157186875238703	0.17007
0.886099999999919	0.263528078012231	0.157284747489377	0.17009
0.888099999999919	0.263538955459821	0.157308748037389	0.1701
0.890099999999918	0.263550031625053	0.157332972358908	0.17012
0.892099999999918	0.263560846479382	0.157356989259548	0.17013
0.894099999999918	0.263568643334023	0.157378217369441	0.17015
0.896099999999918	0.263574742278262	0.157397883194834	0.17016
0.898099999999917	0.263581044864335	0.157417775246288	0.17018
0.900099999999917	0.263587549201771	0.157437891700827	0.17019
0.902099999999917	0.263594253390394	0.157458230730508	0.1702
0.904099999999917	0.263601155520584	0.157478790502523	0.17021
0.906099999999917	0.263651732256581	0.157540516178088	0.17023
0.908099999999916	0.263654674081908	0.157557436403062	0.17024
0.910099999999916	0.263657109117108	0.157573912670758	0.17025
0.912099999999916	0.263659744736933	0.157590610406751	0.17026
0.914099999999916	0.263660664455331	0.157605726488397	0.17027
0.916099999999915	0.263658374698114	0.157617854696011	0.17028
0.918099999999915	0.263655223449829	0.157629201880674	0.17029
0.920099999999915	0.263651489537969	0.157640030207162	0.1703
0.922099999999915	0.263647958913397	0.157651079918867	0.170309999999991
0.924099999999915	0.263695649495271	0.157710517781429	0.17031
0.926099999999914	0.263691095093345	0.157720658149794	0.17032
0.928099999999914	0.263684275868985	0.157728691171593	0.17033
0.930099999999914	0.263677350552969	0.157736652556387	0.170339999999991
0.932099999999914	0.263670629418029	0.157744834987595	0.17034
0.934099999999913	0.263664110939091	0.157753236967514	0.17035
0.936099999999913	0.263657793576589	0.157761856989532	0.17035
0.938099999999913	0.263651333779484	0.157770369955774	0.17036
0.940099999999913	0.263643238579169	0.157777362887542	0.17036
0.942099999999913	0.263635341655694	0.157784570417177	0.17037
0.944099999999912	0.263727401087729	0.157886463359335	0.17037
0.946099999999912	0.263718026088322	0.157892333700968	0.17038
0.948099999999912	0.263706956732939	0.157896626117341	0.17038
0.950099999999912	0.263694558571642	0.157899689343638	0.17038
0.952099999999911	0.263680890761337	0.157901577220575	0.17039
0.954099999999911	0.263666546403933	0.157902849789439	0.17039
0.956099999999911	0.263652395634746	0.157904330473089	0.17039
0.958099999999911	0.263638437194194	0.15790601800929	0.17039
0.960099999999911	0.263624669805449	0.157907911124517	0.17039
0.96209999999991	0.263611092174898	0.157910008534223	0.17039
0.96409999999991	0.263597872971093	0.157912471161961	0.17039
0.96609999999991	0.263583383743263	0.157913754170538	0.17039
0.96809999999991	0.26356937204654	0.157915514345863	0.17039
0.970099999999909	0.263555799370278	0.157917714951106	0.17039
0.972099999999909	0.263541509758966	0.157919257398267	0.17039
0.974099999999909	0.263526570165944	0.15792020502519	0.17039
0.976099999999909	0.263510323424984	0.157919933214154	0.17039
0.978099999999909	0.263493897213642	0.157919513187478	0.17039
0.980099999999908	0.2634813417649	0.15792279879675	0.17038
0.982099999999908	0.26346858084761	0.157925911594152	0.17038
0.984099999999908	0.263456010087077	0.157929228125418	0.17038
0.986099999999908	0.263443627935764	0.157932746925528	0.17037
0.988099999999908	0.263431509440332	0.15793653950651	0.17037
0.990099999999907	0.263419823955688	0.157940767187919	0.17037
0.992099999999907	0.263408316669578	0.157945187193701	0.17036
0.994099999999907	0.263397078897656	0.157949886619841	0.17036
0.996099999999907	0.263573641532235	0.158133745465408	0.17035
0.998099999999906	0.263589401722931	0.158164257513609	0.17035
1.00009999999991	0.263571499990884	0.158162667829513	0.17034
1.00209999999991	0.263553768267274	0.15816126255804	0.17033
1.00409999999991	0.263534333413747	0.158158254443961	0.17033
1.00609999999991	0.263514196130265	0.158154597298175	0.17032
1.00809999999991	0.263492370126556	0.158149351834788	0.17031
1.01009999999991	0.263470314382798	0.158143908012721	0.17031
1.0120999999999	0.263448424761757	0.158138643186609	0.1703
1.0140999999999	0.263426705306484	0.158133561171419	0.17029
1.0160999999999	0.263405157065815	0.158128662924038	0.17028
1.0180999999999	0.263383778975307	0.15812394738527	0.17027
1.0200999999999	0.263361266691068	0.158118165721839	0.17026
1.0220999999999	0.263336673771008	0.158110414957888	0.17025000000001
1.0240999999999	0.263311972059138	0.158102579977087	0.17025
1.0260999999999	0.263286310804306	0.158093849949288	0.17024
1.0280999999999	0.263260522391678	0.158085018509493	0.17023
1.0300999999999	0.263234889814307	0.158076354292405	0.17021000000001
1.0320999999999	0.263213869511129	0.158072128621181	0.1702
1.0340999999999	0.263186420393213	0.158061758187024	0.17019
1.0360999999999	0.26326696861132	0.158154969842137	0.17018
1.0380999999999	0.263239332477494	0.15814444288293	0.17017
1.0400999999999	0.263212047405932	0.158134269939423	0.17016
1.0420999999999	0.263183958505254	0.158123343489705	0.17014000000001
1.0440999999999	0.263156004945164	0.158112563676232	0.17013
1.0460999999999	0.263128501157419	0.158102232333491	0.17012
1.0480999999999	0.263101268434764	0.158092177762309	0.17011
1.0500999999999	0.263074170015091	0.158082268626842	0.17009
1.0520999999999	0.263047207689307	0.158072506631283	0.17008
1.0540999999999	0.263020378440034	0.158062888861807	0.17006
1.0560999999999	0.262993164223148	0.158052917876621	0.17005
1.0580999999999	0.262965259630361	0.158042300214382	0.17004
1.0600999999999	0.262936462650356	0.15803084100739	0.17002
1.0620999999999	0.262907293509627	0.158019039618939	0.17000000000001
1.0640999999999	0.262875973954544	0.158005187244243	0.16999
1.0660999999999	0.262939016713428	0.158082184487397	0.16997
1.0680999999999	0.262906833546957	0.158067522206111	0.16996
1.0700999999999	0.262875271056525	0.15805347204655	0.16994
1.0720999999999	0.262938461818321	0.158130706688676	0.16992000000001
1.0740999999999	0.262906242253706	0.158116045406821	0.16991
1.0760999999999	0.262874141862056	0.158101514013037	0.16989
1.0780999999999	0.262851337428602	0.15809596315608	0.16987
1.0800999999999	0.262818705358552	0.158080953632652	0.16985000000001
1.0820999999999	0.262786049118892	0.158065935522493	0.16984
1.0840999999999	0.262752579183853	0.158050148180693	0.16982
1.0860999999999	0.262719338320823	0.158034596173576	0.1698
1.0880999999999	0.262776683331028	0.158106498400437	0.16978
1.0900999999999	0.262742886801055	0.158090440554258	0.16976
1.0920999999999	0.262709216886545	0.158074519646389	0.16974
1.0940999999999	0.262675672996508	0.158058735062206	0.16972
1.0960999999999	0.262642254525493	0.158043086176747	0.1697
1.0980999999999	0.262608960854012	0.158027572354994	0.16968
1.1000999999999	0.262575791348941	0.158012192952166	0.16966
1.1020999999999	0.26254274536393	0.15799694731399	0.16964
1.10409999999989	0.262509822239796	0.157981834776986	0.16962
1.10609999999989	0.262480013159295	0.157969748214038	0.1696
1.10809999999989	0.262446446297189	0.157954034412883	0.16958
1.11009999999989	0.262412412353212	0.157937887038331	0.16956
1.11209999999989	0.262378156893244	0.157921545641896	0.169530000000011
1.11409999999989	0.262344019336395	0.157905331760394	0.16951
1.11609999999989	0.262308908677034	0.157888189961503	0.16949
1.11809999999989	0.262273809037718	0.157871072273023	0.16947
1.12009999999989	0.262238825024461	0.157854079536708	0.169440000000011
1.12209999999989	0.262203816590956	0.157837075995782	0.16942
1.12409999999989	0.262168749390675	0.157820034346998	0.1694
1.12609999999989	0.262132531080467	0.157801890629375	0.169370000000011
1.12809999999989	0.262096619856208	0.157784056715012	0.16935
1.13009999999989	0.262060808365209	0.157766331106807	0.16933
1.13209999999989	0.262025095960177	0.157748713193208	0.1693
1.13409999999989	0.261989481987574	0.157731202358154	0.16928
1.13609999999989	0.261954281067408	0.157714104011684	0.16925
1.13809999999989	0.261954654350809	0.157731550707205	0.16923
1.14009999999989	0.261918745056786	0.157713778216202	0.1692
1.14209999999989	0.261882462374401	0.15769565537692	0.16918
1.14409999999989	0.26184916013019	0.15768043806246	0.16915
1.14609999999989	0.261815977815242	0.157665349143134	0.169120000000011
1.14809999999989	0.261782465841651	0.157649953453551	0.1691
1.15009999999989	0.261748373738984	0.157634010464754	0.16907
1.15209999999989	0.261713550028563	0.157617372747108	0.169040000000011
1.15409999999989	0.261678776440749	0.157600794947213	0.16902
1.15609999999989	0.261644104479029	0.157584326890462	0.16899
1.15809999999989	0.261609981105713	0.157568403801023	0.16896
1.16009999999989	0.261588368697583	0.15756467159973	0.16894
1.16209999999989	0.261554196036153	0.15754873129182	0.16891
1.16409999999989	0.261554630518749	0.157566500834156	0.16888
1.16609999999989	0.261519416514677	0.157549563243222	0.16885
1.16809999999989	0.261483754167884	0.15753220272723	0.16882
1.17009999999989	0.261448217688087	0.157514976088545	0.16879
1.17209999999989	0.261412808805089	0.157497885057693	0.168760000000011
1.17409999999989	0.261377530215801	0.157480932309083	0.168730000000011
1.17609999999989	0.261342381000943	0.157464116993358	0.16871
1.17809999999989	0.261307360215217	0.15744743823695	0.16868
1.18009999999989	0.26134690953206	0.157503529640426	0.16865
1.18209999999989	0.261306933822654	0.157482034686754	0.16862
1.18409999999989	0.261267070760192	0.157460660072599	0.16859
1.18609999999989	0.261227319695337	0.157439405174127	0.168550000000011
1.18809999999989	0.261187679970812	0.157418269361691	0.168520000000011
1.19009999999989	0.261148150921684	0.157397252000023	0.16849
1.19209999999989	0.261107582627957	0.157375230886595	0.16846
1.19409999999988	0.261067224849893	0.157353425590298	0.16843
1.19609999999988	0.261026975314209	0.157331736127382	0.1684
1.19809999999988	0.260986833888215	0.157310162384963	0.16837
1.20009999999988	0.261011404035239	0.157351864579705	0.168330000000012
1.20209999999988	0.260970679455017	0.157329726607211	0.1683
1.20409999999988	0.260930053441741	0.157307695418604	0.16827
1.20609999999988	0.260888534275242	0.157284800900922	0.16824
1.20809999999988	0.260847063934699	0.157261964254386	0.168200000000012
1.21009999999988	0.260805687823195	0.157239229886821	0.16817
1.21209999999988	0.260775843872544	0.157227797509828	0.16814
1.21409999999988	0.260733726531777	0.157204353976572	0.168100000000012
1.21609999999988	0.260692537774398	0.15718182914898	0.16807
1.21809999999988	0.260649564558739	0.157157563736124	0.16804
1.22009999999988	0.260606681995198	0.157133396881483	0.168
1.22209999999988	0.260563889614136	0.157109328123793	0.16797
1.22409999999988	0.260521186937676	0.157085356995645	0.167930000000012
1.22609999999988	0.260477703854403	0.157060634959734	0.1679
1.22809999999988	0.260434290767425	0.157035991026734	0.167860000000012
1.23009999999988	0.260406378771378	0.15702656413797	0.16783
1.23209999999988	0.260362743038562	0.157001716763587	0.167790000000012
1.23409999999988	0.260319439580461	0.156977204441482	0.16776
1.23609999999988	0.260276643859505	0.156953199285986	0.16772
1.23809999999988	0.260233521265474	0.156928881804197	0.16769
1.24009999999988	0.260266024497622	0.15697885458715	0.16765
1.24209999999988	0.260221822989171	0.156953480595296	0.167610000000012
1.24409999999988	0.260176972705472	0.15692748346404	0.16758
1.24609999999988	0.260132222791702	0.156901593845761	0.16754
1.24809999999988	0.260087538154782	0.156875777256191	0.167500000000012
1.25009999999988	0.260042918464271	0.156850033373779	0.16747
1.25209999999988	0.259997980377467	0.156823980133484	0.16743
1.25409999999988	0.259953624788588	0.156798507628422	0.16739
1.25609999999988	0.259909416586953	0.156773188033887	0.167350000000012
1.25809999999988	0.259865263910373	0.15674793101314	0.16732
1.26009999999988	0.259821029316566	0.156722601535433	0.16728
1.26209999999988	0.259776012931157	0.15669651580109	0.16724
1.26409999999988	0.259789016559108	0.156727566862887	0.1672
1.26609999999988	0.259741711178282	0.156699227305713	0.16716
1.26809999999988	0.259693734740498	0.156670236865804	0.167120000000012
1.27009999999988	0.259644724740554	0.156640238658942	0.16709
1.27209999999988	0.259595196473057	0.156609738423494	0.16705
1.27409999999988	0.259545712788109	0.156579288091964	0.16701
1.27609999999988	0.259496275591303	0.156548889565527	0.16697
1.27809999999988	0.259446886477248	0.156518544439691	0.16693
1.28009999999988	0.259397545400953	0.156488252693825	0.16689
1.28209999999988	0.259348252110132	0.156458014103518	0.16685
1.28409999999988	0.259299006349134	0.156427828441645	0.16681
1.28609999999987	0.259249807859037	0.156397695478439	0.16677
1.28809999999987	0.25920065637776	0.156367614981581	0.16673
1.29009999999987	0.259151551640156	0.156337586716269	0.16669
1.29209999999987	0.259102493378118	0.156307610445301	0.166640000000013
1.29409999999987	0.259053481320675	0.156277685929148	0.166600000000013
1.29609999999987	0.259004515194087	0.156247812926025	0.16656
1.29809999999987	0.258955594721937	0.156217991191972	0.16652
1.30009999999987	0.258906569232323	0.156188071922203	0.16648
1.30209999999987	0.258857519834581	0.156158136956298	0.16644
1.30409999999987	0.258808586217873	0.156128321928341	0.166390000000013
1.30609999999987	0.258782226689581	0.156120838984897	0.16635
1.30809999999987	0.258732886285198	0.156090629128817	0.16631
1.31009999999987	0.258683592151032	0.156060470265018	0.16627
1.31209999999987	0.258641018792049	0.15603696160743	0.16623
1.31409999999987	0.258591394518366	0.156006470499152	0.16618
1.31609999999987	0.258541813549159	0.155976027653927	0.16614
1.31809999999987	0.258492275587011	0.155945632818346	0.1661
1.32009999999987	0.258442780333266	0.155915285737819	0.16605
1.32209999999987	0.258392365949246	0.15588403487131	0.16601
1.32409999999987	0.258341968802408	0.155852806419563	0.16597
1.32609999999987	0.25829316735501	0.155823161973225	0.16592
1.32809999999987	0.258244174295273	0.155793333265347	0.16588
1.33009999999987	0.258194962034241	0.155763293846265	0.165830000000013
1.33209999999987	0.258145799500122	0.155733309145557	0.16579
1.33409999999987	0.258098631059573	0.155705305670904	0.165740000000013
1.33609999999987	0.258037524104462	0.155675913475536	0.1657
1.33809999999987	0.258042497012982	0.155699482500671	0.165650000000013
1.34009999999987	0.257988482511391	0.155666175471839	0.16561
1.34209999999987	0.25801838874006	0.155728066391511	0.165560000000013
1.34409999999987	0.257968225303706	0.155696733004655	0.16552
1.34609999999987	0.257903812984326	0.155666886993715	0.165470000000013
1.34809999999987	0.2578544049708	0.155636133422665	0.16543
1.35009999999987	0.257804974308539	0.155605379535557	0.16538
1.35209999999987	0.257741708769505	0.155576583184535	0.16534
1.35409999999987	0.257693058964475	0.155546445463614	0.16529
1.35609999999987	0.257641357081314	0.155512373240872	0.165240000000013
1.35809999999987	0.257674470242224	0.155580500462687	0.1652
1.36009999999987	0.257627071495732	0.155551457264117	0.16515
1.36209999999987	0.257566968782506	0.15552552316922	0.165100000000013
1.36409999999987	0.257521162050927	0.155497922549987	0.16506
1.36609999999987	0.257461636740788	0.155472482698806	0.16501
1.36809999999987	0.257416422303478	0.155445341125449	0.16496
1.37009999999987	0.257359767756487	0.155415354483713	0.164910000000013
1.37209999999987	0.257312120689957	0.155393015556223	0.16487
1.37409999999987	0.257259313156923	0.155363119747951	0.16482
1.37609999999986	0.257209524770263	0.155341835033574	0.16477
1.37809999999986	0.257154642606455	0.155313013632637	0.164720000000014
1.38009999999986	0.257108224562434	0.155291727112982	0.16468
1.38209999999986	0.257050751240655	0.155267907043062	0.16463
1.38409999999986	0.257007468966292	0.155242254368917	0.16458
1.38609999999986	0.256949177618362	0.155218370998311	0.16453
1.38809999999986	0.256944435880161	0.155231048594137	0.16448
1.39009999999986	0.256886959045681	0.155206783861864	0.16443
1.39209999999986	0.256843048960495	0.155180299759807	0.164380000000014
1.39409999999986	0.256878076047647	0.155248293622664	0.164330000000014
1.39609999999986	0.25683058161914	0.155213350879287	0.164280000000014
1.39809999999986	0.256766674878978	0.155190105428295	0.164230000000014
1.40009999999986	0.256719583147124	0.15515465902622	0.16419
1.40209999999986	0.256655856009531	0.155131795405422	0.16414
1.40409999999986	0.256602537401475	0.155097958378016	0.16409
1.40609999999986	0.256547511231548	0.155074287933447	0.16404
1.40809999999986	0.25648662539565	0.155046437765168	0.163980000000014
1.41009999999986	0.256440777442766	0.155017517678089	0.163930000000014
1.41209999999986	0.256380887980815	0.15499042929506	0.163880000000014
1.41409999999986	0.256475882612322	0.155118351835702	0.163830000000014
1.41609999999986	0.256432059076224	0.155091273153367	0.16378
1.41809999999986	0.256419283342989	0.15511111960411	0.16373
1.42009999999986	0.256357177578667	0.155084168604122	0.16368
1.42209999999986	0.256312682960145	0.15505618611964	0.16363
1.42409999999986	0.256253271310313	0.155029772116301	0.16358
1.42609999999986	0.256195935229761	0.154998882985198	0.16353
1.42809999999986	0.25614936774327	0.154976508430115	0.163470000000014
1.43009999999986	0.256088614229622	0.154951193169899	0.16342
1.43209999999986	0.256039418138856	0.154920345373219	0.16337
1.43409999999986	0.25599769816164	0.15490908968092	0.16332
1.43609999999986	0.255938931407195	0.154882905250961	0.16327
1.43809999999986	0.255880214701557	0.154856755309781	0.163210000000014
1.44009999999986	0.255827785221734	0.154826247492344	0.16316
1.44209999999986	0.255778804838432	0.154803815466352	0.16311
1.44409999999986	0.255721200319129	0.154778608125284	0.16306
1.44609999999986	0.255663924769843	0.154753681699832	0.163000000000014
1.44809999999986	0.25560696986178	0.154729029382938	0.16295
1.45009999999986	0.255559212060421	0.154699420483439	0.1629
1.45209999999986	0.25550892989036	0.154678871350855	0.162840000000014
1.45409999999986	0.255453116341325	0.15465516406565	0.16279
1.45609999999986	0.255396846386062	0.15463099067315	0.16274
1.45809999999986	0.255340943906751	0.15460714411982	0.16268
1.46009999999986	0.255285405289421	0.154583604709615	0.16263
1.46209999999986	0.255233174202262	0.154556039450333	0.162570000000014
1.46409999999986	0.255229311799108	0.154574006252994	0.16252
1.46609999999985	0.255176376101798	0.154553811873984	0.16247
1.46809999999985	0.255121177510684	0.154530360014681	0.16241
1.47009999999985	0.25506657530264	0.154507455759204	0.16236
1.47209999999985	0.255092823638928	0.154565709553627	0.1623
1.47409999999985	0.255038347701508	0.154542840248015	0.16225
1.47609999999985	0.254984209291691	0.154520269112916	0.16219
1.47809999999985	0.254966872068447	0.154534687712903	0.16214
1.48009999999985	0.254912660038639	0.154511932385194	0.16208
1.48209999999985	0.2548585664094	0.154489209167483	0.16203
1.48409999999985	0.254801891926409	0.154467294272337	0.16197
1.48609999999985	0.254760092917817	0.154438816941302	0.16192
1.48809999999985	0.254706276719596	0.154420953401974	0.16186
1.49009999999985	0.254652283565728	0.154398107462807	0.161800000000015
1.49209999999985	0.25459817376278	0.154375107180448	0.16175
1.49409999999985	0.254558802374036	0.154367029581135	0.16169
1.49609999999985	0.254501386437806	0.154344058438936	0.16164
1.49809999999985	0.254444442851855	0.154321198577303	0.16158
1.50009999999985	0.254387351128247	0.154297804068404	0.161520000000015
1.50209999999985	0.254330745804293	0.154274949980649	0.16147
1.50409999999985	0.254280310160539	0.154247084684365	0.16141
1.50609999999985	0.254233214757928	0.154223587380051	0.16135
1.50809999999985	0.254180512240706	0.154206501778163	0.1613
1.51009999999985	0.254125898185104	0.154185013408956	0.16124
1.51209999999985	0.254070920206539	0.154163739278663	0.16118
1.51409999999985	0.254016297386411	0.154142759795522	0.161120000000015
1.51609999999985	0.254010288651571	0.154171224236233	0.16107
1.51809999999985	0.253955544499427	0.15415003197422	0.16101
1.52009999999985	0.253900460165397	0.154129357215805	0.16095
1.52209999999985	0.253846280789798	0.154108813366274	0.160890000000015
1.52409999999985	0.253792356314832	0.154088646102219	0.160830000000015
1.52609999999985	0.253742045922509	0.154063891224722	0.16078
1.52809999999985	0.253692014549726	0.154044115463633	0.16072
1.53009999999985	0.253642318256656	0.154024479603015	0.16066
1.53209999999985	0.253592967988875	0.154005134615897	0.1606
1.53409999999985	0.253540225351637	0.153985848048609	0.160540000000015
1.53609999999985	0.253487809725672	0.153966841312685	0.160480000000015
1.53809999999985	0.253539889292031	0.154049695337833	0.16043
1.54009999999985	0.253487387782789	0.154030526978033	0.16037
1.54209999999985	0.253434657466449	0.154015004145949	0.16031
1.54409999999985	0.25338521259903	0.153998932433314	0.16025
1.54609999999985	0.25333330971551	0.153983765604022	0.16019
1.54809999999985	0.253284661708582	0.153968369904514	0.16013
1.55009999999985	0.2532330124383	0.153953554084154	0.16007
1.55209999999985	0.253217950309941	0.153975808589116	0.16001
1.55409999999985	0.25316543093283	0.153963836471974	0.15995
1.55609999999985	0.253268880314229	0.15409903951095	0.15989
1.55809999999984	0.253219067014804	0.154082287989995	0.15983
1.56009999999984	0.253169818716624	0.154066114907187	0.15977
1.56209999999984	0.253121025761713	0.154050313885855	0.15971
1.56409999999984	0.253072043551273	0.154034237236249	0.15965
1.56609999999984	0.253022616892745	0.154017456486991	0.15959
1.56809999999984	0.25297241074242	0.153995109185254	0.15953
1.57009999999984	0.252920188504033	0.153984090891862	0.15947
1.57209999999984	0.252868358682865	0.15396799867505	0.15941
1.57409999999984	0.252816655004378	0.153952341633115	0.15935
1.57609999999984	0.252765882523345	0.153936831501455	0.15929
1.57809999999984	0.252715272070046	0.153921768219495	0.159220000000016
1.58009999999984	0.252665070073681	0.153907044143315	0.159160000000016
1.58209999999984	0.25261545323875	0.153892805819217	0.1591
1.58409999999984	0.252568506203141	0.153877937899832	0.15904
1.58609999999984	0.252518895824445	0.153863214643324	0.15898
1.58809999999984	0.252469136778976	0.153850024118934	0.15892
1.59009999999984	0.252420322297183	0.153836475970195	0.15886
1.59209999999984	0.252371875307116	0.153817957277712	0.158790000000016
1.59409999999984	0.252323408959914	0.15380490724841	0.15873
1.59609999999984	0.252271482187431	0.1537919197722	0.15867
1.59809999999984	0.252311797682778	0.153869248777005	0.15861
1.60009999999984	0.252259958195209	0.153856222668101	0.158540000000016
1.60209999999984	0.25220741081466	0.153842223909134	0.158480000000016
1.60409999999984	0.252154807965101	0.153828169605792	0.15842
1.60609999999984	0.252102611740795	0.153814452157549	0.15836
1.60809999999984	0.252047771441357	0.153806316441679	0.158290000000016
1.61009999999984	0.251999211926546	0.153793007394036	0.15823
1.61209999999984	0.251951032559064	0.153780018121057	0.15817
1.61409999999984	0.251904881245849	0.153766298291517	0.15811
1.61609999999984	0.251865754935793	0.153762381730378	0.158040000000016
1.61809999999984	0.251815857716335	0.153747217763315	0.15798
1.62009999999984	0.251765754673258	0.153725779244163	0.15792
1.62209999999984	0.251709660916389	0.153711594785466	0.157850000000016
1.62409999999984	0.25165358197816	0.153697776120843	0.15779
1.62609999999984	0.25159780817865	0.153688654705402	0.157720000000016
1.62809999999984	0.251549127095868	0.153674644139325	0.15766
1.63009999999984	0.251500678760175	0.153661011652498	0.1576
1.63209999999984	0.251523141172172	0.153719825949536	0.157530000000016
1.63409999999984	0.251513065593792	0.153745344198687	0.15747
1.63609999999984	0.25145855949824	0.153727758973097	0.157400000000016
1.63809999999984	0.251400357556242	0.153716443688811	0.15734
1.64009999999984	0.251349638229616	0.153708229066301	0.15728
1.64209999999984	0.251301114442188	0.153695245674377	0.15721
1.64409999999984	0.251253578624954	0.153681806069522	0.15715
1.64609999999984	0.251205633234979	0.153667969837234	0.15708
1.64809999999983	0.251151547735803	0.153649637834641	0.15702
1.65009999999983	0.251094678969574	0.153637670723548	0.156950000000017
1.65209999999983	0.251041535772357	0.153630436213811	0.15689
1.65409999999983	0.250995258931156	0.153617985485004	0.15682
1.65609999999983	0.250948066324233	0.153606219626253	0.15676
1.65809999999983	0.250917790760137	0.153604394620519	0.15669
1.66009999999983	0.250862952154361	0.153593479640436	0.15663
1.66209999999983	0.25081044197913	0.153583559482682	0.15656
1.66409999999983	0.25075604674498	0.153573163697208	0.156490000000017
1.66609999999983	0.250801480165815	0.153667916093334	0.15643
1.66809999999983	0.250753537911934	0.153656579748024	0.156360000000017
1.67009999999983	0.250705996881491	0.153645576499324	0.1563
1.67209999999983	0.250658844034461	0.153634895323551	0.15623
1.67409999999983	0.250611695844312	0.153623919223964	0.156160000000017
1.67609999999983	0.250561728790406	0.153612880500135	0.1561
1.67809999999983	0.250508479446352	0.153597739517767	0.156030000000017
1.68009999999983	0.250456227491333	0.153588316715697	0.15597
1.68209999999983	0.250404457568788	0.153579291544873	0.1559
1.68409999999983	0.25047674580281	0.153696893697937	0.155830000000017
1.68609999999983	0.250423599744117	0.153684076471448	0.15577
1.68809999999983	0.250370504662172	0.153671208512994	0.1557
1.69009999999983	0.250317664506538	0.153657760722323	0.155630000000017
1.69209999999983	0.250267996946982	0.153644287311857	0.155560000000017
1.69409999999983	0.250215623036439	0.153631729178076	0.1555
1.69609999999983	0.250166590443867	0.153618995694742	0.15543
1.69809999999983	0.250113580251344	0.153606215370413	0.155360000000017
1.70009999999983	0.25006051497532	0.153593769385497	0.1553
1.70209999999983	0.250003870877492	0.153582072828185	0.15523
1.70409999999983	0.249947697853401	0.153570758060398	0.15516
1.70609999999983	0.24989198579778	0.153559816357934	0.155090000000017
1.70809999999983	0.249839757962692	0.153554362010704	0.15503
1.71009999999983	0.249790489947112	0.153543427344924	0.15496
1.71209999999983	0.249741611323135	0.153532812341245	0.15489
1.71409999999983	0.249692744671928	0.153522388354633	0.15482
1.71609999999983	0.249643292167355	0.153505934204029	0.154750000000017
1.71809999999983	0.249598573878628	0.15350790785935	0.15469
1.72009999999983	0.249543829619072	0.153500375989182	0.15462
1.72209999999983	0.249490763808749	0.153499062508512	0.15455
1.72409999999983	0.249447527670065	0.153491745371948	0.15448
1.72609999999983	0.249401645781513	0.153479972747489	0.15441
1.72809999999983	0.249349736311057	0.153474914995087	0.154340000000017
1.73009999999983	0.2492948145475	0.153471020427196	0.154270000000017
1.73209999999983	0.249354418008477	0.153578255056018	0.154200000000017
1.73409999999983	0.249308542598777	0.153571746204681	0.15414
1.73609999999983	0.249259978234264	0.153561317783534	0.15407
1.73809999999983	0.249202760617334	0.153558369017788	0.154
1.74009999999982	0.249158470338583	0.153557307336006	0.15393
1.74209999999982	0.249114431125108	0.153547724484319	0.15386
1.74409999999982	0.249058870251297	0.153545781598395	0.15379
1.74609999999982	0.24901300787833	0.153546351351005	0.15372
1.74809999999982	0.248968287674227	0.153538898848305	0.15365
1.75009999999982	0.248914327076547	0.153537610731136	0.15358
1.75209999999982	0.248875451242675	0.153533227401492	0.15351
1.75409999999982	0.248821906194741	0.153532752487419	0.153440000000018
1.75609999999982	0.248772984248961	0.153534993671962	0.153370000000018
1.75809999999982	0.248731726539256	0.153527766066586	0.153300000000018
1.76009999999982	0.24867876208082	0.153527991799924	0.153230000000018
1.76209999999982	0.248635136246016	0.153530253916984	0.15316
1.76409999999982	0.248672107599377	0.153607799958311	0.15309
1.76609999999982	0.248706848887438	0.153698665142985	0.15302
1.76809999999982	0.248666381843266	0.153713155478654	0.15295
1.77009999999982	0.248619754485633	0.153705401542563	0.15288
1.77209999999982	0.248570018266182	0.153693198898657	0.15281
1.77409999999982	0.248510425178048	0.153688033966375	0.15274
1.77609999999982	0.24846156058153	0.153686248702669	0.15267
1.77809999999982	0.248416348578911	0.153674869326137	0.1526
1.78009999999982	0.248357708867228	0.153670356380313	0.15253
1.78209999999982	0.248306011453637	0.153669491737825	0.152450000000018
1.78409999999982	0.248261413702386	0.153663561312707	0.152380000000018
1.78609999999982	0.248207175129561	0.153654347978489	0.152310000000018
1.78809999999982	0.248150262508806	0.15365118258874	0.15224
1.79009999999982	0.248104249355186	0.153652055559274	0.15217
1.79209999999982	0.248062122344371	0.153642897922488	0.1521
1.79409999999982	0.248006912182844	0.153641475556181	0.15203
1.79609999999982	0.247997575010558	0.153691209103712	0.15196
1.79809999999982	0.247956065308478	0.153687839983297	0.151880000000018
1.80009999999982	0.247908760628525	0.153680742123367	0.151810000000018
1.80209999999982	0.247855201142796	0.153680642594223	0.15174
1.80409999999982	0.247801785950743	0.153680649076439	0.15167
1.80609999999982	0.247758165302817	0.153683657518226	0.1516
1.80809999999982	0.247714919854662	0.153682269567967	0.151520000000018
1.81009999999982	0.247662213162174	0.153677850566813	0.151450000000018
1.81209999999982	0.247656834243867	0.1537280585968	0.15138
1.81409999999982	0.247614158134923	0.153731385617214	0.15131
1.81609999999982	0.247568596443857	0.15372632901679	0.151230000000018
1.81809999999982	0.247517167725579	0.153727839328979	0.151160000000018
1.82009999999982	0.247463201912169	0.153734746995734	0.15109
1.82209999999982	0.247425845888141	0.153734670132112	0.15102
1.82409999999982	0.247376099265656	0.153732987240518	0.150940000000018
1.82609999999982	0.247345626367512	0.153756501471111	0.15087
1.82809999999982	0.247294754892938	0.153763569743037	0.1508
1.83009999999981	0.247254671355361	0.15376464676464	0.15073
1.83209999999981	0.24721168438188	0.153766672894689	0.150650000000019
1.83409999999981	0.247162398433463	0.153765045545908	0.15058
1.83609999999981	0.247110495159645	0.153769830160764	0.15051
1.83809999999981	0.247065665921346	0.153778398199631	0.150430000000019
1.84009999999981	0.247047787802432	0.153796980318028	0.15036
1.84209999999981	0.246996756623605	0.153802374872258	0.15029
1.84409999999981	0.246947396887458	0.153808170289647	0.150210000000019
1.84609999999981	0.246900700111192	0.153813873345012	0.15014
1.84809999999981	0.246860729211553	0.153823320284289	0.150060000000019
1.85009999999981	0.246820361632318	0.153822127980085	0.14999
1.85209999999981	0.246769375745601	0.153827446579404	0.14992
1.85409999999981	0.246718126265125	0.153832282225014	0.149840000000019
1.85609999999981	0.246668148426161	0.153842310520327	0.14977
1.85809999999981	0.246628000307721	0.153846331091739	0.1497
1.86009999999981	0.246588306798957	0.153844928612747	0.14962
1.86209999999981	0.246547426998204	0.153856401003953	0.14955
1.86409999999981	0.246496069132548	0.153861280507685	0.149470000000019
1.86609999999981	0.246445446022911	0.153865913947409	0.1494
1.86809999999981	0.246397739899586	0.153869970558484	0.149320000000019
1.87009999999981	0.246347170026111	0.153875032669415	0.14925
1.87209999999981	0.246300078697074	0.1538851766868	0.149170000000019
1.87409999999981	0.246259393716189	0.153888733518803	0.1491
1.87609999999981	0.24621436129175	0.15388669036086	0.149020000000019
1.87809999999981	0.246163099487083	0.153891729372312	0.14895
1.88009999999981	0.246112417689689	0.153897273626369	0.14888
1.88209999999981	0.246061801365265	0.153902607253682	0.1488
1.88409999999981	0.24601473871742	0.153912407462469	0.14873
1.88609999999981	0.24597496830488	0.153916638633508	0.14865
1.88809999999981	0.245932355609421	0.153916030827096	0.148570000000019
1.89009999999981	0.245901615234392	0.153941277449773	0.1485
1.89209999999981	0.245885693242172	0.153981180107369	0.148420000000019
1.89409999999981	0.245840200311161	0.153984394234129	0.14835
1.89609999999981	0.245791916141547	0.153993679682394	0.148270000000019
1.89809999999981	0.245727770103866	0.153997472884739	0.1482
1.90009999999981	0.245681897640919	0.153993291307589	0.148120000000019
1.90209999999981	0.245635355194207	0.153996531700159	0.14805
1.90409999999981	0.245588525252568	0.153997856587278	0.14797
1.90609999999981	0.245538708131603	0.154000196075888	0.147890000000019
1.90809999999981	0.245489299970841	0.154003232879452	0.14782
1.91009999999981	0.245439963175653	0.154006495418365	0.147740000000019
1.91209999999981	0.245390842304997	0.154010892703576	0.14767
1.91409999999981	0.245342429890868	0.154014819934106	0.14759
1.91609999999981	0.245293554817406	0.154018913101839	0.147510000000019
1.91809999999981	0.245245189015466	0.154023283257192	0.14744
1.9200999999998	0.245196768482179	0.154028316630166	0.147360000000019
1.9220999999998	0.245144810849896	0.1540398456815	0.14729
1.9240999999998	0.245095068560254	0.154046763813105	0.14721
1.9260999999998	0.245051686741778	0.15405402294505	0.14713000000002
1.9280999999998	0.245005369770296	0.154062295912553	0.14706
1.9300999999998	0.244959284926767	0.154071192265178	0.14698
1.9320999999998	0.2449137481143	0.154080560567057	0.14690000000002
1.9340999999998	0.244868745101154	0.154090006715785	0.14683
1.9360999999998	0.24482067754327	0.154101579512067	0.14675
1.9380999999998	0.244773428014099	0.154113019923495	0.14667000000002
1.9400999999998	0.244857017530068	0.154258520173339	0.14659000000002
1.9420999999998	0.244816622202054	0.154268993716362	0.14652
1.9440999999998	0.244769938370324	0.15428119033955	0.14644
1.9460999999998	0.244726978221521	0.154287024147138	0.14636000000002
1.9480999999998	0.244683878533974	0.154298443982114	0.14629
1.9500999999998	0.244635982900966	0.154314651800926	0.14621
1.9520999999998	0.244583842646727	0.154325019983356	0.14613
1.9540999999998	0.244531224361594	0.154334346572436	0.14605000000002
1.9560999999998	0.244481926043786	0.154337007499861	0.14598
1.9580999999998	0.244436800379126	0.154345289350961	0.1459
1.9600999999998	0.244392401984618	0.154354235527846	0.14582
1.9620999999998	0.244347139405847	0.15436192685855	0.14574000000002
1.9640999999998	0.244301539121602	0.154369282897545	0.14567
1.9660999999998	0.244266587240155	0.154393006705392	0.14559
1.9680999999998	0.244220839201709	0.154400133815597	0.14551
1.9700999999998	0.244161338142213	0.154416033995872	0.14543
1.9720999999998	0.244109424584527	0.154418988465084	0.14535000000002
1.9740999999998	0.244065151422826	0.154427252608312	0.14527000000002
1.9760999999998	0.244021438276872	0.154436001863127	0.1452
1.9780999999998	0.243978284142433	0.154445305936827	0.14512
1.9800999999998	0.243953655385574	0.154492757123551	0.14504
1.9820999999998	0.243899698142374	0.154497114410589	0.14496000000002
1.9840999999998	0.243875057237474	0.154525918005351	0.14488000000002
1.9860999999998	0.243829004906432	0.154535013456209	0.14480000000002
1.9880999999998	0.243785252487218	0.154543992782525	0.14473
1.9900999999998	0.243731594046026	0.154561693703471	0.14465
1.9920999999998	0.243679069125808	0.154566875509438	0.14457
1.9940999999998	0.243634194057345	0.15457759027508	0.14449
1.9960999999998	0.243593286545004	0.154588235800115	0.14441
1.9980999999998	0.243542799590347	0.154607966158687	0.14433000000002
