t	fs_A	fs_V
0	0	0	0
0.002	0	0	0
0.0041	7.16679331633308E-05	3.50491822944998E-08	5.27485E-06
0.006	7.37112479139132E-05	6.1170153077929E-08	5.2677E-06
0.00800000000000001	7.7721749874292E-05	1.13479532300642E-07	5.27067E-06
0.0101	8.40403955923789E-05	1.98633169177642E-07	5.2972E-06
0.0121	9.21107758199912E-05	3.12101539541483E-07	5.31025E-06
0.0141	0.000102219386181734	4.61354084309377E-07	5.32774999999999E-06
0.0161	0.000114393375475712	6.51104077819394E-07	5.35080999999999E-06
0.0180999999999999	0.000129390304627524	8.9903545180132E-07	5.38063999999998E-06
0.0200999999999999	0.000149142398613279	1.2479861757298E-06	5.41856999999997E-06
0.0220999999999999	0.000171589432410658	1.67354101673028E-06	5.46601999999996E-06
0.0240999999999999	0.000196751232281116	2.18476908695569E-06	5.52452999999995E-06
0.0260999999999999	0.000224642413160944	2.79092936713418E-06	5.59578999999994E-06
0.0280999999999999	0.000255274343549291	3.50143131540615E-06	5.68163999999993E-06
0.0300999999999999	0.00028865647098275	4.32580891880244E-06	5.78411999999992E-06
0.0320999999999999	0.000325070580633182	5.28107314468332E-06	5.90546999999993E-06
0.0341	0.000392150256998237	7.18134743295283E-06	6.04818999999997E-06
0.036	0.000458454774457622	9.22769815132495E-06	6.13550000000001E-06
0.0380000000000001	0.000531269490443234	1.16523747820776E-05	6.32432000000006E-06
0.0400000000000001	0.000607337096767008	1.43697847889058E-05	6.54379000000011E-06
0.0420000000000002	0.000686775089728204	1.73956846377373E-05	6.79795000000017E-06
0.0440000000000002	0.00076967463486107	2.07460985751496E-05	7.09137000000025E-06
0.0460000000000003	0.000856108994728342	2.44372746231327E-05	7.42931000000032E-06
0.0480000000000003	0.000923736856807625	2.74603781776389E-05	7.81781000000041E-06
0.0500000000000004	0.000994426377087001	3.07409453637386E-05	8.2638100000005E-06
0.0520000000000005	0.00106908037266742	3.43344264398934E-05	8.77532000000061E-06
0.0540000000000005	0.00114769992981809	3.82568994255631E-05	9.36156000000074E-06
0.0560000000000006	0.00129321718878718	4.58502999371838E-05	1.00332000000009E-05
0.0580000000000006	0.00138594899723035	5.09366583418191E-05	1.0802600000001E-05
0.0600000000000007	0.00148360153180189	5.64800545037855E-05	1.16841000000012E-05
0.0620000000000007	0.00158615550101303	6.25014544415916E-05	1.26941000000014E-05
0.0640000000000008	0.00169359136352722	6.90217952308841E-05	1.38519000000016E-05
0.0660000000000009	0.0018374134924045	7.96923796392925E-05	1.51794000000019E-05
0.0680000000000009	0.00199257307006615	9.22741172489739E-05	1.67025000000021E-05
0.070000000000001	0.00215374852597482	0.000105792589069388	1.84506000000024E-05
0.072000000000001	0.00232047059339708	0.000120209417723774	2.04580000000027E-05
0.0740000000000011	0.00249266876518595	0.000135577857021582	2.27642000000031E-05
0.0760000000000012	0.00267122426684174	0.000152075725735999	2.54147000000035E-05
0.0780000000000012	0.00285639215008738	0.00016973147952505	2.8462000000004E-05
0.0800000000000013	0.00304967147832404	0.000188794576011969	3.44579000000047E-05
0.0820000000000013	0.00325144911383884	0.000209404931988852	4.23885000000056E-05
0.0840000000000014	0.00346204670304276	0.000231698913260902	5.13595000000066E-05
0.0860000000000014	0.00368100264471267	0.000255711886991975	6.15045000000078E-05
0.0880000000000015	0.00390821457039371	0.000281522685840416	7.29740000000092E-05
0.0900000000000016	0.00414502265013701	0.000309454675032573	8.59366000000107E-05
0.0920000000000016	0.00439204652091737	0.000339692142063333	0.000100582000000013
0.0940000000000017	0.00465036980306924	0.000372529532005154	0.000117120000000015
0.0960000000000017	0.0049198354964798	0.000408127792810828	0.000135789000000017
0.0980000000000018	0.0052011972059318	0.000446752757740783	0.00015685200000002
0.100000000000002	0.0054955755129628	0.000488788672984489	0.000180599000000023
0.102000000000002	0.0058034105193978	0.000534503841848361	0.000207354000000027
0.104000000000002	0.00612447733217411	0.000583982227325268	0.000237473000000031
0.106000000000002	0.00646031889908184	0.000637793847505195	0.000271346000000036
0.108000000000002	0.00681199447514192	0.000696407039149986	0.000309399000000042
0.110000000000002	0.0071792862063162	0.000760072240081491	0.000352095000000048
0.112000000000002	0.00756304017824943	0.000829242857869022	0.000399931000000056
0.114000000000002	0.00796437596930396	0.000904473448481815	0.000453440000000063
0.116000000000002	0.00838323269124479	0.000986056655427193	0.000513186000000073
0.118000000000002	0.00881971081041819	0.00107436611905167	0.000579762000000083
0.120000000000002	0.00927456629114089	0.00116993405355999	0.000653783000000094
0.122000000000002	0.00974729190222886	0.00127297762103279	0.000735879000000107
0.124000000000003	0.0102386138238665	0.00138411932147228	0.000826686000000121
0.126000000000002	0.010748285878043	0.00150367568361098	0.000926833000000129
0.128000000000002	0.0112760693708135	0.00163197678393602	0.00104
0.130000000000002	0.0118221039625618	0.00176955483965778	0.00116
0.132000000000002	0.0123852298857274	0.00191651367137115	0.00129000000000018
0.134000000000002	0.0129649951692884	0.00207305461166392	0.00143000000000016
0.136000000000001	0.013560551175988	0.00223932642211731	0.00159000000000013
0.138000000000001	0.0141709804695036	0.00241545363851571	0.00175000000000011
0.140000000000001	0.0147950929558092	0.002601420520665	0.00193000000000009
0.142000000000001	0.0154315993352908	0.00279718364009728	0.00213000000000007
0.144	0.0160794558046843	0.00300273151765408	0.00233000000000005
0.146	0.0167370428325018	0.00321785658940111	0.00255000000000003
0.148	0.0174028908467026	0.00344216114915105	0.00278
0.1501	0.0181089944969362	0.00368707123384719	0.00302999999999998
0.1521	0.0187867017759248	0.00392899205157532	0.00327999999999995
0.154099999999999	0.0194679825673043	0.00417899541473851	0.00353999999999994
0.156099999999999	0.0201512623743175	0.0044364673019593	0.00381999999999983
0.158099999999999	0.0208350926715358	0.00470087080316635	0.00409999999999978
0.160099999999999	0.0215179611432094	0.00497148378382692	0.00438999999999973
0.162099999999998	0.0221988695489641	0.0052479987459414	0.00467999999999985
0.164099999999998	0.0228764415450655	0.00552972353009132	0.00497999999999982
0.166099999999998	0.0235497264023366	0.00581614410954761	0.00528999999999981
0.168099999999998	0.0242176955263284	0.00610667348254079	0.00559999999999978
0.170099999999998	0.024879462585282	0.00640068527051478	0.00591999999999976
0.172099999999997	0.0255343662132511	0.00669774258672951	0.00623999999999974
0.174099999999997	0.0261817340817227	0.00699733979045144	0.00655999999999972
0.176099999999997	0.0268211223432121	0.00729905981394349	0.00688999999999939
0.178099999999997	0.0274520061017763	0.00760235522102108	0.00721999999999934
0.180099999999996	0.0280740988319533	0.00790680652986707	0.00753999999999965
0.182099999999996	0.0286872653245403	0.00821212272249122	0.00786999999999925
0.184099999999996	0.0292913585786716	0.00851805554204853	0.00819999999999921
0.186099999999996	0.029886185120379	0.00882424124930314	0.00851999999999958
0.188099999999996	0.030471799816391	0.0091304684627048	0.00884999999999912
0.190099999999995	0.0310481256593011	0.00943641672172757	0.00917999999999908
0.192099999999995	0.0316153324529588	0.00974198442314121	0.00949999999999904
0.194099999999995	0.0321735131656336	0.0100470208760147	0.0098199999999995
0.196099999999995	0.0327227690331003	0.0103513322818265	0.0101499999999989
0.198099999999995	0.0332631974012182	0.0106546595610518	0.0104699999999989
0.200099999999994	0.0337950520053197	0.0109569502429936	0.0107799999999994
0.202099999999994	0.0343185135804146	0.0112580858896099	0.0110999999999988
0.204099999999994	0.0348337797005707	0.0115580372723585	0.0114099999999994
0.206099999999994	0.0353410859013186	0.0118567434040672	0.0117299999999987
0.208099999999993	0.0358406369720689	0.0121541192780818	0.0120399999999987
0.210099999999993	0.036332692020919	0.0124501761154094	0.0123499999999986
0.212099999999993	0.0368174524352765	0.0127447701891202	0.0126499999999993
0.214099999999993	0.0372951816320902	0.0130379847373288	0.0129599999999985
0.216099999999993	0.0377661061549519	0.0133297811393938	0.0132599999999993
0.218099999999992	0.0382304441208584	0.0136202145189247	0.0135599999999992
0.220099999999992	0.0386884084740129	0.013909229969569	0.0138599999999992
0.222099999999992	0.0391402286597402	0.0141968166514825	0.0141599999999992
0.224099999999992	0.0395861276401556	0.0144829440603698	0.0144599999999983
0.226099999999991	0.0400263032920196	0.0147676638540473	0.0147499999999983
0.228099999999991	0.0404609523610217	0.015050970186244	0.0150399999999991
0.230099999999991	0.0408902778794676	0.0153328681521525	0.0153299999999991
0.232099999999991	0.0413144721071607	0.0156134316579194	0.0156199999999991
0.234099999999991	0.0417337045405626	0.0158927227318397	0.0159099999999981
0.23609999999999	0.0421481460210636	0.0161707261302724	0.016189999999999
0.23809999999999	0.042557962865737	0.0164474831235327	0.016479999999998
0.24009999999999	0.0429633286018469	0.0167229616240701	0.016759999999998
0.24209999999999	0.0433643947689624	0.0169972247372996	0.0170399999999979
0.244099999999989	0.04376130980054	0.0172702953473961	0.0173199999999979
0.246099999999989	0.0441542311869291	0.0175421352435	0.0175999999999978
0.248099999999989	0.0445432870075128	0.0178128280042039	0.0178699999999989
0.250099999999989	0.0449286242296418	0.0180823451658849	0.0181499999999978
0.252099999999989	0.0453103628933591	0.0183507517597399	0.0184199999999989
0.254099999999988	0.0456886174592145	0.0186180878725678	0.0186899999999988
0.256099999999988	0.0460635101726118	0.0188843555171021	0.0189599999999988
0.258099999999988	0.0464351477949857	0.0191496046570161	0.0192299999999988
0.260099999999988	0.0468036406348831	0.0194138739828257	0.0194999999999988
0.262099999999987	0.0471691021908233	0.0196771461559196	0.0197699999999987
0.264099999999987	0.0475316326727772	0.0199394415836048	0.0200399999999974
0.266099999999987	0.0478913115445476	0.0202008011977909	0.0202999999999987
0.268099999999987	0.048248228237806	0.020461246243405	0.0205699999999974
0.270099999999987	0.0486024791818592	0.0207207796051107	0.0208299999999987
0.272099999999986	0.0489541510764252	0.0209794263646196	0.0210899999999986
0.274099999999986	0.0493033307187411	0.0212372126257691	0.0213499999999986
0.276099999999986	0.0496500978049114	0.021494147059112	0.0216099999999986
0.278099999999986	0.0499945314755517	0.0217502508175537	0.0218699999999986
0.280099999999985	0.0503366969866106	0.0220055497383793	0.0221299999999985
0.282099999999985	0.0506766604801419	0.0222600447321736	0.0223899999999985
0.284099999999985	0.0510144735413634	0.0225137814831226	0.022649999999997
0.286099999999985	0.0513502071820673	0.0227667800688707	0.0228999999999985
0.288099999999985	0.0516839212396179	0.0230190539914137	0.0231599999999985
0.290099999999984	0.0520156877015847	0.0232706244140792	0.0234099999999984
0.292099999999984	0.0523455452691171	0.0235215001262802	0.0236699999999968
0.294099999999984	0.0526735531105179	0.0237717072983576	0.0239199999999984
0.296099999999984	0.0529997577714408	0.024021235774642	0.0241699999999984
0.298099999999983	0.0533242012566571	0.0242701174499884	0.0244199999999984
0.300099999999983	0.0536469365656132	0.0245183626545565	0.0246699999999983
0.302099999999983	0.0539680240657284	0.0247659687954976	0.0249199999999983
0.304099999999983	0.0542874972414469	0.0250129681413396	0.0251699999999983
0.306099999999983	0.0546054002998401	0.0252593666782532	0.0254199999999983
0.308099999999982	0.0549217854874419	0.0255051751605329	0.0256699999999982
0.310099999999982	0.0552367045391928	0.0257503949448996	0.0259199999999964
0.312099999999982	0.055550188797619	0.0259950569732928	0.0261599999999982
0.314099999999982	0.0558622813805871	0.0262391474285518	0.0264099999999982
0.316099999999982	0.0561729983229534	0.0264826828621725	0.0266499999999982
0.318099999999981	0.0564823730064939	0.0267256823716839	0.0268999999999981
0.320099999999981	0.0567904422462953	0.026968158461144	0.0271399999999981
0.322099999999981	0.0570972455870618	0.0272101256857724	0.0273899999999981
0.324099999999981	0.0574028073002705	0.0274515883574146	0.0276299999999981
0.32609999999998	0.0577071648559497	0.0276925824694805	0.027869999999998
0.32809999999998	0.0580103505202113	0.0279331147464277	0.028119999999996
0.33009999999998	0.0583123887627656	0.0281731734256243	0.028359999999998
0.33209999999998	0.0586133056878442	0.0284127820983881	0.028599999999998
0.33409999999998	0.05891311951891	0.028651936455153	0.028839999999998
0.336099999999979	0.059211853805153	0.0288906425142881	0.0290799999999979
0.338099999999979	0.0595095400002427	0.0291288987696528	0.0293199999999979
0.340099999999979	0.05980619892267	0.0293667122734051	0.0295599999999979
0.342099999999979	0.0601018606100649	0.0296040832729375	0.0297999999999957
0.344099999999978	0.0603965437660121	0.0298410235501396	0.0300299999999978
0.346099999999978	0.0606902676869735	0.0300775447198038	0.0302699999999978
0.348099999999978	0.060983053740576	0.0303136594658018	0.0305099999999978
0.350099999999978	0.0612749302071686	0.0305493759517598	0.0307499999999978
0.352099999999978	0.0615659162248364	0.0307847057513607	0.0309799999999977
0.354099999999977	0.0618560523315961	0.0310196279093984	0.0312199999999977
0.356099999999977	0.0621453495422795	0.0312541594161035	0.0314499999999977
0.358099999999977	0.0624338144451901	0.031488322698381	0.0316899999999977
0.360099999999977	0.0627214810748475	0.0317221139123052	0.0319299999999953
0.362099999999976	0.063008351042498	0.0319555290826402	0.0321599999999976
0.364099999999976	0.0632944292711098	0.0321885844384557	0.0323899999999976
0.366099999999976	0.0635797338568874	0.0324212875473673	0.0326299999999976
0.368099999999976	0.0638642876922426	0.0326536388367027	0.0328599999999976
0.370099999999976	0.0641481118409181	0.0328856499751177	0.0330899999999976
0.372099999999975	0.0644312226766686	0.0331173404910107	0.0333299999999951
0.374099999999975	0.0647136283848177	0.0333487061714003	0.0335599999999975
0.376099999999975	0.0649953489228303	0.0335797632870913	0.0337899999999975
0.378099999999975	0.0652763961071251	0.0338105180398668	0.0340199999999975
0.380099999999974	0.0655567747486504	0.0340409575058922	0.0342499999999974
0.382099999999974	0.0658364975213177	0.0342710871214582	0.0344799999999974
0.384099999999974	0.0661155792496981	0.034500920008922	0.0347099999999974
0.386099999999974	0.06639403073449	0.0347304612901179	0.0349399999999974
0.388099999999974	0.0666718681819406	0.0349597146262916	0.0351699999999974
0.390099999999973	0.0669490929145751	0.0351886892037607	0.0353999999999973
0.392099999999973	0.0672257147424461	0.0354173910138744	0.0356299999999973
0.394099999999973	0.0675017585461619	0.0356457974833049	0.0358599999999973
0.396099999999973	0.0677772276349524	0.0358739186623062	0.0360899999999973
0.398099999999972	0.0680521312979758	0.0361017579760434	0.0363199999999973
0.400099999999972	0.0683264801252762	0.0363293219461797	0.0365499999999972
0.402099999999972	0.0686002902564422	0.036556610676294	0.0367699999999972
0.404099999999972	0.0688735742867718	0.0367836237493235	0.0369999999999972
0.406099999999972	0.0691463346083346	0.0370103722126932	0.0372299999999972
0.408099999999971	0.0694185815117636	0.0372368617507239	0.0374599999999943
0.410099999999971	0.0696903246413878	0.0374631005925297	0.0376799999999971
0.412099999999971	0.0699615765815749	0.0376890910206595	0.0379099999999971
0.414099999999971	0.0702323560629312	0.0379148294252422	0.0381299999999971
0.41609999999997	0.0705026620341296	0.0381403271006715	0.038359999999997
0.41809999999997	0.0707725069230159	0.0383655945980251	0.038589999999994
0.42009999999997	0.0710418966586225	0.0385906288141661	0.038809999999997
0.42209999999997	0.0713108472566824	0.0388154439805636	0.039039999999997
0.42409999999997	0.0715793664199592	0.0390400239170462	0.039259999999997
0.426099999999969	0.071847451848941	0.039264365942093	0.0394899999999939
0.428099999999969	0.0721151043218189	0.0394884765448659	0.0397099999999969
0.430099999999969	0.0723823302876647	0.0397123609599446	0.0399299999999969
0.432099999999969	0.0726491398649623	0.0399360203532383	0.0401599999999969
0.434099999999969	0.0729155411768783	0.0401594552553872	0.0403799999999969
0.436099999999968	0.0731815391069302	0.04038266867631	0.0405999999999968
0.438099999999968	0.0734471389491608	0.0406056651510661	0.0408299999999968
0.440099999999968	0.0737123506760984	0.0408284525725187	0.0410499999999968
0.442099999999968	0.0739771875485038	0.0410510264261113	0.0412699999999968
0.444099999999967	0.0742416449837335	0.0412733930605135	0.0414999999999935
0.446099999999967	0.07450572879999	0.0414955560870635	0.0417199999999967
0.448099999999967	0.074769449784784	0.0417175478122974	0.0419399999999967
0.450099999999967	0.0750328110066353	0.0419393584360305	0.0421599999999967
0.452099999999967	0.0752958173122025	0.0421609801460643	0.0423799999999967
0.454099999999966	0.0755584750912918	0.0423824172859573	0.0425999999999966
0.456099999999966	0.0758207906730051	0.0426036655203732	0.0428299999999966
0.458099999999966	0.0760827725778039	0.042824720556633	0.0430499999999966
0.460099999999966	0.0763444220086251	0.0430456061596958	0.0432699999999966
0.462099999999965	0.0766057446623755	0.0432663075737145	0.0434899999999965
0.464099999999965	0.076866741175069	0.0434868264415847	0.0437099999999965
0.466099999999965	0.0771274227452007	0.043707160247294	0.0439299999999965
0.468099999999965	0.0773877917440707	0.0439273280064322	0.0441499999999965
0.470099999999965	0.0776478487349423	0.0441473203187213	0.0443699999999965
0.472099999999964	0.077907596304969	0.0443671442447043	0.0445899999999964
0.474099999999964	0.0781670461022114	0.0445867890619875	0.0448099999999964
0.476099999999964	0.0784262033120599	0.0448062514428602	0.0450299999999964
0.478099999999964	0.0786850649323651	0.0450255399085393	0.0452499999999964
0.480099999999963	0.0789436357874919	0.0452446567283767	0.0454699999999927
0.482099999999963	0.0792019195659697	0.0454636054658919	0.0456799999999963
0.484099999999963	0.0794599214669707	0.0456823879425444	0.0458999999999963
0.486099999999963	0.0797176452330024	0.0459010066120935	0.0461199999999963
0.488099999999963	0.0799750941445745	0.0461194646733467	0.0463399999999963
0.490099999999962	0.0802322746680052	0.0463377675346783	0.0465599999999962
0.492099999999962	0.0804892031869728	0.0465559157859678	0.0467799999999924
0.494099999999962	0.0807458681590877	0.0467739113547964	0.0469899999999962
0.496099999999962	0.0810022795260355	0.0469917514736355	0.0472099999999962
0.498099999999961	0.0812584369276915	0.0472094429440287	0.0474299999999961
0.500099999999961	0.0815143425420451	0.0474270008386405	0.0476499999999922
0.502099999999961	0.081770000668086	0.0476444163375448	0.0478599999999961
0.504099999999961	0.0820254263386093	0.0478616821725831	0.0480799999999961
0.506099999999961	0.0822806145297468	0.0480787995315943	0.0482999999999961
0.50809999999996	0.0825355620601718	0.0482957737774542	0.048509999999996
0.51009999999996	0.0827902760076181	0.0485126082775516	0.048729999999996
0.51209999999996	0.0830447682156947	0.0487293090921734	0.048949999999996
0.51409999999996	0.0832990289840407	0.0489458726796886	0.049159999999996
0.516099999999959	0.0835530634762205	0.0491623108376835	0.0493799999999959
0.518099999999959	0.083806875039592	0.0493786215758298	0.0495899999999959
0.520099999999959	0.0840604757407685	0.0495947987342249	0.0498099999999959
0.522099999999959	0.0843138590718765	0.0498108417132638	0.0500299999999959
0.524099999999959	0.0845670281333802	0.0500267521229484	0.0502399999999959
0.526099999999958	0.0848199812497197	0.050242547741437	0.0504599999999958
0.528099999999958	0.085072721860067	0.0504582181203357	0.0506699999999958
0.530099999999958	0.0853252528520056	0.0506737638679729	0.0508899999999958
0.532099999999958	0.0855775762130214	0.0508891917956488	0.0510999999999958
0.534099999999958	0.0858296931169927	0.0511045055538538	0.0513199999999958
0.536099999999957	0.0860816073345925	0.0513196977730072	0.0515299999999957
0.538099999999957	0.0863333273576204	0.0515347643838063	0.0517499999999957
0.540099999999957	0.0865848506963279	0.0517497097456809	0.0519599999999957
0.542099999999957	0.086836177454022	0.051964547237895	0.0521799999999957
0.544099999999956	0.0870873104751959	0.052179271240308	0.0523899999999956
0.546099999999956	0.0873382573716104	0.0523938756840835	0.0526099999999912
0.548099999999956	0.0875890155361175	0.0526083653516633	0.0528199999999956
0.550099999999956	0.0878395869260811	0.0528227422402153	0.0530299999999956
0.552099999999956	0.0880899623107246	0.0530370162919753	0.0532499999999956
0.554099999999955	0.0883401575722976	0.0532511785382092	0.0534599999999955
0.556099999999955	0.088590174726486	0.053465246521922	0.0536699999999955
0.558099999999955	0.0888400146227844	0.0536792359070166	0.0538899999999955
0.560099999999955	0.0890896776272373	0.0538931188455662	0.0540999999999955
0.562099999999954	0.0893391661513637	0.0541068963308856	0.0543099999999954
0.564099999999954	0.0895884814824842	0.0543205704893115	0.0545299999999954
0.566099999999954	0.0898376292285079	0.0545341389203001	0.0547399999999954
0.568099999999954	0.0900866094031706	0.0547476024813484	0.0549499999999954
0.570099999999954	0.0903354222015138	0.0549609636384899	0.0551699999999953
0.572099999999953	0.0905840692908943	0.0551742230275356	0.0553799999999953
0.574099999999953	0.090832553011092	0.0553873850722287	0.0555899999999953
0.576099999999953	0.0910808745819098	0.0556004668623765	0.0557999999999953
0.578099999999953	0.0913290354646115	0.0558134491167496	0.0560199999999953
0.580099999999952	0.0915770374090009	0.0560263329417859	0.0562299999999953
0.582099999999952	0.0918248830153397	0.0562391213692778	0.0564399999999952
0.584099999999952	0.0920725745386384	0.0564518227596671	0.0566499999999952
0.586099999999952	0.0923201130242052	0.0566644323924945	0.0568699999999952
0.588099999999952	0.0925674986518219	0.056876959773211	0.0570799999999952
0.590099999999951	0.0928147321673716	0.0570893921787024	0.0572899999999951
0.592099999999951	0.0930618174972587	0.057301731601773	0.0574999999999951
0.594099999999951	0.0933087621987866	0.0575139951238886	0.0577099999999951
0.596099999999951	0.0935555596579277	0.057726172172856	0.0579299999999951
0.59809999999995	0.0938022099381978	0.0579382572944394	0.0581399999999951
0.60009999999995	0.0940487145177029	0.058150252062602	0.058349999999995
0.60209999999995	0.0942950748837847	0.0583621579844509	0.058559999999995
0.60409999999995	0.0945412931246149	0.0585739756641275	0.058769999999995
0.60609999999995	0.0947873698335676	0.0587857068739497	0.058979999999995
0.608099999999949	0.0950333064334647	0.058997352996724	0.0591899999999949
0.610099999999949	0.0952791047262633	0.0592089144855205	0.0594099999999898
0.612099999999949	0.0955247671600876	0.0594203909438428	0.0596199999999949
0.614099999999949	0.0957702936405557	0.0596317842660405	0.0598299999999949
0.616099999999948	0.0960156849163861	0.0598430962111602	0.0600399999999949
0.618099999999948	0.0962609429165174	0.0600543275808895	0.0602499999999948
0.620099999999948	0.0965060701572129	0.0602654780751591	0.0604599999999948
0.622099999999948	0.0967510657644568	0.0604765503535326	0.0606699999999948
0.624099999999948	0.0969959327986778	0.0606875668831484	0.0608799999999948
0.626099999999947	0.0972406828912922	0.0608985091408758	0.0610899999999947
0.628099999999947	0.0974853039607294	0.0611093775122217	0.0612999999999947
0.630099999999947	0.097729797996767	0.061320173384919	0.0615099999999947
0.632099999999947	0.0979741685356717	0.0615308958763192	0.0617199999999947
0.634099999999946	0.0982184202554572	0.0617415436035058	0.0619299999999947
0.636099999999946	0.0984625518131981	0.0619521192137364	0.0621399999999946
0.638099999999946	0.0987065603496972	0.0621626276481416	0.0623499999999946
0.640099999999946	0.0989504469918611	0.0623730681818761	0.0625599999999946
0.642099999999946	0.0991942127269145	0.0625834416763169	0.0627699999999946
0.644099999999945	0.0994378608663772	0.062793748610132	0.0629799999999945
0.646099999999945	0.0996813974851926	0.0630039884635722	0.0631899999999945
0.648099999999945	0.0999248157156107	0.0632141610097073	0.0633999999999945
0.650099999999945	0.100168116515464	0.0634242673447558	0.0636099999999945
0.652099999999945	0.100411300825122	0.0636343085409633	0.0638199999999945
0.654099999999944	0.100654369805632	0.0638442854091956	0.0640299999999944
0.656099999999944	0.100897332361788	0.0640542041459529	0.0642399999999944
0.658099999999944	0.101140190313898	0.0642640610068674	0.0644499999999944
0.660099999999944	0.10138293792407	0.0644738558372565	0.0646599999999944
0.662099999999943	0.101625573130153	0.0646835874335835	0.0648699999999943
0.664099999999943	0.101868100082558	0.0648932542769944	0.0650799999999943
0.666099999999943	0.102110518342211	0.0651028633696587	0.0652899999999943
0.668099999999943	0.10235282702294	0.0653124147137237	0.0654899999999943
0.670099999999943	0.10259503616856	0.0655219085197002	0.0656999999999942
0.672099999999942	0.102837142730605	0.0657313392944354	0.0659099999999942
0.674099999999942	0.103079144353241	0.0659407087780172	0.0661199999999942
0.676099999999942	0.103321042351228	0.0661500166821453	0.0663299999999942
0.678099999999942	0.103562834130195	0.0663592660814263	0.0665399999999942
0.680099999999941	0.10380452045739	0.0665684579236196	0.0667499999999941
0.682099999999941	0.104046102270843	0.066777592995153	0.0669599999999941
0.684099999999941	0.104287585641903	0.0669866677228421	0.0671699999999882
0.686099999999941	0.104528968275687	0.06719568418959	0.0673699999999941
0.688099999999941	0.104770248809928	0.0674046442176642	0.067579999999994
0.69009999999994	0.105011427354102	0.0676135490158674	0.067789999999994
0.69209999999994	0.105252504572011	0.0678223992223157	0.067999999999994
0.69409999999994	0.105493480401093	0.0680311974574045	0.068209999999994
0.69609999999994	0.10573435485687	0.0682399459746242	0.068419999999994
0.698099999999939	0.105975131082497	0.0684486402757987	0.0686199999999939
0.700099999999939	0.106215810978054	0.0686572796703812	0.0688299999999939
0.702099999999939	0.106456393851316	0.0688658672808151	0.0690399999999939
0.704099999999939	0.106696884510801	0.0690744006620445	0.0692499999999939
0.706099999999939	0.106937284055619	0.0692828767544839	0.0694599999999939
0.708099999999938	0.107177587182824	0.0694913003336671	0.0696599999999938
0.710099999999938	0.107417794518365	0.0696996722594593	0.0698699999999938
0.712099999999938	0.107657907547826	0.0699079926563625	0.0700799999999938
0.714099999999938	0.10789792656087	0.0701162622456703	0.0702899999999938
0.716099999999937	0.108137851567832	0.0703244822337893	0.0704999999999937
0.718099999999937	0.10837768315605	0.0705326534192572	0.0706999999999937
0.720099999999937	0.108617421903327	0.070740776583026	0.0709099999999937
0.722099999999937	0.108857068864125	0.0709488524114972	0.0711199999999937
0.724099999999937	0.109096624230665	0.0711568827072514	0.0713299999999937
0.726099999999936	0.109336088499383	0.0713648682644114	0.0715299999999936
0.728099999999936	0.109575462073386	0.07157281676819	0.0717399999999936
0.730099999999936	0.10981474477008	0.0717807607184798	0.0719499999999936
0.732099999999936	0.110053938398793	0.0719886600733339	0.0721599999999936
0.734099999999935	0.110293042395905	0.0721965154213469	0.0723599999999935
0.736099999999935	0.11053205699089	0.0724043265463124	0.0725699999999935
0.738099999999935	0.110770985087101	0.0726120921480934	0.0727799999999935
0.740099999999935	0.111009827048101	0.0728198124229046	0.0729899999999935
0.742099999999935	0.111248581745349	0.0730274890632492	0.0731899999999935
0.744099999999934	0.111487251086445	0.0732351214760682	0.0733999999999934
0.746099999999934	0.111725836512684	0.0734427084655168	0.0736099999999934
0.748099999999934	0.111964336045144	0.0736502522361387	0.0738099999999934
0.750099999999934	0.112202750161539	0.0738577534720705	0.0740199999999934
0.752099999999933	0.112441079712958	0.0740652122819766	0.0742299999999934
0.754099999999933	0.112679322490261	0.074272645296199	0.0744399999999933
0.756099999999933	0.112917481391275	0.0744800362024512	0.0746399999999933
0.758099999999933	0.113155555643755	0.074687399972522	0.0748499999999933
0.760099999999933	0.113393545493134	0.0748947316638813	0.0750599999999933
0.762099999999932	0.113631455179228	0.0751020196155912	0.0752599999999932
0.764099999999932	0.113869284221475	0.0753092647930717	0.0754699999999932
0.766099999999932	0.114107031252027	0.0755164691212721	0.0756799999999932
0.768099999999932	0.114344696700868	0.0757236332451652	0.0758799999999932
0.770099999999932	0.114582280991618	0.07593075779529	0.0760899999999931
0.772099999999931	0.114819784541687	0.0761378433880632	0.0762999999999931
0.774099999999931	0.115057208952912	0.0763448896745195	0.0764999999999931
0.776099999999931	0.115294549023609	0.0765519133917304	0.0767099999999931
0.778099999999931	0.115531808774616	0.0767589094331919	0.0769199999999931
0.78009999999993	0.115768990034219	0.0769658695178368	0.077119999999993
0.78209999999993	0.116006093329682	0.0771727942260407	0.077329999999993
0.78409999999993	0.116243118151808	0.0773796808393204	0.077539999999993
0.78609999999993	0.116480064890085	0.0775865298258631	0.077739999999993
0.78809999999993	0.116716933978246	0.0777933414528969	0.077949999999993
0.790099999999929	0.116953728647091	0.0780001329043079	0.0781599999999929
0.792099999999929	0.117190447034909	0.0782068926823151	0.0783599999999929
0.794099999999929	0.117427088742642	0.0784136154718588	0.0785699999999929
0.796099999999929	0.117663654136186	0.0786203018488798	0.0787699999999929
0.798099999999928	0.117900142717248	0.0788269563758404	0.0789799999999928
0.800099999999928	0.11813655342624	0.0790335869392811	0.0791899999999928
0.802099999999928	0.118372888860305	0.0792401820649854	0.0793899999999928
0.804099999999928	0.118609150634737	0.0794467411485334	0.0795999999999928
0.806099999999928	0.118845339091443	0.0796532647380253	0.0798099999999928
0.808099999999927	0.119081450690151	0.0798597659883546	0.0800099999999927
0.810099999999927	0.119317488307046	0.0800662316770651	0.0802199999999927
0.812099999999927	0.119553452278105	0.0802726623620686	0.0804199999999927
0.814099999999927	0.119789342934679	0.0804790585885521	0.0806299999999927
0.816099999999926	0.120025160603611	0.0806854208892544	0.0808399999999926
0.818099999999926	0.120260905607348	0.0808917497847369	0.0810399999999926
0.820099999999926	0.120496578264053	0.0810980457836484	0.0812499999999926
0.822099999999926	0.120732174537444	0.0813043207296225	0.0814499999999926
0.824099999999926	0.120967697208467	0.0815105680270727	0.0816599999999925
0.826099999999925	0.121203148446815	0.0817167831988947	0.0818699999999851
0.828099999999925	0.121438528556647	0.0819229667269173	0.0820699999999925
0.830099999999925	0.121673837982408	0.0821291189677395	0.0822799999999925
0.832099999999925	0.121909080675037	0.0823352373582027	0.0824799999999925
0.834099999999924	0.122144255882216	0.0825413222650759	0.0826899999999925
0.836099999999924	0.122379361154311	0.0827473759880101	0.0828899999999924
0.838099999999924	0.122614398531101	0.0829534171247403	0.0830999999999924
0.840099999999924	0.122849373262304	0.0831594241008274	0.0833099999999848
0.842099999999924	0.123084279488646	0.0833654170806346	0.0835099999999924
0.844099999999923	0.123319117323685	0.0835713815244608	0.0837199999999923
0.846099999999923	0.123553886531258	0.0837773164261853	0.0839199999999923
0.848099999999923	0.123788587983817	0.0839832216830016	0.0841299999999923
0.850099999999923	0.124023221199595	0.0841890987009724	0.0843299999999923
0.852099999999922	0.12425778705433	0.0843949479744916	0.0845399999999923
0.854099999999922	0.12449228602559	0.0846007693630128	0.0847399999999922
0.856099999999922	0.124726718478508	0.0848065628939435	0.0849499999999922
0.858099999999922	0.124961083977503	0.0850123291516826	0.0851499999999922
0.860099999999922	0.125195382691751	0.0852180685817353	0.0853599999999922
0.862099999999921	0.125429614390688	0.0854237863015055	0.0855699999999921
0.864099999999921	0.125663782520984	0.0856294761656867	0.0857699999999921
0.866099999999921	0.12589788459687	0.0858351391736858	0.0859799999999921
0.868099999999921	0.126131926710877	0.0860407764469719	0.0861799999999921
0.87009999999992	0.126365905114986	0.0862463865752125	0.086389999999992
0.87209999999992	0.126599817935863	0.0864519690542553	0.086589999999992
0.87409999999992	0.126833665420929	0.0866575242832339	0.086799999999992
0.87609999999992	0.127067447814692	0.0868630526519746	0.086999999999992
0.87809999999992	0.127301165358814	0.0870685545411996	0.087209999999992
0.880099999999919	0.127534818292179	0.0872740303227247	0.0874099999999919
0.882099999999919	0.127768407707347	0.0874794796860264	0.0876199999999919
0.884099999999919	0.128001933439495	0.0876849030275974	0.0878199999999919
0.886099999999919	0.128235404937592	0.087890312308719	0.0880299999999919
0.888099999999919	0.128468812928451	0.0880956968162654	0.0882299999999919
0.890099999999918	0.128702157435703	0.0883010560786093	0.0884399999999918
0.892099999999918	0.128935439373696	0.0885063899438571	0.0886399999999918
0.894099999999918	0.1291686650316	0.0887116940492164	0.0888499999999918
0.896099999999918	0.12940182701717	0.0889169735383041	0.0890499999999918
0.898099999999917	0.129634926393923	0.0891222279451517	0.0892599999999917
0.900099999999917	0.129867963378633	0.089327457618288	0.0894599999999917
0.902099999999917	0.13010093818574	0.0895326628979678	0.0896699999999917
0.904099999999917	0.130333851027399	0.0897378441163552	0.0898699999999917
0.906099999999917	0.130566705737078	0.0899430033320223	0.0900799999999916
0.908099999999916	0.130799507762588	0.0901481387271682	0.0902799999999916
0.910099999999916	0.131032248888786	0.0903532494831636	0.0904899999999916
0.912099999999916	0.131264928856542	0.0905583362256365	0.0906899999999916
0.914099999999916	0.131497550214211	0.0907633975014415	0.0908999999999916
0.916099999999915	0.131730115229664	0.0909684314481703	0.0910999999999915
0.918099999999915	0.131962620521462	0.0911734405373134	0.0913099999999915
0.920099999999915	0.132195066079486	0.0913784249586546	0.0915099999999915
0.922099999999915	0.132427451467402	0.0915833854538827	0.0917099999999915
0.924099999999915	0.13265977571475	0.091788329462687	0.0919199999999915
0.926099999999914	0.132892039719985	0.0919932563321531	0.0921199999999914
0.928099999999914	0.133124246103004	0.0921981578723056	0.0923299999999914
0.930099999999914	0.133356393292082	0.0924030353133143	0.0925299999999914
0.932099999999914	0.133588481263203	0.0926078891350967	0.0927399999999914
0.934099999999913	0.133820510201724	0.0928127196678948	0.0929399999999913
0.936099999999913	0.134052480291119	0.0930175272339659	0.0931499999999913
0.938099999999913	0.13428439172339	0.0932223121356896	0.0933499999999913
0.940099999999913	0.13451624472898	0.0934270743175512	0.0935599999999913
0.942099999999913	0.134748039429231	0.0936318139299927	0.0937599999999912
0.944099999999912	0.134979776438002	0.0938365334387585	0.0939599999999912
0.946099999999912	0.135211459516512	0.0940412498430699	0.0941699999999912
0.948099999999912	0.135443085336575	0.0942459429179063	0.0943699999999912
0.950099999999912	0.135674656162769	0.0944506111953334	0.0945799999999912
0.952099999999911	0.13590617135365	0.0946552552221028	0.0947799999999911
0.954099999999911	0.136137630111968	0.0948598756779002	0.0949899999999911
0.956099999999911	0.13636903177436	0.0950644734222166	0.0951899999999911
0.958099999999911	0.136600376507766	0.0952690487707161	0.0953999999999822
0.960099999999911	0.136831664477515	0.0954736020313544	0.0955999999999911
0.96209999999991	0.137062895847368	0.0956781335045531	0.095799999999991
0.96409999999991	0.137294071264051	0.0958826431578033	0.096009999999991
0.96609999999991	0.137525192073497	0.0960871303221746	0.096209999999991
0.96809999999991	0.137756256743953	0.0962915963184786	0.096419999999991
0.970099999999909	0.137987265303687	0.096496041615909	0.0966199999999909
0.972099999999909	0.138218218055912	0.0967004663400145	0.0968199999999909
0.974099999999909	0.13844911520034	0.0969048704068564	0.0970299999999909
0.976099999999909	0.138679957498006	0.0971092534632612	0.0972299999999909
0.978099999999909	0.138910744556797	0.0973136158667627	0.0974399999999909
0.980099999999908	0.139141476305628	0.0975179584087806	0.0976399999999908
0.982099999999908	0.139372152875341	0.0977222818814303	0.0978499999999908
0.984099999999908	0.139602774413211	0.0979265864128219	0.0980499999999908
0.986099999999908	0.139833341070171	0.0981308722268791	0.0982499999999908
0.988099999999908	0.140063852993747	0.098335139545245	0.0984599999999908
0.990099999999907	0.140294310266992	0.0985393886800736	0.0986599999999907
0.992099999999907	0.140524713008475	0.0987436198798751	0.0988699999999907
0.994099999999907	0.140755061363666	0.0989478333448156	0.0990699999999907
0.996099999999907	0.140985356572374	0.099152029028932	0.0992699999999907
0.998099999999906	0.141215598340858	0.0993562544370009	0.0994799999999906
1.00009999999991	0.141445784760955	0.0995604662833557	0.0996799999999906
1.00209999999991	0.141675917505662	0.0997646579065331	0.0998899999999812
1.00409999999991	0.141905997710836	0.0999688286826043	0.100089999999991
1.00609999999991	0.142136024831894	0.100172978975585	0.100289999999991
1.00809999999991	0.142366001196469	0.100377107229305	0.100499999999991
1.01009999999991	0.142595924856179	0.100581214877343	0.100699999999991
1.0120999999999	0.142825795477897	0.100785302503541	0.10089999999999
1.0140999999999	0.143055613201416	0.100989370363102	0.10110999999999
1.0160999999999	0.143285378164088	0.101193418706899	0.10130999999999
1.0180999999999	0.143515090501961	0.101397447779795	0.10151999999999
1.0200999999999	0.143744750013893	0.101601457958582	0.10171999999999
1.0220999999999	0.143974358958395	0.101805447469868	0.10191999999999
1.0240999999999	0.144203916343187	0.102009417048874	0.10212999999999
1.0260999999999	0.14443342480249	0.102213365085936	0.10232999999999
1.0280999999999	0.144662882588986	0.102417292977677	0.10252999999999
1.0300999999999	0.144892288456106	0.102621201936086	0.10273999999999
1.0320999999999	0.145121642588732	0.102825092363938	0.10293999999999
1.0340999999999	0.145350944788502	0.103028965128582	0.10314999999999
1.0360999999999	0.145580194897652	0.103232820849183	0.10334999999999
1.0380999999999	0.145809387940055	0.103436687171856	0.10354999999999
1.0400999999999	0.146038529369956	0.103640534464363	0.10375999999999
1.0420999999999	0.146267619738801	0.10384436249678	0.10395999999999
1.0440999999999	0.146496658645981	0.104048171775389	0.10415999999999
1.0460999999999	0.146725646198811	0.104251962560771	0.10436999999999
1.0480999999999	0.146954582437406	0.104455735208791	0.10456999999999
1.0500999999999	0.147183467490823	0.104659489927939	0.10476999999999
1.0520999999999	0.147412301493609	0.104863226911572	0.10497999999999
1.0540999999999	0.147641084578574	0.105066946349341	0.10517999999999
1.0560999999999	0.147869817252366	0.105270648134132	0.10537999999999
1.0580999999999	0.148098499897918	0.105474332064051	0.10558999999999
1.0600999999999	0.148327132538308	0.105677998173735	0.10578999999999
1.0620999999999	0.148555714963813	0.105881646771538	0.10598999999999
1.0640999999999	0.148784248829601	0.106085276555828	0.10619999999999
1.0660999999999	0.14901273322578	0.1062888905059	0.10639999999999
1.0680999999999	0.149241163120591	0.106492511094657	0.10659999999999
1.0700999999999	0.149469542618674	0.106696113847087	0.10680999999999
1.0720999999999	0.149697869828317	0.106899714698957	0.10700999999999
1.0740999999999	0.149926145737632	0.107103307707269	0.10720999999999
1.0760999999999	0.150154371742131	0.107306882470074	0.10741999999999
1.0780999999999	0.150382550499104	0.107510439433742	0.10761999999999
1.0800999999999	0.150610680058106	0.107713978405954	0.10781999999999
1.0820999999999	0.150838760138703	0.107917499497678	0.10802999999999
1.0840999999999	0.151066791557264	0.108121002250689	0.10822999999999
1.0860999999999	0.151294773685925	0.108324487319149	0.10842999999999
1.0880999999999	0.151522707943149	0.108527965407795	0.10863999999999
1.0900999999999	0.151750594335642	0.108731436194034	0.10883999999999
1.0920999999999	0.151978431878981	0.108934889043406	0.10903999999999
1.0940999999999	0.152206220692681	0.109138324157496	0.10924999999999
1.0960999999999	0.15243396089529	0.109341741732897	0.10944999999999
1.0980999999999	0.152661652604406	0.109545141961328	0.10964999999999
1.1000999999999	0.15288929593669	0.109748525029741	0.10985999999999
1.1020999999999	0.153116891007898	0.109951891120439	0.11005999999999
1.10409999999989	0.153344437932888	0.110155240411178	0.110259999999989
1.10609999999989	0.153571936227853	0.110358573619625	0.110469999999989
1.10809999999989	0.153799383206548	0.110561893268403	0.110669999999989
1.11009999999989	0.154026785046817	0.110765194373769	0.110869999999989
1.11209999999989	0.154254143121745	0.110968476113728	0.111079999999979
1.11409999999989	0.154481453441366	0.111171741598733	0.111279999999989
1.11609999999989	0.154708716871573	0.111374990342083	0.111479999999989
1.11809999999989	0.154935932993576	0.111578222699164	0.111679999999989
1.12009999999989	0.155163101656523	0.111781439020355	0.111889999999989
1.12209999999989	0.155390222971873	0.111984639457695	0.112089999999989
1.12409999999989	0.155617300645588	0.112187821549496	0.112289999999989
1.12609999999989	0.155844332035177	0.112390987309006	0.112499999999989
1.12809999999989	0.156071316148051	0.112594137512391	0.112699999999989
1.13009999999989	0.156298252842795	0.112797272509189	0.112899999999989
1.13209999999989	0.156525142235748	0.113000392420809	0.113099999999989
1.13409999999989	0.15675198444234	0.113203497365758	0.113309999999989
1.13609999999989	0.156978779552819	0.113406587499343	0.113509999999989
1.13809999999989	0.157205524272026	0.113609671796291	0.113709999999989
1.14009999999989	0.157432220523447	0.113812744915413	0.113919999999989
1.14209999999989	0.157658870413185	0.114015802723773	0.114119999999989
1.14409999999989	0.157885472380938	0.114218846763015	0.114319999999989
1.14609999999989	0.158112027591017	0.114421876786385	0.114519999999989
1.14809999999989	0.158338537259846	0.114624892073623	0.114729999999989
1.15009999999989	0.158565003371304	0.114827891248496	0.114929999999989
1.15209999999989	0.158791426143528	0.115030874185607	0.115129999999989
1.15409999999989	0.159017802451368	0.115233843222602	0.115339999999989
1.15609999999989	0.159244132222404	0.115436798575825	0.115539999999989
1.15809999999989	0.159470415657878	0.115639740294119	0.115739999999989
1.16009999999989	0.159696653113903	0.11584266937236	0.115939999999989
1.16209999999989	0.159922849469621	0.116045583627692	0.116149999999989
1.16409999999989	0.160148997788487	0.116248492199028	0.116349999999989
1.16609999999989	0.160375099715704	0.116451390015521	0.116549999999989
1.16809999999989	0.160601157417508	0.116654272818874	0.116749999999989
1.17009999999989	0.160827169460452	0.11685714177435	0.116959999999989
1.17209999999989	0.161053135947098	0.117059996981341	0.117159999999989
1.17409999999989	0.161279056978332	0.117262838538443	0.117359999999989
1.17609999999989	0.161504932654034	0.117465666542294	0.117569999999977
1.17809999999989	0.161730763073432	0.117668481087021	0.117769999999989
1.18009999999989	0.16195654841277	0.117871290969329	0.117969999999989
1.18209999999989	0.162182288402895	0.118074097124748	0.118169999999989
1.18409999999989	0.162407983102136	0.118276888474382	0.118379999999989
1.18609999999989	0.162633632611659	0.118479665141282	0.118579999999989
1.18809999999989	0.162859237031906	0.118682427245389	0.118779999999989
1.19009999999989	0.163084796462597	0.118885174903606	0.118979999999989
1.19209999999989	0.163310311791843	0.119087907517473	0.119189999999989
1.19409999999988	0.163535782321587	0.119290625666027	0.119389999999988
1.19609999999988	0.163761208105271	0.119493329497564	0.119589999999988
1.19809999999988	0.163986589240574	0.119696019122725	0.119789999999988
1.20009999999988	0.164211919728893	0.119898713994496	0.119999999999988
1.20209999999988	0.164437205023448	0.120101396284202	0.120199999999988
1.20409999999988	0.164662445888937	0.120304063935424	0.120399999999988
1.20609999999988	0.164887642674742	0.120506716770161	0.120599999999988
1.20809999999988	0.16511279518661	0.12070935496806	0.120799999999988
1.21009999999988	0.165337903507253	0.120911978654804	0.121009999999988
1.21209999999988	0.165562967034017	0.121114589806516	0.121209999999988
1.21409999999988	0.165787985697532	0.121317188690899	0.121409999999988
1.21609999999988	0.166012959871331	0.121519773547084	0.121609999999988
1.21809999999988	0.166237889042064	0.121722344825442	0.121819999999988
1.22009999999988	0.166462774457385	0.121924901520863	0.122019999999988
1.22209999999988	0.166687616212051	0.122127443748344	0.122219999999988
1.22409999999988	0.166912414400149	0.122329971619974	0.122419999999988
1.22609999999988	0.167137171961781	0.122532483107989	0.122629999999988
1.22809999999988	0.167361886141043	0.122734980292168	0.122829999999988
1.23009999999988	0.167586556205376	0.122937465887619	0.123029999999988
1.23209999999988	0.167811182098827	0.123139939917009	0.123229999999988
1.23409999999988	0.168035764528054	0.123342399971768	0.123429999999988
1.23609999999988	0.168260303457959	0.123544846367051	0.123639999999988
1.23809999999988	0.16848479893872	0.123747279223903	0.123839999999988
1.24009999999988	0.168709249223515	0.12394970579306	0.124039999999988
1.24209999999988	0.168933652151617	0.124152135080442	0.124239999999988
1.24409999999988	0.169158015032803	0.124354547678672	0.124449999999988
1.24609999999988	0.169382334802896	0.124556945937695	0.124649999999988
1.24809999999988	0.169606611557813	0.124759329958208	0.124849999999988
1.25009999999988	0.169830845393573	0.124961699837225	0.125049999999988
1.25209999999988	0.170055033436875	0.125164057737962	0.125249999999988
1.25409999999988	0.170279178089553	0.125366402062634	0.125459999999988
1.25609999999988	0.170503279510139	0.12556873293405	0.125659999999988
1.25809999999988	0.170727337797735	0.125771050424618	0.125859999999988
1.26009999999988	0.170951353196361	0.125973354494875	0.126059999999988
1.26209999999988	0.171175328900357	0.126175642843621	0.126259999999988
1.26409999999988	0.171399257629648	0.126377928449155	0.126469999999988
1.26609999999988	0.171623140915018	0.126580209551316	0.126669999999988
1.26809999999988	0.171846982878415	0.126782475186959	0.126869999999988
1.27009999999988	0.17207078399608	0.126984725000429	0.127069999999988
1.27209999999988	0.172294543320555	0.127186959628265	0.127269999999988
1.27409999999988	0.172518259361533	0.12738918027701	0.127479999999988
1.27609999999988	0.1727419322249	0.127591387022926	0.127679999999988
1.27809999999988	0.172965562015198	0.127793579941468	0.127879999999988
1.28009999999988	0.173189148835842	0.127995759106919	0.128079999999988
1.28209999999988	0.173412692789373	0.128197924591974	0.128279999999988
1.28409999999988	0.173636193977473	0.128400076467757	0.128489999999987
1.28609999999987	0.173859652500982	0.128602214803853	0.128689999999987
1.28809999999987	0.174083068459907	0.128804339668339	0.128889999999987
1.29009999999987	0.174306441953444	0.129006451127816	0.129089999999987
1.29209999999987	0.174529773079979	0.129208549247439	0.129289999999987
1.29409999999987	0.174753061937109	0.129410634090945	0.129489999999987
1.29609999999987	0.174976308621652	0.129612705720684	0.129699999999987
1.29809999999987	0.175199513229656	0.129814764197646	0.129899999999987
1.30009999999987	0.175422675920193	0.130016809533074	0.130099999999987
1.30209999999987	0.175645797743771	0.130218841028093	0.130299999999987
1.30409999999987	0.175868877364012	0.130420859825976	0.130499999999987
1.30609999999987	0.176091914571633	0.130622867999049	0.130709999999987
1.30809999999987	0.176314908872233	0.130824868205808	0.130909999999987
1.31009999999987	0.176537860968357	0.131026855733306	0.131109999999987
1.31209999999987	0.176760767319329	0.13122883399684	0.131309999999987
1.31409999999987	0.17698362615766	0.131430804501132	0.131509999999987
1.31609999999987	0.17720644301151	0.131632762153039	0.131709999999987
1.31809999999987	0.177429217977507	0.131834707001118	0.131919999999987
1.32009999999987	0.177651951151498	0.132036639092949	0.132119999999987
1.32209999999987	0.177874643351888	0.132238557834029	0.132319999999987
1.32409999999987	0.178097293922652	0.13244046369006	0.132519999999987
1.32609999999987	0.17831990133675	0.1326423580127	0.132719999999987
1.32809999999987	0.178542467381447	0.132844239921472	0.132919999999987
1.33009999999987	0.178764992636167	0.133046108940666	0.133129999999987
1.33209999999987	0.178987476508681	0.133247965597606	0.133329999999987
1.33409999999987	0.179209917886848	0.133449810949179	0.133529999999987
1.33609999999987	0.17944118939863	0.133648011709678	0.133729999999987
1.33809999999987	0.179663523740035	0.133849987864591	0.133929999999987
1.34009999999987	0.179889996633012	0.134054456945421	0.134129999999987
1.34209999999987	0.18011888463949	0.134249473427059	0.134339999999987
1.34409999999987	0.180341069440094	0.134451619152854	0.134539999999987
1.34609999999987	0.180574180937019	0.134649011238273	0.134739999999987
1.34809999999987	0.180796268176948	0.134851297093168	0.134939999999987
1.35009999999987	0.181018315417591	0.135053554780501	0.135139999999987
1.35209999999987	0.181251412157721	0.135251120446161	0.135339999999987
1.35409999999987	0.1814733626492	0.135453508913812	0.135539999999987
1.35609999999987	0.181697694392934	0.135659198917462	0.135749999999987
1.35809999999987	0.181928518162695	0.135853521137033	0.135949999999987
1.36009999999987	0.182150323823996	0.1360560350606	0.136149999999987
1.36209999999987	0.182383220587085	0.136253869605964	0.136349999999987
1.36409999999987	0.18260493013044	0.13645649802375	0.136549999999987
1.36609999999987	0.18283774995759	0.136654404571551	0.136749999999987
1.36809999999987	0.183059365947718	0.136857139882242	0.136949999999987
1.37009999999987	0.183289879637111	0.137060223913813	0.137159999999987
1.37209999999987	0.183513640475454	0.137257939789997	0.137359999999987
1.37409999999987	0.183741649932089	0.137462339282649	0.137559999999986
1.37609999999986	0.18396755907635	0.137659077789579	0.137759999999986
1.37809999999986	0.184197722957438	0.137862551899352	0.137959999999986
1.38009999999986	0.184421304446287	0.138060401339222	0.138159999999986
1.38209999999986	0.184653766796756	0.138258656723462	0.138359999999986
1.38409999999986	0.184875017994429	0.138461745874875	0.138559999999986
1.38609999999986	0.185107983684293	0.138659815762909	0.138769999999986
1.38809999999986	0.185329141171654	0.138862996199904	0.138969999999986
1.39009999999986	0.185561231550438	0.139061463839954	0.139169999999986
1.39209999999986	0.185782295922428	0.139264720737852	0.139369999999986
1.39409999999986	0.186014268524189	0.139463215507047	0.139569999999986
1.39609999999986	0.186235257717866	0.139671365921345	0.139769999999986
1.39809999999986	0.186468991807811	0.139864190560836	0.139969999999986
1.40009999999986	0.186689886611829	0.1400732196868	0.140169999999986
1.40209999999986	0.186923141694747	0.140265429121925	0.140379999999986
1.40409999999986	0.18714894389979	0.140471597641621	0.140579999999986
1.40609999999986	0.187376269032714	0.140667448549897	0.140779999999986
1.40809999999986	0.187608091530132	0.140866150845867	0.140979999999986
1.41009999999986	0.187828748296623	0.141069827290513	0.141179999999986
1.41209999999986	0.188060483119365	0.141268742996351	0.141379999999986
1.41409999999986	0.18829221136376	0.14146759150522	0.141579999999986
1.41609999999986	0.188512733598445	0.141671449888779	0.141779999999986
1.41809999999986	0.188744106061557	0.141870347969823	0.141979999999986
1.42009999999986	0.188977223587446	0.142068464604996	0.142189999999986
1.42209999999986	0.189197591152715	0.142272512543715	0.142389999999986
1.42409999999986	0.189429364756666	0.142471510903924	0.142589999999986
1.42609999999986	0.18965983219916	0.142675788388737	0.142789999999986
1.42809999999986	0.189882256556255	0.14287431530621	0.142989999999986
1.43009999999986	0.190115625426387	0.143072569758085	0.143189999999986
1.43209999999986	0.190340306321864	0.143279265857779	0.143389999999986
1.43409999999986	0.190567214706842	0.143476130936111	0.143589999999986
1.43609999999986	0.190798691700908	0.143675475005095	0.143789999999986
1.43809999999986	0.191030127221165	0.143874804670456	0.143989999999986
1.44009999999986	0.191256950731403	0.144080205847121	0.144199999999986
1.44209999999986	0.191481436869992	0.14427868057587	0.144399999999986
1.44409999999986	0.19171276273132	0.14447817477378	0.144599999999986
1.44609999999986	0.191944049913234	0.144677713213202	0.144799999999986
1.44809999999986	0.192175298118154	0.144877294205866	0.144999999999986
1.45009999999986	0.192399602261604	0.145084127740066	0.145199999999986
1.45209999999986	0.192626164217219	0.145281668775831	0.145399999999986
1.45409999999986	0.192857283358806	0.145481424367022	0.145599999999986
1.45609999999986	0.193088364564434	0.145681197187693	0.145799999999986
1.45809999999986	0.193319410188857	0.145880997577351	0.145999999999986
1.46009999999986	0.193550416038659	0.146080850852359	0.146199999999986
1.46209999999986	0.193779071616135	0.146285726598705	0.146409999999986
1.46409999999986	0.19400306740527	0.146489046296307	0.146609999999986
1.46609999999985	0.194231637013226	0.14668583448506	0.146809999999985
1.46809999999985	0.194462473853604	0.146885919028704	0.147009999999985
1.47009999999985	0.194693252025117	0.147086031389276	0.147209999999985
1.47209999999985	0.19492396398786	0.147286303396798	0.147409999999985
1.47409999999985	0.195154679662761	0.147486530318235	0.147609999999985
1.47609999999985	0.195385365115109	0.147686803132163	0.147809999999985
1.47809999999985	0.195616010146923	0.147887132932032	0.148009999999985
1.48009999999985	0.195846609326808	0.148087505827205	0.148209999999985
1.48209999999985	0.196077127880899	0.148287919417191	0.148409999999985
1.48409999999985	0.196309919392661	0.148487249254294	0.148609999999985
1.48609999999985	0.196531103659566	0.148696479828201	0.148809999999985
1.48809999999985	0.19676149877524	0.148892293735905	0.149019999999985
1.49009999999985	0.196991851819923	0.14909290405602	0.149219999999985
1.49209999999985	0.197222165754032	0.14929354638474	0.149419999999985
1.49409999999985	0.197452446523414	0.149494130195231	0.149619999999985
1.49609999999985	0.197684984833473	0.149693724424243	0.149819999999985
1.49809999999985	0.197917197239432	0.149893389320817	0.150019999999985
1.50009999999985	0.198149119075546	0.150093187223247	0.150219999999985
1.50209999999985	0.1983810631931	0.150292985385153	0.150419999999985
1.50409999999985	0.198608616288262	0.150499624481829	0.150619999999985
1.50609999999985	0.198833849817473	0.150702961066203	0.150819999999985
1.50809999999985	0.199063597249866	0.15089881733588	0.151019999999985
1.51009999999985	0.199295214922033	0.151099069578928	0.151219999999985
1.51209999999985	0.199527159265591	0.151299104846208	0.151419999999985
1.51409999999985	0.199759063874206	0.1514991990552	0.151619999999985
1.51609999999985	0.199991156200486	0.151699204935447	0.151819999999985
1.51809999999985	0.200222927044758	0.151899333657915	0.152019999999985
1.52009999999985	0.200455304532104	0.152099249166172	0.152219999999985
1.52209999999985	0.200687144194778	0.152299440013582	0.152419999999985
1.52409999999985	0.200919079109219	0.152499643558181	0.152629999999985
1.52609999999985	0.201148531363939	0.152705614590547	0.152829999999985
1.52809999999985	0.20137802307544	0.152906964450646	0.153029999999985
1.53009999999985	0.201607493248135	0.153108527542992	0.153229999999985
1.53209999999985	0.201836921467993	0.153310143490779	0.153429999999985
1.53409999999985	0.202068641531796	0.153510622805669	0.153629999999985
1.53609999999985	0.202300324212729	0.153711151180401	0.153829999999985
1.53809999999985	0.202529610381517	0.153913276507499	0.154029999999985
1.54009999999985	0.202761118735051	0.15411379458646	0.154229999999985
1.54209999999985	0.202995014850818	0.154312890564683	0.154429999999985
1.54409999999985	0.203226673758899	0.154513634341323	0.154629999999985
1.54609999999985	0.203460605553889	0.154713322404219	0.154829999999985
1.54809999999985	0.20369218428591	0.154914190536877	0.155029999999985
1.55009999999985	0.203926095415815	0.155113837558295	0.155229999999985
1.55209999999985	0.204159969421572	0.155313527207859	0.155429999999985
1.55409999999985	0.204393804496567	0.155509451592089	0.155629999999985
1.55609999999985	0.204622854089598	0.155711663918366	0.155829999999985
1.55809999999984	0.204854236724552	0.155912728477727	0.156029999999984
1.56009999999984	0.205085580563265	0.156113816206073	0.156229999999984
1.56209999999984	0.205316884761685	0.15631496004087	0.156429999999984
1.56409999999984	0.205548104817503	0.156516138680583	0.156629999999984
1.56609999999984	0.205779131486056	0.156717419549205	0.156829999999984
1.56809999999984	0.206010574523121	0.156923928786441	0.157029999999984
1.57009999999984	0.206243635919123	0.157118737410264	0.157229999999984
1.57209999999984	0.206476657893193	0.157319015014094	0.157429999999984
1.57409999999984	0.206709882601432	0.157519228180814	0.157629999999984
1.57609999999984	0.206942569333336	0.157719730805178	0.157829999999984
1.57809999999984	0.207175472756821	0.157920208426422	0.158029999999984
1.58009999999984	0.20740833708679	0.158120759391365	0.158229999999984
1.58209999999984	0.207641196306933	0.158321451771449	0.158429999999984
1.58409999999984	0.207871814289469	0.158523247068777	0.158629999999984
1.58609999999984	0.208104548184274	0.158724377689467	0.158829999999984
1.58809999999984	0.208337742558845	0.158924330133491	0.159029999999984
1.59009999999984	0.20857039745107	0.159125089927149	0.159229999999984
1.59209999999984	0.208803011702416	0.159331190540687	0.159429999999984
1.59409999999984	0.209035795889319	0.159532013365569	0.159629999999984
1.59609999999984	0.209270900017932	0.159731648946801	0.159829999999984
1.59809999999984	0.209503605932032	0.159932582941047	0.160029999999984
1.60009999999984	0.209738632537697	0.160132359347796	0.160229999999984
1.60209999999984	0.209973548041979	0.16033231026439	0.160429999999984
1.60409999999984	0.210208301325254	0.160532131382931	0.160629999999984
1.60609999999984	0.210443017076766	0.160732028773169	0.160829999999984
1.60809999999984	0.210680042093548	0.160926039544362	0.161029999999984
1.61009999999984	0.210912668710496	0.161127181316706	0.161229999999984
1.61209999999984	0.211145254558464	0.161328387085294	0.161429999999984
1.61409999999984	0.211376029432401	0.161530582567321	0.161629999999984
1.61609999999984	0.21160845102092	0.161731886851972	0.161829999999984
1.61809999999984	0.211840740022813	0.161933382390012	0.162029999999984
1.62009999999984	0.212072625639118	0.162140508190915	0.162229999999984
1.62209999999984	0.212309235293149	0.162339122063883	0.162429999999984
1.62409999999984	0.21254627300513	0.162537858640595	0.162629999999984
1.62609999999984	0.212783453038249	0.162732393663389	0.162829999999984
1.62809999999984	0.213015608154178	0.162933965874084	0.163029999999984
1.63009999999984	0.213247870436154	0.163135544600633	0.163229999999984
1.63209999999984	0.213480089215763	0.163337195260674	0.163429999999984
1.63409999999984	0.213712246579681	0.163538862189644	0.163629999999984
1.63609999999984	0.213949185068584	0.163743113457999	0.163829999999984
1.63809999999984	0.214189314677126	0.163940614785146	0.164029999999984
1.64009999999984	0.214423641395375	0.164136771369476	0.164229999999984
1.64209999999984	0.214656217207813	0.164338189032971	0.164429999999984
1.64409999999984	0.214887800393937	0.164540095360756	0.164629999999984
1.64609999999984	0.215119392873304	0.164742025515863	0.164829999999984
1.64809999999983	0.215355682452824	0.164947010104202	0.165029999999984
1.65009999999983	0.215594311556566	0.165145211547896	0.165229999999983
1.65209999999983	0.215830535620821	0.165340070084044	0.165429999999983
1.65409999999983	0.216061968092106	0.165542308496811	0.165629999999983
1.65609999999983	0.216294505506258	0.165744093629026	0.165829999999983
1.65809999999983	0.2165258576909	0.165952108895796	0.166029999999983
1.66009999999983	0.216763955896487	0.166151004638881	0.166229999999983
1.66209999999983	0.217001084512686	0.1663503146892	0.166429999999983
1.66409999999983	0.217239222739575	0.16654925090591	0.166629999999983
1.66609999999983	0.217475727628813	0.166743846765871	0.166829999999983
1.66809999999983	0.217708933898271	0.166945367401573	0.167029999999983
1.67009999999983	0.217942101101591	0.167146964435172	0.167229999999983
1.67209999999983	0.21817522892158	0.167348635385157	0.167429999999983
1.67409999999983	0.21840815660397	0.167550438756821	0.167629999999983
1.67609999999983	0.218643187506752	0.167751606825505	0.167829999999983
1.67809999999983	0.218880987335336	0.167956387083017	0.168029999999983
1.68009999999983	0.219118251456461	0.168155960994346	0.168229999999983
1.68209999999983	0.21935548315413	0.168355636970147	0.168429999999983
1.68409999999983	0.219592194635583	0.168555758488013	0.168629999999983
1.68609999999983	0.219827746883508	0.168756183830744	0.168829999999983
1.68809999999983	0.220063143811658	0.168956588945813	0.169019999999983
1.69009999999983	0.220298034961019	0.169157377579939	0.169219999999983
1.69209999999983	0.220530778951888	0.169359257983618	0.169419999999983
1.69409999999983	0.22076576529974	0.169559782106088	0.169619999999983
1.69609999999983	0.220998621428343	0.169761765181438	0.169819999999983
1.69809999999983	0.221234088695355	0.169962425067943	0.170019999999983
1.70009999999983	0.221469591053263	0.170162765944074	0.170219999999983
1.70209999999983	0.221708233702298	0.170361941966637	0.170419999999983
1.70409999999983	0.221946845612168	0.170561226095266	0.170619999999983
1.70609999999983	0.222185425862406	0.170760615947059	0.170819999999983
1.70809999999983	0.222421692009645	0.17095576126126	0.171019999999983
1.71009999999983	0.22265611533252	0.171157575345668	0.171219999999983
1.71209999999983	0.222890500617913	0.171359469496641	0.171419999999983
1.71409999999983	0.223125028757873	0.171561370053162	0.171619999999983
1.71609999999983	0.223359834627512	0.171769020316214	0.171819999999983
1.71809999999983	0.223599489428939	0.171968168382236	0.172019999999983
1.72009999999983	0.223839454290633	0.172166836209637	0.172219999999983
1.72209999999983	0.22407992568014	0.172361578456018	0.172409999999983
1.72409999999983	0.2243129064917	0.172564777614484	0.172609999999983
1.72609999999983	0.224548311560192	0.172772244678559	0.172809999999983
1.72809999999983	0.224788358794763	0.172971603305287	0.173009999999983
1.73009999999983	0.225031235747935	0.173169648540161	0.173209999999983
1.73209999999983	0.225266711994793	0.173367291169317	0.173409999999983
1.73409999999983	0.225502071016704	0.173569629297778	0.173609999999983
1.73609999999983	0.225739887711865	0.173775687712441	0.173809999999983
1.73809999999983	0.22598515522462	0.17397306139774	0.174009999999983
1.74009999999982	0.226220355361039	0.174171544257745	0.174209999999982
1.74209999999982	0.226455489036695	0.174378779112542	0.174409999999982
1.74409999999982	0.226700472208402	0.174576683440043	0.174609999999982
1.74609999999982	0.226937918627766	0.174774351269244	0.174809999999982
1.74809999999982	0.22717471750444	0.174980593174413	0.175009999999982
1.75009999999982	0.227419121267856	0.175179018361286	0.175199999999982
1.75209999999982	0.22765139778669	0.175383639773778	0.175399999999982
1.75409999999982	0.227895851654232	0.175581812833394	0.175599999999982
1.75609999999982	0.228136591666695	0.175778251089898	0.175799999999982
1.75809999999982	0.228371223710108	0.17598581051064	0.175999999999982
1.76009999999982	0.228615754842709	0.17618408393939	0.176199999999982
1.76209999999982	0.228852858590034	0.176382343313502	0.176399999999982
1.76409999999982	0.22909010397951	0.176589107120793	0.176599999999982
1.76609999999982	0.229334916351531	0.176788161534098	0.176799999999982
1.76809999999982	0.229577262673359	0.176983099819143	0.176999999999982
1.77009999999982	0.2298120330806	0.177186037933896	0.177199999999982
1.77209999999982	0.230049248127637	0.177392826759143	0.177389999999982
1.77409999999982	0.230294056405908	0.177590213587044	0.177589999999982
1.77609999999982	0.2305312446766	0.177787484932332	0.177789999999982
1.77809999999982	0.230765871264304	0.177995521576813	0.177989999999982
1.78009999999982	0.231010603648259	0.178193301728789	0.178189999999982
1.78209999999982	0.231250237031685	0.178389364773829	0.178389999999982
1.78409999999982	0.231484755750994	0.178592594157076	0.178589999999982
1.78609999999982	0.231726847081625	0.178796996326338	0.178789999999982
1.78809999999982	0.23197143535323	0.178995207107656	0.178989999999982
1.79009999999982	0.232208267630187	0.179192683042127	0.179189999999982
1.79209999999982	0.232442518663796	0.179401585778018	0.179379999999982
1.79409999999982	0.232686938251067	0.179599762742348	0.179579999999982
1.79609999999982	0.232930721150309	0.179793875617904	0.179779999999982
1.79809999999982	0.233164938908895	0.179997750588999	0.179979999999982
1.80009999999982	0.233404111419543	0.180204494952383	0.180179999999982
1.80209999999982	0.233648374087852	0.180403068585392	0.180379999999982
1.80409999999982	0.233892617117782	0.180601736933274	0.180579999999982
1.80609999999982	0.234129269661776	0.180799706001574	0.180779999999982
1.80809999999982	0.234365894431544	0.181002473552916	0.180979999999982
1.81009999999982	0.234610161066156	0.18120641769704	0.181169999999982
1.81209999999982	0.234854573524848	0.181405236076508	0.181369999999982
1.81409999999982	0.235091151402515	0.181603963433978	0.181569999999982
1.81609999999982	0.235330233054762	0.181810717240055	0.181769999999982
1.81809999999982	0.235574321772232	0.182010048008052	0.181969999999982
1.82009999999982	0.235820884741109	0.182203955704772	0.182169999999982
1.82209999999982	0.236054608503177	0.182408820588212	0.182369999999982
1.82409999999982	0.236298680975846	0.182613230144741	0.182569999999982
1.82609999999982	0.236542949177346	0.182812775792119	0.182759999999982
1.82809999999982	0.236787132056768	0.183007433864813	0.182959999999982
1.83009999999981	0.237023356641816	0.183211077162624	0.183159999999981
1.83209999999981	0.237262122677869	0.183413435325354	0.183359999999981
1.83409999999981	0.23750608300005	0.183618334241294	0.183559999999981
1.83609999999981	0.237752604580348	0.183816803461123	0.183759999999981
1.83809999999981	0.237993944531965	0.184013507016095	0.183959999999981
1.84009999999981	0.238230052156281	0.18422296319252	0.184159999999981
1.84209999999981	0.238476416639293	0.184421697444754	0.184349999999981
1.84409999999981	0.238721996895625	0.18462099934601	0.184549999999981
1.84609999999981	0.238965741362225	0.184821300576969	0.184749999999981
1.84809999999981	0.239204339841591	0.185019551210498	0.184949999999981
1.85009999999981	0.239442866257281	0.185227993234236	0.185149999999981
1.85209999999981	0.239689136301236	0.18542695912814	0.185349999999981
1.85409999999981	0.239935370886426	0.185626138108245	0.185549999999981
1.85609999999981	0.240180882621416	0.185820752395838	0.185739999999981
1.85809999999981	0.240418992078132	0.186023941832636	0.185939999999981
1.86009999999981	0.240657070799166	0.186233040245384	0.186139999999981
1.86209999999981	0.240900533092372	0.186433738679066	0.186339999999981
1.86409999999981	0.241146550850932	0.186632738436531	0.186539999999981
1.86609999999981	0.241392235863906	0.186832459383097	0.186739999999981
1.86809999999981	0.241635291263133	0.187033085893924	0.186939999999981
1.87009999999981	0.241881038956151	0.187232568184623	0.187129999999981
1.87209999999981	0.242124592576364	0.18742837066826	0.187329999999981
1.87409999999981	0.242362694963069	0.187631788496572	0.187529999999981
1.87609999999981	0.242603464494939	0.187839095538532	0.187729999999981
1.87809999999981	0.242849417590738	0.188038254946269	0.187929999999981
1.88009999999981	0.243095350929924	0.188237537546256	0.188129999999981
1.88209999999981	0.243341219238059	0.188437095766048	0.188319999999981
1.88409999999981	0.243584377790292	0.188633090370886	0.188519999999981
1.88609999999981	0.243822295513282	0.188836848737514	0.188719999999981
1.88809999999981	0.24406278643244	0.189045205620492	0.188919999999981
1.89009999999981	0.24430791140293	0.189245084921969	0.189119999999981
1.89209999999981	0.244552600904424	0.18944547411135	0.189319999999981
1.89409999999981	0.244793701256594	0.189647768821754	0.189519999999981
1.89609999999981	0.245035572697849	0.189841910367497	0.189709999999981
1.89809999999981	0.245288588827526	0.190036627910926	0.189909999999981
1.90009999999981	0.245528585255592	0.190244870940335	0.190109999999981
1.90209999999981	0.245769972044912	0.190446488948553	0.190309999999981
1.90409999999981	0.246010377608845	0.190648752871126	0.190509999999981
1.90609999999981	0.246253377524788	0.190849604950351	0.1907
1.90809999999981	0.246496488844063	0.191050347109431	0.190899999999981
1.91009999999981	0.246740030689144	0.191251442582238	0.191099999999981
1.91209999999981	0.24698384416736	0.191451946020838	0.191299999999981
1.91409999999981	0.247227035449333	0.191653052045245	0.191499999999981
1.91609999999981	0.247470354653896	0.191853679008238	0.191699999999981
1.91809999999981	0.247713697014611	0.192054630143332	0.191889999999981
1.9200999999998	0.247957575728396	0.192255465957316	0.192089999999981
1.9220999999998	0.248203770937327	0.192448572322407	0.19228999999998
1.9240999999998	0.248449951434539	0.192648637452159	0.19248999999998
1.9260999999998	0.248691999752027	0.192850751377715	0.19268999999998
1.9280999999998	0.248936637111049	0.193051529575446	0.19288999999998
1.9300999999998	0.249181581028305	0.193252293506943	0.19307999999998
1.9320999999998	0.249426499241907	0.193453178542805	0.19327999999998
1.9340999999998	0.24967139025965	0.193654562523884	0.19347999999998
1.9360999999998	0.249919263339007	0.193853775445757	0.19367999999998
1.9380999999998	0.250166736353964	0.194053604684153	0.19387999999998
1.9400999999998	0.250411816722513	0.194254989618611	0.19406999999998
1.9420999999998	0.250654266940961	0.194457831960844	0.19426999999998
1.9440999999998	0.25090199038168	0.194657922536209	0.19446999999998
1.9460999999998	0.251147014504208	0.194865520465225	0.19466999999998
1.9480999999998	0.251391862288758	0.19506722265294	0.19486999999998
1.9500999999998	0.251639234651602	0.19526179086537	0.19505999999998
1.9520999999998	0.251889230167131	0.1954605292624	0.19525999999998
1.9540999999998	0.252138777676531	0.195659375280599	0.19545999999998
1.9560999999998	0.252385493018131	0.195865438801633	0.19565999999998
1.9580999999998	0.252629140754143	0.196067080673398	0.19585999999998
1.9600999999998	0.252872746352203	0.196268824839251	0.19604999999998
1.9620999999998	0.253116275876855	0.196470905358452	0.19624999999998
1.9640999999998	0.253359438612295	0.196672583445334	0.19644999999998
1.9660999999998	0.253605844319771	0.196872637548826	0.19664999999998
1.9680999999998	0.253849393294249	0.197074893591627	0.19684999999998
1.9700999999998	0.254102610929903	0.197264082921109	0.19703999999998
1.9720999999998	0.254350705229549	0.197468867419005	0.19723999999998
1.9740999999998	0.25459366823074	0.197671040825589	0.19743999999998
1.9760999999998	0.25483660969597	0.197873341535118	0.19763999999998
1.9780999999998	0.255079585060946	0.198075758321957	0.19783999999998
1.9800999999998	0.255329712113406	0.198267283982173	0.19802999999998
1.9820999999998	0.255580216789171	0.198471267030896	0.19822999999998
1.9840999999998	0.255823026981766	0.198673770376477	0.19842999999998
1.9860999999998	0.256067751067449	0.198875354401462	0.19862999999998
1.9880999999998	0.256311046613468	0.199078020729291	0.19881999999998
1.9900999999998	0.256562121491579	0.199269751354444	0.19901999999998
1.9920999999998	0.256812407545266	0.199474408202007	0.19921999999998
1.9940999999998	0.257057571184206	0.199676256126604	0.19941999999998
1.9960999999998	0.257300149645312	0.199879683338662	0.19961999999998
1.9980999999998	0.257550406839592	0.200072050626965	0.19980999999998
