t	La
0	0	0
0.002	0	0
0.0041	300.041686827089	348.09555
0.006	304.288850977415	348.12288
0.00800000000000001	312.457132916695	348.18826
0.0101	324.910092954866	348.324
0.0121	340.153057107432	348.52761
0.0141	358.332164361689	348.83071
0.0161	379.070157736413	349.25732
0.0180999999999999	401.910528156148	349.83306
0.0200999999999999	426.503688774445	350.585
0.0220999999999999	452.381011431679	351.54157
0.0240999999999999	479.300939552452	352.73258
0.0260999999999999	507.071270432445	354.18909
0.0280999999999999	535.539982142322	355.9434
0.0300999999999999	564.586963340033	358.02903
0.0320999999999999	582.456047871546	360.48065
0.0341	611.803321625609	363.33408
0.036	639.123574682309	366.27623
0.0380000000000001	667.470312982877	369.99577
0.0400000000000001	695.515259256463	374.227220000001
0.0420000000000002	723.342753635981	379.010630000001
0.0440000000000002	751.012655241232	384.387080000001
0.0460000000000003	778.568568549756	390.398640000002
0.0480000000000003	806.167015887125	397.088400000002
0.0500000000000004	834.056745684396	404.500410000003
0.0520000000000005	862.173434437902	412.679670000004
0.0540000000000005	890.488429527788	421.672110000005
0.0560000000000006	914.526812916501	431.524570000006
0.0580000000000006	942.44983260796	442.284770000007
0.0600000000000007	970.48320846651	454.001270000009
0.0620000000000007	998.607305758785	466.72348000001
0.0640000000000008	1026.80567901533	480.501550000012
0.0660000000000009	1063.1359056761	495.386390000013
0.0680000000000009	1100.35421838015	511.429610000015
0.070000000000001	1137.5523654949	528.683430000018
0.072000000000001	1171.63186112383	547.20066000002
0.0740000000000011	1212.44567173574	567.034590000022
0.0760000000000012	1255.93729761337	588.238900000025
0.0780000000000012	1295.40224092543	610.867590000028
0.0800000000000013	1341.43410108097	652.050540000031
0.0820000000000013	1390.21081443434	703.352300000035
0.0840000000000014	1441.18244372421	757.772320000039
0.0860000000000014	1492.01041391403	815.407000000043
0.0880000000000015	1549.45643639226	876.350090000047
0.0900000000000016	1609.85360528843	940.692070000051
0.0920000000000016	1670.34392410626	1008.51937000006
0.0940000000000017	1736.73020882586	1079.91350000006
0.0960000000000017	1804.65723408025	1154.95012000007
0.0980000000000018	1877.7390971613	1233.69796000007
0.100000000000002	1953.96564555687	1316.21760000008
0.102000000000002	2030.72381945982	1402.56024000008
0.104000000000002	2110.08025136734	1492.76621000009
0.106000000000002	2194.53730379739	1586.8634900001
0.108000000000002	2284.27486766799	1684.8660500001
0.110000000000002	2375.00666367516	1786.77217000011
0.112000000000002	2471.56668092688	1892.56261000012
0.114000000000002	2569.99519032395	2002.19886000013
0.116000000000002	2669.97979005138	2115.62135000013
0.118000000000002	2773.78082615632	2232.74780000014
0.120000000000002	2879.58046879922	2353.47160000015
0.122000000000002	2987.45313594696	2477.66063000016
0.124000000000003	3098.44019447024	2605.15617000016
0.126000000000002	3211.34476769428	2735.77245000016
0.128000000000002	3326.89485155104	2869.29652000015
0.130000000000002	3446.63395267044	3005.48888000014
0.132000000000002	3566.32547982421	3144.08463000012
0.134000000000002	3686.27490709171	3284.79547000011
0.136000000000001	3806.7823251305	3427.31236000009
0.138000000000001	3931.87064731794	3571.30885000008
0.140000000000001	4054.50409504684	3716.44514000007
0.142000000000001	4178.79084902715	3862.37259000005
0.144	4306.41588780855	4008.73865000003
0.146	4430.87286698248	4155.19197000002
0.148	4553.91446249254	4301.38749
0.1501	4683.63822229535	4454.25026999998
0.1521	4809.07382052081	4598.89095999997
0.154099999999999	4932.06759265973	4742.30917999996
0.156099999999999	5054.29720407237	4884.23071999994
0.158099999999999	5173.87988881605	5024.40692999992
0.160099999999999	5291.80006720618	5162.61641999991
0.162099999999998	5409.99574465865	5298.6659099999
0.164099999999998	5526.61813961512	5432.39039999988
0.166099999999998	5640.724797119	5563.65263999987
0.168099999999998	5753.97318063785	5692.34204999986
0.170099999999998	5863.39128412345	5818.37324999985
0.172099999999997	5972.46240958491	5941.68419999984
0.174099999999997	6078.59993178459	6062.23415999983
0.176099999999997	6183.3642197158	6180.00149999982
0.178099999999997	6284.30160009485	6294.98153999981
0.180099999999996	6383.60537566554	6407.1843099998
0.182099999999996	6481.62814980261	6516.6325299998
0.184099999999996	6577.59956710975	6623.35958999979
0.186099999999996	6671.78979794604	6727.40776999979
0.188099999999996	6763.85062377861	6828.82659999978
0.190099999999995	6853.62033384289	6927.67132999978
0.192099999999995	6942.04620525525	7024.00168999977
0.194099999999995	7029.24092165924	7117.88069999977
0.196099999999995	7113.48139074726	7209.37368999976
0.198099999999995	7194.860518234	7298.54749999976
0.200099999999994	7274.21848017323	7385.46966999976
0.202099999999994	7352.67083169755	7470.20795999975
0.204099999999994	7429.68901202982	7552.82972999975
0.206099999999994	7504.74862269297	7633.40166999975
0.208099999999993	7578.35595496263	7711.98933999974
0.210099999999993	7649.89711251298	7788.65701999974
0.212099999999993	7719.46906160946	7863.46745999974
0.214099999999993	7787.86216918956	7936.48174999974
0.216099999999993	7855.94626202866	8007.75918999974
0.218099999999992	7923.01790959994	8077.35723999974
0.220099999999992	7986.85976522037	8145.33147999973
0.222099999999992	8048.76564000506	8211.73554999973
0.224099999999992	8110.90873177178	8276.62121999973
0.226099999999991	8171.22612005681	8340.03833999973
0.228099999999991	8229.2525217629	8402.03488999973
0.230099999999991	8287.03615697367	8462.65702999973
0.232099999999991	8344.18600346834	8521.94912999973
0.234099999999991	8401.12156055488	8579.95381999973
0.23609999999999	8456.66501956535	8636.71206999973
0.23809999999999	8510.75270160349	8692.26319999973
0.24009999999999	8562.67300386974	8746.64497999973
0.24209999999999	8615.03833485262	8799.89364999973
0.244099999999989	8664.93658317403	8852.04404999973
0.246099999999989	8714.31692386629	8903.12958999973
0.248099999999989	8763.33719356271	8953.18235999973
0.250099999999989	8809.69212801814	9002.23318999973
0.252099999999989	8857.40637823797	9050.31168999973
0.254099999999988	8903.40485296708	9097.44628999973
0.256099999999988	8948.89848714985	9143.66432999973
0.258099999999988	8993.78783807881	9188.99208999973
0.260099999999988	9037.81616707343	9233.45480999973
0.262099999999987	9079.88405835154	9277.07679999973
0.264099999999987	9122.33988810108	9319.88140999973
0.266099999999987	9164.07441043134	9361.89114999973
0.268099999999987	9205.22237568533	9403.12765999973
0.270099999999987	9244.51732234671	9443.61178999973
0.272099999999986	9284.094598653	9483.36362999973
0.274099999999986	9322.60334585678	9522.40252999973
0.276099999999986	9360.2158169062	9560.74714999973
0.278099999999986	9396.65630272817	9598.41548999973
0.280099999999985	9433.57177147015	9635.42490999973
0.282099999999985	9469.52828624764	9671.79216999974
0.284099999999985	9505.39987399452	9707.53342999973
0.286099999999985	9540.60574229995	9742.66432999973
0.288099999999985	9575.14927424226	9777.19994999974
0.290099999999984	9609.06122376874	9811.15488999974
0.292099999999984	9643.16594975123	9844.54324999974
0.294099999999984	9676.07762923943	9877.37867999974
0.296099999999984	9708.78420624901	9909.67436999974
0.298099999999983	9741.33414105798	9941.44308999974
0.300099999999983	9773.01852950057	9972.69722999974
0.302099999999983	9803.57944248046	10003.4487499997
0.304099999999983	9834.68532941082	10033.7092799997
0.306099999999983	9864.79444616439	10063.4900499997
0.308099999999982	9893.57423111541	10092.8019699997
0.310099999999982	9922.33224223299	10121.6556299997
0.312099999999982	9951.24291213614	10150.0612799997
0.314099999999982	9979.06819577815	10178.0288799997
0.316099999999982	10007.2523152458	10205.5680999997
0.318099999999981	10034.8471525815	10232.6883199997
0.320099999999981	10062.282891419	10259.3986599997
0.322099999999981	10088.9780557263	10285.7079799997
0.324099999999981	10115.4967301722	10311.6248899997
0.32609999999998	10142.1891157053	10337.1577499998
0.32809999999998	10167.816389722	10362.3146999998
0.33009999999998	10193.2220093008	10387.1036599998
0.33209999999998	10218.7045431219	10411.5323099998
0.33409999999998	10243.6399251633	10435.6081599998
0.336099999999979	10268.4082552985	10459.3384899998
0.338099999999979	10292.1158612251	10482.7304099998
0.340099999999979	10316.0940005233	10505.7908299998
0.342099999999979	10339.2080733201	10528.5264799998
0.344099999999978	10362.1455312803	10550.9439199998
0.346099999999978	10385.1639501349	10573.0495399998
0.348099999999978	10407.5586258651	10594.8495899998
0.350099999999978	10430.0436835562	10616.3501199998
0.352099999999978	10451.4096841115	10637.5570599998
0.354099999999977	10472.2958174456	10658.4761899998
0.356099999999977	10493.1039093271	10679.1131399998
0.358099999999977	10513.9034122078	10699.4733999998
0.360099999999977	10534.0852024482	10719.5623499998
0.362099999999976	10554.9358617688	10739.3852099998
0.364099999999976	10575.531189645	10758.9470999998
0.366099999999976	10595.831218348	10778.2529999998
0.368099999999976	10615.2011307321	10797.3077899998
0.370099999999976	10634.9695035394	10816.1162099998
0.372099999999975	10654.3458400598	10834.6829199998
0.374099999999975	10673.3556099209	10853.0124599998
0.376099999999975	10692.4359641603	10871.1092699998
0.378099999999975	10711.3763368318	10888.9776599998
0.380099999999974	10729.9583534481	10906.6218899998
0.382099999999974	10748.3745969344	10924.0460999998
0.384099999999974	10766.8390808672	10941.2543199998
0.386099999999974	10784.762479157	10958.2505199998
0.388099999999974	10802.6355172615	10975.0385599998
0.390099999999973	10821.1276423042	10991.6222399998
0.392099999999973	10838.5993125267	11008.0052499998
0.394099999999973	10855.3673462641	11024.1912199998
0.396099999999973	10872.3658403569	11040.1836799998
0.398099999999972	10889.2543870597	11055.9860999998
0.400099999999972	10905.955306348	11071.6018799998
0.402099999999972	10921.8639404751	11087.0343299998
0.404099999999972	10938.0579414455	11102.2866999998
0.406099999999972	10954.1550489456	11117.3621699998
0.408099999999971	10970.1064482606	11132.2638499998
0.410099999999971	10985.8807362276	11146.9947999998
0.412099999999971	11001.2531176045	11161.5579899998
0.414099999999971	11016.0009806779	11175.9563499998
0.41609999999997	11031.3153766256	11190.1927299998
0.41809999999997	11045.9207578323	11204.2699399998
0.42009999999997	11061.0420510884	11218.1907299998
0.42209999999997	11075.2824643148	11231.9577799998
0.42409999999997	11089.0013565479	11245.5737199998
0.426099999999969	11103.5494116055	11259.0411299998
0.428099999999969	11117.8656069534	11272.3625499998
0.430099999999969	11132.1178887357	11285.5404499998
0.432099999999969	11145.9387277514	11298.5772499998
0.434099999999969	11159.6709406022	11311.4753399998
0.436099999999968	11173.3855295136	11324.2370499998
0.438099999999968	11187.0745185896	11336.8646499998
0.440099999999968	11200.2445319232	11349.3603899998
0.442099999999968	11213.3261197227	11361.7264699998
0.444099999999967	11226.6441413811	11373.9650399998
0.446099999999967	11239.6984923024	11386.0781899998
0.448099999999967	11253.0354277171	11398.0680199998
0.450099999999967	11265.9534547466	11409.9365299998
0.452099999999967	11278.7450611832	11421.6857299998
0.454099999999966	11291.3965277864	11433.3175499998
0.456099999999966	11303.5553059168	11444.8339199998
0.458099999999966	11315.7831987651	11456.2366999998
0.460099999999966	11328.0919376202	11467.5277399998
0.462099999999965	11340.3040603026	11478.7088499998
0.464099999999965	11352.4051971988	11489.7817799998
0.466099999999965	11363.9167671916	11500.7482799998
0.468099999999965	11375.9071549269	11511.6100399998
0.470099999999965	11387.8751735181	11522.3687499998
0.472099999999964	11399.4992522085	11533.0260299998
0.474099999999964	11410.3324703845	11543.5834999998
0.476099999999964	11421.79515436	11554.0427399998
0.478099999999964	11433.0955855286	11564.4052799998
0.480099999999963	11444.3561375959	11574.6726599998
0.482099999999963	11455.457019322	11584.8463599998
0.484099999999963	11466.4796077815	11594.9278399998
0.486099999999963	11477.4489651117	11604.9185399998
0.488099999999963	11488.3242782203	11614.8198699998
0.490099999999962	11498.3122952407	11624.6332099998
0.492099999999962	11509.0611362288	11634.3599099998
0.494099999999962	11519.3804675014	11644.0013199998
0.496099999999962	11529.7482637478	11653.5587399998
0.498099999999961	11540.0801905435	11663.0334499998
0.500099999999961	11550.5191626489	11672.4267099998
0.502099999999961	11560.7794787064	11681.7397699998
0.504099999999961	11569.8843454894	11690.9738299998
0.506099999999961	11579.9793903321	11700.1300799998
0.50809999999996	11589.9930441257	11709.2096999998
0.51009999999996	11599.1985070058	11718.2138499998
0.51209999999996	11609.0550677316	11727.1436299998
0.51409999999996	11618.8337433689	11736.0001799998
0.516099999999959	11628.5594799082	11744.7845699998
0.518099999999959	11637.4934458026	11753.4978699998
0.520099999999959	11647.0478678224	11762.1411399998
0.522099999999959	11656.1597372283	11770.7153999998
0.524099999999959	11665.5677342662	11779.2216599998
0.526099999999958	11675.1124428004	11787.6609299998
0.528099999999958	11684.3794627803	11796.0341799998
0.530099999999958	11693.4774255145	11804.3423699998
0.532099999999958	11702.9299670854	11812.5864399998
0.534099999999958	11712.0001174135	11820.7673199998
0.536099999999957	11720.9945504634	11828.8859099998
0.538099999999957	11729.4767227849	11836.9431199998
0.540099999999957	11738.3402335948	11844.9398199998
0.542099999999957	11747.3188617496	11852.8768599998
0.544099999999956	11756.0556823205	11860.7551099998
0.546099999999956	11764.3904993605	11868.5753899998
0.548099999999956	11773.0028216345	11876.3385199998
0.550099999999956	11781.5169960725	11884.0452999998
0.552099999999956	11790.8959133095	11891.6965299998
0.554099999999955	11798.8408960128	11899.2929799998
0.556099999999955	11807.4808468271	11906.8354099998
0.558099999999955	11815.8005108497	11914.3245699998
0.560099999999955	11824.0060716157	11921.7612099998
0.562099999999954	11832.2121184087	11929.1460399998
0.564099999999954	11840.3351253517	11936.4797799998
0.566099999999954	11848.0770473791	11943.7631199998
0.568099999999954	11856.1180847699	11950.9967499998
0.570099999999954	11864.0081900596	11958.1813499998
0.572099999999953	11871.9425270046	11965.3175899998
0.574099999999953	11879.875936507	11972.4061099998
0.576099999999953	11887.7082444121	11979.4475699998
0.578099999999953	11895.4153935296	11986.4425799998
0.580099999999952	11903.0542033152	11993.3917699998
0.582099999999952	11910.7422664971	12000.2957499998
0.584099999999952	11918.0809482293	12007.1551199998
0.586099999999952	11925.8085923145	12013.9704699998
0.588099999999952	11933.2489184466	12020.7423699998
0.590099999999951	11940.7387089499	12027.4714099998
0.592099999999951	11947.6623977196	12034.1581299998
0.594099999999951	11955.0322921657	12040.8030999998
0.596099999999951	11962.3853452695	12047.4068499998
0.59809999999995	11969.6929221302	12053.9699099998
0.60009999999995	11976.9556542156	12060.4928199998
0.60209999999995	11984.1256238902	12066.9760799998
0.60409999999995	11991.300474177	12073.4201999998
0.60609999999995	11998.4322387112	12079.8256799998
0.608099999999949	12005.5067292096	12086.1930099998
0.610099999999949	12012.4904156065	12092.5226799998
0.612099999999949	12019.3897776935	12098.8151499998
0.614099999999949	12026.3545674949	12105.0708999998
0.616099999999948	12033.2789159687	12111.2903799998
0.618099999999948	12039.9955178219	12117.4740499998
0.620099999999948	12046.840519018	12123.6223499998
0.622099999999948	12053.6465832588	12129.7357099998
0.624099999999948	12059.7599411459	12135.8145799998
0.626099999999947	12066.5454384299	12141.8593599998
0.628099999999947	12073.2400405744	12147.8704699998
0.630099999999947	12079.8976296146	12153.8483399998
0.632099999999947	12086.2535218934	12159.7933499998
0.634099999999946	12092.489344707	12165.7058999998
0.636099999999946	12098.9148626638	12171.5863899998
0.638099999999946	12105.4289658279	12177.4351999998
0.640099999999946	12111.9082037841	12183.2527099998
0.642099999999946	12118.35256741	12189.0392899998
0.644099999999945	12124.1833996261	12194.7952999998
0.646099999999945	12130.5608191116	12200.5210999998
0.648099999999945	12136.9047299728	12206.2170599998
0.650099999999945	12143.2155407807	12211.8835099998
0.652099999999945	12149.4936515068	12217.5208099998
0.654099999999944	12155.7089933361	12223.1292799998
0.656099999999944	12161.0532013068	12228.7092699998
0.658099999999944	12166.9785447807	12234.2610999998
0.660099999999944	12173.1310084257	12239.7850899998
0.662099999999943	12179.2523954292	12245.2815599998
0.664099999999943	12185.0470392768	12250.7508199998
0.666099999999943	12191.0943432072	12256.1931799998
0.668099999999943	12197.1252252062	12261.6089399998
0.670099999999943	12202.5132184017	12266.9983999998
0.672099999999942	12208.0554429193	12272.3618599998
0.674099999999942	12213.7441981799	12277.6995999998
0.676099999999942	12219.658772425	12283.0119099998
0.678099999999942	12225.5448446264	12288.2990699998
0.680099999999941	12231.4027461306	12293.5613599998
0.682099999999941	12237.1547780246	12298.7990399998
0.684099999999941	12242.5162958551	12304.0123799998
0.686099999999941	12248.2412109486	12309.2016499998
0.688099999999941	12253.9893659629	12314.3671099998
0.69009999999994	12259.7107905848	12319.5090099998
0.69209999999994	12265.4070707967	12324.6276099998
0.69409999999994	12271.2324909812	12329.7231499998
0.69609999999994	12276.8756807265	12334.7958799998
0.698099999999939	12282.264797517	12339.8460399998
0.700099999999939	12287.8568929917	12344.8738599998
0.702099999999939	12293.1038469553	12349.8795899998
0.704099999999939	12298.192525396	12354.8634399998
0.706099999999939	12303.7100601746	12359.8256499998
0.708099999999938	12309.203127875	12364.7664399998
0.710099999999938	12314.6720061931	12369.6860299998
0.712099999999938	12320.0230562808	12374.5846299998
0.714099999999938	12325.4443377599	12379.4624699998
0.716099999999937	12330.8422055254	12384.3197499998
0.718099999999937	12336.2169170856	12389.1566799998
0.720099999999937	12341.5687246299	12393.9734599998
0.722099999999937	12346.8641590977	12398.7702899998
0.724099999999937	12352.1709788388	12403.5473799998
0.726099999999936	12357.4556851269	12408.3049199998
0.728099999999936	12362.957225504	12413.0430999998
0.730099999999936	12368.2011352645	12417.7621199998
0.732099999999936	12373.3605813641	12422.4621599998
0.734099999999935	12378.6599728009	12427.1433999998
0.736099999999935	12383.8393303013	12431.8060199998
0.738099999999935	12388.780077394	12436.4502199998
0.740099999999935	12393.9173155887	12441.0761599999
0.742099999999935	12399.033796089	12445.6840099999
0.744099999999934	12403.8770900179	12450.2739599999
0.746099999999934	12408.9525993779	12454.8461699999
0.748099999999934	12414.0078947303	12459.4007999999
0.750099999999934	12419.0431856559	12463.9380299998
0.752099999999933	12424.2277198102	12468.4580099998
0.754099999999933	12429.224410015	12472.9609099999
0.756099999999933	12434.1412478976	12477.4468799998
0.758099999999933	12439.3546888797	12481.9160799999
0.760099999999933	12444.2945843479	12486.3686699999
0.762099999999932	12448.9196568356	12490.8047899999
0.764099999999932	12453.8215038821	12495.2245899999
0.766099999999932	12458.7046115397	12499.6282299999
0.768099999999932	12463.56917053	12504.0158399999
0.770099999999932	12468.4153676759	12508.3875699998
0.772099999999931	12473.2433860004	12512.7435699999
0.774099999999931	12478.2225851517	12517.0839699999
0.776099999999931	12483.1677517933	12521.4089199999
0.778099999999931	12487.9434434194	12525.7185299999
0.78009999999993	12492.6124898455	12530.0129599999
0.78209999999993	12497.3533788765	12534.2923299999
0.78409999999993	12502.0768914094	12538.5567799999
0.78609999999993	12506.7825175585	12542.8064299999
0.78809999999993	12511.4417869022	12547.0414099999
0.790099999999929	12515.9556873631	12551.2618399999
0.792099999999929	12520.6125810653	12555.4678499999
0.794099999999929	12525.2527637298	12559.6595599999
0.796099999999929	12529.8763983254	12563.8370999999
0.798099999999928	12534.7207674382	12568.0005699999
0.800099999999928	12539.3124897791	12572.1501099999
0.802099999999928	12543.8880517953	12576.2858199999
0.804099999999928	12548.3118398	12580.4078099999
0.806099999999928	12553.0147925865	12584.5162099999
0.808099999999927	12557.5432902084	12588.6111199999
0.810099999999927	12562.0560732289	12592.6926599999
0.812099999999927	12566.5532935387	12596.7609199999
0.814099999999927	12571.0350999063	12600.8160299999
0.816099999999926	12575.5016380556	12604.8580799999
0.818099999999926	12579.9530507437	12608.8871799999
0.820099999999926	12584.3894778342	12612.9034399999
0.822099999999926	12589.248160403	12616.9069499999
0.824099999999926	12593.6555837143	12620.8978099999
0.826099999999925	12598.0483445657	12624.8761299999
0.828099999999925	12602.4265751603	12628.8420099999
0.830099999999925	12606.7418171143	12632.7955299999
0.832099999999925	12610.6861526548	12636.7367999999
0.834099999999924	12615.0214846454	12640.6659099999
0.836099999999924	12619.2436848937	12644.5829599999
0.838099999999924	12623.5519940568	12648.4880299999
0.840099999999924	12627.2085139012	12652.3812199999
0.842099999999924	12631.6152585486	12656.2626199999
0.844099999999923	12635.8832123701	12660.1323099999
0.846099999999923	12640.1375696457	12663.9903899999
0.848099999999923	12644.3484690679	12667.8369399999
0.850099999999923	12648.5759945099	12671.6720499999
0.852099999999922	12652.7152306159	12675.4957999999
0.854099999999922	12656.9164258026	12679.3082799999
0.856099999999922	12661.0462223636	12683.1095599999
0.858099999999922	12665.221452424	12686.8997399999
0.860099999999922	12669.3838499887	12690.6788799999
0.862099999999921	12673.3856685035	12694.4470799999
0.864099999999921	12677.5229254949	12698.2044099999
0.866099999999921	12681.6475855967	12701.9509499999
0.868099999999921	12685.2309643534	12705.6867699999
0.87009999999992	12689.3465618083	12709.4119499999
0.87209999999992	12693.4493395431	12713.1265699999
0.87409999999992	12697.5394107568	12716.8306999999
0.87609999999992	12701.6168863146	12720.5244199999
0.87809999999992	12705.6818748096	12724.2077899999
0.880099999999919	12709.7344826233	12727.8808899999
0.882099999999919	12713.684623484	12731.5437899999
0.884099999999919	12717.3145524283	12735.1965699999
0.886099999999919	12721.0603769149	12738.8392799999
0.888099999999919	12725.0653302851	12742.4719999999
0.890099999999918	12729.0583343493	12746.0947999999
0.892099999999918	12732.7241716741	12749.7077499999
0.894099999999918	12736.5555212009	12753.3109099999
0.896099999999918	12740.5132093384	12756.9043399999
0.898099999999917	12744.459286553	12760.4881099999
0.900099999999917	12748.393848104	12764.0622899999
0.902099999999917	12752.3169873421	12767.6269399999
0.904099999999917	12756.2287957593	12771.1821199999
0.906099999999917	12759.5056436335	12774.7278999999
0.908099999999916	12763.1263464608	12778.2643299999
0.910099999999916	12767.0051223535	12781.7914799999
0.912099999999916	12770.8728574273	12785.3094099999
0.914099999999916	12774.3912348131	12788.8181699999
0.916099999999915	12778.0940309901	12792.3178299999
0.918099999999915	12781.8417040246	12795.8084399999
0.920099999999915	12785.6660077213	12799.2900599999
0.922099999999915	12789.4796463862	12802.7627599999
0.924099999999915	12793.4340439522	12806.2265799999
0.926099999999914	12797.1069626465	12809.6815799999
0.928099999999914	12800.8163336085	12813.1278099999
0.930099999999914	12804.5885278079	12816.5653399999
0.932099999999914	12808.350384317	12819.9942099999
0.934099999999913	12812.10198542	12823.4144799999
0.936099999999913	12815.8434117374	12826.8262099999
0.938099999999913	12819.5699557344	12830.2294299999
0.940099999999913	12823.2912525116	12833.6242199999
0.942099999999913	12827.0025840154	12837.0106099999
0.944099999999912	12830.3846989289	12840.3886599999
0.946099999999912	12834.0344100306	12843.7584199999
0.948099999999912	12837.7172844121	12847.1199399999
0.950099999999912	12841.1298371615	12850.4732699999
0.952099999999911	12844.6875766213	12853.8184599999
0.954099999999911	12848.341288183	12857.1555499999
0.956099999999911	12851.9854175677	12860.4845899999
0.958099999999911	12855.6200395124	12863.8056399999
0.960099999999911	12859.245227235	12867.1187299999
0.96209999999991	12862.8610524742	12870.4239199999
0.96409999999991	12866.3166060334	12873.7212599999
0.96609999999991	12869.9139146664	12877.0107699999
0.96809999999991	12873.5084704603	12880.2925199999
0.970099999999909	12877.0994334781	12883.5665499999
0.972099999999909	12880.6555827952	12886.8328999999
0.974099999999909	12884.2281405012	12890.0916099999
0.976099999999909	12887.7168202793	12893.3427299999
0.978099999999909	12891.2724800516	12896.5862999999
0.980099999999908	12894.8140465985	12899.8223699999
0.982099999999908	12898.3496565926	12903.0509699999
0.984099999999908	12901.8763750429	12906.2721499999
0.986099999999908	12905.3942632425	12909.4859499999
0.988099999999908	12908.9049926257	12912.6924099999
0.990099999999907	12912.4121879171	12915.8915699999
0.992099999999907	12915.9105636033	12919.0834799999
0.994099999999907	12919.4021234996	12922.2681599999
0.996099999999907	12922.6490677776	12925.4456699999
0.998099999999906	12926.2626743056	12928.6160399999
1.00009999999991	12929.7233809166	12931.7793099999
1.00209999999991	12933.175390415	12934.9355099999
1.00409999999991	12936.5278998558	12938.0846999999
1.00609999999991	12939.8355320537	12941.2268899999
1.00809999999991	12943.1833064802	12944.3621399999
1.01009999999991	12946.6073773073	12947.4904799999
1.0120999999999	12950.0228334259	12950.6119399999
1.0140999999999	12953.4298355683	12953.7265699999
1.0160999999999	12956.8284854665	12956.8343899999
1.0180999999999	12960.2188435525	12959.9354499999
1.0200999999999	12963.6410597647	12963.0297799999
1.0220999999999	12966.8257566021	12966.1174099999
1.0240999999999	12970.1942382088	12969.1983799999
1.0260999999999	12973.232671915	12972.2727299999
1.0280999999999	12976.5901457914	12975.3404899999
1.0300999999999	12979.9393144016	12978.4016799999
1.0320999999999	12983.2878228197	12981.4563599999
1.0340999999999	12986.6371718068	12984.5045499999
1.0360999999999	12990.3389495271	12987.5462799999
1.0380999999999	12993.6833222199	12990.5815799999
1.0400999999999	12996.9844308963	12993.6104999999
1.0420999999999	13000.3222266525	12996.6330499999
1.0440999999999	13003.6512931838	12999.6492799999
1.0460999999999	13006.9781858105	13002.6592099999
1.0480999999999	13010.299256741	13005.6628799999
1.0500999999999	13013.6117582482	13008.6603199999
1.0520999999999	13016.9158054606	13011.6515599999
1.0540999999999	13020.2114240947	13014.6366299999
1.0560999999999	13023.4317872008	13017.6155499999
1.0580999999999	13026.667461025	13020.5883699999
1.0600999999999	13029.9440731188	13023.5551099999
1.0620999999999	13033.0826883434	13026.5157999999
1.0640999999999	13036.2363000572	13029.4704699999
1.0660999999999	13039.7835534912	13032.4191399999
1.0680999999999	13043.0564470392	13035.3618599999
1.0700999999999	13046.3312384759	13038.2986399999
1.0720999999999	13049.7707767769	13041.2295199999
1.0740999999999	13053.0219252617	13044.1545199999
1.0760999999999	13056.2645640624	13047.0736699999
1.0780999999999	13059.2786834183	13049.9870099999
1.0800999999999	13062.5046008861	13052.8945499999
1.0820999999999	13065.6672434084	13055.7963199999
1.0840999999999	13068.8775665725	13058.6923599998
1.0860999999999	13072.081669997	13061.5826899999
1.0880999999999	13075.0426857033	13064.4673399999
1.0900999999999	13078.2272588398	13067.3463199999
1.0920999999999	13081.4038651789	13070.2196799999
1.0940999999999	13084.5725675752	13073.0874299999
1.0960999999999	13087.7334276924	13075.9496099999
1.0980999999999	13090.8865060331	13078.8062299999
1.1000999999999	13094.0318619684	13081.6573299999
1.1020999999999	13097.1695537661	13084.5029199999
1.10409999999989	13100.2996386188	13087.3430399999
1.10609999999989	13103.7089040572	13090.1776999999
1.10809999999989	13106.8273568856	13093.0069499999
1.11009999999989	13109.4502067386	13095.8307799999
1.11209999999989	13112.5638258399	13098.6492499999
1.11409999999989	13115.6698547149	13101.4623599999
1.11609999999989	13118.6968045645	13104.2701399999
1.11809999999989	13121.7915131691	13107.0726199999
1.12009999999989	13124.878723454	13109.8698099999
1.12209999999989	13127.6862897689	13112.6617499999
1.12409999999989	13130.7819997054	13115.4484599999
1.12609999999989	13133.7741158531	13118.2299599998
1.12809999999989	13136.8695943325	13121.0062599999
1.13009999999989	13139.9572644509	13123.7774099999
1.13209999999989	13143.0371850409	13126.5434099999
1.13409999999989	13146.1094139419	13129.3042999999
1.13609999999989	13149.1801437217	13132.0600799998
1.13809999999989	13152.5668841421	13134.8107999999
1.14009999999989	13155.6354974747	13137.5564599998
1.14209999999989	13158.6099635229	13140.2970899998
1.14409999999989	13161.7867242856	13143.0327199998
1.14609999999989	13164.8258245263	13145.7633599998
1.14809999999989	13167.6464435701	13148.4890299998
1.15009999999989	13170.4846420997	13151.2097599998
1.15209999999989	13173.3970988402	13153.9255699999
1.15409999999989	13176.4381327073	13156.6364699998
1.15609999999989	13179.4716334171	13159.3424999998
1.15809999999989	13182.4665338523	13162.0436699998
1.16009999999989	13185.3014093749	13164.7399899999
1.16209999999989	13188.0977546857	13167.4314999998
1.16409999999989	13191.2830962793	13170.1182199999
1.16609999999989	13194.1386176116	13172.8001499999
1.16809999999989	13197.1220094346	13175.4773299999
1.17009999999989	13200.0983971809	13178.1497699998
1.17209999999989	13203.0678722096	13180.8174899998
1.17409999999989	13206.0305407062	13183.4805099999
1.17609999999989	13208.9864473202	13186.1388599999
1.17809999999989	13211.935635607	13188.7925499999
1.18009999999989	13214.8157972122	13191.4415899998
1.18209999999989	13217.7834232055	13194.0860199999
1.18409999999989	13220.7439786655	13196.7258399998
1.18609999999989	13223.6975156656	13199.3610799999
1.18809999999989	13226.6440853492	13201.9917599999
1.19009999999989	13229.583737954	13204.6178999999
1.19209999999989	13232.4578637921	13207.2394999999
1.19409999999988	13235.3884692158	13209.8565999998
1.19609999999988	13238.3122240252	13212.4692099999
1.19809999999988	13241.2291853111	13215.0773499998
1.20009999999988	13244.5840241093	13217.6810299999
1.20209999999988	13247.4970839217	13220.2802799998
1.20409999999988	13250.4032310876	13222.8751099998
1.20609999999988	13253.2857769669	13225.4655399999
1.20809999999988	13256.1831079111	13228.0515899999
1.21009999999988	13259.0735582831	13230.6332699999
1.21209999999988	13262.0615097225	13233.2106099998
1.21409999999988	13264.9414729362	13235.7836099998
1.21609999999988	13267.9424461436	13238.3522999999
1.21809999999988	13270.811850733	13240.9166999999
1.22009999999988	13273.6744360534	13243.4768199999
1.22209999999988	13276.53025284	13246.0326699999
1.22409999999988	13279.3793509453	13248.5842799999
1.22609999999988	13282.0049947304	13251.1316699998
1.22809999999988	13284.8526910962	13253.6748299998
1.23009999999988	13287.7825113168	13256.2138099998
1.23209999999988	13290.6329779134	13258.7485999998
1.23409999999988	13293.4813137664	13261.2792299998
1.23609999999988	13296.3308319534	13263.8057199998
1.23809999999988	13299.1769068771	13266.3280699998
1.24009999999988	13302.3803804448	13268.8463099998
1.24209999999988	13304.9787760058	13271.3604499998
1.24409999999988	13307.8101615641	13273.8704999998
1.24609999999988	13310.6353920803	13276.3764899998
1.24809999999988	13313.4536309315	13278.8784299998
1.25009999999988	13316.264931689	13281.3763199998
1.25209999999988	13319.3218950964	13283.8701999998
1.25409999999988	13322.1634022456	13286.3600699998
1.25609999999988	13324.999248906	13288.8459499998
1.25809999999988	13327.8278568983	13291.3278599998
1.26009999999988	13330.4349147322	13293.8057999998
1.26209999999988	13333.2018149241	13296.2797999998
1.26409999999988	13336.5898455562	13298.7498699998
1.26609999999988	13339.1591158663	13301.2160199998
1.26809999999988	13341.9837370199	13303.6782699998
1.27009999999988	13344.5631280612	13306.1366299998
1.27209999999988	13347.4213999835	13308.5911199998
1.27409999999988	13350.2719400378	13311.0417499998
1.27609999999988	13353.1148456746	13313.4885399998
1.27809999999988	13355.950208503	13315.9314999998
1.28009999999988	13358.7780935402	13318.3706399998
1.28209999999988	13361.5985616278	13320.8059799998
1.28409999999988	13364.4116726303	13323.2375399998
1.28609999999987	13367.2174854574	13325.6653199998
1.28809999999987	13370.0160580858	13328.0893399998
1.29009999999987	13372.8074475805	13330.5096199998
1.29209999999987	13375.5917101153	13332.9261599998
1.29409999999987	13378.3689009927	13335.3389799998
1.29609999999987	13381.1390746633	13337.7480999998
1.29809999999987	13383.9022847448	13340.1535299998
1.30009999999987	13386.5632295389	13342.5552799998
1.30209999999987	13389.3426214917	13344.9533699998
1.30409999999987	13392.1162806221	13347.3477999998
1.30609999999987	13394.9366532373	13349.7385899998
1.30809999999987	13397.7202815726	13352.1257599998
1.31009999999987	13400.4968291223	13354.5093199998
1.31209999999987	13403.949052901	13356.8892799998
1.31409999999987	13406.719594903	13359.2656499998
1.31609999999987	13409.4830804979	13361.6384399998
1.31809999999987	13412.2395637717	13364.0076799998
1.32009999999987	13414.9890979986	13366.3733699998
1.32209999999987	13417.6758323871	13368.7355199998
1.32409999999987	13420.4212391087	13371.0941499998
1.32609999999987	13423.3485937128	13373.4492599998
1.32809999999987	13425.9426409302	13375.8008799998
1.33009999999987	13428.6695771591	13378.1490099998
1.33209999999987	13431.3897543129	13380.4936699998
1.33409999999987	13435.0156104149	13382.8348599998
1.33609999999987	13437.6976102343	13385.1726099998
1.33809999999987	13440.5982169808	13387.5069199998
1.34009999999987	13443.3192664499	13389.8377999998
1.34209999999987	13446.5308791937	13392.1652699998
1.34409999999987	13449.1882079695	13394.4893299998
1.34609999999987	13451.8535762724	13396.8100099998
1.34809999999987	13454.5824431804	13399.1272999998
1.35009999999987	13457.3034344743	13401.4412299998
1.35209999999987	13459.9662626506	13403.7518099998
1.35409999999987	13462.6839651195	13406.0590399998
1.35609999999987	13465.5963798768	13408.3629299998
1.35809999999987	13468.5115015655	13410.6635099998
1.36009999999987	13471.4497708229	13412.9607799998
1.36209999999987	13474.0903412512	13415.2547499998
1.36409999999987	13476.778171716	13417.5454299998
1.36609999999987	13479.413314921	13419.8328399998
1.36809999999987	13481.9944049575	13422.1169799998
1.37009999999987	13484.6412163773	13424.3978599998
1.37209999999987	13487.3191583095	13426.6755099998
1.37409999999987	13489.9750647861	13428.9499199998
1.37609999999986	13492.6385747424	13431.2211099998
1.37809999999986	13495.281393081	13433.4890999998
1.38009999999986	13497.9486532446	13435.7538799998
1.38209999999986	13500.3796847613	13438.0154699998
1.38409999999986	13502.9921170752	13440.2738899998
1.38609999999986	13505.6448062348	13442.5291399998
1.38809999999986	13508.8442592234	13444.7812299998
1.39009999999986	13511.3881534937	13447.0301699998
1.39209999999986	13513.7736098317	13449.2759799998
1.39409999999986	13515.3703681505	13451.5186699998
1.39609999999986	13518.1565691057	13453.7582399998
1.39809999999986	13520.8659494558	13455.9946999998
1.40009999999986	13523.6152200914	13458.2280699998
1.40209999999986	13526.323218118	13460.4583599998
1.40409999999986	13529.0788090325	13462.6855699998
1.40609999999986	13531.8221663371	13464.9097099998
1.40809999999986	13534.5334573202	13467.1308099998
1.41009999999986	13537.3075644952	13469.3488499998
1.41209999999986	13540.0196214912	13471.5638699998
1.41409999999986	13541.9359805457	13473.7758599998
1.41609999999986	13544.7269651734	13475.9848299998
1.41809999999986	13548.1343786356	13478.1907999998
1.42009999999986	13550.8432101601	13480.3937799998
1.42209999999986	13553.6318278849	13482.5937699998
1.42409999999986	13556.3493695515	13484.7907799998
1.42609999999986	13559.0735246238	13486.9848299998
1.42809999999986	13561.8381855318	13489.1759199998
1.43009999999986	13564.5369563274	13491.3640699998
1.43209999999986	13567.2800075916	13493.5492699998
1.43409999999986	13570.3680063809	13495.7315499998
1.43609999999986	13572.8190096779	13497.9109099998
1.43809999999986	13575.5391164437	13500.0873599998
1.44009999999986	13578.2816465004	13502.2609099998
1.44209999999986	13581.0357934165	13504.4315699998
1.44409999999986	13583.7502887026	13506.5993499998
1.44609999999986	13586.4623944264	13508.7642499998
1.44809999999986	13589.1720030377	13510.9262899998
1.45009999999986	13591.913982721	13513.0854699998
1.45209999999986	13594.6432037415	13515.2418099998
1.45409999999986	13597.3476136404	13517.3953199998
1.45609999999986	13599.7979642305	13519.5459899998
1.45809999999986	13602.5119774494	13521.6938499998
1.46009999999986	13605.2241242114	13523.8388999998
1.46209999999986	13607.9456257355	13525.9811399998
1.46409999999986	13610.5194138299	13528.1205999998
1.46609999999985	13613.2372879812	13530.2572599998
1.46809999999985	13615.9476628333	13532.3911599998
1.47009999999985	13618.6598986337	13534.5222899998
1.47209999999985	13620.4615986329	13536.6506599998
1.47409999999985	13623.1707734856	13538.7762799998
1.47609999999985	13625.8778227045	13540.8991499998
1.47809999999985	13628.2785398122	13543.0192999998
1.48009999999985	13630.9442052513	13545.1367199998
1.48209999999985	13633.6611341923	13547.2514299998
1.48409999999985	13636.3651774995	13549.3634299998
1.48609999999985	13639.0147423865	13551.4727299998
1.48809999999985	13641.7346186699	13553.5793399998
1.49009999999985	13644.3739597594	13555.6832699998
1.49209999999985	13647.0960232542	13557.7845199998
1.49409999999985	13650.0509570276	13559.8831099998
1.49609999999985	13652.7880764308	13561.9790399998
1.49809999999985	13655.4691020247	13564.0723199998
1.50009999999985	13658.2058523697	13566.1629499998
1.50209999999985	13660.9436977435	13568.2509599998
1.50409999999985	13663.7049019878	13570.3363399998
1.50609999999985	13666.4760464489	13572.4190899998
1.50809999999985	13669.2203080428	13574.4992399998
1.51009999999985	13671.9562370263	13576.5767899998
1.51209999999985	13674.6839965574	13578.6517399998
1.51409999999985	13677.4097150771	13580.7241099998
1.51609999999985	13680.3183617016	13582.7938999998
1.51809999999985	13683.0656372504	13584.8611099998
1.52009999999985	13685.8098894634	13586.9257599998
1.52209999999985	13688.5528282095	13588.9878599998
1.52409999999985	13691.2941147675	13591.0474099998
1.52609999999985	13694.0471161154	13593.1044199998
1.52809999999985	13696.7979038773	13595.1588899998
1.53009999999985	13699.5464215905	13597.2108399998
1.53209999999985	13702.292551481	13599.2602699998
1.53409999999985	13704.9270414251	13601.3071899998
1.53609999999985	13707.6676864011	13603.3515999998
1.53809999999985	13710.6224553616	13605.3935199998
1.54009999999985	13713.3688662716	13607.4329599998
1.54209999999985	13716.0968684736	13609.4699099998
1.54409999999985	13718.8351887385	13611.5043799998
1.54609999999985	13721.5625499965	13613.5363899998
1.54809999999985	13724.2976585152	13615.5659399998
1.55009999999985	13726.7954958436	13617.5930399998
1.55209999999985	13729.4669510838	13619.6176899998
1.55409999999985	13732.2023916239	13621.6399099998
1.55609999999985	13734.6739228267	13623.6596899998
1.55809999999984	13737.4389027835	13625.6770499998
1.56009999999984	13740.2049964422	13627.6919899998
1.56209999999984	13742.9562395709	13629.7045299998
1.56409999999984	13745.5696636259	13631.7146599998
1.56609999999984	13748.2374477644	13633.7223899998
1.56809999999984	13751.0061280996	13635.7277399998
1.57009999999984	13753.7786081157	13637.7306999998
1.57209999999984	13756.5492320874	13639.7312899998
1.57409999999984	13759.3175068897	13641.7294999998
1.57609999999984	13762.0847160304	13643.7253599998
1.57809999999984	13764.8504728507	13645.7188599998
1.58009999999984	13767.6146571403	13647.7100099998
1.58209999999984	13770.3810528613	13649.6988299998
1.58409999999984	13773.2617149146	13651.6852999998
1.58609999999984	13776.0398026767	13653.6694499998
1.58809999999984	13778.8152663953	13655.6512799998
1.59009999999984	13781.5897691415	13657.6307899998
1.59209999999984	13784.3620532871	13659.6079899998
1.59409999999984	13787.0587314731	13661.5828899998
1.59609999999984	13789.8213039081	13663.5554999998
1.59809999999984	13793.0974397871	13665.5258099998
1.60009999999984	13795.8624030314	13667.4938499998
1.60209999999984	13798.4764923321	13669.4595999998
1.60409999999984	13801.2615102803	13671.4230899998
1.60609999999984	13804.0449210941	13673.3843099998
1.60809999999984	13806.8138674596	13675.3432799998
1.61009999999984	13809.6084745448	13677.2999999998
1.61209999999984	13812.4009595627	13679.2544699998
1.61409999999984	13815.1759167799	13681.2066999998
1.61609999999984	13818.2741390939	13683.1566999998
1.61809999999984	13820.8521925254	13685.1044799998
1.62009999999984	13823.6676504222	13687.0500299998
1.62209999999984	13826.4520685388	13688.9933699998
1.62409999999984	13829.2359999074	13690.9345099998
1.62609999999984	13832.019528602	13692.8734399998
1.62809999999984	13834.8312937695	13694.8101799998
1.63009999999984	13837.6408265991	13696.7447299998
1.63209999999984	13840.9499690577	13698.6770999998
1.63409999999984	13844.16963247	13700.6072799998
1.63609999999984	13846.9692142618	13702.5352999998
1.63809999999984	13849.7514900352	13704.4611499998
1.64009999999984	13852.3733689954	13706.3848499998
1.64209999999984	13855.2241642921	13708.3063899998
1.64409999999984	13857.8387415009	13710.2257799998
1.64609999999984	13860.6899306506	13712.1430299998
1.64809999999983	13863.5065869307	13714.0581399998
1.65009999999983	13866.3066962966	13715.9711299998
1.65209999999983	13869.1219742865	13717.8819899998
1.65409999999983	13871.9660300134	13719.7907299998
1.65609999999983	13874.8051189501	13721.6973599998
1.65809999999983	13877.756836096	13723.6018799998
1.66009999999983	13880.555175338	13725.5042999998
1.66209999999983	13883.3694481008	13727.4046299998
1.66409999999983	13886.0827756611	13729.3028599998
1.66609999999983	13889.1682177854	13731.1990099998
1.66809999999983	13892.0025143007	13733.0930799998
1.67009999999983	13894.8347899537	13734.9850799998
1.67209999999983	13897.6648681225	13736.8750099998
1.67409999999983	13900.4583847388	13738.7628799998
1.67609999999983	13903.2757082808	13740.6486899998
1.67809999999983	13906.0759646009	13742.5324599998
1.68009999999983	13908.8759498938	13744.4141699998
1.68209999999983	13911.6754857876	13746.2938499998
1.68409999999983	13915.1438890656	13748.1714899998
1.68609999999983	13917.899822523	13750.0470999998
1.68809999999983	13920.7142748396	13751.9206799998
1.69009999999983	13923.5003973871	13753.7922499998
1.69209999999983	13926.3311922148	13755.6618099998
1.69409999999983	13929.1455016842	13757.5293499998
1.69609999999983	13931.9728516572	13759.3948999998
1.69809999999983	13934.690450113	13761.2584399998
1.70009999999983	13937.5034672351	13763.1199999998
1.70209999999983	13940.300743474	13764.9795599998
1.70409999999983	13943.0975616638	13766.8371499998
1.70609999999983	13945.8937653977	13768.6927599998
1.70809999999983	13948.7023121938	13770.5463999998
1.71009999999983	13951.5222571411	13772.3980699998
1.71209999999983	13954.3402435134	13774.2477799998
1.71409999999983	13956.795244368	13776.0955299998
1.71609999999983	13959.618109993	13777.9413299998
1.71809999999983	13962.2747240029	13779.7851899998
1.72009999999983	13965.0959903705	13781.6271099998
1.72209999999983	13967.882859989	13783.4670899998
1.72409999999983	13970.7022024735	13785.3051399998
1.72609999999983	13973.4314335565	13787.1412599998
1.72809999999983	13976.223506267	13788.9754599998
1.73009999999983	13978.9948114212	13790.8077499998
1.73209999999983	13981.8258122626	13792.6381299998
1.73409999999983	13984.6290405046	13794.4665999998
1.73609999999983	13987.4203271913	13796.2931699998
1.73809999999983	13990.1828152681	13798.1178399998
1.74009999999982	13992.9856587721	13799.9406199998
1.74209999999982	13995.7839943997	13801.7615099998
1.74409999999982	13998.54572895	13803.5805299998
1.74609999999982	14001.3357744055	13805.3976599998
1.74809999999982	14004.1265530098	13807.2129299998
1.75009999999982	14006.7247418977	13809.0263199998
1.75209999999982	14009.5492304125	13810.8378599998
1.75409999999982	14012.322680553	13812.6475299998
1.75609999999982	14015.0085572789	13814.4553599998
1.75809999999982	14017.8250203896	13816.2613299998
1.76009999999982	14020.602080738	13818.0654599998
1.76209999999982	14023.3166549687	13819.8677499998
1.76409999999982	14026.0023953239	13821.6682099998
1.76609999999982	14028.1935049846	13823.4668399998
1.76809999999982	14031.2247905733	13825.2636399998
1.77009999999982	14034.0950885403	13827.0586199998
1.77209999999982	14036.7988830522	13828.8517799998
1.77409999999982	14039.6237488044	13830.6431399998
1.77609999999982	14042.4959920241	13832.4326799998
1.77809999999982	14045.3789398248	13834.2204299998
1.78009999999982	14048.207379097	13836.0063699998
1.78209999999982	14051.0652328277	13837.7905299998
1.78409999999982	14053.9500338328	13839.5728899998
1.78609999999982	14056.7891697077	13841.3534699998
1.78809999999982	14059.6159208687	13843.1322699998
1.79009999999982	14062.4892318253	13844.9092899998
1.79209999999982	14065.3771771669	13846.6845399998
1.79409999999982	14068.2047208272	13848.4580199998
1.79609999999982	14071.1891171732	13850.2297499998
1.79809999999982	14074.0689350152	13851.9997099998
1.80009999999982	14076.9254437397	13853.7679199998
1.80209999999982	14079.7528104468	13855.5343799998
1.80409999999982	14082.4030562605	13857.2990899998
1.80609999999982	14085.2759025057	13859.0620699998
1.80809999999982	14088.1462954981	13860.8233099998
1.81009999999982	14090.9764228788	13862.5828099998
1.81209999999982	14092.9151922898	13864.3405899998
1.81409999999982	14095.7819309373	13866.0966399998
1.81609999999982	14098.6337863361	13867.8509699998
1.81809999999982	14101.4620642501	13869.6035899998
1.82009999999982	14104.2803959638	13871.3544999998
1.82209999999982	14107.1551082031	13873.1036899998
1.82409999999982	14109.9864520187	13874.8511899998
1.82609999999982	14113.1037659294	13876.5969899998
1.82809999999982	14115.9448869449	13878.3410899998
1.83009999999981	14118.825734149	13880.0834999998
1.83209999999981	14121.6919538233	13881.8242199998
1.83409999999981	14124.5310143286	13883.5632699998
1.83609999999981	14127.3601986349	13885.3006299998
1.83809999999981	14130.2130652336	13887.0363199998
1.84009999999981	14133.4763405708	13888.7703399998
1.84209999999981	14136.3070243213	13890.5026899998
1.84409999999981	14139.1441470631	13892.2333799998
1.84609999999981	14141.986833944	13893.9624199998
1.84809999999981	14144.834616899	13895.6897899998
1.85009999999981	14147.5871453405	13897.4155199998
1.85209999999981	14150.1990959933	13899.1395999998
1.85409999999981	14153.0236091362	13900.8620399998
1.85609999999981	14155.8753773419	13902.5828399998
1.85809999999981	14158.7596498988	13904.3020099998
1.86009999999981	14161.6425298704	13906.0195399998
1.86209999999981	14164.7236736855	13907.7354499998
1.86409999999981	14167.5713857234	13909.4497299998
1.86609999999981	14170.214908896	13911.1623999998
1.86809999999981	14173.0811208227	13912.8734499998
1.87009999999981	14175.9357377266	13914.5828899998
1.87209999999981	14178.6337586069	13916.2907199998
1.87409999999981	14181.536580145	13917.9969399998
1.87609999999981	14184.2927948646	13919.7015699998
1.87809999999981	14187.1616290159	13921.4045999998
1.88009999999981	14190.0312403669	13923.1060399998
1.88209999999981	14192.8332938909	13924.8058899998
1.88409999999981	14195.7200910112	13926.5041499998
1.88609999999981	14198.632985681	13928.2008299998
1.88809999999981	14201.5325978603	13929.8959399998
1.89009999999981	14204.6062283273	13931.5894699998
1.89209999999981	14207.5280480186	13933.2814299998
1.89409999999981	14210.2960650138	13934.9718199998
1.89609999999981	14213.0733813149	13936.6606499998
1.89809999999981	14215.7426644694	13938.3479199998
1.90009999999981	14218.6502066615	13940.0336399998
1.90209999999981	14221.5610999579	13941.7177999998
1.90409999999981	14224.416821881	13943.4004199998
1.90609999999981	14227.3105676346	13945.0814899998
1.90809999999981	14230.2044138614	13946.7610099998
1.91009999999981	14233.0981273976	13948.4390099998
1.91209999999981	14235.9914364677	13950.1154599998
1.91409999999981	14238.9325254254	13951.7903899998
1.91609999999981	14241.8369143758	13953.4637899998
1.91809999999981	14244.7415354062	13955.1356599998
1.9200999999998	14247.6456791852	13956.8060199998
1.9220999999998	14250.4041232938	13958.4748499998
1.9240999999998	14253.3514986119	13960.1421799998
1.9260999999998	14256.2759464725	13961.8079899998
1.9280999999998	14259.1850848619	13963.4722999998
1.9300999999998	14262.0943827197	13965.1351099998
1.9320999999998	14265.003614525	13966.7964199998
1.9340999999998	14267.9125649285	13968.4562299998
1.9360999999998	14270.8109367892	13970.1145499998
1.9380999999998	14273.707268011	13971.7713799998
1.9400999999998	14276.7671485059	13973.4267199998
1.9420999999998	14279.6920959042	13975.0805799998
1.9440999999998	14282.5904784757	13976.7329599998
1.9460999999998	14285.4337314959	13978.3838699998
1.9480999999998	14288.2721942395	13980.0333099998
1.9500999999998	14290.9867292513	13981.6812699998
1.9520999999998	14293.8572931623	13983.3277699998
1.9540999999998	14296.753083311	13984.9728099998
1.9560999999998	14299.9087752529	13986.6163899998
1.9580999999998	14302.8506829556	13988.2585099998
1.9600999999998	14305.7953171969	13989.8991799998
1.9620999999998	14308.7366168698	13991.5383999998
1.9640999999998	14311.6873948185	13993.1761799998
1.9660999999998	14314.6073296927	13994.8125099998
1.9680999999998	14317.5416399572	13996.4473999998
1.9700999999998	14320.4300740424	13998.0808599998
1.9720999999998	14323.3531515397	13999.7128799998
1.9740999999998	14326.3110130484	14001.3434799998
1.9760999999998	14329.2687938655	14002.9726399998
1.9780999999998	14332.2272483746	14004.6003899998
1.9800999999998	14335.3254073462	14006.2267099998
1.9820999999998	14338.2356454335	14007.8516199998
1.9840999999998	14341.2213048123	14009.4751099998
1.9860999999998	14344.1777705072	14011.0971899998
1.9880999999998	14347.1402234194	14012.7178699998
1.9900999999998	14350.0565350643	14014.3371399998
1.9920999999998	14352.9705282246	14015.9549999998
1.9940999999998	14355.9182683904	14017.5714699998
1.9960999999998	14358.8805791058	14019.1865499998
1.9980999999998	14361.8007516922	14020.8002299998
