t	Sv
0	0	0
0.002	0	0
0.0041	6.75320967192485	9.0844
0.006	6.94574951962734	9.08582
0.00800000000000001	7.32365578024713	9.08923
0.0101	7.9190565054167	9.09632
0.0121	8.67952171494095	9.10696
0.0141	9.63204765299283	9.12281
0.0161	10.7791925282139	9.14514
0.0180999999999999	12.1172983911787	9.17531
0.0200999999999999	13.6455994946217	9.2148
0.0220999999999999	15.3516751355288	9.26515
0.0240999999999999	17.2331075201221	9.32803999999999
0.0260999999999999	19.2879045027911	9.40522999999999
0.0280999999999999	21.5144791483493	9.49862999999999
0.0300999999999999	23.9116050390454	9.61026999999999
0.0320999999999999	25.4491543163196	9.74232999999998
0.0341	28.0782927714285	9.89717999999999
0.036	30.6419720029913	10.05811
0.0380000000000001	33.4203463055864	10.26343
0.0400000000000001	36.287776856125	10.49953
0.0420000000000002	39.249606516295	10.76966
0.0440000000000002	42.309856041251	11.0773700000001
0.0460000000000003	45.4716560085212	11.4265600000001
0.0480000000000003	48.7525220368633	11.8215200000001
0.0500000000000004	52.1841045249183	12.2669600000002
0.0520000000000005	55.7617392439589	12.7680700000002
0.0540000000000005	59.4844703201254	13.3305700000003
0.0560000000000006	62.7393367277426	13.9607900000004
0.0580000000000006	66.6290345292938	14.6657100000005
0.0600000000000007	70.6517767666516	15.4530200000006
0.0620000000000007	74.8060141418758	16.3312100000007
0.0640000000000008	79.0903615722331	17.3096700000008
0.0660000000000009	84.7860902345771	18.398700000001
0.0680000000000009	90.8263919804732	19.6096900000012
0.070000000000001	97.0710735651291	20.9551400000014
0.072000000000001	102.974426900356	22.4487600000016
0.0740000000000011	110.27361502367	24.1056100000019
0.0760000000000012	118.326754517133	25.9421900000022
0.0780000000000012	125.879881389768	27.9764900000026
0.0800000000000013	134.985065626864	31.8758400000031
0.0820000000000013	144.980089036711	37.0889800000037
0.0840000000000014	155.806281574739	43.0503400000044
0.0860000000000014	166.990108108912	49.8480300000053
0.0880000000000015	180.096709399674	57.5777100000062
0.0900000000000016	194.410539780913	66.3428400000073
0.0920000000000016	209.294993761474	76.2548700000085
0.0940000000000017	226.26206895465	87.4333300000099
0.0960000000000017	244.307326130401	100.005880000012
0.0980000000000018	264.495041668676	114.108180000013
0.100000000000002	286.40519054465	129.883650000015
0.102000000000002	309.349033048305	147.483060000018
0.104000000000002	333.998858655958	167.06393000002
0.106000000000002	361.270892670829	188.789670000023
0.108000000000002	391.420673694173	212.828530000026
0.110000000000002	423.132809864385	239.35222000003
0.112000000000002	458.238633049554	268.534200000033
0.114000000000002	495.463490774	300.547770000038
0.116000000000002	534.765012174293	335.563700000042
0.118000000000002	577.153482535706	373.747620000047
0.120000000000002	622.021613519456	415.257050000052
0.122000000000002	669.497931455924	460.238270000058
0.124000000000003	720.167092623053	508.822870000064
0.126000000000002	773.607914571513	561.124250000066
0.128000000000002	830.28116671463	617.234170000065
0.130000000000002	891.122400518094	677.219330000062
0.132000000000002	954.089222129872	741.118320000058
0.134000000000002	1019.34800423166	808.938970000055
0.136000000000001	1087.08405437282	880.656340000049
0.138000000000001	1159.69952831337	956.211390000044
0.140000000000001	1233.1687873505	1035.51059000004
0.142000000000001	1309.93065914169	1118.42644000003
0.144	1391.16606455042	1204.79895000002
0.146	1472.73841592988	1294.43807000001
0.148	1555.66748551708	1387.12701
0.1501	1645.55999255302	1487.47036999999
0.1521	1734.88193302949	1585.64264999998
0.154099999999999	1824.75716128057	1686.08250999997
0.156099999999999	1916.32245537727	1788.51024999996
0.158099999999999	2008.07404038339	1892.64300999994
0.160099999999999	2100.65093616717	1998.19932999993
0.162099999999998	2195.53762498397	2104.90338999992
0.164099999999998	2291.2155774075	2212.48858999991
0.166099999999998	2386.80456764855	2320.70055999989
0.168099999999998	2483.60601864995	2429.29954999988
0.170099999999998	2578.96109856239	2538.06212999987
0.172099999999997	2675.80146398643	2646.78230999986
0.174099999999997	2771.75065444112	2755.27217999985
0.176099999999997	2868.11588051891	2863.36197999983
0.178099999999997	2962.51853784979	2970.89986999982
0.180099999999996	3056.88499783074	3077.75132999981
0.182099999999996	3151.485120617	3183.7983799998
0.184099999999996	3245.50213171254	3288.93855999979
0.186099999999996	3339.11784729505	3393.08389999978
0.188099999999996	3431.90338218811	3496.15970999977
0.190099999999995	3523.60422288863	3598.10342999977
0.192099999999995	3615.11433210518	3698.86352999976
0.194099999999995	3706.49906031599	3798.39828999975
0.196099999999995	3795.87092674487	3896.67484999974
0.198099999999995	3883.21820474658	3993.66810999974
0.200099999999994	3969.3529613064	4089.35987999973
0.202099999999994	4055.43350027557	4183.73796999972
0.204099999999994	4140.83865043128	4276.79547999972
0.206099999999994	4224.92823714909	4368.53000999971
0.208099999999993	4308.21171587318	4458.9431399997
0.210099999999993	4389.9363688788	4548.0397599997
0.212099999999993	4470.14796627341	4635.82764999969
0.214099999999993	4549.7082709525	4722.31699999969
0.216099999999993	4629.60613722677	4807.52002999968
0.218099999999992	4708.99589953772	4891.45063999968
0.220099999999992	4785.18965490838	4974.12412999968
0.222099999999992	4859.6568171819	5055.55690999967
0.224099999999992	4934.98760317835	5135.76630999967
0.226099999999991	5008.65934073544	5214.77034999966
0.228099999999991	5080.04799581649	5292.58758999966
0.230099999999991	5151.6399739155	5369.23698999966
0.232099999999991	5222.93943875654	5444.73776999965
0.234099999999991	5294.45881862087	5519.10928999965
0.23609999999999	5364.69817294206	5592.37101999965
0.23809999999999	5433.54139031123	5664.54236999965
0.24009999999999	5500.03882908023	5735.64272999964
0.24209999999999	5567.51589503992	5805.69130999964
0.244099999999989	5632.19670426549	5874.70719999964
0.246099999999989	5696.57392701639	5942.70924999964
0.248099999999989	5760.84356797254	6009.71606999963
0.250099999999989	5821.95038212033	6075.74600999963
0.252099999999989	5885.18579685753	6140.81714999963
0.254099999999988	5946.47066648314	6204.94724999963
0.256099999999988	6007.39515975766	6268.15377999963
0.258099999999988	6067.81475724355	6330.45386999963
0.260099999999988	6127.36912264041	6391.86434999962
0.262099999999987	6184.54342175705	6452.40169999962
0.264099999999987	6242.51415897861	6512.08207999962
0.266099999999987	6299.76357212313	6570.92132999962
0.268099999999987	6356.46420839531	6628.93495999962
0.270099999999987	6410.84856360383	6686.13812999962
0.272099999999986	6465.85782643649	6742.54571999962
0.274099999999986	6519.60748806161	6798.17225999962
0.276099999999986	6572.3209226089	6853.03197999962
0.278099999999986	6623.59426308859	6907.13881999962
0.280099999999985	6675.73906291574	6960.50637999961
0.282099999999985	6726.72585160867	7013.14800999961
0.284099999999985	6777.78549498343	7065.07672999961
0.286099999999985	6828.08526567093	7116.30530999961
0.288099999999985	6877.6194748149	7166.84623999961
0.290099999999984	6926.42216080393	7216.71171999961
0.292099999999984	6975.67628250757	7265.91370999961
0.294099999999984	7023.37285814864	7314.46390999961
0.296099999999984	7070.93318616953	7362.37374999961
0.298099999999983	7118.42507125838	7409.65444999961
0.300099999999983	7164.80675555216	7456.31696999961
0.302099999999983	7209.68652150809	7502.37203999961
0.304099999999983	7255.51049416035	7547.83017999961
0.306099999999983	7300.00432611269	7592.70166999961
0.308099999999982	7342.66087010711	7636.99660999961
0.310099999999982	7385.40926652697	7680.72484999961
0.312099999999982	7428.50965589029	7723.89606999961
0.314099999999982	7470.11036323667	7766.51974999961
0.316099999999982	7512.36597131513	7808.60514999961
0.318099999999981	7553.85354994791	7850.16138999961
0.320099999999981	7595.21518895414	7891.19735999961
0.322099999999981	7635.56874968693	7931.72180999961
0.324099999999981	7675.76137867978	7971.74329999962
0.32609999999998	7716.32383606254	8011.27022999962
0.32809999999998	7755.36830235219	8050.31081999962
0.33009999999998	7794.17232511579	8088.87313999962
0.33209999999998	7833.19110125895	8126.96511999962
0.33409999999998	7871.46638818064	8164.59450999962
0.336099999999979	7909.577603024	8201.76892999962
0.338099999999979	7946.14288424755	8238.49584999962
0.340099999999979	7983.21119406161	8274.78260999962
0.342099999999979	8019.02537838567	8310.63637999962
0.344099999999978	8054.64514473449	8346.06422999962
0.346099999999978	8090.46998896169	8381.07308999962
0.348099999999978	8125.40035803831	8415.66974999962
0.350099999999978	8160.54740068641	8449.86087999962
0.352099999999978	8194.01549583662	8483.65302999962
0.354099999999977	8226.79811752101	8517.05263999962
0.356099999999977	8259.52332743503	8550.06601999962
0.358099999999977	8292.29994841067	8582.69935999963
0.360099999999977	8324.16519805008	8614.95875999963
0.362099999999976	8357.15071160177	8646.85017999963
0.364099999999976	8389.79632579127	8678.37949999963
0.366099999999976	8422.03613740166	8709.55248999963
0.368099999999976	8452.85641170096	8740.37479999963
0.370099999999976	8484.36873195175	8770.85199999963
0.372099999999975	8515.31301325561	8800.98955999963
0.374099999999975	8545.72662159967	8830.79283999963
0.376099999999975	8576.30767618187	8860.26711999963
0.378099999999975	8606.71839535606	8889.41756999963
0.380099999999974	8636.60604042653	8918.24929999963
0.382099999999974	8666.2781658211	8946.76728999964
0.384099999999974	8696.07909975096	8974.97647999963
0.386099999999974	8725.05566747933	9002.88167999964
0.388099999999974	8753.99881223925	9030.48764999964
0.390099999999973	8783.9949358386	9057.79904999964
0.392099999999973	8812.38291242523	9084.82046999964
0.394099999999973	8839.67068862024	9111.55640999964
0.396099999999973	8867.37656583684	9138.01129999964
0.398099999999972	8894.9461707907	9164.18949999964
0.400099999999972	8922.2515659498	9190.09528999964
0.402099999999972	8948.3005194021	9215.73286999964
0.404099999999972	8974.85573327975	9241.10636999964
0.406099999999972	9001.29105171174	9266.21986999965
0.408099999999971	9027.52543125497	9291.07735999965
0.410099999999971	9053.50606678494	9315.68275999965
0.412099999999971	9078.86066937544	9340.03993999965
0.414099999999971	9103.21853825727	9364.15269999965
0.41609999999997	9128.54664001126	9388.02475999965
0.41809999999997	9152.73490047671	9411.65979999965
0.42009999999997	9177.81129267436	9435.06142999965
0.42209999999997	9201.45824314198	9458.23319999965
0.42409999999997	9224.26795422657	9481.17857999965
0.426099999999969	9248.4871208485	9503.90101999965
0.428099999999969	9272.35129245585	9526.40388999966
0.430099999999969	9296.13946776408	9548.69049999966
0.432099999999969	9319.236636585	9570.76410999966
0.434099999999969	9342.21407768585	9592.62792999966
0.436099999999968	9365.19026670608	9614.28510999966
0.438099999999968	9388.15170816728	9635.73874999966
0.440099999999968	9410.26917273867	9656.99190999966
0.442099999999968	9432.26389821977	9678.04756999966
0.444099999999967	9454.68252623179	9698.90869999966
0.446099999999967	9476.68313499558	9719.57817999966
0.448099999999967	9499.18638944276	9740.05886999966
0.450099999999967	9521.00826689069	9760.35357999966
0.452099999999967	9542.64125730585	9780.46504999966
0.454099999999966	9564.06139182816	9800.39600999967
0.456099999999966	9584.66998711162	9820.14911999967
0.458099999999966	9605.41809804601	9839.72700999967
0.460099999999966	9626.32604290858	9859.13224999967
0.462099999999965	9647.092336339	9878.36737999967
0.464099999999965	9667.69197298276	9897.43489999967
0.466099999999965	9687.30838663305	9916.33725999967
0.468099999999965	9707.76187375905	9935.07687999967
0.470099999999965	9728.19871241626	9953.65612999967
0.472099999999964	9748.06880390332	9972.07733999967
0.474099999999964	9766.60525578128	9990.34280999967
0.476099999999964	9786.23794263375	10008.4548099997
0.478099999999964	9805.61202763356	10026.4155499997
0.480099999999963	9824.93679914173	10044.2272199997
0.482099999999963	9844.00617379689	10061.8919599997
0.484099999999963	9862.95934725933	10079.4118999997
0.486099999999963	9881.83908699035	10096.7891199997
0.488099999999963	9900.57478505547	10114.0256499997
0.490099999999962	9917.79750502531	10131.1235099997
0.492099999999962	9936.34886346917	10148.0846899997
0.494099999999962	9954.1752426703	10164.9111199997
0.496099999999962	9972.1014330381	10181.6047199997
0.498099999999961	9989.98164745908	10198.1673799997
0.500099999999961	10008.0633774582	10214.6009599997
0.502099999999961	10025.8515824426	10230.9072599997
0.504099999999961	10041.649823258	10247.0880899997
0.506099999999961	10059.1807037221	10263.1452099997
0.50809999999996	10076.5853469957	10279.0803599997
0.51009999999996	10092.5985524618	10294.8952399997
0.51209999999996	10109.7584582792	10310.5915399997
0.51409999999996	10126.7971723926	10326.1708999997
0.516099999999959	10143.7578734469	10341.6349499997
0.518099999999959	10159.3503119161	10356.9852899997
0.520099999999959	10176.0388826697	10372.2234899997
0.522099999999959	10191.9672120537	10387.3510999997
0.524099999999959	10208.4262681366	10402.3696499997
0.526099999999958	10225.1380676048	10417.2806299997
0.528099999999958	10241.376740309	10432.0855099997
0.530099999999958	10257.3317064287	10446.7857499997
0.532099999999958	10273.9216461475	10461.3827599997
0.534099999999958	10289.8530624924	10475.8779699997
0.536099999999957	10305.6636724237	10490.2727399997
0.538099999999957	10320.5849394759	10504.5684399997
0.540099999999957	10336.1885645998	10518.7663899997
0.542099999999957	10352.0068634211	10532.8679299997
0.544099999999956	10367.4107628725	10546.8743399997
0.546099999999956	10382.1165631685	10560.7868899997
0.548099999999956	10397.3229374048	10574.6068399997
0.550099999999956	10412.3669551107	10588.3354199997
0.552099999999956	10428.9515084857	10601.9738499997
0.554099999999955	10443.0107887538	10615.5233099997
0.556099999999955	10458.3106195955	10628.9849999997
0.558099999999955	10473.0538634149	10642.3600499997
0.560099999999955	10487.6050772169	10655.6495999997
0.562099999999954	10502.1672554844	10668.8547899997
0.564099999999954	10516.5920240317	10681.9766999997
0.566099999999954	10530.3492788354	10695.0164299997
0.568099999999954	10544.6475764388	10707.9750299997
0.570099999999954	10558.6869209848	10720.8535699997
0.572099999999953	10572.8143882016	10733.6530699997
0.574099999999953	10586.9496473268	10746.3745499997
0.576099999999953	10600.9140328454	10759.0190199997
0.578099999999953	10614.6642542873	10771.5874499997
0.580099999999952	10628.3013460445	10784.0808099997
0.582099999999952	10642.0352061181	10796.5000699997
0.584099999999952	10655.1532079035	10808.8461599997
0.586099999999952	10668.9752193941	10821.1199999997
0.588099999999952	10682.2917868518	10833.3225099997
0.590099999999951	10695.7052732036	10845.4545799997
0.592099999999951	10708.11241247	10857.5170799997
0.594099999999951	10721.3270473797	10869.5108999997
0.596099999999951	10734.5196058163	10881.4368899997
0.59809999999995	10747.6386091807	10893.2958699997
0.60009999999995	10760.6850425822	10905.0886899997
0.60209999999995	10773.5726045981	10916.8161599997
0.60409999999995	10786.4766598723	10928.4790799997
0.60609999999995	10799.3108787649	10940.0782299997
0.608099999999949	10812.0495672823	10951.6143999997
0.610099999999949	10824.6321140989	10963.0883599997
0.612099999999949	10837.0699185673	10974.5008499997
0.614099999999949	10849.6329161512	10985.8526199997
0.616099999999948	10862.1301806099	10997.1443899997
0.618099999999948	10874.2593708769	11008.3768999997
0.620099999999948	10886.6273949447	11019.5508299997
0.622099999999948	10898.9320346432	11030.6668999997
0.624099999999948	10909.9902597358	11041.7257899997
0.626099999999947	10922.2708583995	11052.7281699997
0.628099999999947	10934.3937219141	11063.6747199997
0.630099999999947	10946.4562288848	11074.5660699997
0.632099999999947	10957.9783132973	11085.4028899997
0.634099999999946	10969.288623603	11096.1857999997
0.636099999999946	10980.9490989919	11106.9154399997
0.638099999999946	10992.7766541698	11117.5924099997
0.640099999999946	11004.5472204035	11128.2173299997
0.642099999999946	11016.2606794326	11138.7907899997
0.644099999999945	11026.864335438	11149.3133799997
0.646099999999945	11038.4678277935	11159.7856799997
0.648099999999945	11050.016406295	11170.2082699997
0.650099999999945	11061.5107196166	11180.5816999997
0.652099999999945	11072.9514028015	11190.9065199997
0.654099999999944	11084.2835263871	11201.1832899997
0.656099999999944	11094.0319891042	11211.4125399997
0.658099999999944	11104.8455203878	11221.5947999997
0.660099999999944	11116.0791117505	11231.7305899997
0.662099999999943	11127.2615973305	11241.8204299997
0.664099999999943	11137.8523716498	11251.8648199997
0.666099999999943	11148.910300556	11261.8642599997
0.668099999999943	11159.9436650208	11271.8192299997
0.670099999999943	11169.8054939932	11281.7302399997
0.672099999999942	11179.9541620772	11291.5977399997
0.674099999999942	11190.3759432754	11301.4222099997
0.676099999999942	11201.2165722945	11311.2041199997
0.678099999999942	11212.0101713414	11320.9439099997
0.680099999999941	11222.7572729517	11330.6420399997
0.682099999999941	11233.3151521841	11340.2989499997
0.684099999999941	11243.1607109715	11349.9150799997
0.686099999999941	11253.6783510591	11359.4908499997
0.688099999999941	11264.243633974	11369.0266899997
0.69009999999994	11274.7647082658	11378.5230199997
0.69209999999994	11285.2444235839	11387.9802499997
0.69409999999994	11295.9667586996	11397.3987699997
0.69609999999994	11306.3585333061	11406.7789999997
0.698099999999939	11316.2868996988	11416.1213299997
0.700099999999939	11326.5938200993	11425.4261299997
0.702099999999939	11336.2688684467	11434.6937999997
0.704099999999939	11345.6560122104	11443.9247099997
0.706099999999939	11355.8386620811	11453.1192399997
0.708099999999938	11365.980694829	11462.2777399997
0.710099999999938	11376.0825630239	11471.4005899997
0.712099999999938	11385.9711273711	11480.4881299997
0.714099999999938	11395.9938578699	11489.5407099997
0.716099999999937	11405.9776825674	11498.5586899997
0.718099999999937	11415.9230211751	11507.5423999997
0.720099999999937	11425.8302846299	11516.4921699997
0.722099999999937	11435.637419742	11525.4083499997
0.724099999999937	11445.4698610119	11534.2912499997
0.726099999999936	11455.2655294314	11543.1411899997
0.728099999999936	11465.4675703789	11551.9585099997
0.730099999999936	11475.1960887856	11560.7434999997
0.732099999999936	11484.7719363961	11569.4964699997
0.734099999999935	11494.6116779963	11578.2177399997
0.736099999999935	11504.232615691	11586.9075999997
0.738099999999935	11513.4140724083	11595.5663399997
0.740099999999935	11522.9645549236	11604.1942599997
0.742099999999935	11532.4803829422	11612.7916399997
0.744099999999934	11541.4917465988	11621.3587799997
0.746099999999934	11550.9389434463	11629.8959399997
0.748099999999934	11560.3523571832	11638.4034099997
0.750099999999934	11569.7323323124	11646.8814599997
0.752099999999933	11579.3942993613	11655.3303599997
0.754099999999933	11588.710014104	11663.7503599997
0.756099999999933	11597.8805104696	11672.1417399997
0.758099999999933	11607.6081692342	11680.5047399997
0.760099999999933	11616.829187186	11688.8396399997
0.762099999999932	11625.4658617937	11697.1466599997
0.764099999999932	11634.622877251	11705.4260699997
0.766099999999932	11643.7484704157	11713.6781099997
0.768099999999932	11652.8429567329	11721.9030099997
0.770099999999932	11661.9066450677	11730.1010199997
0.772099999999931	11670.9398378696	11738.2723699997
0.774099999999931	11680.2595522053	11746.4172899997
0.776099999999931	11689.5192484362	11754.5360099997
0.778099999999931	11698.4650895721	11762.6287499997
0.78009999999993	11707.2144705686	11770.6957399997
0.78209999999993	11716.1018247876	11778.7371999997
0.78409999999993	11724.9599582704	11786.7533399997
0.78609999999993	11733.7878773312	11794.7443799997
0.78809999999993	11742.5321025695	11802.7105199997
0.790099999999929	11751.006614704	11810.6519899997
0.792099999999929	11759.7527896942	11818.5689699997
0.794099999999929	11768.4708156079	11826.4616799997
0.796099999999929	11777.1609639013	11834.3303099997
0.798099999999928	11786.2694246794	11842.1750599997
0.800099999999928	11794.9061051658	11849.9961399997
0.802099999999928	11803.5155358428	11857.7937199997
0.804099999999928	11811.8423732064	11865.5679999997
0.806099999999928	11820.6978985618	11873.3191699997
0.808099999999927	11829.2280658047	11881.0474099997
0.810099999999927	11837.7316927258	11888.7529099997
0.812099999999927	11846.2090337745	11896.4358499997
0.814099999999927	11854.6603380307	11904.0963999997
0.816099999999926	11863.0858493387	11911.7347499997
0.818099999999926	11871.4858064384	11919.3510599997
0.820099999999926	11879.8604430929	11926.9455099997
0.822099999999926	11889.035558588	11934.5182599997
0.824099999999926	11897.3615815996	11942.0694899997
0.826099999999925	11905.6628057479	11949.5993599997
0.828099999999925	11913.9394520048	11957.1080399997
0.830099999999925	11922.099838111	11964.5956799997
0.832099999999925	11929.5612614081	11972.0624399997
0.834099999999924	11937.7650177966	11979.5084899997
0.836099999999924	11945.7574051956	11986.9339799997
0.838099999999924	11953.915548873	11994.3390599997
0.840099999999924	11960.8416596684	12001.7238799997
0.842099999999924	11969.1914975918	12009.0885999997
0.844099999999923	11977.2811338952	12016.4333599997
0.846099999999923	11985.3477186153	12023.7583099997
0.848099999999923	11993.3345779466	12031.0635999997
0.850099999999923	12001.3556480853	12038.3493599997
0.852099999999922	12009.2118008934	12045.6157399997
0.854099999999922	12017.1881787827	12052.8628799997
0.856099999999922	12025.0315803405	12060.0909099997
0.858099999999922	12032.9638713803	12067.2999799997
0.860099999999922	12040.8743860171	12074.4902099997
0.862099999999921	12048.4821757359	12081.6617399997
0.864099999999921	12056.3499712668	12088.8147099997
0.866099999999921	12064.1963676971	12095.9492399997
0.868099999999921	12071.0151493096	12103.0654599997
0.87009999999992	12078.8490623644	12110.1634999997
0.87209999999992	12086.6611028386	12117.2434899997
0.87409999999992	12094.4514627042	12124.3055399997
0.87609999999992	12102.2203298365	12131.3497899997
0.87809999999992	12109.9678881229	12138.3763399997
0.880099999999919	12117.694317569	12145.3853399997
0.882099999999919	12125.2277617826	12152.3768799997
0.884099999999919	12132.1525833064	12159.3510899997
0.886099999999919	12139.3005714806	12166.3080899997
0.888099999999919	12146.9453722059	12173.2479899997
0.890099999999918	12154.5697593251	12180.1709099997
0.892099999999918	12161.5715484993	12187.0769499997
0.894099999999918	12168.8916225313	12193.9662199997
0.896099999999918	12176.4553881876	12200.8388499997
0.898099999999917	12183.9993031678	12207.6949299997
0.900099999999917	12191.5235290462	12214.5345799997
0.902099999999917	12199.028224031	12221.3578899997
0.904099999999917	12206.5135430513	12228.1649799997
0.906099999999917	12212.7856201825	12234.9559499997
0.908099999999916	12219.7177290817	12241.7308999997
0.910099999999916	12227.146120438	12248.4899399997
0.912099999999916	12234.5556146545	12255.2331599997
0.914099999999916	12241.2977870713	12261.9606599997
0.916099999999915	12248.3953620681	12268.6725499997
0.918099999999915	12255.5810522533	12275.3689199997
0.920099999999915	12262.9158443088	12282.0498599997
0.922099999999915	12270.2323665116	12288.7154799997
0.924099999999915	12277.8212410463	12295.3658599997
0.926099999999914	12284.872031682	12302.0010999997
0.928099999999914	12291.9948528099	12308.6212999997
0.930099999999914	12299.2404256539	12315.2265399997
0.932099999999914	12306.4682680918	12321.8169099997
0.934099999999913	12313.6785207864	12328.3925199997
0.936099999999913	12320.8713214347	12334.9534299997
0.938099999999913	12328.037598827	12341.4997399997
0.940099999999913	12335.1958647104	12348.0315499997
0.942099999999913	12342.3370307287	12354.5489299997
0.944099999999912	12348.8465336483	12361.0519699997
0.946099999999912	12355.8729998965	12367.5407499997
0.948099999999912	12362.9653382507	12374.0153599997
0.950099999999912	12369.5389179375	12380.4758799997
0.952099999999911	12376.3940301584	12386.9223999997
0.954099999999911	12383.4360395719	12393.3549899997
0.956099999999911	12390.4615756666	12399.7737299997
0.958099999999911	12397.4707668729	12406.1786999997
0.960099999999911	12404.4637388951	12412.5699899997
0.96209999999991	12411.4406147813	12418.9476699997
0.96409999999991	12418.1100732338	12425.3118199997
0.96609999999991	12425.0550320525	12431.6625099997
0.96809999999991	12431.9966154939	12437.9998199997
0.970099999999909	12438.933196391	12444.3238199997
0.972099999999909	12445.8044350522	12450.6345899997
0.974099999999909	12452.7092886751	12456.9322099997
0.976099999999909	12459.4538753487	12463.2167399997
0.978099999999909	12466.3298318652	12469.4882599997
0.980099999999908	12473.1804203365	12475.7468399997
0.982099999999908	12480.0213638494	12481.9925499997
0.984099999999908	12486.8469717686	12488.2254499997
0.986099999999908	12493.6573486556	12494.4456299997
0.988099999999908	12500.455717626	12500.6531499997
0.990099999999907	12507.249089344	12506.8480699997
0.992099999999907	12514.0272161238	12513.0304699997
0.994099999999907	12520.793968059	12519.2004099997
0.996099999999907	12527.0882885897	12525.3579599997
0.998099999999906	12534.0952570528	12531.5031899997
1.00009999999991	12540.8075812537	12537.6361499997
1.00209999999991	12547.5048267523	12543.7569099997
1.00409999999991	12554.0107433892	12549.8655499997
1.00609999999991	12560.4312232795	12555.9621099997
1.00809999999991	12566.9312950649	12562.0466699997
1.01009999999991	12573.5812440822	12568.1192899997
1.0120999999999	12580.2162146743	12574.1800199997
1.0140999999999	12586.8365059651	12580.2289299997
1.0160999999999	12593.4423027485	12586.2660899997
1.0180999999999	12600.0337097532	12592.2915399997
1.0200999999999	12606.6888030348	12598.3053599997
1.0220999999999	12612.883577063	12604.3075899997
1.0240999999999	12619.4374994507	12610.2983099997
1.0260999999999	12625.3507209113	12616.2775499997
1.0280999999999	12631.886450513	12622.2453999997
1.0300999999999	12638.4076978664	12628.2018899997
1.0320999999999	12644.929342118	12634.1470899997
1.0340999999999	12651.4543063264	12640.0810499997
1.0360999999999	12658.6678052178	12646.0038399997
1.0380999999999	12665.1866116521	12651.9154999997
1.0400999999999	12671.6227340794	12657.8160799997
1.0420999999999	12678.1320470363	12663.7056599997
1.0440999999999	12684.626001317	12669.5842699997
1.0460999999999	12691.1173761008	12675.4519699997
1.0480999999999	12697.599047897	12681.3088099997
1.0500999999999	12704.0656432647	12687.1548499997
1.0520999999999	12710.5173742652	12692.9901399997
1.0540999999999	12716.9542785609	12698.8147299997
1.0560999999999	12723.2457700954	12704.6286799997
1.0580999999999	12729.5687405845	12710.4320199997
1.0600999999999	12735.9733110048	12716.2248199997
1.0620999999999	12742.1096587648	12722.0071199997
1.0640999999999	12748.2768148943	12727.7789699997
1.0660999999999	12755.2155539902	12733.5404299997
1.0680999999999	12761.6192955173	12739.2915299997
1.0700999999999	12768.0283589427	12745.0323399997
1.0720999999999	12774.7615793087	12750.7628899997
1.0740999999999	12781.1276406092	12756.4832399997
1.0760999999999	12787.4786187174	12762.1934299997
1.0780999999999	12793.3834371395	12767.8935099997
1.0800999999999	12799.7046892442	12773.5835199997
1.0820999999999	12805.9034684367	12779.2635199997
1.0840999999999	12812.1972364338	12784.9335499997
1.0860999999999	12818.4803525092	12790.5936499997
1.0880999999999	12824.2881528845	12796.2438599997
1.0900999999999	12830.5359117689	12801.8842399997
1.0920999999999	12836.769556553	12807.5148299997
1.0940999999999	12842.9891992346	12813.1356799997
1.0960999999999	12849.1949496206	12818.7468099997
1.0980999999999	12855.3869153823	12824.3482899997
1.1000999999999	12861.5652021102	12829.9401499997
1.1020999999999	12867.729913366	12835.5224399997
1.10409999999989	12873.8811507344	12841.0951899997
1.10609999999989	12880.5827057183	12846.6584499997
1.10809999999989	12886.714140634	12852.2122699997
1.11009999999989	12891.8722612491	12857.7566799997
1.11209999999989	12897.9968730294	12863.2917199997
1.11409999999989	12904.1080037014	12868.8174499997
1.11609999999989	12910.0649385023	12874.3338799997
1.11809999999989	12916.1566413753	12879.8410799997
1.12009999999989	12922.2350160145	12885.3390699997
1.12209999999989	12927.7640441864	12890.8278999997
1.12409999999989	12933.8618934893	12896.3076099997
1.12609999999989	12939.7570528596	12901.7782299997
1.12809999999989	12945.8572734589	12907.2398099997
1.13009999999989	12951.9435383663	12912.6923799997
1.13209999999989	12958.0159527392	12918.1359799997
1.13409999999989	12964.0746199114	12923.5706499997
1.13609999999989	12970.1317457356	12928.9964299997
1.13809999999989	12976.8138545627	12934.4133599997
1.14009999999989	12982.8697780398	12939.8214699997
1.14209999999989	12988.7412497754	12945.2207899997
1.14409999999989	12995.0135086902	12950.6113799997
1.14609999999989	13001.01538504	12955.9932599997
1.14809999999989	13006.5870257926	12961.3664699997
1.15009999999989	13012.1945965534	12966.7310399997
1.15209999999989	13017.950139363	12972.0870199997
1.15409999999989	13023.961132023	12977.4344299997
1.15609999999989	13029.9586167393	12982.7733199997
1.15809999999989	13035.8811398353	12988.1037099997
1.16009999999989	13041.4884476696	12993.4256499997
1.16209999999989	13047.0207250237	12998.7391599997
1.16409999999989	13053.324020236	13004.0442899997
1.16609999999989	13058.9759464797	13009.3410599997
1.16809999999989	13064.8822732067	13014.6295099997
1.17009999999989	13070.7760643735	13019.9096699997
1.17209999999989	13076.6574915655	13025.1815799997
1.17409999999989	13082.5267559288	13030.4452699997
1.17609999999989	13088.3839368708	13035.7007799997
1.17809999999989	13094.2291117302	13040.9481299997
1.18009999999989	13099.9387378881	13046.1873499997
1.18209999999989	13105.823055071	13051.4184899997
1.18409999999989	13111.6946691055	13056.6415799997
1.18609999999989	13117.5536738809	13061.8566299997
1.18809999999989	13123.4001615557	13067.0636999997
1.19009999999989	13129.2342226025	13072.2627999997
1.19209999999989	13134.9394921003	13077.4539799997
1.19409999999988	13140.7581522297	13082.6372499997
1.19609999999988	13146.5644946046	13087.8126599997
1.19809999999988	13152.3586236252	13092.9802299997
1.20009999999988	13159.024112468	13098.1399899997
1.20209999999988	13164.813231974	13103.2919799997
1.20409999999988	13170.5898825987	13108.4362199997
1.20609999999988	13176.3208718287	13113.5727499997
1.20809999999988	13182.082512485	13118.7015899997
1.21009999999988	13187.8317253607	13123.8227699997
1.21209999999988	13193.7761890601	13128.9363199997
1.21409999999988	13199.5070802624	13134.0422799997
1.21609999999988	13205.4800953545	13139.1406699997
1.21809999999988	13211.1925052034	13144.2315199997
1.22009999999988	13216.8925701198	13149.3148599997
1.22209999999988	13222.5803823757	13154.3907199997
1.22409999999988	13228.2560325921	13159.4591199997
1.22609999999988	13233.4876207642	13164.5200899997
1.22809999999988	13239.162817317	13169.5736699997
1.23009999999988	13245.0029489301	13174.6198799997
1.23209999999988	13250.6861376708	13179.6587499997
1.23409999999988	13256.3662958366	13184.6902999997
1.23609999999988	13262.0500297666	13189.7145599997
1.23809999999988	13267.7281116574	13194.7315599997
1.24009999999988	13274.1206779935	13199.7413299997
1.24209999999988	13279.3069354779	13204.7438999997
1.24409999999988	13284.9593817016	13209.7392799997
1.24609999999988	13290.600739116	13214.7275099997
1.24809999999988	13296.2293288135	13219.7086199997
1.25009999999988	13301.8452489516	13224.6826199997
1.25209999999988	13307.9532562402	13229.6495499997
1.25409999999988	13313.6320255127	13234.6094399997
1.25609999999988	13319.3006900104	13239.5622999997
1.25809999999988	13324.9560868296	13244.5081599997
1.26009999999988	13330.1695888599	13249.4470499997
1.26209999999988	13335.703853394	13254.3789899997
1.26409999999988	13342.4820472945	13259.3040199997
1.26609999999988	13347.6233533432	13264.2221499997
1.26809999999988	13353.2767788282	13269.1333999997
1.27009999999988	13358.4404265466	13274.0378099997
1.27209999999988	13364.163527998	13278.9353999997
1.27409999999988	13369.8723687055	13283.8261899997
1.27609999999988	13375.5671339777	13288.7102099997
1.27809999999988	13381.2479976112	13293.5874799997
1.28009999999988	13386.9150802884	13298.4580299997
1.28209999999988	13392.5684944569	13303.3218799997
1.28409999999988	13398.2083507327	13308.1790499997
1.28609999999987	13403.8347579429	13313.0295599997
1.28809999999987	13409.4478231663	13317.8734499997
1.29009999999987	13415.0476517737	13322.7107299997
1.29209999999987	13420.6343474661	13327.5414199997
1.29409999999987	13426.2080123128	13332.3655599997
1.29609999999987	13431.7687467878	13337.1831599997
1.29809999999987	13437.316649805	13341.9942499997
1.30009999999987	13442.6603098927	13346.7988399997
1.30209999999987	13448.2429676585	13351.5969699997
1.30409999999987	13453.8152659354	13356.3886499997
1.30609999999987	13459.4825954188	13361.1739099997
1.30809999999987	13465.0772601884	13365.9527599997
1.31009999999987	13470.6588517541	13370.7252399997
1.31209999999987	13477.6003434792	13375.4913599997
1.31409999999987	13483.1724501368	13380.2511399997
1.31609999999987	13488.7315121843	13385.0046099997
1.31809999999987	13494.2776296786	13389.7517899997
1.32009999999987	13499.810901154	13394.4926999997
1.32209999999987	13505.2188874018	13399.2273599997
1.32409999999987	13510.7460908297	13403.9557899997
1.32609999999987	13516.6408474262	13408.6780099997
1.32809999999987	13521.8655038908	13413.3940499997
1.33009999999987	13527.358899858	13418.1039299997
1.33209999999987	13532.8397912138	13422.8076599997
1.33409999999987	13540.1472632919	13427.5052699997
1.33609999999987	13545.5537768791	13432.1967699997
1.33809999999987	13551.4021842974	13436.8821999997
1.34009999999987	13556.8897031859	13441.5615599997
1.34209999999987	13563.367966429	13446.2348799997
1.34409999999987	13568.7293328206	13450.9021899997
1.34609999999987	13574.1079838115	13455.5634899997
1.34809999999987	13579.6158777339	13460.2188099997
1.35009999999987	13585.10898806	13464.8681699997
1.35209999999987	13590.4857546857	13469.5115899997
1.35409999999987	13595.9744200703	13474.1490899997
1.35609999999987	13601.8575559611	13478.7806899997
1.35809999999987	13607.7474342574	13483.4063999997
1.36009999999987	13613.6853713905	13488.0262499997
1.36209999999987	13619.022795163	13492.6402599997
1.36409999999987	13624.4568206909	13497.2484499997
1.36609999999987	13629.7853798453	13501.8508299997
1.36809999999987	13635.0056473145	13506.4474199997
1.37009999999987	13640.3598746093	13511.0382499997
1.37209999999987	13645.7781453939	13515.6233299997
1.37409999999987	13651.1528945915	13520.2026699997
1.37609999999986	13656.5440937594	13524.7763099997
1.37809999999986	13661.8944630946	13529.3442599997
1.38009999999986	13667.2953772148	13533.9065299997
1.38209999999986	13672.218883548	13538.4631399997
1.38409999999986	13677.5107646779	13543.0141199997
1.38609999999986	13682.8852399165	13547.5594699997
1.38809999999986	13689.3688894008	13552.0992299997
1.39009999999986	13694.5251537492	13556.6333999997
1.39209999999986	13699.3611595273	13561.1620099997
1.39409999999986	13702.5987246738	13565.6850699997
1.39609999999986	13708.2489033731	13570.2025999997
1.39809999999986	13713.7444133573	13574.7146199997
1.40009999999986	13719.3219596649	13579.2211399997
1.40209999999986	13724.8168833044	13583.7221899997
1.40409999999986	13730.4095092458	13588.2177699997
1.40609999999986	13735.9784380336	13592.7079099997
1.40809999999986	13741.4833826048	13597.1926299997
1.41009999999986	13747.1170092735	13601.6719399997
1.41209999999986	13752.6257412435	13606.1458499997
1.41409999999986	13756.5189163862	13610.6143899997
1.41609999999986	13762.1899207974	13615.0775799997
1.41809999999986	13769.1150319144	13619.5354199997
1.42009999999986	13774.6216117204	13623.9879399997
1.42209999999986	13780.2915328887	13628.4351499997
1.42409999999986	13785.8180620376	13632.8770699997
1.42609999999986	13791.359152562	13637.3137199997
1.42809999999986	13796.9837726504	13641.7451099997
1.43009999999986	13802.4754473316	13646.1712499997
1.43209999999986	13808.058347213	13650.5921699997
1.43409999999986	13814.3446654608	13655.0078799997
1.43609999999986	13819.335254075	13659.4183999997
1.43809999999986	13824.8748304858	13663.8237399997
1.44009999999986	13830.4611964098	13668.2239199997
1.44209999999986	13836.0723607891	13672.6189499997
1.44409999999986	13841.6038544396	13677.0088499997
1.44609999999986	13847.131582764	13681.3936399997
1.44809999999986	13852.6553235747	13685.7733199997
1.45009999999986	13858.2461765808	13690.1479299997
1.45209999999986	13863.8121350059	13694.5174699997
1.45409999999986	13869.3285960906	13698.8819499997
1.45609999999986	13874.3277739647	13703.2413999997
1.45809999999986	13879.8659248048	13707.5958299997
1.46009999999986	13885.4013709562	13711.9452499997
1.46209999999986	13890.9570193154	13716.2896799997
1.46409999999986	13896.2121492017	13720.6291299997
1.46609999999985	13901.7625511519	13724.9636199997
1.46809999999985	13907.2987418074	13729.2931699997
1.47009999999985	13912.8398368944	13733.6177799997
1.47209999999985	13916.5213183076	13737.9374799997
1.47409999999985	13922.0579939777	13742.2522699997
1.47609999999985	13927.5914254073	13746.5621699997
1.47809999999985	13932.4996086407	13750.8672099997
1.48009999999985	13937.9504826854	13755.1673799997
1.48209999999985	13943.5072796987	13759.4627099997
1.48409999999985	13949.0388219864	13763.7532099997
1.48609999999985	13954.4599842346	13768.0388999997
1.48809999999985	13960.026103179	13772.3197799997
1.49009999999985	13965.4284711128	13776.5958799997
1.49209999999985	13971.001255197	13780.8672099997
1.49409999999985	13977.0520447309	13785.1337699997
1.49609999999985	13982.6579865872	13789.3955899997
1.49809999999985	13988.1501314161	13793.6526799997
1.50009999999985	13993.7575419778	13797.9050499997
1.50209999999985	13999.368320544	13802.1527199997
1.50409999999985	14005.0281084243	13806.3956999997
1.50609999999985	14010.7094213455	13810.6340099997
1.50809999999985	14016.3367552639	13814.8676499997
1.51009999999985	14021.9481272078	13819.0966399997
1.51209999999985	14027.5438616526	13823.3209999997
1.51409999999985	14033.1365242291	13827.5407399997
1.51609999999985	14039.1057502979	13831.7558599997
1.51809999999985	14044.7449706244	13835.9663999997
1.52009999999985	14050.3791155566	13840.1723499997
1.52209999999985	14056.0116928977	13844.3737299997
1.52409999999985	14061.6420052594	13848.5705599997
1.52609999999985	14067.297513217	13852.7628399997
1.52809999999985	14072.949609497	13856.9505999997
1.53009999999985	14078.5981753088	13861.1338299997
1.53209999999985	14084.2429657303	13865.3125699997
1.53409999999985	14089.6593386951	13869.4868099997
1.53609999999985	14095.2950658987	13873.6565799997
1.53809999999985	14101.3723695037	13877.8218799997
1.54009999999985	14107.0223014332	13881.9827299997
1.54209999999985	14112.6354831522	13886.1391399997
1.54409999999985	14118.2710183479	13890.2911199997
1.54609999999985	14123.8851178564	13894.4386899997
1.54809999999985	14129.5162853624	13898.5818499997
1.55009999999985	14134.6599285262	13902.7206299997
1.55209999999985	14140.1621283234	13906.8550299997
1.55409999999985	14145.7972234223	13910.9850599997
1.55609999999985	14150.8896222161	13915.1107399997
1.55809999999984	14156.5877355885	13919.2320799997
1.56009999999984	14162.2892917817	13923.3490899997
1.56209999999984	14167.9613763017	13927.4617799997
1.56409999999984	14173.3503786425	13931.5701699997
1.56609999999984	14178.8525309052	13935.6742699997
1.56809999999984	14184.5639049153	13939.7740899997
1.57009999999984	14190.2842695339	13943.8696399997
1.57209999999984	14196.0019567055	13947.9609299997
1.57409999999984	14201.7159461548	13952.0479799997
1.57609999999984	14207.4288850395	13956.1307899997
1.57809999999984	14213.1399735298	13960.2093799997
1.58009999999984	14218.8489615171	13964.2837699997
1.58209999999984	14224.5636645778	13968.3539499997
1.58409999999984	14230.5156344719	13972.4199499997
1.58609999999984	14236.2568465604	13976.4817699997
1.58809999999984	14241.9937920401	13980.5394299997
1.59009999999984	14247.7299062762	13984.5929399997
1.59209999999984	14253.4625872146	13988.6422999997
1.59409999999984	14259.0400323311	13992.6875399997
1.59609999999984	14264.7548955584	13996.7286599997
1.59809999999984	14271.5336384659	14000.7656699997
1.60009999999984	14277.255953011	14004.7985899997
1.60209999999984	14282.6670765632	14008.8274199997
1.60409999999984	14288.4331476837	14012.8521799997
1.60609999999984	14294.1970540817	14016.8728699997
1.60809999999984	14299.9321606914	14020.8895199997
1.61009999999984	14305.7215827113	14024.9021199997
1.61209999999984	14311.5077789416	14028.9106899997
1.61409999999984	14317.2588154536	14032.9152499997
1.61609999999984	14323.6811766198	14036.9157899997
1.61809999999984	14329.0263680327	14040.9123399997
1.62009999999984	14334.8649196661	14044.9048999997
1.62209999999984	14340.6402722621	14048.8934899997
1.62409999999984	14346.415778133	14052.8781099997
1.62609999999984	14352.1916111405	14056.8587799997
1.62809999999984	14358.0272151224	14060.8354999997
1.63009999999984	14363.859370783	14064.8082899997
1.63209999999984	14370.7301576363	14068.7771499997
1.63409999999984	14377.4167356108	14072.7421099997
1.63609999999984	14383.2321546571	14076.7031599997
1.63809999999984	14389.0127898522	14080.6603199997
1.64009999999984	14394.4612371942	14084.6135899997
1.64209999999984	14400.3865589906	14088.5629999997
1.64409999999984	14405.8219780852	14092.5085399997
1.64609999999984	14411.750456465	14096.4502399997
1.64809999999983	14417.608328204	14100.3880899997
1.65009999999983	14423.4329667045	14104.3221099997
1.65209999999983	14429.2903440693	14108.2523199997
1.65409999999983	14435.2088028712	14112.1787099997
1.65609999999983	14441.1181361805	14116.1012999997
1.65809999999983	14447.2631781855	14120.0200999997
1.66009999999983	14453.0901169329	14123.9351199997
1.66209999999983	14458.9514186961	14127.8463599997
1.66409999999983	14464.603606403	14131.7538499997
1.66609999999983	14471.0322956575	14135.6575899997
1.66809999999983	14476.9389677711	14139.5575799997
1.67009999999983	14482.8426323438	14143.4538399997
1.67209999999983	14488.742918532	14147.3463799997
1.67409999999983	14494.5681578501	14151.2352099997
1.67609999999983	14500.4442268614	14155.1203299997
1.67809999999983	14506.2858789385	14159.0017699997
1.68009999999983	14512.128141899	14162.8795099997
1.68209999999983	14517.97064311	14166.7535899997
1.68409999999983	14525.210670247	14170.6239899997
1.68609999999983	14530.964757802	14174.4907499997
1.68809999999983	14536.8422023843	14178.3538499997
1.69009999999983	14542.6616561928	14182.2133199997
1.69209999999983	14548.5756110309	14186.0691599997
1.69409999999983	14554.4563172496	14189.9213899997
1.69609999999983	14560.365469115	14193.7699999997
1.69809999999983	14566.046371075	14197.6150199997
1.70009999999983	14571.9279044734	14201.4564399997
1.70209999999983	14577.7777036492	14205.2942799997
1.70409999999983	14583.6277185872	14209.1285499997
1.70609999999983	14589.4776214616	14212.9592599997
1.70809999999983	14595.3545279252	14216.7864099997
1.71009999999983	14601.2564757489	14220.6100199997
1.71209999999983	14607.1555162181	14224.4300899997
1.71409999999983	14612.2956709147	14228.2466399997
1.71609999999983	14618.2071595969	14232.0596599997
1.71809999999983	14623.7715853448	14235.8691799997
1.72009999999983	14629.6820439314	14239.6751899997
1.72209999999983	14635.5216148972	14243.4777099997
1.72409999999983	14641.4304147632	14247.2767499997
1.72609999999983	14647.1514944289	14251.0723199997
1.72809999999983	14653.005460641	14254.8644199997
1.73009999999983	14658.817041367	14258.6530599997
1.73209999999983	14664.754997007	14262.4382499997
1.73409999999983	14670.6358850795	14266.2199999997
1.73609999999983	14676.4928924052	14269.9983199997
1.73809999999983	14682.2906219824	14273.7732199997
1.74009999999982	14688.1742170323	14277.5446999997
1.74209999999982	14694.0495251442	14281.3127799997
1.74409999999982	14699.8491385318	14285.0774599997
1.74609999999982	14705.7093664793	14288.8387499997
1.74809999999982	14711.5723026811	14292.5966599997
1.75009999999982	14717.0316920029	14296.3511999997
1.75209999999982	14722.9677375671	14300.1023699997
1.75409999999982	14728.7976837182	14303.8501899997
1.75609999999982	14734.4446456386	14307.5946599997
1.75809999999982	14740.3673233828	14311.3357899997
1.76009999999982	14746.2083071793	14315.0735899997
1.76209999999982	14751.918982367	14318.8080599997
1.76409999999982	14757.5700874642	14322.5392199997
1.76609999999982	14762.1812345551	14326.2670799997
1.76809999999982	14768.561702853	14329.9916299997
1.77009999999982	14774.604583505	14333.7128999997
1.77209999999982	14780.2980525399	14337.4308799997
1.77409999999982	14786.2476368285	14341.1455899997
1.77609999999982	14792.2982325611	14344.8570299997
1.77809999999982	14798.3726229357	14348.5652099997
1.78009999999982	14804.3333752874	14352.2701399997
1.78209999999982	14810.3573357384	14355.9718299997
1.78409999999982	14816.4393400438	14359.6702799997
1.78609999999982	14822.4262879663	14363.3654999997
1.78809999999982	14828.3883214128	14367.0575099997
1.79009999999982	14834.4497849045	14370.7462999997
1.79209999999982	14840.5433688322	14374.4318899997
1.79409999999982	14846.5107171089	14378.1142799997
1.79609999999982	14852.8103939901	14381.7934899997
1.79809999999982	14858.8905859388	14385.4695099997
1.80009999999982	14864.9227942672	14389.1423599997
1.80209999999982	14870.8946677029	14392.8120399997
1.80409999999982	14876.4935210499	14396.4785699997
1.80609999999982	14882.5638256281	14400.1419399997
1.80809999999982	14888.6301831455	14403.8021699997
1.81009999999982	14894.6126525807	14407.4592599997
1.81209999999982	14898.7116170714	14411.1132299997
1.81409999999982	14904.7735362487	14414.7640699997
1.81609999999982	14910.8052071433	14418.4117999997
1.81809999999982	14916.7882167976	14422.0564299997
1.82009999999982	14922.7513797985	14425.6979499997
1.82209999999982	14928.8350631336	14429.3363899997
1.82409999999982	14934.8281788573	14432.9717399997
1.82609999999982	14941.4279995805	14436.6040099997
1.82809999999982	14947.4443484519	14440.2332099997
1.83009999999981	14953.5460579271	14443.8593499997
1.83209999999981	14959.6180215836	14447.4824399997
1.83409999999981	14965.6336647661	14451.1024699997
1.83609999999981	14971.629584393	14454.7194699997
1.83809999999981	14977.6769101475	14458.3334299997
1.84009999999981	14984.5956915225	14461.9443699997
1.84209999999981	14990.598588214	14465.5522799997
1.84409999999981	14996.6163460267	14469.1571799997
1.84609999999981	15002.647116994	14472.7590799997
1.84809999999981	15008.6899149336	14476.3579799997
1.85009999999981	15014.531745756	14479.9538899997
1.85209999999981	15020.076272291	14483.5468099997
1.85409999999981	15026.0731684062	14487.1367499997
1.85609999999981	15032.1291457052	14490.7237199997
1.85809999999981	15038.2553898829	14494.3077299997
1.86009999999981	15044.3799233828	14497.8887799997
1.86209999999981	15050.9270369194	14501.4668899997
1.86409999999981	15056.9793984769	14505.0420399997
1.86609999999981	15062.5988778252	14508.6142599997
1.86809999999981	15068.6929232708	14512.1835499997
1.87009999999981	15074.763540811	14515.7499199997
1.87209999999981	15080.5022656448	14519.3133699997
1.87409999999981	15086.6778236997	14522.8739099997
1.87609999999981	15092.5426556302	14526.4315499997
1.87809999999981	15098.6483361925	14529.9862899997
1.88009999999981	15104.7569061301	14533.5381399997
1.88209999999981	15110.7228572147	14537.0871099997
1.88409999999981	15116.8704708169	14540.6331999997
1.88609999999981	15123.0749280626	14544.1764199997
1.88809999999981	15129.2523579425	14547.7167799997
1.89009999999981	15135.801899387	14551.2542799997
1.89209999999981	15142.0292641819	14554.7889299997
1.89409999999981	15147.9300059778	14558.3207299997
1.89609999999981	15153.8517269558	14561.8496999997
1.89809999999981	15159.5441930958	14565.3758299997
1.90009999999981	15165.7459826084	14568.8991399997
1.90209999999981	15171.9561905429	14572.4196299997
1.90409999999981	15178.0499291521	14575.9373099997
1.90609999999981	15184.2260537215	14579.4521899997
1.90809999999981	15190.4036491092	14582.9642599997
1.91009999999981	15196.5822175511	14586.4735399997
1.91209999999981	15202.7611784109	14589.9800399997
1.91409999999981	15209.0434653794	14593.4837499997
1.91609999999981	15215.2486331903	14596.9846899997
1.91809999999981	15221.4555625579	14600.4828599997
1.9200999999998	15227.6627375413	14603.9782699997
1.9220999999998	15233.5596728962	14607.4709199997
1.9240999999998	15239.861762377	14610.9608199997
1.9260999999998	15246.1161164208	14614.4479799997
1.9280999999998	15252.3390020042	14617.9323999997
1.9300999999998	15258.5634985219	14621.4140899997
1.9320999999998	15264.7891235285	14624.8930599997
1.9340999999998	15271.0154159589	14628.3692999997
1.9360999999998	15277.2203288	14631.8428299997
1.9380999999998	15283.4221319883	14635.3136599997
1.9400999999998	15289.9755041426	14638.7817799997
1.9420999999998	15296.2412020902	14642.2472099997
1.9440999999998	15302.4512601134	14645.7099399997
1.9460999999998	15308.5444224844	14649.1699999997
1.9480999999998	15314.6285289619	14652.6273799997
1.9500999999998	15320.4481331483	14656.0820799997
1.9520999999998	15326.603445333	14659.5341199997
1.9540999999998	15332.8141024136	14662.9834999997
1.9560999999998	15339.5836084206	14666.4302299997
1.9580999999998	15345.8958558507	14669.8742999997
1.9600999999998	15352.2152537109	14673.3157399997
1.9620999999998	15358.5287940252	14676.7545399997
1.9640999999998	15364.8639838124	14680.1906999997
1.9660999999998	15371.1342407941	14683.6242499997
1.9680999999998	15377.436656051	14687.0551699997
1.9700999999998	15383.6417984744	14690.4834799997
1.9720999999998	15389.9226386884	14693.9091799997
1.9740999999998	15396.2795244712	14697.3322799997
1.9760999999998	15402.6375493831	14700.7527799997
1.9780999999998	15408.9983354364	14704.1706899997
1.9800999999998	15415.6608988288	14707.5860099997
1.9820999999998	15421.9206517251	14710.9987599997
1.9840999999998	15428.3439519302	14714.4089299997
1.9860999999998	15434.7057631439	14717.8165299997
1.9880999999998	15441.0817731793	14721.2215699997
1.9900999999998	15447.3597606471	14724.6240499997
1.9920999999998	15453.6340315407	14728.0239799997
1.9940999999998	15459.9822610454	14731.4213599997
1.9960999999998	15466.3631828837	14734.8161999997
1.9980999999998	15472.6546262991	14738.2084999997
