t	La
0	0	0
0.002	0	0
0.0041	0.0203506529816253	0.03481
0.006	0.0205922022534677	0.03481
0.00800000000000001	0.0210304398758016	0.03482
0.0101	0.0216982330470693	0.03483
0.0121	0.0225359603412444	0.03485
0.0141	0.023573951095756	0.03488
0.0161	0.0248151744989626	0.03493
0.0180999999999999	0.0262237799183652	0.03498
0.0200999999999999	0.027746944781026	0.03506
0.0220999999999999	0.0293680095816592	0.03515
0.0240999999999999	0.031072596778569	0.03527
0.0260999999999999	0.0328485012816786	0.03542
0.0280999999999999	0.034685467642301	0.0356
0.0300999999999999	0.036574927461554	0.0358
0.0320999999999999	0.0385097391041383	0.03605
0.0341	0.0404839505591731	0.03634
0.036	0.042391410670747	0.03663
0.0380000000000001	0.0444289007109479	0.037
0.0400000000000001	0.0464933312736525	0.03743
0.0420000000000002	0.0485817316021539	0.0379100000000001
0.0440000000000002	0.0506915859729722	0.0384500000000001
0.0460000000000003	0.0528207543376285	0.0390500000000002
0.0480000000000003	0.0549674078056421	0.0397200000000002
0.0500000000000004	0.0571299761508781	0.0404600000000003
0.0520000000000005	0.0593071050201066	0.0412800000000004
0.0540000000000005	0.0614976209586448	0.0421900000000005
0.0560000000000006	0.0637005027350035	0.0431800000000006
0.0580000000000006	0.065914857747853	0.0442600000000007
0.0600000000000007	0.0681399025423476	0.0454300000000009
0.0620000000000007	0.0703749466581089	0.046710000000001
0.0640000000000008	0.072619379186754	0.0481000000000011
0.0660000000000009	0.0748726575404795	0.0495900000000014
0.0680000000000009	0.0771342980313462	0.0512100000000016
0.070000000000001	0.0794038679388365	0.0529500000000017
0.072000000000001	0.0816809788052177	0.054810000000002
0.0740000000000011	0.084959922142346	0.0568100000000023
0.0760000000000012	0.0911350400226081	0.0589500000000025
0.0780000000000012	0.0971951126160781	0.0612400000000028
0.0800000000000013	0.103172400018668	0.0658800000000032
0.0820000000000013	0.109092682449449	0.0710800000000034
0.0840000000000014	0.114977124730862	0.076600000000004
0.0860000000000014	0.120843517109477	0.0824700000000043
0.0880000000000015	0.126707129714272	0.0886900000000048
0.0900000000000016	0.132581318242229	0.0952700000000053
0.0920000000000016	0.138477964145154	0.102240000000006
0.0940000000000017	0.144407801589451	0.109590000000006
0.0960000000000017	0.150380665046935	0.117360000000007
0.0980000000000018	0.156405680055592	0.125540000000007
0.100000000000002	0.162491412518147	0.134160000000008
0.102000000000002	0.168645987239758	0.143220000000009
0.104000000000002	0.174877183293237	0.15275000000001
0.106000000000002	0.181192511673908	0.16275000000001
0.108000000000002	0.187599279219565	0.173250000000011
0.110000000000002	0.194104641713033	0.184250000000012
0.112000000000002	0.200715648345064	0.195770000000013
0.114000000000002	0.2075050888508	0.207830000000014
0.116000000000002	0.214602598594871	0.220440000000015
0.118000000000002	0.222019642295729	0.233620000000016
0.120000000000002	0.229765158652723	0.247390000000017
0.122000000000002	0.237848198886812	0.261750000000018
0.124000000000003	0.246277926964486	0.276730000000019
0.126000000000002	0.25506361983019	0.292340000000019
0.128000000000002	0.264214667646863	0.308600000000018
0.130000000000002	0.273740574044281	0.325520000000017
0.132000000000002	0.283650956374867	0.343130000000016
0.134000000000002	0.293955545976682	0.361440000000015
0.136000000000001	0.304664188443298	0.380470000000013
0.138000000000001	0.315786843900309	0.400230000000011
0.140000000000001	0.327333587288195	0.420750000000009
0.142000000000001	0.339314608651336	0.442040000000008
0.144	0.351740213432925	0.464120000000005
0.146	0.364620822775565	0.487010000000003
0.148	0.37796697382736	0.51072
0.1501	0.392493130178842	0.536529999999997
0.1521	0.406827074752441	0.561999999999994
0.154099999999999	0.421659419080142	0.588359999999991
0.156099999999999	0.437001173368626	0.615619999999988
0.158099999999999	0.452863465452867	0.643799999999985
0.160099999999999	0.469257541131522	0.67292999999998
0.162099999999998	0.486194764506572	0.703029999999977
0.164099999999998	0.503686618327091	0.734109999999973
0.166099999999998	0.521744704336984	0.766189999999968
0.168099999999998	0.540380743626554	0.799309999999963
0.170099999999998	0.559606576987762	0.833469999999958
0.172099999999997	0.579434165273047	0.868699999999953
0.174099999999997	0.599875589757571	0.905019999999947
0.176099999999997	0.62094305250475	0.942459999999942
0.178099999999997	0.642648876734949	0.981019999999936
0.180099999999996	0.665005507197205	1.02074999999993
0.182099999999996	0.688025510543839	1.06164999999992
0.184099999999996	0.711721575707844	1.10375999999992
0.186099999999996	0.7361065142829	1.14708999999991
0.188099999999996	0.761193260905883	1.1916599999999
0.190099999999995	0.786994873641729	1.23750999999989
0.192099999999995	0.813524534370516	1.28464999999988
0.194099999999995	0.840795549176612	1.33309999999988
0.196099999999995	0.868821348739754	1.38289999999987
0.198099999999995	0.897615488727887	1.43405999999986
0.200099999999994	0.927191650191605	1.48661999999985
0.202099999999994	0.957563639960034	1.54057999999984
0.204099999999994	0.98874539103798	1.59598999999983
0.206099999999994	1.02075096300416	1.65285999999982
0.208099999999993	1.05359454241033	1.7112199999998
0.210099999999993	1.08729044318107	1.77108999999979
0.212099999999993	1.12185310701411	1.83249999999978
0.214099999999993	1.15729710378083	1.89547999999977
0.216099999999993	1.19363713192685	1.96004999999976
0.218099999999992	1.23088801887234	2.02623999999974
0.220099999999992	1.26906472141185	2.09406999999973
0.222099999999992	1.30818232611337	2.16357999999971
0.224099999999992	1.34825604971627	2.2347799999997
0.226099999999991	1.38930123952792	2.30770999999968
0.228099999999991	1.43133337381847	2.38239999999967
0.230099999999991	1.47436806221369	2.45885999999965
0.232099999999991	1.51842104608514	2.53712999999964
0.234099999999991	1.56350819893767	2.61723999999962
0.23609999999999	1.6096455267934	2.6992199999996
0.23809999999999	1.65684916857213	2.78308999999958
0.24009999999999	1.70513539646727	2.86888999999956
0.24209999999999	1.75452061631716	2.95662999999954
0.244099999999989	1.80502136797095	3.04635999999952
0.246099999999989	1.85665432564854	3.1380999999995
0.248099999999989	1.90943629829394	3.23187999999948
0.250099999999989	1.96338422992142	3.32772999999946
0.252099999999989	2.01851519995362	3.42567999999944
0.254099999999988	2.07484642355099	3.52576999999941
0.256099999999988	2.13239525193164	3.62800999999939
0.258099999999988	2.19117917268075	3.73244999999936
0.260099999999988	2.25121581004871	3.83911999999934
0.262099999999987	2.3125229252368	3.94803999999931
0.264099999999987	2.3751184166697	4.05923999999928
0.266099999999987	2.43902032025329	4.17276999999926
0.268099999999987	2.504246809617	4.28864999999923
0.270099999999987	2.57081619633904	4.4069199999992
0.272099999999986	2.63874693015358	4.52759999999916
0.274099999999986	2.7080575991381	4.65072999999914
0.276099999999986	2.77876692987964	4.77633999999911
0.278099999999986	2.85089378761828	4.90446999999907
0.280099999999985	2.92445717636617	5.03513999999904
0.282099999999985	2.99947623900025	5.16839999999901
0.284099999999985	3.07597025732686	5.30427999999897
0.286099999999985	3.15395865211614	5.44280999999894
0.288099999999985	3.23346098310415	5.5840199999989
0.290099999999984	3.31449694896033	5.72794999999886
0.292099999999984	3.39708638721805	5.87463999999883
0.294099999999984	3.48124927416556	6.02411999999879
0.296099999999984	3.56700572469481	6.17641999999875
0.298099999999983	3.65437599210516	6.33158999999871
0.300099999999983	3.74338046785899	6.48963999999867
0.302099999999983	3.83403968128618	6.65062999999862
0.304099999999983	3.92637429923388	6.81458999999858
0.306099999999983	4.0204051256582	6.98154999999854
0.308099999999982	4.11615310115401	7.15154999999849
0.310099999999982	4.21363930241884	7.32462999999845
0.312099999999982	4.31288494164685	7.5008199999984
0.314099999999982	4.41391136584835	7.68015999999835
0.316099999999982	4.51674005609028	7.8626899999983
0.318099999999981	4.62139262665273	8.04843999999825
0.320099999999981	4.72789082409648	8.23744999999819
0.322099999999981	4.8362565262359	8.42975999999814
0.324099999999981	4.94651174101176	8.62540999999809
0.32609999999998	5.05867860525779	8.82442999999803
0.32809999999998	5.17277938335468	9.02685999999797
0.33009999999998	5.28883646576496	9.23273999999792
0.33209999999998	5.40687236744175	9.44209999999786
0.33409999999998	5.52690972610397	9.6549899999978
0.336099999999979	5.64897130037044	9.87144999999774
0.338099999999979	5.77307996774467	10.0914999999977
0.340099999999979	5.89925872244198	10.3151899999976
0.342099999999979	6.16439329329797	10.5425599999976
0.344099999999978	6.16439329329797	10.7736399999975
0.346099999999978	6.16439329329797	11.0084699999974
0.348099999999978	6.16439329329797	11.2470999999973
0.350099999999978	6.16439329329797	11.4895499999973
0.352099999999978	6.16439329329797	11.7358599999972
0.354099999999977	6.16439329329797	11.9860799999971
0.356099999999977	6.16439329329797	12.2402399999971
0.358099999999977	6.16439329329797	12.498369999997
0.360099999999977	6.16439329329797	12.7605199999969
0.362099999999976	6.16439329329797	13.0267199999968
0.364099999999976	12.3287865865959	13.2969999999968
0.366099999999976	12.3287865865959	13.5714099999967
0.368099999999976	12.3287865865959	13.8499699999966
0.370099999999976	12.3287865865959	14.1327299999965
0.372099999999975	12.3287865865959	14.4197199999964
0.374099999999975	12.3287865865959	14.7109699999964
0.376099999999975	12.3287865865959	15.0065099999963
0.378099999999975	12.3287865865959	15.3063899999962
0.380099999999974	12.3287865865959	15.6106199999961
0.382099999999974	12.3287865865959	15.919259999996
0.384099999999974	12.3287865865959	16.2323199999959
0.386099999999974	12.3287865865959	16.5498299999958
0.388099999999974	12.3287865865959	16.8718299999957
0.390099999999973	12.3287865865959	17.1983499999956
0.392099999999973	12.3287865865959	17.5294099999955
0.394099999999973	12.3287865865959	17.8650399999954
0.396099999999973	18.4931798798939	18.2052599999953
0.398099999999972	18.4931798798939	18.5501099999952
0.400099999999972	18.4931798798939	18.8995999999951
0.402099999999972	18.4931798798939	19.253759999995
0.404099999999972	18.4931798798939	19.6125999999949
0.406099999999972	18.4931798798939	19.9761599999948
0.408099999999971	18.4931798798939	20.3444299999947
0.410099999999971	18.4931798798939	20.7174499999946
0.412099999999971	18.4931798798939	21.0952199999945
0.414099999999971	18.4931798798939	21.4777599999944
0.41609999999997	18.4931798798939	21.8650799999943
0.41809999999997	18.4931798798939	22.2571899999941
0.42009999999997	18.4931798798939	22.654099999994
0.42209999999997	18.4931798798939	23.0557999999939
0.42409999999997	18.4931798798939	23.4622999999938
0.426099999999969	18.4931798798939	23.8736099999937
0.428099999999969	18.4931798798939	24.2897199999936
0.430099999999969	18.4931798798939	24.7106199999934
0.432099999999969	18.4931798798939	25.1363099999933
0.434099999999969	18.4931798798939	25.5667799999932
0.436099999999968	18.4931798798939	26.002009999993
0.438099999999968	18.4931798798939	26.4419899999929
0.440099999999968	24.6575731731919	26.8866899999928
0.442099999999968	24.6575731731919	27.3360999999927
0.444099999999967	24.6575731731919	27.7901899999926
0.446099999999967	24.6575731731919	28.2489299999924
0.448099999999967	24.6575731731919	28.7122899999923
0.450099999999967	24.6575731731919	29.1802299999922
0.452099999999967	30.8219664664898	29.6526999999921
0.454099999999966	30.8219664664898	30.1296799999919
0.456099999999966	30.8219664664898	30.6110999999918
0.458099999999966	30.8219664664898	31.0969199999917
0.460099999999966	30.8219664664898	31.5870899999915
0.462099999999965	30.8219664664898	32.0815299999914
0.464099999999965	30.8219664664898	32.5801899999913
0.466099999999965	30.8219664664898	33.0830099999912
0.468099999999965	30.8219664664898	33.589899999991
0.470099999999965	30.8219664664898	34.1007899999909
0.472099999999964	30.8219664664898	34.6156099999908
0.474099999999964	30.8219664664898	35.1342599999907
0.476099999999964	30.8219664664898	35.6566599999905
0.478099999999964	36.9863597597878	36.1827099999904
0.480099999999963	36.9863597597878	36.7123199999903
0.482099999999963	36.9863597597878	37.2453899999902
0.484099999999963	36.9863597597878	37.7817999999901
0.486099999999963	36.9863597597878	38.3214599999899
0.488099999999963	36.9863597597878	38.8642399999898
0.490099999999962	36.9863597597878	39.4100299999897
0.492099999999962	36.9863597597878	39.9587099999896
0.494099999999962	36.9863597597878	40.5101499999895
0.496099999999962	36.9863597597878	41.0642199999894
0.498099999999961	36.9863597597878	41.6207999999892
0.500099999999961	43.1507530530857	42.1797399999892
0.502099999999961	43.1507530530857	42.740919999989
0.504099999999961	43.1507530530857	43.3041899999889
0.506099999999961	43.1507530530857	43.8693999999888
0.50809999999996	43.1507530530857	44.4364099999887
0.51009999999996	49.3151463463837	45.0050799999887
0.51209999999996	49.3151463463837	45.5752599999886
0.51409999999996	49.3151463463837	46.1467899999884
0.516099999999959	49.3151463463837	46.7195199999884
0.518099999999959	49.3151463463837	47.2932999999883
0.520099999999959	49.3151463463837	47.8679799999882
0.522099999999959	49.3151463463837	48.4433999999881
0.524099999999959	49.3151463463837	49.0193999999881
0.526099999999958	49.3151463463837	49.595839999988
0.528099999999958	49.3151463463837	50.1725499999879
0.530099999999958	49.3151463463837	50.7493899999879
0.532099999999958	49.3151463463837	51.3261999999878
0.534099999999958	49.3151463463837	51.9028199999877
0.536099999999957	49.3151463463837	52.4791199999877
0.538099999999957	49.3151463463837	53.0549399999876
0.540099999999957	55.4795396396817	53.6301299999876
0.542099999999957	55.4795396396817	54.2045599999875
0.544099999999956	55.4795396396817	54.7780699999875
0.546099999999956	55.4795396396817	55.3505299999875
0.548099999999956	55.4795396396817	55.9218099999874
0.550099999999956	55.4795396396817	56.4917699999874
0.552099999999956	55.4795396396817	57.0602799999874
0.554099999999955	61.6439329329796	57.6272099999873
0.556099999999955	61.6439329329796	58.1924499999873
0.558099999999955	61.6439329329796	58.7558699999873
0.560099999999955	61.6439329329796	59.3173499999873
0.562099999999954	61.6439329329796	59.8767999999873
0.564099999999954	67.8083262262776	60.4340999999873
0.566099999999954	67.8083262262776	60.9891499999872
0.568099999999954	67.8083262262776	61.5418499999872
0.570099999999954	67.8083262262776	62.0920999999873
0.572099999999953	67.8083262262776	62.6398299999872
0.574099999999953	67.8083262262776	63.1849399999872
0.576099999999953	67.8083262262776	63.7273499999873
0.578099999999953	67.8083262262776	64.2669799999873
0.580099999999952	67.8083262262776	64.8037699999873
0.582099999999952	67.8083262262776	65.3376499999873
0.584099999999952	67.8083262262776	65.8685499999873
0.586099999999952	67.8083262262776	66.3964099999873
0.588099999999952	67.8083262262776	66.9211899999873
0.590099999999951	67.8083262262776	67.4428299999874
0.592099999999951	67.8083262262776	67.9612799999874
0.594099999999951	67.8083262262776	68.4764999999874
0.596099999999951	67.8083262262776	68.9884499999874
0.59809999999995	67.8083262262776	69.4970999999874
0.60009999999995	73.9727195195755	70.0024199999875
0.60209999999995	73.9727195195755	70.5043799999875
0.60409999999995	73.9727195195755	71.0029499999875
0.60609999999995	73.9727195195755	71.4981199999876
0.608099999999949	73.9727195195755	71.9898699999876
0.610099999999949	80.1371128128735	72.4781799999876
0.612099999999949	80.1371128128735	72.9630399999877
0.614099999999949	80.1371128128735	73.4444499999877
0.616099999999948	80.1371128128735	73.9223899999877
0.618099999999948	80.1371128128735	74.3968699999878
0.620099999999948	80.1371128128735	74.8678899999878
0.622099999999948	80.1371128128735	75.3354399999878
0.624099999999948	80.1371128128735	75.7995299999879
0.626099999999947	80.1371128128735	76.2601699999879
0.628099999999947	80.1371128128735	76.717359999988
0.630099999999947	80.1371128128735	77.171129999988
0.632099999999947	86.3015061061715	77.6214699999881
0.634099999999946	86.3015061061715	78.0683999999881
0.636099999999946	86.3015061061715	78.5119399999881
0.638099999999946	86.3015061061715	78.9520999999882
0.640099999999946	86.3015061061715	79.3889099999882
0.642099999999946	86.3015061061715	79.8223799999883
0.644099999999945	86.3015061061715	80.2525399999883
0.646099999999945	86.3015061061715	80.6793999999883
0.648099999999945	86.3015061061715	81.1029899999884
0.650099999999945	86.3015061061715	81.5233299999884
0.652099999999945	86.3015061061715	81.9404499999885
0.654099999999944	86.3015061061715	82.3543799999885
0.656099999999944	86.3015061061715	82.7651299999886
0.658099999999944	86.3015061061715	83.1727499999886
0.660099999999944	86.3015061061715	83.5772399999886
0.662099999999943	86.3015061061715	83.9786599999887
0.664099999999943	86.3015061061715	84.3770099999887
0.666099999999943	86.3015061061715	84.7723399999888
0.668099999999943	86.3015061061715	85.1646699999888
0.670099999999943	92.4658993994694	85.5540299999889
0.672099999999942	92.4658993994694	85.9404599999889
0.674099999999942	92.4658993994694	86.3239699999889
0.676099999999942	92.4658993994694	86.704609999989
0.678099999999942	92.4658993994694	87.082399999989
0.680099999999941	92.4658993994694	87.4573799999891
0.682099999999941	92.4658993994694	87.8295699999891
0.684099999999941	98.6302926927674	88.1990099999891
0.686099999999941	98.6302926927674	88.5657299999892
0.688099999999941	98.6302926927674	88.9297499999892
0.69009999999994	98.6302926927674	89.2911199999892
0.69209999999994	98.6302926927674	89.6498599999893
0.69409999999994	98.6302926927674	90.0059899999893
0.69609999999994	98.6302926927674	90.3595599999894
0.698099999999939	98.6302926927674	90.7105899999894
0.700099999999939	98.6302926927674	91.0591199999894
0.702099999999939	98.6302926927674	91.4051699999895
0.704099999999939	98.6302926927674	91.7487699999895
0.706099999999939	98.6302926927674	92.0899499999896
0.708099999999938	98.6302926927674	92.4287499999896
0.710099999999938	98.6302926927674	92.7651899999896
0.712099999999938	98.6302926927674	93.0992999999897
0.714099999999938	98.6302926927674	93.4310999999897
0.716099999999937	98.6302926927674	93.7606399999897
0.718099999999937	98.6302926927674	94.0879299999898
0.720099999999937	98.6302926927674	94.4130099999898
0.722099999999937	98.6302926927674	94.7358999999898
0.724099999999937	98.6302926927674	95.0566299999899
0.726099999999936	98.6302926927674	95.3752299999899
0.728099999999936	104.794685986065	95.6917199999899
0.730099999999936	104.794685986065	96.00611999999
0.732099999999936	104.794685986065	96.31847999999
0.734099999999935	104.794685986065	96.62880999999
0.736099999999935	104.794685986065	96.93712999999
0.738099999999935	104.794685986065	97.2434799999901
0.740099999999935	104.794685986065	97.5478799999901
0.742099999999935	104.794685986065	97.8503499999901
0.744099999999934	104.794685986065	98.1509099999902
0.746099999999934	104.794685986065	98.4495999999902
0.748099999999934	104.794685986065	98.7464299999902
0.750099999999934	104.794685986065	99.0414299999903
0.752099999999933	104.794685986065	99.3346199999903
0.754099999999933	104.794685986065	99.6260199999903
0.756099999999933	104.794685986065	99.9156599999903
0.758099999999933	104.794685986065	100.20355999999
0.760099999999933	104.794685986065	100.48972999999
0.762099999999932	104.794685986065	100.77420999999
0.764099999999932	104.794685986065	101.05700999999
0.766099999999932	104.794685986065	101.33815999999
0.768099999999932	110.959079279363	101.61766999999
0.770099999999932	110.959079279363	101.895559999991
0.772099999999931	110.959079279363	102.171859999991
0.774099999999931	110.959079279363	102.446579999991
0.776099999999931	110.959079279363	102.719739999991
0.778099999999931	110.959079279363	102.991369999991
0.78009999999993	110.959079279363	103.261479999991
0.78209999999993	110.959079279363	103.530079999991
0.78409999999993	110.959079279363	103.797209999991
0.78609999999993	110.959079279363	104.062869999991
0.78809999999993	110.959079279363	104.327089999991
0.790099999999929	117.123472572661	104.589879999991
0.792099999999929	117.123472572661	104.851249999991
0.794099999999929	117.123472572661	105.111239999991
0.796099999999929	117.123472572661	105.369839999991
0.798099999999928	117.123472572661	105.627079999991
0.800099999999928	117.123472572661	105.882979999991
0.802099999999928	117.123472572661	106.137549999991
0.804099999999928	117.123472572661	106.390809999991
0.806099999999928	117.123472572661	106.642759999991
0.808099999999927	117.123472572661	106.893439999991
0.810099999999927	117.123472572661	107.142839999991
0.812099999999927	117.123472572661	107.390999999991
0.814099999999927	117.123472572661	107.637909999991
0.816099999999926	117.123472572661	107.883609999991
0.818099999999926	117.123472572661	108.128089999991
0.820099999999926	117.123472572661	108.371369999991
0.822099999999926	117.123472572661	108.613479999991
0.824099999999926	117.123472572661	108.854409999991
0.826099999999925	117.123472572661	109.094189999991
0.828099999999925	117.123472572661	109.332829999991
0.830099999999925	117.123472572661	109.570339999991
0.832099999999925	117.123472572661	109.806729999991
0.834099999999924	117.123472572661	110.042019999991
0.836099999999924	117.123472572661	110.276209999991
0.838099999999924	117.123472572661	110.509319999991
0.840099999999924	117.123472572661	110.741369999991
0.842099999999924	117.123472572661	110.972359999991
0.844099999999923	117.123472572661	111.202309999991
0.846099999999923	117.123472572661	111.431219999991
0.848099999999923	117.123472572661	111.659109999991
0.850099999999923	117.123472572661	111.885989999991
0.852099999999922	117.123472572661	112.111879999991
0.854099999999922	117.123472572661	112.336769999991
0.856099999999922	117.123472572661	112.560679999991
0.858099999999922	117.123472572661	112.783629999991
0.860099999999922	117.123472572661	113.005609999991
0.862099999999921	117.123472572661	113.226659999991
0.864099999999921	117.123472572661	113.446759999991
0.866099999999921	117.123472572661	113.665929999991
0.868099999999921	117.123472572661	113.884189999991
0.87009999999992	117.123472572661	114.101539999991
0.87209999999992	117.123472572661	114.317989999991
0.87409999999992	123.287865865959	114.533549999991
0.87609999999992	123.287865865959	114.748229999991
0.87809999999992	123.287865865959	114.962039999991
0.880099999999919	123.287865865959	115.174979999991
0.882099999999919	123.287865865959	115.387069999991
0.884099999999919	123.287865865959	115.598319999991
0.886099999999919	123.287865865959	115.808729999991
0.888099999999919	123.287865865959	116.018309999991
0.890099999999918	123.287865865959	116.227069999991
0.892099999999918	123.287865865959	116.435019999991
0.894099999999918	123.287865865959	116.642159999992
0.896099999999918	123.287865865959	116.848509999992
0.898099999999917	123.287865865959	117.054069999992
0.900099999999917	123.287865865959	117.258849999992
0.902099999999917	123.287865865959	117.462859999992
0.904099999999917	123.287865865959	117.666099999992
0.906099999999917	123.287865865959	117.868589999992
0.908099999999916	123.287865865959	118.070319999992
0.910099999999916	123.287865865959	118.271309999992
0.912099999999916	123.287865865959	118.471569999992
0.914099999999916	129.452259159257	118.671089999992
0.916099999999915	129.452259159257	118.869889999992
0.918099999999915	129.452259159257	119.067979999992
0.920099999999915	129.452259159257	119.265359999992
0.922099999999915	129.452259159257	119.462029999992
0.924099999999915	129.452259159257	119.658009999992
0.926099999999914	129.452259159257	119.853299999992
0.928099999999914	129.452259159257	120.047909999992
0.930099999999914	129.452259159257	120.241839999992
0.932099999999914	129.452259159257	120.435089999992
0.934099999999913	129.452259159257	120.627689999992
0.936099999999913	129.452259159257	120.819619999992
0.938099999999913	129.452259159257	121.010909999992
0.940099999999913	129.452259159257	121.201539999992
0.942099999999913	129.452259159257	121.391539999992
0.944099999999912	129.452259159257	121.580899999992
0.946099999999912	129.452259159257	121.769629999992
0.948099999999912	129.452259159257	121.957739999992
0.950099999999912	129.452259159257	122.145229999992
0.952099999999911	129.452259159257	122.332099999992
0.954099999999911	129.452259159257	122.518369999992
0.956099999999911	135.616652452555	122.704029999992
0.958099999999911	135.616652452555	122.889099999992
0.960099999999911	135.616652452555	123.073579999992
0.96209999999991	135.616652452555	123.257469999992
0.96409999999991	135.616652452555	123.440769999992
0.96609999999991	135.616652452555	123.623499999992
0.96809999999991	135.616652452555	123.805659999992
0.970099999999909	135.616652452555	123.987249999992
0.972099999999909	135.616652452555	124.168269999992
0.974099999999909	135.616652452555	124.348739999992
0.976099999999909	135.616652452555	124.528659999992
0.978099999999909	135.616652452555	124.708029999992
0.980099999999908	135.616652452555	124.886849999992
0.982099999999908	135.616652452555	125.065129999992
0.984099999999908	135.616652452555	125.242879999992
0.986099999999908	135.616652452555	125.420089999992
0.988099999999908	135.616652452555	125.596779999992
0.990099999999907	135.616652452555	125.772949999992
0.992099999999907	135.616652452555	125.948599999992
0.994099999999907	135.616652452555	126.123739999992
0.996099999999907	135.616652452555	126.298359999992
0.998099999999906	135.616652452555	126.472479999992
1.00009999999991	135.616652452555	126.646099999992
1.00209999999991	135.616652452555	126.819219999992
1.00409999999991	135.616652452555	126.991839999992
1.00609999999991	135.616652452555	127.163979999992
1.00809999999991	135.616652452555	127.335629999992
1.01009999999991	135.616652452555	127.506789999992
1.0120999999999	135.616652452555	127.677479999992
1.0140999999999	135.616652452555	127.847689999992
1.0160999999999	135.616652452555	128.017429999992
1.0180999999999	135.616652452555	128.186709999992
1.0200999999999	135.616652452555	128.355519999992
1.0220999999999	135.616652452555	128.523859999992
1.0240999999999	135.616652452555	128.691749999992
1.0260999999999	135.616652452555	128.859189999992
1.0280999999999	135.616652452555	129.026179999992
1.0300999999999	135.616652452555	129.192719999992
1.0320999999999	135.616652452555	129.358809999992
1.0340999999999	135.616652452555	129.524469999992
1.0360999999999	135.616652452555	129.689679999992
1.0380999999999	135.616652452555	129.854469999992
1.0400999999999	135.616652452555	130.018819999992
1.0420999999999	135.616652452555	130.182739999992
1.0440999999999	135.616652452555	130.346239999992
1.0460999999999	135.616652452555	130.509319999992
1.0480999999999	135.616652452555	130.671979999992
1.0500999999999	135.616652452555	130.834219999992
1.0520999999999	135.616652452555	130.996049999992
1.0540999999999	135.616652452555	131.157469999992
1.0560999999999	135.616652452555	131.318489999992
1.0580999999999	135.616652452555	131.479099999992
1.0600999999999	135.616652452555	131.639309999992
1.0620999999999	135.616652452555	131.799119999992
1.0640999999999	135.616652452555	131.958529999992
1.0660999999999	135.616652452555	132.117559999992
1.0680999999999	135.616652452555	132.276189999992
1.0700999999999	135.616652452555	132.434429999992
1.0720999999999	135.616652452555	132.592289999992
1.0740999999999	141.781045745853	132.749769999992
1.0760999999999	141.781045745853	132.906869999992
1.0780999999999	141.781045745853	133.063589999992
1.0800999999999	141.781045745853	133.219939999992
1.0820999999999	141.781045745853	133.375909999992
1.0840999999999	141.781045745853	133.531519999992
1.0860999999999	141.781045745853	133.686759999992
1.0880999999999	141.781045745853	133.841629999992
1.0900999999999	141.781045745853	133.996139999992
1.0920999999999	141.781045745853	134.150299999992
1.0940999999999	141.781045745853	134.304089999992
1.0960999999999	141.781045745853	134.457529999992
1.0980999999999	141.781045745853	134.610619999992
1.1000999999999	141.781045745853	134.763349999992
1.1020999999999	141.781045745853	134.915739999992
1.10409999999989	141.781045745853	135.067789999992
1.10609999999989	141.781045745853	135.219489999992
1.10809999999989	141.781045745853	135.370839999992
1.11009999999989	141.781045745853	135.521859999992
1.11209999999989	141.781045745853	135.672539999992
1.11409999999989	147.945439039151	135.822889999992
1.11609999999989	147.945439039151	135.972899999992
1.11809999999989	147.945439039151	136.122589999992
1.12009999999989	147.945439039151	136.271939999992
1.12209999999989	147.945439039151	136.420969999992
1.12409999999989	147.945439039151	136.569669999992
1.12609999999989	147.945439039151	136.718049999992
1.12809999999989	147.945439039151	136.866109999992
1.13009999999989	147.945439039151	137.013849999992
1.13209999999989	147.945439039151	137.161279999992
1.13409999999989	147.945439039151	137.308389999992
1.13609999999989	147.945439039151	137.455179999992
1.13809999999989	147.945439039151	137.601669999992
1.14009999999989	147.945439039151	137.747849999992
1.14209999999989	147.945439039151	137.893719999992
1.14409999999989	147.945439039151	138.039279999992
1.14609999999989	147.945439039151	138.184539999992
1.14809999999989	147.945439039151	138.329499999992
1.15009999999989	147.945439039151	138.474159999992
1.15209999999989	147.945439039151	138.618519999992
1.15409999999989	147.945439039151	138.762579999992
1.15609999999989	147.945439039151	138.906349999992
1.15809999999989	147.945439039151	139.049829999992
1.16009999999989	147.945439039151	139.193019999992
1.16209999999989	147.945439039151	139.335909999992
1.16409999999989	147.945439039151	139.478519999992
1.16609999999989	147.945439039151	139.620839999992
1.16809999999989	147.945439039151	139.762879999992
1.17009999999989	147.945439039151	139.904639999992
1.17209999999989	147.945439039151	140.046109999992
1.17409999999989	147.945439039151	140.187299999992
1.17609999999989	147.945439039151	140.328219999992
1.17809999999989	147.945439039151	140.468859999992
1.18009999999989	147.945439039151	140.609219999992
1.18209999999989	147.945439039151	140.749309999992
1.18409999999989	147.945439039151	140.889129999992
1.18609999999989	147.945439039151	141.028679999992
1.18809999999989	147.945439039151	141.167959999992
1.19009999999989	147.945439039151	141.306969999992
1.19209999999989	147.945439039151	141.445709999992
1.19409999999988	147.945439039151	141.584189999992
1.19609999999988	147.945439039151	141.722409999992
1.19809999999988	147.945439039151	141.860369999992
1.20009999999988	147.945439039151	141.998059999992
1.20209999999988	154.109832332449	142.135499999992
1.20409999999988	154.109832332449	142.272679999992
1.20609999999988	154.109832332449	142.409609999992
1.20809999999988	154.109832332449	142.546279999992
1.21009999999988	154.109832332449	142.682689999992
1.21209999999988	154.109832332449	142.818859999992
1.21409999999988	154.109832332449	142.954769999992
1.21609999999988	154.109832332449	143.090429999992
1.21809999999988	154.109832332449	143.225849999992
1.22009999999988	154.109832332449	143.361019999992
1.22209999999988	154.109832332449	143.495949999992
1.22409999999988	154.109832332449	143.630629999992
1.22609999999988	154.109832332449	143.765059999992
1.22809999999988	154.109832332449	143.899259999992
1.23009999999988	154.109832332449	144.033219999992
1.23209999999988	154.109832332449	144.166929999992
1.23409999999988	154.109832332449	144.300409999992
1.23609999999988	154.109832332449	144.433659999992
1.23809999999988	154.109832332449	144.566659999992
1.24009999999988	154.109832332449	144.699439999992
1.24209999999988	154.109832332449	144.831979999992
1.24409999999988	154.109832332449	144.964289999992
1.24609999999988	154.109832332449	145.096359999992
1.24809999999988	154.109832332449	145.228209999992
1.25009999999988	154.109832332449	145.359829999992
1.25209999999988	154.109832332449	145.491229999992
1.25409999999988	154.109832332449	145.622389999992
1.25609999999988	154.109832332449	145.753329999992
1.25809999999988	154.109832332449	145.884049999992
1.26009999999988	154.109832332449	146.014549999992
1.26209999999988	154.109832332449	146.144819999992
1.26409999999988	154.109832332449	146.274879999992
1.26609999999988	154.109832332449	146.404709999992
1.26809999999988	154.109832332449	146.534319999992
1.27009999999988	154.109832332449	146.663719999992
1.27209999999988	154.109832332449	146.792909999992
1.27409999999988	154.109832332449	146.921869999992
1.27609999999988	154.109832332449	147.050619999992
1.27809999999988	154.109832332449	147.179159999992
1.28009999999988	154.109832332449	147.307489999992
1.28209999999988	154.109832332449	147.435609999992
1.28409999999988	154.109832332449	147.563509999992
1.28609999999987	154.109832332449	147.691209999992
1.28809999999987	154.109832332449	147.818699999992
1.29009999999987	154.109832332449	147.945979999992
1.29209999999987	154.109832332449	148.073059999992
1.29409999999987	154.109832332449	148.199929999992
1.29609999999987	154.109832332449	148.326589999992
1.29809999999987	154.109832332449	148.453059999992
1.30009999999987	154.109832332449	148.579319999992
1.30209999999987	154.109832332449	148.705379999992
1.30409999999987	154.109832332449	148.831229999992
1.30609999999987	154.109832332449	148.956889999992
1.30809999999987	154.109832332449	149.082349999992
1.31009999999987	154.109832332449	149.207619999992
1.31209999999987	154.109832332449	149.332679999992
1.31409999999987	154.109832332449	149.457549999992
1.31609999999987	154.109832332449	149.582229999992
1.31809999999987	154.109832332449	149.706709999992
1.32009999999987	154.109832332449	149.830989999992
1.32209999999987	154.109832332449	149.955089999992
1.32409999999987	160.274225625747	150.078989999992
1.32609999999987	160.274225625747	150.202699999992
1.32809999999987	160.274225625747	150.326229999992
1.33009999999987	160.274225625747	150.449559999992
1.33209999999987	160.274225625747	150.572709999992
1.33409999999987	160.274225625747	150.695659999992
1.33609999999987	160.274225625747	150.818429999992
1.33809999999987	160.274225625747	150.941019999992
1.34009999999987	160.274225625747	151.063419999992
1.34209999999987	160.274225625747	151.185639999992
1.34409999999987	160.274225625747	151.307669999992
1.34609999999987	160.274225625747	151.429519999992
1.34809999999987	160.274225625747	151.551189999992
1.35009999999987	160.274225625747	151.672679999992
1.35209999999987	160.274225625747	151.793989999992
1.35409999999987	160.274225625747	151.915119999992
1.35609999999987	160.274225625747	152.036069999992
1.35809999999987	160.274225625747	152.156839999992
1.36009999999987	160.274225625747	152.277429999992
1.36209999999987	160.274225625747	152.397849999992
1.36409999999987	160.274225625747	152.518089999992
1.36609999999987	160.274225625747	152.638159999992
1.36809999999987	160.274225625747	152.758059999992
1.37009999999987	160.274225625747	152.877779999992
1.37209999999987	160.274225625747	152.997329999992
1.37409999999987	166.438618919045	153.116699999992
1.37609999999986	166.438618919045	153.235909999992
1.37809999999986	166.438618919045	153.354939999992
1.38009999999986	166.438618919045	153.473809999992
1.38209999999986	166.438618919045	153.592499999992
1.38409999999986	166.438618919045	153.711029999992
1.38609999999986	166.438618919045	153.829389999992
1.38809999999986	166.438618919045	153.947579999992
1.39009999999986	166.438618919045	154.065599999992
1.39209999999986	166.438618919045	154.183459999992
1.39409999999986	166.438618919045	154.301159999992
1.39609999999986	166.438618919045	154.418689999992
1.39809999999986	166.438618919045	154.536059999992
1.40009999999986	166.438618919045	154.653259999992
1.40209999999986	166.438618919045	154.770299999992
1.40409999999986	166.438618919045	154.887179999992
1.40609999999986	166.438618919045	155.003899999992
1.40809999999986	166.438618919045	155.120459999992
1.41009999999986	166.438618919045	155.236859999992
1.41209999999986	166.438618919045	155.353099999992
1.41409999999986	166.438618919045	155.469179999992
1.41609999999986	166.438618919045	155.585099999992
1.41809999999986	166.438618919045	155.700859999992
1.42009999999986	166.438618919045	155.816469999992
1.42209999999986	166.438618919045	155.931929999992
1.42409999999986	166.438618919045	156.047219999992
1.42609999999986	166.438618919045	156.162369999992
1.42809999999986	166.438618919045	156.277349999992
1.43009999999986	166.438618919045	156.392189999992
1.43209999999986	166.438618919045	156.506869999992
1.43409999999986	166.438618919045	156.621399999992
1.43609999999986	166.438618919045	156.735769999992
1.43809999999986	166.438618919045	156.849999999992
1.44009999999986	166.438618919045	156.964079999992
1.44209999999986	166.438618919045	157.077999999992
1.44409999999986	166.438618919045	157.191769999992
1.44609999999986	166.438618919045	157.305399999992
1.44809999999986	166.438618919045	157.418879999992
1.45009999999986	166.438618919045	157.532209999992
1.45209999999986	166.438618919045	157.645389999992
1.45409999999986	166.438618919045	157.758429999992
1.45609999999986	166.438618919045	157.871309999992
1.45809999999986	166.438618919045	157.984059999992
1.46009999999986	166.438618919045	158.096659999992
1.46209999999986	166.438618919045	158.209109999992
1.46409999999986	166.438618919045	158.321419999992
1.46609999999985	166.438618919045	158.433579999992
1.46809999999985	166.438618919045	158.545609999992
1.47009999999985	166.438618919045	158.657489999992
1.47209999999985	166.438618919045	158.769229999992
1.47409999999985	166.438618919045	158.880819999992
1.47609999999985	166.438618919045	158.992279999992
1.47809999999985	166.438618919045	159.103589999992
1.48009999999985	166.438618919045	159.214769999992
1.48209999999985	166.438618919045	159.325809999992
1.48409999999985	166.438618919045	159.436699999992
1.48609999999985	166.438618919045	159.547459999992
1.48809999999985	166.438618919045	159.658079999992
1.49009999999985	166.438618919045	159.768569999992
1.49209999999985	166.438618919045	159.878909999992
1.49409999999985	166.438618919045	159.989119999992
1.49609999999985	166.438618919045	160.099199999992
1.49809999999985	166.438618919045	160.209129999992
1.50009999999985	166.438618919045	160.318939999992
1.50209999999985	166.438618919045	160.428609999992
1.50409999999985	166.438618919045	160.538139999992
1.50609999999985	166.438618919045	160.647539999992
1.50809999999985	166.438618919045	160.756809999992
1.51009999999985	166.438618919045	160.865949999992
1.51209999999985	166.438618919045	160.974949999992
1.51409999999985	166.438618919045	161.083819999992
1.51609999999985	166.438618919045	161.192559999992
1.51809999999985	166.438618919045	161.301169999992
1.52009999999985	166.438618919045	161.409649999992
1.52209999999985	166.438618919045	161.517999999992
1.52409999999985	166.438618919045	161.626219999992
1.52609999999985	166.438618919045	161.734309999992
1.52809999999985	172.603012212343	161.842269999992
1.53009999999985	172.603012212343	161.950099999992
1.53209999999985	172.603012212343	162.057809999992
1.53409999999985	172.603012212343	162.165389999992
1.53609999999985	172.603012212343	162.272839999992
1.53809999999985	172.603012212343	162.380159999992
1.54009999999985	172.603012212343	162.487359999992
1.54209999999985	172.603012212343	162.594439999992
1.54409999999985	172.603012212343	162.701389999992
1.54609999999985	172.603012212343	162.808209999992
1.54809999999985	172.603012212343	162.914909999992
1.55009999999985	172.603012212343	163.021479999992
1.55209999999985	172.603012212343	163.127939999992
1.55409999999985	172.603012212343	163.234269999992
1.55609999999985	172.603012212343	163.340469999992
1.55809999999984	172.603012212343	163.446559999992
1.56009999999984	172.603012212343	163.552519999992
1.56209999999984	172.603012212343	163.658359999992
1.56409999999984	172.603012212343	163.764079999992
1.56609999999984	172.603012212343	163.869679999992
1.56809999999984	172.603012212343	163.975149999992
1.57009999999984	172.603012212343	164.080509999992
1.57209999999984	172.603012212343	164.185749999992
1.57409999999984	172.603012212343	164.290869999992
1.57609999999984	172.603012212343	164.395869999992
1.57809999999984	172.603012212343	164.500759999992
1.58009999999984	172.603012212343	164.605519999992
1.58209999999984	172.603012212343	164.710169999992
1.58409999999984	172.603012212343	164.814699999992
1.58609999999984	172.603012212343	164.919109999992
1.58809999999984	172.603012212343	165.023409999992
1.59009999999984	172.603012212343	165.127589999992
1.59209999999984	172.603012212343	165.231649999992
1.59409999999984	172.603012212343	165.335599999992
1.59609999999984	172.603012212343	165.439439999992
1.59809999999984	172.603012212343	165.543159999992
1.60009999999984	172.603012212343	165.646759999992
1.60209999999984	172.603012212343	165.750249999992
1.60409999999984	172.603012212343	165.853629999992
1.60609999999984	172.603012212343	165.956899999992
1.60809999999984	172.603012212343	166.060049999992
1.61009999999984	172.603012212343	166.163089999992
1.61209999999984	172.603012212343	166.266009999992
1.61409999999984	172.603012212343	166.368829999992
1.61609999999984	172.603012212343	166.471529999992
1.61809999999984	172.603012212343	166.574129999992
1.62009999999984	172.603012212343	166.676609999992
1.62209999999984	172.603012212343	166.778979999992
1.62409999999984	172.603012212343	166.881239999992
1.62609999999984	172.603012212343	166.983389999992
1.62809999999984	172.603012212343	167.085429999992
1.63009999999984	172.603012212343	167.187369999992
1.63209999999984	172.603012212343	167.289189999992
1.63409999999984	172.603012212343	167.390909999992
1.63609999999984	178.767405505641	167.492509999992
1.63809999999984	178.767405505641	167.594009999992
1.64009999999984	178.767405505641	167.695409999992
1.64209999999984	178.767405505641	167.796689999992
1.64409999999984	178.767405505641	167.897869999992
1.64609999999984	178.767405505641	167.998939999992
1.64809999999983	178.767405505641	168.099909999992
1.65009999999983	178.767405505641	168.200769999992
1.65209999999983	178.767405505641	168.301519999992
1.65409999999983	178.767405505641	168.402169999992
1.65609999999983	178.767405505641	168.502709999992
1.65809999999983	178.767405505641	168.603149999992
1.66009999999983	178.767405505641	168.703489999992
1.66209999999983	178.767405505641	168.803719999992
1.66409999999983	178.767405505641	168.903849999992
1.66609999999983	178.767405505641	169.003869999992
1.66809999999983	178.767405505641	169.103789999992
1.67009999999983	178.767405505641	169.203609999992
1.67209999999983	178.767405505641	169.303319999992
1.67409999999983	178.767405505641	169.402939999992
1.67609999999983	178.767405505641	169.502449999992
1.67809999999983	178.767405505641	169.601859999992
1.68009999999983	178.767405505641	169.701169999992
1.68209999999983	178.767405505641	169.800369999992
1.68409999999983	178.767405505641	169.899479999992
1.68609999999983	178.767405505641	169.998479999992
1.68809999999983	178.767405505641	170.097389999992
1.69009999999983	178.767405505641	170.196199999992
1.69209999999983	178.767405505641	170.294899999992
1.69409999999983	178.767405505641	170.393509999992
1.69609999999983	178.767405505641	170.492019999992
1.69809999999983	184.931798798939	170.590429999992
1.70009999999983	184.931798798939	170.688739999992
1.70209999999983	184.931798798939	170.786949999992
1.70409999999983	184.931798798939	170.885059999992
1.70609999999983	184.931798798939	170.983079999992
1.70809999999983	184.931798798939	171.080999999992
1.71009999999983	184.931798798939	171.178819999992
1.71209999999983	184.931798798939	171.276549999992
1.71409999999983	184.931798798939	171.374169999992
1.71609999999983	184.931798798939	171.471709999992
1.71809999999983	184.931798798939	171.569139999992
1.72009999999983	184.931798798939	171.666479999992
1.72209999999983	184.931798798939	171.763729999992
1.72409999999983	184.931798798939	171.860879999992
1.72609999999983	184.931798798939	171.957929999992
1.72809999999983	184.931798798939	172.054889999992
1.73009999999983	184.931798798939	172.151759999992
1.73209999999983	184.931798798939	172.248529999992
1.73409999999983	184.931798798939	172.345209999992
1.73609999999983	184.931798798939	172.441789999992
1.73809999999983	184.931798798939	172.538279999992
1.74009999999982	184.931798798939	172.634679999992
1.74209999999982	184.931798798939	172.730979999992
1.74409999999982	184.931798798939	172.827189999992
1.74609999999982	184.931798798939	172.923309999992
1.74809999999982	184.931798798939	173.019339999992
1.75009999999982	184.931798798939	173.115269999992
1.75209999999982	184.931798798939	173.211109999992
1.75409999999982	184.931798798939	173.306859999992
1.75609999999982	184.931798798939	173.402519999992
1.75809999999982	184.931798798939	173.498089999992
1.76009999999982	184.931798798939	173.593569999992
1.76209999999982	184.931798798939	173.688959999992
1.76409999999982	184.931798798939	173.784249999992
1.76609999999982	184.931798798939	173.879459999992
1.76809999999982	184.931798798939	173.974579999992
1.77009999999982	184.931798798939	174.069609999992
1.77209999999982	184.931798798939	174.164539999992
1.77409999999982	184.931798798939	174.259389999992
1.77609999999982	184.931798798939	174.354149999992
1.77809999999982	184.931798798939	174.448829999991
1.78009999999982	184.931798798939	174.543409999992
1.78209999999982	184.931798798939	174.637899999992
1.78409999999982	184.931798798939	174.732309999992
1.78609999999982	184.931798798939	174.826629999991
1.78809999999982	184.931798798939	174.920859999991
1.79009999999982	184.931798798939	175.015009999991
1.79209999999982	184.931798798939	175.109059999992
1.79409999999982	184.931798798939	175.203029999992
1.79609999999982	184.931798798939	175.296919999991
1.79809999999982	184.931798798939	175.390709999992
1.80009999999982	184.931798798939	175.484429999991
1.80209999999982	184.931798798939	175.578049999991
1.80409999999982	184.931798798939	175.671589999991
1.80609999999982	184.931798798939	175.765039999991
1.80809999999982	184.931798798939	175.858409999991
1.81009999999982	184.931798798939	175.951689999991
1.81209999999982	184.931798798939	176.044889999991
1.81409999999982	184.931798798939	176.138009999991
1.81609999999982	184.931798798939	176.231039999991
1.81809999999982	184.931798798939	176.323979999991
1.82009999999982	184.931798798939	176.416839999991
1.82209999999982	184.931798798939	176.509619999991
1.82409999999982	184.931798798939	176.602309999991
1.82609999999982	184.931798798939	176.694919999991
1.82809999999982	184.931798798939	176.787449999991
1.83009999999981	184.931798798939	176.879889999991
1.83209999999981	184.931798798939	176.972249999991
1.83409999999981	184.931798798939	177.064529999991
1.83609999999981	184.931798798939	177.156719999991
1.83809999999981	184.931798798939	177.248839999991
1.84009999999981	184.931798798939	177.340869999991
1.84209999999981	184.931798798939	177.432819999991
1.84409999999981	184.931798798939	177.524679999991
1.84609999999981	184.931798798939	177.616469999991
1.84809999999981	184.931798798939	177.708169999991
1.85009999999981	184.931798798939	177.799799999991
1.85209999999981	184.931798798939	177.891339999991
1.85409999999981	184.931798798939	177.982799999991
1.85609999999981	184.931798798939	178.074179999991
1.85809999999981	184.931798798939	178.165479999991
1.86009999999981	184.931798798939	178.256709999991
1.86209999999981	184.931798798939	178.347849999991
1.86409999999981	184.931798798939	178.438909999991
1.86609999999981	184.931798798939	178.529889999991
1.86809999999981	184.931798798939	178.620789999991
1.87009999999981	184.931798798939	178.711609999991
1.87209999999981	184.931798798939	178.802359999991
1.87409999999981	184.931798798939	178.893019999991
1.87609999999981	184.931798798939	178.983609999991
1.87809999999981	184.931798798939	179.074119999991
1.88009999999981	184.931798798939	179.164549999991
1.88209999999981	184.931798798939	179.254899999991
1.88409999999981	184.931798798939	179.345169999991
1.88609999999981	184.931798798939	179.435369999991
1.88809999999981	184.931798798939	179.525489999991
1.89009999999981	184.931798798939	179.615529999991
1.89209999999981	184.931798798939	179.705489999991
1.89409999999981	184.931798798939	179.795379999991
1.89609999999981	184.931798798939	179.885189999991
1.89809999999981	184.931798798939	179.974919999991
1.90009999999981	184.931798798939	180.064579999991
1.90209999999981	184.931798798939	180.154159999991
1.90409999999981	184.931798798939	180.243659999991
1.90609999999981	184.931798798939	180.333089999991
1.90809999999981	184.931798798939	180.422439999991
1.91009999999981	184.931798798939	180.511709999991
1.91209999999981	184.931798798939	180.600919999991
1.91409999999981	184.931798798939	180.690039999991
1.91609999999981	184.931798798939	180.779089999991
1.91809999999981	184.931798798939	180.868069999991
1.9200999999998	184.931798798939	180.956959999991
1.9220999999998	184.931798798939	181.045789999991
1.9240999999998	184.931798798939	181.134539999991
1.9260999999998	184.931798798939	181.223219999991
1.9280999999998	184.931798798939	181.311819999991
1.9300999999998	184.931798798939	181.400349999991
1.9320999999998	184.931798798939	181.488799999991
1.9340999999998	184.931798798939	181.577179999991
1.9360999999998	184.931798798939	181.665489999991
1.9380999999998	191.096192092237	181.753719999991
1.9400999999998	191.096192092237	181.841879999991
1.9420999999998	191.096192092237	181.929969999991
1.9440999999998	191.096192092237	182.017979999991
1.9460999999998	191.096192092237	182.105919999991
1.9480999999998	191.096192092237	182.193789999991
1.9500999999998	191.096192092237	182.281579999991
1.9520999999998	191.096192092237	182.369309999991
1.9540999999998	191.096192092237	182.456959999991
1.9560999999998	191.096192092237	182.544539999991
1.9580999999998	191.096192092237	182.632039999991
1.9600999999998	191.096192092237	182.719479999991
1.9620999999998	191.096192092237	182.806839999991
1.9640999999998	191.096192092237	182.894129999991
1.9660999999998	191.096192092237	182.981349999991
1.9680999999998	191.096192092237	183.068499999991
1.9700999999998	191.096192092237	183.155579999991
1.9720999999998	191.096192092237	183.242589999991
1.9740999999998	191.096192092237	183.329519999991
1.9760999999998	191.096192092237	183.416389999991
1.9780999999998	191.096192092237	183.503179999991
1.9800999999998	191.096192092237	183.589909999991
1.9820999999998	191.096192092237	183.676559999991
1.9840999999998	191.096192092237	183.763149999991
1.9860999999998	191.096192092237	183.849659999991
1.9880999999998	191.096192092237	183.936099999991
1.9900999999998	191.096192092237	184.022479999991
1.9920999999998	191.096192092237	184.108779999991
1.9940999999998	191.096192092237	184.195019999991
1.9960999999998	191.096192092237	184.281189999991
1.9980999999998	191.096192092237	184.367279999991
