t	T
0	894.5	894.5
0.002	894.41	894.41
0.0041	894.315500000002	894.3155
0.006	894.23000000001	894.23
0.00800000000000001	894.140000000025	894.14
0.0101	894.04550000005	894.0455
0.0121	893.955500000082	893.9555
0.0141	893.865500000126	893.8655
0.0161	893.775500000184	893.7755
0.0180999999999999	893.685500000257	893.6855
0.0200999999999999	893.595500000345	893.5955
0.0220999999999999	893.50550000045	893.5055
0.0240999999999999	893.415500000573	893.4155
0.0260999999999999	893.325500000717	893.3255
0.0280999999999999	893.235500000883	893.2355
0.0300999999999999	893.145500001073	893.1455
0.0320999999999999	893.055500001289	893.0555
0.0341	892.965500001534	892.9655
0.036	892.880000001794	892.88
0.0380000000000001	892.790000002098	892.79
0.0400000000000001	892.700000002437	892.7
0.0420000000000002	892.610000002811	892.61
0.0440000000000002	892.520000003224	892.52
0.0460000000000003	892.430000003676	892.43
0.0480000000000003	892.340000004171	892.34
0.0500000000000004	892.250000004711	892.25
0.0520000000000005	892.160000005296	892.16
0.0540000000000005	892.070000005931	892.07
0.0560000000000006	891.980000006616	891.98
0.0580000000000006	891.890000007354	891.89
0.0600000000000007	891.800000008147	891.8
0.0620000000000007	891.710000008998	891.71
0.0640000000000008	891.620000009908	891.62
0.0660000000000009	891.530000010881	891.53
0.0680000000000009	891.440000011918	891.44
0.070000000000001	891.350000013021	891.35
0.072000000000001	891.260000014194	891.26
0.0740000000000011	891.170000015936	891.17
0.0760000000000012	891.080000019733	891.08
0.0780000000000012	890.990000023995	890.99
0.0800000000000013	890.900000028754	890.9
0.0820000000000013	890.810000034044	890.81
0.0840000000000014	890.720000039904	890.72
0.0860000000000014	890.630000046374	890.63
0.0880000000000015	890.540000053501	890.54
0.0900000000000016	890.450000061335	890.45
0.0920000000000016	890.360000069928	890.36
0.0940000000000017	890.270000079341	890.27
0.0960000000000017	890.180000089637	890.18
0.0980000000000018	890.090000100886	890.09
0.100000000000002	890.000000113164	890
0.102000000000002	889.910000126551	889.91
0.104000000000002	889.820000141139	889.82
0.106000000000002	889.730000157024	889.73
0.108000000000002	889.640000174311	889.64
0.110000000000002	889.550000193115	889.55
0.112000000000002	889.46000021356	889.46
0.114000000000002	889.370000235785	889.37
0.116000000000002	889.280000259961	889.28
0.118000000000002	889.190000286287	889.19
0.120000000000002	889.100000314984	889.1
0.122000000000002	889.010000346296	889.01
0.124000000000003	888.920000380492	888.92
0.126000000000002	888.830000417873	888.83
0.128000000000002	888.740000458769	888.74
0.130000000000002	888.650000503546	888.65
0.132000000000002	888.560000552612	888.56
0.134000000000002	888.470000606414	888.47
0.136000000000001	888.38000066545	888.38
0.138000000000001	888.290000730269	888.29
0.140000000000001	888.20000080148	888.2
0.142000000000001	888.110000879753	888.11
0.144	888.020000965833	888.02
0.146	887.930001060538	887.93
0.148	887.840001164775	887.84
0.1501	887.745501285578	887.7455
0.1521	887.655501412595	887.6555
0.154099999999999	887.565501552529	887.5655
0.156099999999999	887.475501706727	887.4755
0.158099999999999	887.385501876676	887.3855
0.160099999999999	887.295502064012	887.2955
0.162099999999998	887.205502270536	887.2055
0.164099999999998	887.115502498227	887.1155
0.166099999999998	887.025502749266	887.02551
0.168099999999998	886.935503026044	886.93551
0.170099999999998	886.845503331191	886.84551
0.172099999999997	886.755503667593	886.75551
0.174099999999997	886.665504038413	886.66551
0.176099999999997	886.575504447121	886.57551
0.178099999999997	886.485504897519	886.48551
0.180099999999996	886.395505393769	886.39551
0.182099999999996	886.305505940425	886.30551
0.184099999999996	886.215506542468	886.21552
0.186099999999996	886.125507205341	886.12552
0.188099999999996	886.035507934989	886.03552
0.190099999999995	885.945508737901	885.94552
0.192099999999995	885.855509621156	885.85553
0.194099999999995	885.76551059247	885.76553
0.196099999999995	885.675511660252	885.67553
0.198099999999995	885.585512833654	885.58554
0.200099999999994	885.495514122638	885.49554
0.202099999999994	885.405515538034	885.40554
0.204099999999994	885.315517091615	885.31555
0.206099999999994	885.225518796165	885.22555
0.208099999999993	885.135520665562	885.13556
0.210099999999993	885.045522714862	885.04557
0.212099999999993	884.955524960387	884.95557
0.214099999999993	884.865527419823	884.86558
0.216099999999993	884.77553011232	884.77559
0.218099999999992	884.685533058605	884.6856
0.220099999999992	884.595536281097	884.59561
0.222099999999992	884.505539804032	884.50563
0.224099999999992	884.415543653595	884.415640000001
0.226099999999991	884.325547858058	884.32565
0.228099999999991	884.235552447935	884.23567
0.230099999999991	884.145557456139	884.14569
0.232099999999991	884.055562918151	884.05571
0.234099999999991	883.9655688722	883.96573
0.23609999999999	883.875575359456	883.87575
0.23809999999999	883.78558242423	883.785780000001
0.24009999999999	883.69559011419	883.695810000001
0.24209999999999	883.605598480592	883.60584
0.244099999999989	883.515607578519	883.51587
0.246099999999989	883.425617467137	883.425910000001
0.248099999999989	883.335628209968	883.335940000001
0.250099999999989	883.245639875178	883.245990000001
0.252099999999989	883.155652535878	883.156030000001
0.254099999999988	883.06566627045	883.066090000001
0.256099999999988	882.975681162883	882.976140000001
0.258099999999988	882.885697303135	882.886200000001
0.260099999999988	882.795714787512	882.796270000001
0.262099999999987	882.705733719069	882.706340000001
0.264099999999987	882.615754208036	882.616420000001
0.266099999999987	882.525776372261	882.526500000001
0.268099999999987	882.435800337683	882.436590000001
0.270099999999987	882.345826238831	882.346690000001
0.272099999999986	882.255854219346	882.256800000001
0.274099999999986	882.165884432537	882.166910000001
0.276099999999986	882.075917041956	882.077040000001
0.278099999999986	881.98595222202	881.987170000001
0.280099999999985	881.895990158649	881.897320000001
0.282099999999985	881.806031049946	881.807470000001
0.284099999999985	881.716075106916	881.717640000001
0.286099999999985	881.626122554214	881.627830000001
0.288099999999985	881.53617363093	881.538030000001
0.290099999999984	881.446228591429	881.448240000001
0.292099999999984	881.356287706213	881.358470000001
0.294099999999984	881.266351262844	881.268720000001
0.296099999999984	881.176419566902	881.178980000001
0.298099999999983	881.086492942993	881.089270000001
0.300099999999983	880.996571735811	880.999580000001
0.302099999999983	880.906656311246	880.909910000001
0.304099999999983	880.816747057548	880.820260000001
0.306099999999983	880.72684438655	880.730640000001
0.308099999999982	880.636948734948	880.641050000001
0.310099999999982	880.547060565634	880.551490000001
0.312099999999982	880.457180369107	880.461960000001
0.314099999999982	880.367308664939	880.372470000001
0.316099999999982	880.277446003312	880.283010000001
0.318099999999981	880.187592966625	880.193590000001
0.320099999999981	880.097750171181	880.104210000001
0.322099999999981	880.007918268941	880.014870000001
0.324099999999981	879.918097949367	879.925590000001
0.32609999999998	879.828289941341	879.836340000001
0.32809999999998	879.738495015172	879.747160000001
0.33009999999998	879.648713984691	879.658030000001
0.33209999999998	879.558947709442	879.568950000001
0.33409999999998	879.469197096962	879.479940000001
0.336099999999979	879.379463105165	879.391000000001
0.338099999999979	879.289746744825	879.302120000001
0.340099999999979	879.200049082165	879.213330000001
0.342099999999979	879.110369037222	879.124610000001
0.344099999999978	879.02072074461	879.035970000001
0.346099999999978	878.93107981987	878.947430000001
0.348099999999978	878.841446420612	878.858980000001
0.350099999999978	878.751820709035	878.770620000001
0.352099999999978	878.662202852127	878.682380000001
0.354099999999977	878.572593021871	878.594240000001
0.356099999999977	878.482991395463	878.506230000001
0.358099999999977	878.393398155538	878.418340000001
0.360099999999977	878.303813490407	878.330580000001
0.362099999999976	878.214237594305	878.242960000001
0.364099999999976	878.124890850859	878.155480000001
0.366099999999976	878.036635597565	878.068160000001
0.368099999999976	877.948413235697	877.981010000001
0.370099999999976	877.86022444139	877.894030000001
0.372099999999975	877.772069908589	877.807230000001
0.374099999999975	877.683950350047	877.720620000001
0.376099999999975	877.595866498306	877.634220000001
0.378099999999975	877.507819106693	877.548020000001
0.380099999999974	877.419808950329	877.462050000001
0.382099999999974	877.331836827151	877.376320000001
0.384099999999974	877.243903558961	877.290840000001
0.386099999999974	877.156009992498	877.205610000001
0.388099999999974	877.068157000541	877.120660000001
0.390099999999973	876.980345483038	877.036000000001
0.392099999999973	876.892576368278	876.951640000001
0.394099999999973	876.804850614092	876.867600000001
0.396099999999973	876.7178074634	876.783890000001
0.398099999999972	876.633067223148	876.700530000001
0.400099999999972	876.548418371535	876.617540000001
0.402099999999972	876.463862745828	876.534930000001
0.404099999999972	876.379402236652	876.452720000001
0.406099999999972	876.295038790262	876.370940000001
0.408099999999971	876.210774410845	876.289590000001
0.410099999999971	876.126611162882	876.208710000001
0.412099999999971	876.042422722844	876.128310000001
0.414099999999971	875.958463997357	876.048410000001
0.41609999999997	875.874607928605	875.969040000001
0.41809999999997	875.790856517341	875.890220000001
0.42009999999997	875.707211825921	875.811970000001
0.42209999999997	875.623675980687	875.734320000001
0.42409999999997	875.540251174429	875.657300000001
0.426099999999969	875.456839274143	875.580930000001
0.428099999999969	875.373638550752	875.505240000001
0.430099999999969	875.290549884967	875.430250000001
0.432099999999969	875.207575398694	875.355990000001
0.434099999999969	875.124717276796	875.282500000001
0.436099999999968	875.041977769535	875.209800000001
0.438099999999968	874.959359195074	875.137930000001
0.440099999999968	874.881444139333	875.066910000001
0.442099999999968	874.804780905695	874.996780000001
0.444099999999967	874.728312652313	874.927570000001
0.446099999999967	874.652042758452	874.859310000001
0.448099999999967	874.575814393443	874.792040000001
0.450099999999967	874.499945276277	874.725790000001
0.452099999999967	874.430748339192	874.660600000001
0.454099999999966	874.363200095005	874.596490000001
0.456099999999966	874.295924043201	874.533520000001
0.458099999999966	874.228924098566	874.471700000001
0.460099999999966	874.161887047041	874.411090000001
0.462099999999965	874.095444095032	874.351700000001
0.464099999999965	874.02928141197	874.293590000001
0.466099999999965	873.963403024145	874.236790000001
0.468099999999965	873.897813076901	874.181330000001
0.470099999999965	873.832285779392	874.127250000001
0.472099999999964	873.767281745621	874.074590000001
0.474099999999964	873.702571452542	874.023370000001
0.476099999999964	873.638159219968	873.973650000001
0.478099999999964	873.577646557151	873.925440000001
0.480099999999963	873.524971194501	873.878790000001
0.482099999999963	873.47220570627	873.833730000001
0.484099999999963	873.420208094381	873.790290000001
0.486099999999963	873.368551551063	873.748510000001
0.488099999999963	873.31679749327	873.708410000001
0.490099999999962	873.265831385788	873.670020000001
0.492099999999962	873.214758485554	873.633370000001
0.494099999999962	873.164470030847	873.598500000001
0.496099999999962	873.114521726665	873.565420000001
0.498099999999961	873.064604205591	873.534150000001
0.500099999999961	873.016402468631	873.504730000001
0.502099999999961	872.98177881171	873.47717
0.504099999999961	872.94745482757	873.45148
0.506099999999961	872.913434374502	873.42769
0.50809999999996	872.879167141484	873.40582
0.51009999999996	872.852064716975	873.38586
0.51209999999996	872.835701808029	873.36784
0.51409999999996	872.818844215453	873.35177
0.516099999999959	872.802784714328	873.33764
0.518099999999959	872.786230248745	873.32546
0.520099999999959	872.770464003916	873.31523
0.522099999999959	872.754845289884	873.30695
0.524099999999959	872.73894225186	873.30062
0.526099999999958	872.7231913962	873.29623
0.528099999999958	872.708029073227	873.29377
0.530099999999958	872.693014515264	873.29323
0.532099999999958	872.678153472448	873.2946
0.534099999999958	872.662803304691	873.29786
0.536099999999957	872.647609674312	873.30299
0.538099999999957	872.633217340062	873.30998
0.540099999999957	872.630064803614	873.31879
0.542099999999957	872.634541913021	873.32941
0.544099999999956	872.638629075473	873.34181
0.546099999999956	872.643299557064	873.35595
0.548099999999956	872.64708750075	873.37182
0.550099999999956	872.651466440808	873.38937
0.552099999999956	872.654979056481	873.40857
0.554099999999955	872.67015229836	873.42938
0.556099999999955	872.69486043721	873.45177
0.558099999999955	872.718423266886	873.475699999999
0.560099999999955	872.741403377061	873.501129999999
0.562099999999954	872.764346438661	873.528019999999
0.564099999999954	872.786729114085	873.556319999999
0.566099999999954	872.830342686088	873.585989999999
0.568099999999954	872.872506480733	873.616989999999
0.570099999999954	872.913537414334	873.649269999999
0.572099999999953	872.954297012654	873.682789999999
0.574099999999953	872.993159559681	873.717509999999
0.576099999999953	873.03181236379	873.753369999999
0.578099999999953	873.068657607935	873.790329999999
0.580099999999952	873.104799592583	873.828349999999
0.582099999999952	873.14053467967	873.867369999999
0.584099999999952	873.174826437668	873.907359999999
0.586099999999952	873.208767534153	873.948269999999
0.588099999999952	873.241334114566	873.990049999999
0.590099999999951	873.272830814533	874.032659999999
0.592099999999951	873.304288135587	874.076049999999
0.594099999999951	873.334213168695	874.120179999999
0.596099999999951	873.364143541255	874.164999999999
0.59809999999995	873.392605826126	874.210479999999
0.60009999999995	873.428733629589	874.256569999999
0.60209999999995	873.476614999088	874.303239999999
0.60409999999995	873.523690982708	874.350429999999
0.60609999999995	873.568700065358	874.398119999999
0.608099999999949	873.612720988194	874.446259999999
0.610099999999949	873.656581377789	874.494819999999
0.612099999999949	873.720011561161	874.543759999999
0.614099999999949	873.780700620483	874.593039999999
0.616099999999948	873.839796782365	874.642639999999
0.618099999999948	873.897630512205	874.692509999999
0.620099999999948	873.952975111425	874.742629999999
0.622099999999948	874.007430497027	874.792969999999
0.624099999999948	874.059788300534	874.843489999999
0.626099999999947	874.111121879878	874.894159999999
0.628099999999947	874.160256393296	874.944969999999
0.630099999999947	874.207987144365	874.995879999999
0.632099999999947	874.255078637786	875.046859999999
0.634099999999946	874.320183346742	875.097899999999
0.636099999999946	874.382982732881	875.148959999999
0.638099999999946	874.444546513745	875.200029999999
0.640099999999946	874.503483076682	875.251079999999
0.642099999999946	874.560839155784	875.302089999999
0.644099999999945	874.616922991283	875.353049999999
0.646099999999945	874.670627018868	875.403929999999
0.648099999999945	874.722944300085	875.454719999999
0.650099999999945	874.774163780666	875.505399999999
0.652099999999945	874.82343030708	875.555949999999
0.654099999999944	874.871701665244	875.606369999999
0.656099999999944	874.917933563346	875.656619999999
0.658099999999944	874.963048423892	875.706699999999
0.660099999999944	875.007302730717	875.756609999999
0.662099999999943	875.049682624425	875.806309999999
0.664099999999943	875.091490757721	875.855809999999
0.666099999999943	875.131527313378	875.905099999999
0.668099999999943	875.17105891943	875.954149999999
0.670099999999943	875.220673967265	876.002969999999
0.672099999999942	875.273771325716	876.051549999999
0.674099999999942	875.325880687161	876.099869999999
0.676099999999942	875.375810386409	876.147929999999
0.678099999999942	875.424858519325	876.195719999999
0.680099999999941	875.472056929215	876.243229999999
0.682099999999941	875.518269257448	876.290469999999
0.684099999999941	875.568900726963	876.337419999999
0.686099999999941	875.628428562188	876.384079999999
0.688099999999941	875.685450531437	876.430439999999
0.69009999999994	875.74125297402	876.476499999999
0.69209999999994	875.794911116228	876.522249999999
0.69409999999994	875.847284261534	876.567699999999
0.69609999999994	875.897479172207	876.612829999999
0.698099999999939	875.946140468917	876.657659999999
0.700099999999939	875.99388281989	876.702159999999
0.702099999999939	876.040189388791	876.746349999999
0.704099999999939	876.084758417119	876.790219999999
0.706099999999939	876.12836640383	876.833769999999
0.708099999999938	876.170177309703	876.876989999999
0.710099999999938	876.211291492175	876.919889999999
0.712099999999938	876.250879760596	876.962459999999
0.714099999999938	876.289676963343	877.004709999999
0.716099999999937	876.327039471386	877.046639999999
0.718099999999937	876.363680455268	877.088239999999
0.720099999999937	876.398811049866	877.129509999999
0.722099999999937	876.433450611428	877.170459999999
0.724099999999937	876.466656703687	877.211089999999
0.726099999999936	876.499430954407	877.251389999999
0.728099999999936	876.535598833458	877.291369999999
0.730099999999936	876.579007906399	877.331019999999
0.732099999999936	876.621609648732	877.370359999999
0.734099999999935	876.662476373442	877.409369999999
0.736099999999935	876.702616411196	877.448069999999
0.738099999999935	876.7412761909	877.486449999999
0.740099999999935	876.779130729836	877.524509999999
0.742099999999935	876.815900986316	877.562259999999
0.744099999999934	876.851325760907	877.599689999999
0.746099999999934	876.886049830774	877.636819999999
0.748099999999934	876.919065415652	877.673639999999
0.750099999999934	876.951884917449	877.710149999999
0.752099999999933	876.983499180975	877.746349999999
0.754099999999933	877.014523826584	877.782249999999
0.756099999999933	877.044692995068	877.817859999999
0.758099999999933	877.07361939339	877.853159999999
0.760099999999933	877.102172048218	877.888169999999
0.762099999999932	877.129952758228	877.922879999999
0.764099999999932	877.15658224172	877.957299999999
0.766099999999932	877.182899778008	877.991429999999
0.768099999999932	877.21063656524	878.025279999999
0.770099999999932	877.246590561139	878.058839999999
0.772099999999931	877.281094684144	878.092109999999
0.774099999999931	877.315023315795	878.125109999999
0.776099999999931	877.34798703445	878.157829999999
0.778099999999931	877.37975317562	878.190279999999
0.78009999999993	877.410895392487	878.222449999999
0.78209999999993	877.441170454176	878.254349999999
0.78409999999993	877.470349802119	878.285989999999
0.78609999999993	877.498985522102	878.317349999999
0.78809999999993	877.526459626838	878.348459999999
0.790099999999929	877.559094454917	878.379309999999
0.792099999999929	877.595718192862	878.409899999999
0.794099999999929	877.630883585202	878.440229999999
0.796099999999929	877.665412313804	878.470309999999
0.798099999999928	877.698944371127	878.500149999999
0.800099999999928	877.731142487402	878.529729999999
0.802099999999928	877.762797041768	878.559069999999
0.804099999999928	877.79355643416	878.588159999999
0.806099999999928	877.822727300765	878.617019999999
0.808099999999927	877.851796623224	878.645639999999
0.810099999999927	877.88005197803	878.674019999999
0.812099999999927	877.907171399415	878.702169999999
0.814099999999927	877.933885367021	878.730089999999
0.816099999999926	877.959863377204	878.757779999999
0.818099999999926	877.984902069409	878.785249999999
0.820099999999926	878.0094845073	878.812489999999
0.822099999999926	878.033400721489	878.839509999999
0.824099999999926	878.056450607776	878.866309999999
0.826099999999925	878.079103889641	878.892899999999
0.828099999999925	878.101152755112	878.919269999999
0.830099999999925	878.122399966357	878.945429999999
0.832099999999925	878.142977139507	878.971379999999
0.834099999999924	878.163323433033	878.997119999999
0.836099999999924	878.182920334078	879.022659999999
0.838099999999924	878.202209356645	879.047989999999
0.840099999999924	878.220991192816	879.073129999999
0.842099999999924	878.238973363371	879.098069999999
0.844099999999923	878.256794987561	879.122799999999
0.846099999999923	878.274152466757	879.147349999999
0.848099999999923	878.291061307481	879.171699999999
0.850099999999923	878.307237407962	879.195869999999
0.852099999999922	878.323293629331	879.219839999999
0.854099999999922	878.338938516734	879.243629999999
0.856099999999922	878.353892788705	879.267229999999
0.858099999999922	878.368556899455	879.290659999999
0.860099999999922	878.383034963243	879.313899999999
0.862099999999921	878.396854636302	879.336969999999
0.864099999999921	878.410603555841	879.359849999999
0.866099999999921	878.423999321774	879.382569999999
0.868099999999921	878.437053502726	879.405109999999
0.87009999999992	878.449589386557	879.427479999999
0.87209999999992	878.461991300338	879.449689999999
0.87409999999992	878.474270273047	879.471719999999
0.87609999999992	878.493399447753	879.493599999999
0.87809999999992	878.512314815565	879.515299999999
0.880099999999919	878.530734459561	879.536849999999
0.882099999999919	878.548485504926	879.558239999999
0.884099999999919	878.565682161132	879.579469999999
0.886099999999919	878.582706093843	879.600539999999
0.888099999999919	878.599284712871	879.621459999999
0.890099999999918	878.615248668796	879.642229999999
0.892099999999918	878.630977541738	879.662839999999
0.894099999999918	878.646297510216	879.683309999999
0.896099999999918	878.66122180868	879.703629999999
0.898099999999917	878.675497202725	879.723799999999
0.900099999999917	878.689666707404	879.743829999999
0.902099999999917	878.703472069971	879.763709999999
0.904099999999917	878.716663807932	879.783449999999
0.906099999999917	878.729513416309	879.803049999999
0.908099999999916	878.742283379095	879.822519999999
0.910099999999916	878.754722104908	879.841839999999
0.912099999999916	878.766585771456	879.861029999999
0.914099999999916	878.784524054072	879.880089999999
0.916099999999915	878.80285088679	879.899009999999
0.918099999999915	878.820691326135	879.917799999999
0.920099999999915	878.83780257432	879.936469999999
0.922099999999915	878.8547153096	879.954999999999
0.924099999999915	878.87118240717	879.973399999999
0.926099999999914	878.88721822518	879.991679999999
0.928099999999914	878.902585962462	880.009839999999
0.930099999999914	878.917799007983	880.027869999999
0.932099999999914	878.932616167781	880.045779999999
0.934099999999913	878.94688469537	880.063569999999
0.936099999999913	878.960780370648	880.081239999999
0.938099999999913	878.974473323484	880.098789999999
0.940099999999913	878.987809050747	880.116229999999
0.942099999999913	879.000638338793	880.133539999999
0.944099999999912	879.013290847815	880.150749999999
0.946099999999912	879.025614250845	880.167839999999
0.948099999999912	879.037618853554	880.184819999999
0.950099999999912	879.049158256943	880.201689999999
0.952099999999911	879.060553217024	880.218439999999
0.954099999999911	879.071653303108	880.235089999999
0.956099999999911	879.084216781563	880.251629999999
0.958099999999911	879.100850181718	880.268069999999
0.960099999999911	879.117205254665	880.284399999999
0.96209999999991	879.133131062117	880.300619999999
0.96409999999991	879.148641256762	880.316739999999
0.96609999999991	879.163518398556	880.332759999999
0.96809999999991	879.178005474611	880.348679999999
0.970099999999909	879.192338201251	880.364499999999
0.972099999999909	879.206296088318	880.380209999999
0.974099999999909	879.219666758712	880.395829999999
0.976099999999909	879.232909521242	880.411359999999
0.978099999999909	879.245806451712	880.426779999999
0.980099999999908	879.258368246906	880.442109999999
0.982099999999908	879.270605262464	880.457349999999
0.984099999999908	879.282310519813	880.472489999999
0.986099999999908	879.29392544366	880.487539999999
0.988099999999908	879.30524028856	880.502499999999
0.990099999999907	879.316051414198	880.517369999999
0.992099999999907	879.326579994525	880.532149999999
0.994099999999907	879.337041356945	880.546839999999
0.996099999999907	879.347227642507	880.561439999999
0.998099999999906	879.357147234435	880.575949999999
1.00009999999991	879.366601506383	880.590379999999
1.00209999999991	879.375803842885	880.604719999999
1.00409999999991	879.38496206854	880.618979999999
1.00609999999991	879.393875405147	880.633149999999
1.00809999999991	879.402349096716	880.647239999999
1.01009999999991	879.410795185703	880.661249999999
1.0120999999999	879.419013528369	880.675179999999
1.0140999999999	879.427011030885	880.689019999999
1.0160999999999	879.434794407614	880.702789999999
1.0180999999999	879.442173648608	880.716479999999
1.0200999999999	879.449547422612	880.730089999999
1.0220999999999	879.456721494169	880.743619999999
1.0240999999999	879.463701975921	880.757069999999
1.0260999999999	879.470364773283	880.770449999999
1.0280999999999	879.476842860002	880.783749999999
1.0300999999999	879.483266384246	880.796979999999
1.0320999999999	879.489510324961	880.810129999999
1.0340999999999	879.495452959499	880.823209999999
1.0360999999999	879.501353601966	880.836209999999
1.0380999999999	879.506959960273	880.849149999999
1.0400999999999	879.512526030846	880.862009999999
1.0420999999999	879.517929669766	880.874799999999
1.0440999999999	879.522990620856	880.887529999999
1.0460999999999	879.528084502126	880.900179999999
1.0480999999999	879.53302585543	880.912759999999
1.0500999999999	879.537819375869	880.925279999999
1.0520999999999	879.54246964343	880.937729999999
1.0540999999999	879.546859523388	880.950109999999
1.0560999999999	879.551235787433	880.962419999999
1.0580999999999	879.555477759578	880.974669999999
1.0600999999999	879.559589662937	880.986859999999
1.0620999999999	879.563397679738	880.998979999999
1.0640999999999	879.567083185438	881.011029999999
1.0660999999999	879.570824710835	881.023019999999
1.0680999999999	879.574443992937	881.034949999999
1.0700999999999	879.577944939524	881.046819999999
1.0720999999999	879.581156859167	881.058619999999
1.0740999999999	879.584733124195	881.070369999999
1.0760999999999	879.592678295651	881.082049999999
1.0780999999999	879.6004109782	881.093669999999
1.0800999999999	879.6079374348	881.105239999999
1.0820999999999	879.615144252987	881.116739999999
1.0840999999999	879.62227526274	881.128189999999
1.0860999999999	879.629213917129	881.139569999999
1.0880999999999	879.635965900352	881.150899999999
1.0900999999999	879.642419298525	881.162179999999
1.0920999999999	879.648636921672	881.173389999999
1.0940999999999	879.654853486534	881.184549999999
1.0960999999999	879.660895780699	881.195659999999
1.0980999999999	879.666768943189	881.206709999999
1.1000999999999	879.672307458271	881.217699999999
1.1020999999999	879.677856764574	881.228639999999
1.10409999999989	879.683133523789	881.239529999999
1.10609999999989	879.688366726537	881.250359999999
1.10809999999989	879.693446805866	881.261139999999
1.11009999999989	879.698266255665	881.271869999999
1.11209999999989	879.703053334782	881.282539999999
1.11409999999989	879.710495277505	881.293169999999
1.11609999999989	879.719485349848	881.303739999999
1.11809999999989	879.728237894954	881.314269999999
1.12009999999989	879.736759773674	881.324739999999
1.12209999999989	879.744888941305	881.335159999999
1.12409999999989	879.752967062841	881.345529999999
1.12609999999989	879.760829674419	881.355859999999
1.12809999999989	879.768482984024	881.366129999999
1.13009999999989	879.775767932501	881.376359999999
1.13209999999989	879.782853926095	881.386539999999
1.13409999999989	879.789907661873	881.396669999999
1.13609999999989	879.796766767798	881.40676
1.13809999999989	879.803436810234	881.416789999999
1.14009999999989	879.809815320418	881.426789999999
1.14209999999989	879.816122242503	881.43673
1.14409999999989	879.822092908066	881.44663
1.14609999999989	879.828048388324	881.45649
1.14809999999989	879.833832695451	881.4663
1.15009999999989	879.839450717922	881.47606
1.15209999999989	879.844750999821	881.48579
1.15409999999989	879.850048572889	881.49546
1.15609999999989	879.855189834557	881.5051
1.15809999999989	879.860179274555	881.51469
1.16009999999989	879.865021270633	881.52424
1.16209999999989	879.86961749315	881.53374
1.16409999999989	879.874176729663	881.54321
1.16609999999989	879.878597012261	881.55263
1.16809999999989	879.882882373449	881.56201
1.17009999999989	879.887036748605	881.57135
1.17209999999989	879.890963275367	881.58065
1.17409999999989	879.89476410871	881.58991
1.17609999999989	879.898540328018	881.599129999999
1.17809999999989	879.902193621811	881.60831
1.18009999999989	879.905727603694	881.61744
1.18209999999989	879.908999131009	881.62654
1.18409999999989	879.91230519818	881.6356
1.18609999999989	879.91540117011	881.64463
1.18809999999989	879.918483376696	881.65361
1.19009999999989	879.921456264878	881.66256
1.19209999999989	879.92432310013	881.67146
1.19409999999988	879.926991085262	881.68033
1.19609999999988	879.929653764716	881.68917
1.19809999999988	879.93221594331	881.69796
1.20009999999988	879.934680665027	881.70672
1.20209999999988	879.937147635438	881.715439999999
1.20409999999988	879.943294617498	881.724129999999
1.20609999999988	879.94912628128	881.73278
1.20809999999988	879.95493765029	881.7414
1.21009999999988	879.960585138207	881.74998
1.21209999999988	879.966073334417	881.75852
1.21409999999988	879.971263584486	881.76703
1.21609999999988	879.976446598155	881.77551
1.21809999999988	879.981338081362	881.78395
1.22009999999988	879.986223860106	881.79235
1.22209999999988	879.990964179446	881.80073
1.22409999999988	879.995563126017	881.80907
1.22609999999988	879.999885389013	881.81737
1.22809999999988	880.004213422353	881.82565
1.23009999999988	880.008270190567	881.83389
1.23209999999988	880.012333697764	881.84209
1.23409999999988	880.016267487374	881.85027
1.23609999999988	880.020075229398	881.85841
1.23809999999988	880.023624654609	881.86652
1.24009999999988	880.027191451418	881.8746
1.24209999999988	880.03063933137	881.88265
1.24409999999988	880.033971699253	881.89067
1.24609999999988	880.037191881519	881.89865
1.24809999999988	880.040170245685	881.90661
1.25009999999988	880.043173861126	881.91453
1.25209999999988	880.045982080382	881.92242
1.25409999999988	880.048772709168	881.93029
1.25609999999988	880.051459764419	881.93812
1.25809999999988	880.054046264752	881.94592
1.26009999999988	880.05644806444	881.9537
1.26209999999988	880.058840711207	881.96144
1.26409999999988	880.061051306035	881.96916
1.26609999999988	880.063253748183	881.97684
1.26809999999988	880.065363382909	881.9845
1.27009999999988	880.067382952039	881.99213
1.27209999999988	880.06922982816	881.99973
1.27409999999988	880.071076931725	882.0073
1.27609999999988	880.072754189794	882.01485
1.27809999999988	880.074431592058	882.02236
1.28009999999988	880.076025248616	882.02985
1.28209999999988	880.077537667021	882.03731
1.28409999999988	880.07897130292	882.04475
1.28609999999987	880.080244920261	882.05215
1.28809999999987	880.081525201449	882.05953
1.29009999999987	880.082730466114	882.06688
1.29209999999987	880.083863022662	882.07421
1.29409999999987	880.084842874841	882.08151
1.29609999999987	880.085836132629	882.08879
1.29809999999987	880.086638401772	882.09603
1.30009999999987	880.087494171738	882.10326
1.30209999999987	880.088281452851	882.11045
1.30409999999987	880.089002394423	882.11762
1.30609999999987	880.089659103762	882.12477
1.30809999999987	880.09013355499	882.13189
1.31009999999987	880.090665990469	882.13898
1.31209999999987	880.09101747991	882.14605
1.31409999999987	880.091426320527	882.1531
1.31609999999987	880.09177452442	882.16012
1.31809999999987	880.092064066569	882.16712
1.32009999999987	880.092178910363	882.17409
1.32209999999987	880.09235628895	882.18104
1.32409999999987	880.093810977068	882.18796
1.32609999999987	880.097069340642	882.194859999999
1.32809999999987	880.100215558285	882.20174
1.33009999999987	880.103252704552	882.20859
1.33209999999987	880.106183784539	882.21542
1.33409999999987	880.108892190212	882.22223
1.33609999999987	880.111617959718	882.22901
1.33809999999987	880.114243042381	882.23577
1.34009999999987	880.116770241308	882.24251
1.34209999999987	880.119202298299	882.24922
1.34409999999987	880.121424295607	882.255919999999
1.34609999999987	880.123593185658	882.26259
1.34809999999987	880.125749662274	882.26924
1.35009999999987	880.127815469386	882.27586
1.35209999999987	880.129793166617	882.28247
1.35409999999987	880.131685259396	882.28905
1.35609999999987	880.133379296681	882.29561
1.35809999999987	880.135106887682	882.30215
1.36009999999987	880.136638768261	882.30866
1.36209999999987	880.138204247683	882.31516
1.36409999999987	880.139689669365	882.32164
1.36609999999987	880.141097350602	882.32809
1.36809999999987	880.142429561445	882.33452
1.37009999999987	880.143576417745	882.34093
1.37209999999987	880.144762949884	882.34733
1.37409999999987	880.147945216194	882.3537
1.37609999999986	880.152004362682	882.36005
1.37809999999986	880.15593727402	882.36638
1.38009999999986	880.159633085295	882.37269
1.38209999999986	880.163321207421	882.37898
1.38409999999986	880.166775488816	882.38525
1.38609999999986	880.170223515341	882.3915
1.38809999999986	880.173553963058	882.39773
1.39009999999986	880.176769956168	882.40394
1.39209999999986	880.179874547114	882.41013
1.39409999999986	880.182759631987	882.4163
1.39609999999986	880.185648021542	882.42246
1.39809999999986	880.18832009189	882.42859
1.40009999999986	880.190996859805	882.4347
1.40209999999986	880.193570133584	882.4408
1.40409999999986	880.196042684175	882.44688
1.40609999999986	880.198417221418	882.45294
1.40809999999986	880.200623733197	882.45897
1.41009999999986	880.202807512605	882.465
1.41209999999986	880.20482584643	882.471
1.41409999999986	880.206822763564	882.47698
1.41609999999986	880.208728418836	882.48295
1.41809999999986	880.210545278676	882.488899999999
1.42009999999986	880.212275757225	882.49483
1.42209999999986	880.213816852034	882.50074
1.42409999999986	880.215379389257	882.50663
1.42609999999986	880.216859245109	882.51251
1.42809999999986	880.218258696022	882.51837
1.43009999999986	880.219579971575	882.52421
1.43209999999986	880.220755880381	882.53003
1.43409999999986	880.221925439227	882.53584
1.43609999999986	880.222951337625	882.54163
1.43809999999986	880.223971732537	882.5474
1.44009999999986	880.224918833535	882.55316
1.44209999999986	880.225794697873	882.5589
1.44409999999986	880.226601341993	882.56462
1.44609999999986	880.227272973076	882.57032
1.44809999999986	880.227946001069	882.57601
1.45009999999986	880.228452509799	882.58169
1.45209999999986	880.228994553673	882.58734
1.45409999999986	880.22947161947	882.59298
1.45609999999986	880.229885585184	882.5986
1.45809999999986	880.230238292868	882.60421
1.46009999999986	880.230531549599	882.6098
1.46209999999986	880.230668054238	882.61537
1.46409999999986	880.230746542519	882.62093
1.46609999999985	880.230866573789	882.62647
1.46809999999985	880.230928595432	882.631999999999
1.47009999999985	880.23093434083	882.63751
1.47209999999985	880.230885511287	882.64301
1.47409999999985	880.230783776881	882.64849
1.47609999999985	880.230565839242	882.65395
1.47809999999985	880.23036107027	882.6594
1.48009999999985	880.230105616905	882.66484
1.48209999999985	880.229801070345	882.67025
1.48409999999985	880.229448993406	882.67566
1.48609999999985	880.228955592909	882.68105
1.48809999999985	880.228512259377	882.68642
1.49009999999985	880.227928203399	882.69178
1.49209999999985	880.227393740832	882.69712
1.49409999999985	880.226813502923	882.70245
1.49609999999985	880.226188977191	882.70777
1.49809999999985	880.225521625401	882.71307
1.50009999999985	880.224812884223	882.71835
1.50209999999985	880.223970422485	882.72362
1.50409999999985	880.223180442015	882.72888
1.50609999999985	880.222257031642	882.73412
1.50809999999985	880.221385477376	882.739349999999
1.51009999999985	880.220473611163	882.74456
1.51209999999985	880.219522814473	882.74976
1.51409999999985	880.218534445697	882.75495
1.51609999999985	880.217418008467	882.76012
1.51809999999985	880.216357240419	882.76528
1.52009999999985	880.215168640167	882.770419999999
1.52209999999985	880.214034927688	882.77555
1.52409999999985	880.212864336024	882.78067
1.52609999999985	880.211658177538	882.78577
1.52809999999985	880.212465697309	882.79086
1.53009999999985	880.213636789014	882.79594
1.53209999999985	880.214641150642	882.801
1.53409999999985	880.215665194218	882.80605
1.53609999999985	880.216617038144	882.81109
1.53809999999985	880.217498661927	882.81611
1.54009999999985	880.218312006096	882.82112
1.54209999999985	880.218997584767	882.826119999999
1.54409999999985	880.219678968842	882.8311
1.54609999999985	880.220204022969	882.836069999999
1.54809999999985	880.22075616793	882.84103
1.55009999999985	880.221244033408	882.84597
1.55209999999985	880.221669425982	882.85091
1.55409999999985	880.222034117915	882.85583
1.55609999999985	880.222339848075	882.86073
1.55809999999984	880.222528163588	882.86563
1.56009999999984	880.222718713355	882.87051
1.56209999999984	880.222792850765	882.87538
1.56409999999984	880.222869638272	882.88024
1.56609999999984	880.222890312138	882.88508
1.56809999999984	880.222856501955	882.88991
1.57009999999984	880.222769807603	882.89473
1.57209999999984	880.222631800031	882.89954
1.57409999999984	880.222384919247	882.90434
1.57609999999984	880.222146065212	882.90912
1.57809999999984	880.221799206804	882.91389
1.58009999999984	880.221460112759	882.91865
1.58209999999984	880.22107160614	882.9234
1.58409999999984	880.220548946575	882.92814
1.58609999999984	880.220065160574	882.93286
1.58809999999984	880.219475626329	882.93758
1.59009999999984	880.218895978464	882.94228
1.59209999999984	880.218268091915	882.94697
1.59409999999984	880.21759339649	882.95164
1.59609999999984	880.216873297138	882.95631
1.59809999999984	880.216109174583	882.96097
1.60009999999984	880.215218071879	882.96561
1.60209999999984	880.214368910758	882.97024
1.60409999999984	880.213420571231	882.97486
1.60609999999984	880.212485968945	882.97947
1.60809999999984	880.211508618128	882.98407
1.61009999999984	880.210489837889	882.98866
1.61209999999984	880.209430925202	882.99324
1.61409999999984	880.208333155464	882.9978
1.61609999999984	880.207115148391	883.00236
1.61809999999984	880.205942377193	883.0069
1.62009999999984	880.204649597398	883.01143
1.62209999999984	880.203401809321	883.01595
1.62409999999984	880.202116057993	883.02047
1.62609999999984	880.200793578215	883.02497
1.62809999999984	880.199435584776	883.02946
1.63009999999984	880.198043272946	883.03393
1.63209999999984	880.196536718611	883.0384
1.63409999999984	880.195077896964	883.04286
1.63609999999984	880.193945780651	883.04731
1.63809999999984	880.194620026135	883.05174
1.64009999999984	880.195226525148	883.05617
1.64209999999984	880.195767062903	883.06059
1.64409999999984	880.196188021058	883.06499
1.64609999999984	880.196600265693	883.06939
1.64809999999983	880.196867284977	883.07377
1.65009999999983	880.197153948836	883.07815
1.65209999999983	880.197378157887	883.08251
1.65409999999983	880.197541580985	883.08687
1.65609999999983	880.19764585567	883.09121
1.65809999999983	880.197692588995	883.09555
1.66009999999983	880.197629368906	883.09987
1.66209999999983	880.197564454223	883.10418
1.66409999999983	880.197364233277	883.10849
1.66609999999983	880.197189854353	883.11278
1.66809999999983	880.19696050916	883.11707
1.67009999999983	880.196677713518	883.12134
1.67209999999983	880.196342955915	883.12561
1.67409999999983	880.195957698214	883.12987
1.67609999999983	880.19547063958	883.13411
1.67809999999983	880.194987928479	883.13835
1.68009999999983	880.19445652	883.14258
1.68209999999983	880.19382508645	883.14679
1.68409999999983	880.193197849041	883.151
1.68609999999983	880.192523613028	883.1552
1.68809999999983	880.191803731231	883.15939
1.69009999999983	880.191039533205	883.16357
1.69209999999983	880.190232325832	883.16774
1.69409999999983	880.18933164896	883.1719
1.69609999999983	880.188440045072	883.17605
1.69809999999983	880.188606093413	883.1802
1.70009999999983	880.189699909008	883.18433
1.70209999999983	880.190719405583	883.18845
1.70409999999983	880.191666460709	883.19257
1.70609999999983	880.192464854028	883.19668
1.70809999999983	880.193270567712	883.20077
1.71009999999983	880.193954748028	883.20486
1.71209999999983	880.194621479306	883.20894
1.71409999999983	880.195219636658	883.21301
1.71609999999983	880.195750961535	883.21707
1.71809999999983	880.196217161629	883.22112
1.72009999999983	880.196619911791	883.22517
1.72209999999983	880.196884925578	883.2292
1.72409999999983	880.197165014473	883.23323
1.72609999999983	880.197383949318	883.23725
1.72809999999983	880.197492306189	883.24126
1.73009999999983	880.197590708317	883.24526
1.73209999999983	880.197630060475	883.24925
1.73409999999983	880.197611897985	883.25323
1.73609999999983	880.197537727799	883.25721
1.73809999999983	880.197409029245	883.26117
1.74009999999982	880.197153306271	883.26513
1.74209999999982	880.196917898414	883.26908
1.74409999999982	880.196556124796	883.27302
1.74609999999982	880.196215117771	883.27695
1.74809999999982	880.195821192467	883.28088
1.75009999999982	880.195375755001	883.28479
1.75209999999982	880.194807642407	883.2887
1.75409999999982	880.194262159398	883.2926
1.75609999999982	880.193666262464	883.29649
1.75809999999982	880.192948960316	883.30037
1.76009999999982	880.192253774216	883.30425
1.76209999999982	880.191509686527	883.30811
1.76409999999982	880.190718012891	883.31197
1.76609999999982	880.189880046066	883.31582
1.76809999999982	880.188997056511	883.31966
1.77009999999982	880.187999601366	883.3235
1.77209999999982	880.187029099693	883.32732
1.77409999999982	880.185944513913	883.33114
1.77609999999982	880.184887350351	883.33495
1.77809999999982	880.183786385167	883.33876
1.78009999999982	880.182642837585	883.34255
1.78209999999982	880.181457906339	883.34634
1.78409999999982	880.180232770196	883.35012
1.78609999999982	880.178968588442	883.35389
1.78809999999982	880.177597313101	883.35765
1.79009999999982	880.176256808732	883.36141
1.79209999999982	880.174809590031	883.36516
1.79409999999982	880.173393601943	883.3689
1.79609999999982	880.171939510932	883.37263
1.79809999999982	880.170448431347	883.37635
1.80009999999982	880.168921459597	883.38007
1.80209999999982	880.167359674593	883.38378
1.80409999999982	880.165764138174	883.38749
1.80609999999982	880.164090422379	883.39118
1.80809999999982	880.162428650967	883.39487
1.81009999999982	880.160689061963	883.39855
1.81209999999982	880.158961788503	883.40222
1.81409999999982	880.157201594924	883.40589
1.81609999999982	880.155409500087	883.40955
1.81809999999982	880.15358650715	883.4132
1.82009999999982	880.151688235712	883.41684
1.82209999999982	880.149803385378	883.42048
1.82409999999982	880.147822033412	883.42411
1.82609999999982	880.145876055411	883.42773
1.82809999999982	880.14389949347	883.43134
1.83009999999981	880.141893316921	883.43495
1.83209999999981	880.139858480492	883.43855
1.83409999999981	880.13779592466	883.44214
1.83609999999981	880.135706575987	883.44573
1.83809999999981	880.133547109197	883.44931
1.84009999999981	880.131404108802	883.45288
1.84209999999981	880.12919115891	883.45645
1.84409999999981	880.126994729054	883.46
1.84609999999981	880.124771586839	883.46356
1.84809999999981	880.122522630577	883.4671
1.85009999999981	880.120248745572	883.47064
1.85209999999981	880.117950804426	883.47417
1.85409999999981	880.11562966734	883.47769
1.85609999999981	880.113221873582	883.48121
1.85809999999981	880.110854489194	883.48472
1.86009999999981	880.108421257375	883.48822
1.86209999999981	880.106007006302	883.49172
1.86409999999981	880.103568917703	883.49521
1.86609999999981	880.101107835158	883.49869
1.86809999999981	880.098624590434	883.50216
1.87009999999981	880.096120003756	883.50563
1.87209999999981	880.093594884077	883.5091
1.87409999999981	880.090987133397	883.51255
1.87609999999981	880.08842166123	883.516
1.87809999999981	880.085773030146	883.51944
1.88009999999981	880.083166649405	883.52288
1.88209999999981	880.080538822396	883.52631
1.88409999999981	880.077890347304	883.52973
1.88609999999981	880.075222011474	883.53315
1.88809999999981	880.072472335536	883.53656
1.89009999999981	880.069764470577	883.53996
1.89209999999981	880.066975008818	883.54336
1.89409999999981	880.064227151694	883.54675
1.89609999999981	880.061458614038	883.55013
1.89809999999981	880.058670179452	883.55351
1.90009999999981	880.055862621028	883.55688
1.90209999999981	880.053036701591	883.56025
1.90409999999981	880.050193173939	883.5636
1.90609999999981	880.047271843285	883.56696
1.90809999999981	880.044394113484	883.5703
1.91009999999981	880.041498855648	883.57364
1.91209999999981	880.038525775964	883.57698
1.91409999999981	880.03559522592	883.5803
1.91609999999981	880.032647082227	883.58362
1.91809999999981	880.029682078423	883.58694
1.9200999999998	880.02670093863	883.59025
1.9220999999998	880.023704377771	883.59355
1.9240999999998	880.020652898737	883.59684
1.9260999999998	880.017626928845	883.60013
1.9280999999998	880.01458563609	883.60342
1.9300999999998	880.011470015631	883.6067
1.9320999999998	880.008398705731	883.60997
1.9340999999998	880.005312015054	883.61323
1.9360999999998	880.002210646718	883.61649
1.9380999999998	879.999298214046	883.61975
1.9400999999998	879.997782530275	883.62299
1.9420999999998	879.996230630896	883.62624
1.9440999999998	879.994582668804	883.62947
1.9460999999998	879.992959760821	883.6327
1.9480999999998	879.991260954546	883.63593
1.9500999999998	879.989567254979	883.63914
1.9520999999998	879.987837502638	883.64235
1.9540999999998	879.986072708657	883.64556
1.9560999999998	879.984273868319	883.64876
1.9580999999998	879.982401735315	883.65196
1.9600999999998	879.98053579322	883.65514
1.9620999999998	879.978596737931	883.65833
1.9640999999998	879.976664425643	883.6615
1.9660999999998	879.974698723036	883.66467
1.9680999999998	879.97270058788	883.66784
1.9700999999998	879.9706709633	883.671
1.9720999999998	879.968610778127	883.67415
1.9740999999998	879.966520947251	883.6773
1.9760999999998	879.964363168718	883.68044
1.9780999999998	879.962216011015	883.68358
1.9800999999998	879.960039794086	883.68671
1.9820999999998	879.957777203343	883.68983
1.9840999999998	879.95554402932	883.69295
1.9860999999998	879.953282231942	883.69607
1.9880999999998	879.950992688897	883.69918
1.9900999999998	879.94867626509	883.70228
1.9920999999998	879.946333812947	883.70538
1.9940999999998	879.943966172711	883.70847
1.9960999999998	879.941516853559	883.71155
1.9980999999998	879.939099894198	883.71463
