t	fg_A
0	0	0
0.002	0	0
0.0041	1.03844603925722E-06	3.03014E-06
0.006	1.06264460323515E-06	3.02756E-06
0.00800000000000001	1.10654648338524E-06	3.02877E-06
0.0101	1.17343623904127E-06	3.0386E-06
0.0121	1.25732373542678E-06	3.04356E-06
0.0141	1.36122070439115E-06	3.05022E-06
0.0161	1.48539265876063E-06	3.05899999999999E-06
0.0180999999999999	1.63006338321652E-06	3.07034999999999E-06
0.0200999999999999	1.79542197609242E-06	3.08475999999999E-06
0.0220999999999999	1.98163009882876E-06	3.10274999999999E-06
0.0240999999999999	2.18882859604286E-06	3.12487999999998E-06
0.0260999999999999	2.41714306078055E-06	3.15171999999998E-06
0.0280999999999999	2.66668824091731E-06	3.18391999999998E-06
0.0300999999999999	2.93757137409835E-06	3.22214999999998E-06
0.0320999999999999	3.22989462378765E-06	3.26712999999998E-06
0.0341	3.54375680686737E-06	3.31965999999999E-06
0.036	3.86196437667777E-06	3.35835E-06
0.0380000000000001	4.21810426938858E-06	3.42789000000002E-06
0.0400000000000001	4.59606484162235E-06	3.50782000000003E-06
0.0420000000000002	4.99594009308438E-06	3.59925000000004E-06
0.0440000000000002	5.41782370813637E-06	3.70338000000006E-06
0.0460000000000003	5.86180916303223E-06	3.82153000000007E-06
0.0480000000000003	6.32798977258314E-06	3.95516000000009E-06
0.0500000000000004	6.81645869805131E-06	4.1058600000001E-06
0.0520000000000005	7.32730893123015E-06	4.27542000000012E-06
0.0540000000000005	7.86063326483872E-06	4.46577000000013E-06
0.0560000000000006	8.41652425598368E-06	4.67908000000014E-06
0.0580000000000006	8.99507418710345E-06	4.91773000000015E-06
0.0600000000000007	9.59637502720234E-06	5.18435000000016E-06
0.0620000000000007	1.02205183950887E-05	5.48187000000016E-06
0.0640000000000008	1.08675955255933E-05	5.81349000000016E-06
0.0660000000000009	1.15376972392547E-05	6.18279000000016E-06
0.0680000000000009	1.22309139156371E-05	6.59367000000015E-06
0.070000000000001	1.29474536375656E-05	7.05048000000014E-06
0.072000000000001	1.53141802620162E-05	7.55798000000012E-06
0.0740000000000011	1.78063432942169E-05	8.12141000000009E-06
0.0760000000000012	2.04296991927019E-05	8.74655000000006E-06
0.0780000000000012	2.31906306773029E-05	9.43974000000001E-06
0.0800000000000013	2.60960261346853E-05	1.08421000000011E-05
0.0820000000000013	2.91532883152613E-05	1.26201000000013E-05
0.0840000000000014	3.23703506387709E-05	1.46585000000015E-05
0.0860000000000014	3.57556991214526E-05	1.69893000000018E-05
0.0880000000000015	3.93183987982993E-05	1.96483000000021E-05
0.0900000000000016	4.30681239968329E-05	2.26746000000025E-05
0.0920000000000016	4.70151921043638E-05	2.6110800000003E-05
0.0940000000000017	5.11706006475752E-05	3.00040000000034E-05
0.0960000000000017	5.55460676169438E-05	3.4405300000004E-05
0.0980000000000018	6.01540750419667E-05	3.93706000000047E-05
0.100000000000002	6.50079158666801E-05	4.49608000000054E-05
0.102000000000002	7.01217441910273E-05	5.12417000000064E-05
0.104000000000002	7.55106289333386E-05	5.82854000000073E-05
0.106000000000002	8.11906109474141E-05	6.61694000000084E-05
0.108000000000002	8.71787636673098E-05	7.49779000000097E-05
0.110000000000002	9.3493257704385E-05	8.48019000000111E-05
0.112000000000002	0.000100153431220097	9.57396000000125E-05
0.114000000000002	0.000107179867588171	0.000107897000000014
0.116000000000002	0.000114663578570117	0.000121387000000016
0.118000000000002	0.000122752058716388	0.000136334000000019
0.120000000000002	0.000132830305359112	0.000152869000000021
0.122000000000002	0.000144320160198013	0.000171132000000024
0.124000000000003	0.000156860070205764	0.000191276000000027
0.126000000000002	0.000170534882863921	0.000213463000000028
0.128000000000002	0.000185435199827847	0.000237866000000028
0.130000000000002	0.000201657680877039	0.000264670000000028
0.132000000000002	0.000219305358765543	0.000294074000000027
0.134000000000002	0.000238487965068348	0.000326289000000026
0.136000000000001	0.000259322267088775	0.000361539000000025
0.138000000000001	0.000281932415855687	0.000400064000000022
0.140000000000001	0.000306450305184525	0.00044211800000002
0.142000000000001	0.000339553063978081	0.000487974000000016
0.144	0.000390131593085386	0.000537918000000013
0.146	0.000445164417581005	0.000592255000000007
0.148	0.000504979323704793	0.000651309000000001
0.1501	0.000573311839057641	0.000718767999999992
0.1521	0.000644037524119103	0.000788584999999984
0.154099999999999	0.000720668397908887	0.000864227999999976
0.156099999999999	0.000803616103406111	0.000946103999999963
0.158099999999999	0.000884448750535767	0.00103
0.160099999999999	0.000956068080350175	0.00113
0.162099999999998	0.00103384916171758	0.00123
0.164099999999998	0.00111821507985393	0.00134
0.166099999999998	0.00122440513364473	0.00146
0.168099999999998	0.00137968782295426	0.00159
0.170099999999998	0.00149830205950257	0.00173
0.172099999999997	0.00162760685865348	0.00187999999999974
0.174099999999997	0.00176832128551186	0.00203999999999972
0.176099999999997	0.00192120019235425	0.00221
0.178099999999997	0.00208703526216368	0.00239999999999967
0.180099999999996	0.00227672106334197	0.00259999999999965
0.182099999999996	0.00249870655869287	0.00280999999999963
0.184099999999996	0.00273323807918111	0.0030299999999996
0.186099999999996	0.00295209421666443	0.00327999999999917
0.188099999999996	0.00316040008550666	0.00353999999999912
0.190099999999995	0.00338751500503078	0.00380999999999954
0.192099999999995	0.00363460358374667	0.00410999999999902
0.194099999999995	0.00392632372854783	0.00441999999999899
0.196099999999995	0.00428332665062185	0.00474999999999947
0.198099999999995	0.00463267800145566	0.0051099999999989
0.200099999999994	0.0049880181321587	0.00548999999999886
0.202099999999994	0.00534072966320249	0.00588999999999881
0.204099999999994	0.00570310630407074	0.00631999999999815
0.206099999999994	0.00615695040666845	0.00676999999999809
0.208099999999993	0.00662241370093827	0.00724999999999802
0.210099999999993	0.00708265400983989	0.00775999999999795
0.212099999999993	0.00758451208693223	0.00829999999999788
0.214099999999993	0.00811356640383579	0.00886999999999782
0.216099999999993	0.00870714040447581	0.00946999999999776
0.218099999999992	0.0093058906040628	0.0101099999999977
0.220099999999992	0.00989308932260355	0.0107799999999976
0.222099999999992	0.0105223062339786	0.0114899999999976
0.224099999999992	0.0112823229638295	0.0122399999999967
0.226099999999991	0.0120832475155373	0.0130299999999966
0.228099999999991	0.0128074652979379	0.0138599999999965
0.230099999999991	0.0135842479177182	0.0147299999999964
0.232099999999991	0.0144526295131856	0.0156499999999963
0.234099999999991	0.0154259348024548	0.0166199999999953
0.23609999999999	0.0163535804961748	0.0176299999999952
0.23809999999999	0.0173118644386571	0.0186899999999941
0.24009999999999	0.0184401145826853	0.0197999999999939
0.24209999999999	0.0194842120026331	0.0209599999999938
0.244099999999989	0.0205830972343733	0.0221799999999926
0.246099999999989	0.0217810068520516	0.0234399999999935
0.248099999999989	0.0230144453674414	0.0247699999999923
0.250099999999989	0.0242498213412802	0.0261499999999922
0.252099999999989	0.02556711300025	0.027579999999992
0.254099999999988	0.027047081561229	0.0290699999999919
0.256099999999988	0.0285325170406679	0.0306299999999905
0.258099999999988	0.0299557564071835	0.0322399999999891
0.260099999999988	0.0315343154630544	0.0338999999999902
0.262099999999987	0.0331983367330497	0.0356299999999887
0.264099999999987	0.0348502725291392	0.0374199999999885
0.266099999999987	0.0365837213203466	0.0392599999999883
0.268099999999987	0.0384164760623327	0.0411699999999868
0.270099999999987	0.040148588313255	0.0431299999999866
0.272099999999986	0.0421090600290618	0.0451499999999863
0.274099999999986	0.0441110969398762	0.0472299999999847
0.276099999999986	0.0460035173168584	0.0493599999999845
0.278099999999986	0.0480431798913052	0.0515499999999842
0.280099999999985	0.0502227980134516	0.0537899999999825
0.282099999999985	0.0522769929750876	0.0560799999999823
0.284099999999985	0.0544798045138988	0.058419999999982
0.286099999999985	0.0567775802092865	0.0607999999999818
0.288099999999985	0.0589546393755263	0.0632399999999815
0.290099999999984	0.0612840601910666	0.0657199999999796
0.292099999999984	0.0637354225126551	0.0682399999999794
0.294099999999984	0.0660587549618609	0.0707999999999792
0.296099999999984	0.0685291687888718	0.0733899999999789
0.298099999999983	0.0710522577797843	0.0760299999999769
0.300099999999983	0.0735050114444676	0.0786899999999783
0.302099999999983	0.0760149460071496	0.081379999999978
0.304099999999983	0.0786027964241781	0.084109999999976
0.306099999999983	0.0811266521392913	0.0868499999999774
0.308099999999982	0.0836679910807888	0.0896299999999754
0.310099999999982	0.0862980027091998	0.092419999999975
0.312099999999982	0.0889433960991402	0.0952299999999748
0.314099999999982	0.0916903876081831	0.0980499999999744
0.316099999999982	0.0943686296291428	0.100899999999972
0.318099999999981	0.0969495042872312	0.103749999999974
0.320099999999981	0.0995535159501733	0.106609999999974
0.322099999999981	0.102312663305368	0.109479999999973
0.324099999999981	0.105085001209898	0.112359999999973
0.32609999999998	0.107740053091586	0.115239999999973
0.32809999999998	0.110399196146118	0.118129999999972
0.33009999999998	0.11307280334899	0.12101999999997
0.33209999999998	0.115784051995751	0.12390999999997
0.33409999999998	0.11859442636594	0.126789999999971
0.336099999999979	0.121319818758455	0.129679999999969
0.338099999999979	0.124041076282425	0.132559999999969
0.340099999999979	0.126687521575996	0.13542999999997
0.342099999999979	0.129359085733079	0.13829999999997
0.344099999999978	0.132063535613395	0.14115999999997
0.346099999999978	0.134746818352598	0.144019999999969
0.348099999999978	0.137347276496639	0.146869999999969
0.350099999999978	0.140023396399482	0.149709999999967
0.352099999999978	0.14272530424771	0.152539999999966
0.354099999999977	0.145447348004001	0.155349999999968
0.356099999999977	0.148087722251968	0.158159999999968
0.358099999999977	0.150697623790433	0.160959999999968
0.360099999999977	0.15334228659665	0.16373999999997
0.362099999999976	0.155946478740818	0.166519999999967
0.364099999999976	0.158523649580989	0.169279999999967
0.366099999999976	0.161122489030848	0.172029999999966
0.368099999999976	0.163759661383442	0.174769999999966
0.370099999999976	0.166313307383007	0.177489999999966
0.372099999999975	0.168782780747647	0.180199999999965
0.374099999999975	0.171310783625038	0.182899999999965
0.376099999999975	0.173868748112869	0.185579999999967
0.378099999999975	0.176278759167206	0.188249999999967
0.380099999999974	0.178867777526336	0.190909999999967
0.382099999999974	0.18133526734675	0.193549999999967
0.384099999999974	0.183868817183192	0.196179999999966
0.386099999999974	0.186343958277589	0.198799999999966
0.388099999999974	0.188765016830944	0.201409999999966
0.390099999999973	0.191197781077611	0.203999999999965
0.392099999999973	0.19366603275197	0.206569999999965
0.394099999999973	0.19609380599318	0.209139999999965
0.396099999999973	0.198529084856627	0.211689999999965
0.398099999999972	0.200851079540982	0.214229999999964
0.400099999999972	0.203287500471755	0.216749999999967
0.402099999999972	0.205747958784718	0.219259999999966
0.404099999999972	0.208093888585605	0.221759999999966
0.406099999999972	0.210422483351115	0.224249999999966
0.408099999999971	0.212789912766253	0.226719999999966
0.410099999999971	0.215049692369926	0.229189999999962
0.412099999999971	0.217294646921875	0.231639999999962
0.414099999999971	0.219596165863307	0.234069999999965
0.41609999999997	0.221853119834683	0.236499999999965
0.41809999999997	0.224245157137374	0.238909999999964
0.42009999999997	0.226413549598658	0.241309999999964
0.42209999999997	0.228744904374467	0.243699999999967
0.42409999999997	0.230915483039034	0.246079999999964
0.426099999999969	0.233189524519353	0.248449999999963
0.428099999999969	0.235429831037332	0.250809999999963
0.430099999999969	0.237654594146965	0.253149999999966
0.432099999999969	0.239750571031039	0.255489999999962
0.434099999999969	0.241855122984665	0.257809999999965
0.436099999999968	0.244057565996367	0.260129999999962
0.438099999999968	0.246288884640375	0.262429999999962
0.440099999999968	0.248648208671037	0.264719999999965
0.442099999999968	0.250855147979925	0.266999999999964
0.444099999999967	0.253045780598579	0.269279999999961
0.446099999999967	0.255148080409091	0.271539999999964
0.448099999999967	0.25731103382573	0.273789999999964
0.450099999999967	0.25946442536904	0.27603999999996
0.452099999999967	0.261550205106167	0.278269999999963
0.454099999999966	0.263628711215119	0.28049999999996
0.456099999999966	0.265788287462603	0.282709999999963
0.458099999999966	0.267781360074208	0.284919999999963
0.460099999999966	0.269773302878577	0.287109999999962
0.462099999999965	0.27188118099724	0.289299999999962
0.464099999999965	0.273952393790375	0.291479999999962
0.466099999999965	0.275933923673634	0.293649999999965
0.468099999999965	0.278013284583775	0.295819999999961
0.470099999999965	0.280139826443472	0.297969999999961
0.472099999999964	0.282105554146991	0.300119999999961
0.474099999999964	0.28410309240913	0.302259999999961
0.476099999999964	0.286123865127295	0.30438999999996
0.478099999999964	0.288078794988637	0.30650999999996
0.480099999999963	0.29013694314502	0.308619999999963
0.482099999999963	0.292108904467881	0.310729999999963
0.484099999999963	0.294216257749398	0.312829999999963
0.486099999999963	0.296196664275948	0.314919999999963
0.488099999999963	0.298092317816373	0.317009999999959
0.490099999999962	0.300034852327253	0.319089999999959
0.492099999999962	0.302024102751407	0.321159999999958
0.494099999999962	0.304002098783463	0.323219999999962
0.496099999999962	0.305914534575494	0.325269999999962
0.498099999999961	0.307921112720307	0.327319999999961
0.500099999999961	0.309898415808395	0.329369999999957
0.502099999999961	0.311892343929206	0.331399999999961
0.504099999999961	0.31375534999576	0.333429999999961
0.506099999999961	0.315566985306924	0.335449999999961
0.50809999999996	0.317515411514612	0.33746999999996
0.51009999999996	0.319441748478136	0.33947999999996
0.51209999999996	0.321298346254096	0.34148999999996
0.51409999999996	0.323115598589037	0.34347999999996
0.516099999999959	0.325110038448921	0.345469999999959
0.518099999999959	0.326962477235116	0.347459999999959
0.520099999999959	0.328771975773975	0.349439999999959
0.522099999999959	0.330610468610372	0.351409999999959
0.524099999999959	0.332603660644319	0.353379999999959
0.526099999999958	0.33442220356595	0.355339999999963
0.528099999999958	0.336305735531083	0.357299999999958
0.530099999999958	0.338111296377965	0.359249999999958
0.532099999999958	0.339952578912904	0.361199999999958
0.534099999999958	0.341854232134614	0.363139999999957
0.536099999999957	0.343757198840461	0.365069999999957
0.538099999999957	0.345509175988207	0.366999999999957
0.540099999999957	0.347253129174662	0.368919999999961
0.542099999999957	0.349067186450217	0.370839999999961
0.544099999999956	0.350921814757696	0.372759999999956
0.546099999999956	0.352791615514815	0.374669999999956
0.548099999999956	0.354575656738023	0.376569999999956
0.550099999999956	0.356350149326942	0.378469999999956
0.552099999999956	0.358272501192761	0.38035999999996
0.554099999999955	0.360041736470026	0.38224999999996
0.556099999999955	0.361788003273938	0.384139999999955
0.558099999999955	0.363516338155965	0.386009999999959
0.560099999999955	0.365297727659136	0.387889999999959
0.562099999999954	0.36702052174741	0.389759999999959
0.564099999999954	0.368811442273262	0.391629999999954
0.566099999999954	0.370556924938687	0.393489999999954
0.568099999999954	0.372273832970223	0.395339999999958
0.570099999999954	0.374013296293064	0.397199999999953
0.572099999999953	0.375959715501691	0.399039999999958
0.574099999999953	0.377669101201	0.400889999999958
0.576099999999953	0.379364997382456	0.402729999999958
0.578099999999953	0.381088695167804	0.404559999999957
0.580099999999952	0.382842172855305	0.406389999999957
0.582099999999952	0.384662901822223	0.408219999999957
0.584099999999952	0.386439394085688	0.410039999999957
0.586099999999952	0.388094963387492	0.411859999999957
0.588099999999952	0.389750424539367	0.413679999999956
0.590099999999951	0.391485111944311	0.415489999999956
0.592099999999951	0.393270961822874	0.417289999999956
0.594099999999951	0.394930022743005	0.419099999999956
0.596099999999951	0.396609816250602	0.420899999999956
0.59809999999995	0.398238757203785	0.422689999999955
0.60009999999995	0.400027330363997	0.424479999999955
0.60209999999995	0.401673274394842	0.426269999999955
0.60409999999995	0.403411024387286	0.428059999999955
0.60609999999995	0.405090106675657	0.429839999999955
0.608099999999949	0.406760927570593	0.431609999999954
0.610099999999949	0.408434547441372	0.433389999999954
0.612099999999949	0.410144728415087	0.435159999999954
0.614099999999949	0.411861555540608	0.436919999999954
0.616099999999948	0.413476885425303	0.438679999999959
0.618099999999948	0.415074896949437	0.440439999999959
0.620099999999948	0.416694885415513	0.442199999999953
0.622099999999948	0.418372374529958	0.443949999999953
0.624099999999948	0.420149054836594	0.445699999999953
0.626099999999947	0.421836619252117	0.447449999999953
0.628099999999947	0.423441529281813	0.449189999999952
0.630099999999947	0.425049072797679	0.450929999999952
0.632099999999947	0.426740810157387	0.452659999999957
0.634099999999946	0.428480742891719	0.454399999999952
0.636099999999946	0.430118662130702	0.456129999999952
0.638099999999946	0.431783116315404	0.457849999999957
0.640099999999946	0.433363373531421	0.459579999999951
0.642099999999946	0.434961816908138	0.461299999999951
0.644099999999945	0.436633863583011	0.463009999999956
0.646099999999945	0.43820093235627	0.464729999999951
0.648099999999945	0.439867933968877	0.46643999999995
0.650099999999945	0.441505607273346	0.46814999999995
0.652099999999945	0.443090886382953	0.469849999999956
0.654099999999944	0.444634297410328	0.471549999999955
0.656099999999944	0.446250988853113	0.473249999999955
0.658099999999944	0.447894906161123	0.474949999999955
0.660099999999944	0.449457771852948	0.476639999999955
0.662099999999943	0.450998514003701	0.478329999999955
0.664099999999943	0.452546947136778	0.480019999999955
0.666099999999943	0.454221979092779	0.481709999999949
0.668099999999943	0.455842509097561	0.483389999999948
0.670099999999943	0.457380380173468	0.485069999999948
0.672099999999942	0.459166043896454	0.486739999999954
0.674099999999942	0.460768282764697	0.488419999999954
0.676099999999942	0.46233040944929	0.490089999999953
0.678099999999942	0.463972806167857	0.491759999999953
0.680099999999941	0.465606266176252	0.493419999999953
0.682099999999941	0.467173331651208	0.495089999999947
0.684099999999941	0.468685776768287	0.496749999999953
0.686099999999941	0.470194472709521	0.498409999999947
0.688099999999941	0.471704720955188	0.500059999999952
0.69009999999994	0.47329305713051	0.501709999999952
0.69209999999994	0.47480626920697	0.503369999999946
0.69409999999994	0.476314828975924	0.505009999999952
0.69609999999994	0.477943830790131	0.506659999999952
0.698099999999939	0.479481588950215	0.508299999999951
0.700099999999939	0.481054032531709	0.509939999999951
0.702099999999939	0.482552273983765	0.511579999999951
0.704099999999939	0.484150985995599	0.513209999999951
0.706099999999939	0.485751261222696	0.514849999999951
0.708099999999938	0.487379548757996	0.516479999999951
0.710099999999938	0.488897810997413	0.518109999999951
0.712099999999938	0.49045396623664	0.51972999999995
0.714099999999938	0.491932492524191	0.521359999999944
0.716099999999937	0.493477351352713	0.52297999999995
0.718099999999937	0.495054423921235	0.52459999999995
0.720099999999937	0.496719651267529	0.52620999999995
0.722099999999937	0.498213166777087	0.52782999999995
0.724099999999937	0.499719368555382	0.529439999999949
0.726099999999936	0.501239474374831	0.531049999999949
0.728099999999936	0.502891254221101	0.532659999999949
0.730099999999936	0.50451905045067	0.534259999999949
0.732099999999936	0.50602710371131	0.535859999999949
0.734099999999935	0.507510759269343	0.537459999999948
0.736099999999935	0.509003805310963	0.539059999999948
0.738099999999935	0.51046781906625	0.540659999999948
0.740099999999935	0.511945625449111	0.542249999999948
0.742099999999935	0.513510799175572	0.543839999999948
0.744099999999934	0.515047558990185	0.545429999999947
0.746099999999934	0.516495508018647	0.547019999999947
0.748099999999934	0.518066312338604	0.548609999999947
0.750099999999934	0.51956359017009	0.550189999999947
0.752099999999933	0.521034656710006	0.551769999999947
0.754099999999933	0.522493142206447	0.553349999999947
0.756099999999933	0.524036031967824	0.554929999999947
0.758099999999933	0.525592259257638	0.556499999999946
0.760099999999933	0.527074443276482	0.558079999999946
0.762099999999932	0.528525679552714	0.559649999999946
0.764099999999932	0.529964566474784	0.561219999999946
0.766099999999932	0.531407577360506	0.562779999999946
0.768099999999932	0.532904613163123	0.564349999999945
0.770099999999932	0.534452048480885	0.565909999999945
0.772099999999931	0.535896312783533	0.567469999999945
0.774099999999931	0.537437124776573	0.569029999999945
0.776099999999931	0.538899034264133	0.570589999999945
0.778099999999931	0.540356461461443	0.572139999999944
0.78009999999993	0.541791891478373	0.573689999999944
0.78209999999993	0.543333396344829	0.575239999999951
0.78409999999993	0.544926645461415	0.576789999999944
0.78609999999993	0.546370063684266	0.578339999999944
0.78809999999993	0.547787483065473	0.579879999999951
0.790099999999929	0.549224028533111	0.581429999999943
0.792099999999929	0.550717418227843	0.582969999999943
0.794099999999929	0.552119915534849	0.584509999999943
0.796099999999929	0.553618572386552	0.58603999999995
0.798099999999928	0.555008630476859	0.587579999999943
0.800099999999928	0.55639741607801	0.58910999999995
0.802099999999928	0.557893554537194	0.590649999999942
0.804099999999928	0.559397812087497	0.592169999999949
0.806099999999928	0.560856242661656	0.593699999999949
0.808099999999927	0.562274398487483	0.595229999999942
0.810099999999927	0.563706746826266	0.596749999999949
0.812099999999927	0.565204584975315	0.598279999999942
0.814099999999927	0.566773267682124	0.599799999999941
0.816099999999926	0.568199060170596	0.601309999999949
0.818099999999926	0.569606906374445	0.602829999999948
0.820099999999926	0.570995455494619	0.604349999999941
0.822099999999926	0.572378166915341	0.605859999999941
0.824099999999926	0.573772554397969	0.607369999999948
0.826099999999925	0.57521257297857	0.608879999999948
0.828099999999925	0.576685758458353	0.61038999999994
0.830099999999925	0.578107736346366	0.611889999999948
0.832099999999925	0.579597154156353	0.61339999999994
0.834099999999924	0.581037483938198	0.614899999999947
0.836099999999924	0.582451953320346	0.616399999999947
0.838099999999924	0.583822237696779	0.617899999999947
0.840099999999924	0.585289068077425	0.619399999999939
0.842099999999924	0.586746889316401	0.620889999999947
0.844099999999923	0.58813966324901	0.622389999999939
0.846099999999923	0.589544566961736	0.623879999999946
0.848099999999923	0.590994325774453	0.625369999999946
0.850099999999923	0.59245019291089	0.626859999999938
0.852099999999922	0.59382549237099	0.628349999999938
0.854099999999922	0.595207408946117	0.629829999999946
0.856099999999922	0.596741726721774	0.631309999999946
0.858099999999922	0.598100395752756	0.632799999999938
0.860099999999922	0.599464787103574	0.634269999999945
0.862099999999921	0.600946282846766	0.635749999999945
0.864099999999921	0.602356189070571	0.637229999999945
0.866099999999921	0.603760447537916	0.638699999999945
0.868099999999921	0.605143651110485	0.640179999999937
0.87009999999992	0.60652735813337	0.641649999999944
0.87209999999992	0.607966024454329	0.643119999999944
0.87409999999992	0.6094286144496	0.644589999999936
0.87609999999992	0.610881959566263	0.646049999999944
0.87809999999992	0.612220237969881	0.647519999999936
0.880099999999919	0.613553080381907	0.648979999999944
0.882099999999919	0.61489884924645	0.650439999999944
0.884099999999919	0.616240816562522	0.651899999999943
0.886099999999919	0.617622345225159	0.653359999999943
0.888099999999919	0.619048753887091	0.654819999999935
0.890099999999918	0.620382382528988	0.656269999999943
0.892099999999918	0.621803178361487	0.657719999999943
0.894099999999918	0.62313397043573	0.659169999999943
0.896099999999918	0.624474963578845	0.660619999999942
0.898099999999917	0.625937959006217	0.662069999999942
0.900099999999917	0.627257032348239	0.663519999999942
0.902099999999917	0.628682395955097	0.664959999999942
0.904099999999917	0.630152726568064	0.666409999999933
0.906099999999917	0.631518718725507	0.667849999999933
0.908099999999916	0.632843254691643	0.669289999999933
0.910099999999916	0.634179936395362	0.670719999999941
0.912099999999916	0.63563817445518	0.672159999999941
0.914099999999916	0.637048732341313	0.673599999999932
0.916099999999915	0.63835925025931	0.675029999999941
0.918099999999915	0.639764879944483	0.676459999999941
0.920099999999915	0.641083300194983	0.67788999999994
0.922099999999915	0.642392465177308	0.67931999999994
0.924099999999915	0.643715023875407	0.68073999999994
0.926099999999914	0.645140204561437	0.68216999999994
0.928099999999914	0.64646339295382	0.68358999999994
0.930099999999914	0.647798524469291	0.68500999999994
0.932099999999914	0.649128719897083	0.68642999999994
0.934099999999913	0.650506543485979	0.687849999999939
0.936099999999913	0.651817606124909	0.689269999999939
0.938099999999913	0.653195299618249	0.690679999999939
0.940099999999913	0.654607507647832	0.692099999999939
0.942099999999913	0.65591949427875	0.693509999999939
0.944099999999912	0.657236883285174	0.694919999999939
0.946099999999912	0.658528553147174	0.696329999999939
0.948099999999912	0.659947363819572	0.697729999999938
0.950099999999912	0.661243185128458	0.699139999999938
0.952099999999911	0.662589103754756	0.700539999999938
0.954099999999911	0.663970124667118	0.701939999999938
0.956099999999911	0.665274222794166	0.703339999999938
0.958099999999911	0.666686239191312	0.704739999999938
0.960099999999911	0.667965802201936	0.706139999999937
0.96209999999991	0.669251853380182	0.707529999999937
0.96409999999991	0.670640257571294	0.708929999999937
0.96609999999991	0.672000187842386	0.710319999999937
0.96809999999991	0.67328020127459	0.711709999999937
0.970099999999909	0.674666361378201	0.713099999999937
0.972099999999909	0.676049301540043	0.714479999999946
0.974099999999909	0.677365876906988	0.715869999999936
0.976099999999909	0.678641587146653	0.717249999999936
0.978099999999909	0.67992171666363	0.718629999999945
0.980099999999908	0.681216102177954	0.720009999999945
0.982099999999908	0.682655950875151	0.721389999999936
0.984099999999908	0.683932166531922	0.722769999999936
0.986099999999908	0.685310800454992	0.724139999999945
0.988099999999908	0.686592670552204	0.725519999999935
0.990099999999907	0.687862787991786	0.726889999999935
0.992099999999907	0.68912425963305	0.728259999999935
0.994099999999907	0.690492211891909	0.729629999999935
0.996099999999907	0.691779209302609	0.730989999999944
0.998099999999906	0.693058116741274	0.732359999999935
1.00009999999991	0.694329700651739	0.733719999999934
1.00209999999991	0.695605415343959	0.735079999999944
1.00409999999991	0.696864558638654	0.736439999999934
1.00609999999991	0.698172357775334	0.737799999999934
1.00809999999991	0.699509070655728	0.739159999999934
1.01009999999991	0.70075216988159	0.740509999999934
1.0120999999999	0.70203420524402	0.741859999999943
1.0140999999999	0.703268657639534	0.743209999999943
1.0160999999999	0.704509899020729	0.744559999999943
1.0180999999999	0.705915741456951	0.745909999999933
1.0200999999999	0.707148710993113	0.747259999999933
1.0220999999999	0.708434227632336	0.748599999999933
1.0240999999999	0.709769850347221	0.749939999999933
1.0260999999999	0.710981948704904	0.751279999999932
1.0280999999999	0.712284291866685	0.752619999999932
1.0300999999999	0.713606706102319	0.753959999999932
1.0320999999999	0.714846903373258	0.755289999999932
1.0340999999999	0.716101441167219	0.756619999999942
1.0360999999999	0.717476415756058	0.757949999999941
1.0380999999999	0.718740458264162	0.759279999999941
1.0400999999999	0.719979753761488	0.760609999999931
1.0420999999999	0.721319484278387	0.761939999999931
1.0440999999999	0.722711045431309	0.763259999999931
1.0460999999999	0.72398591708565	0.764579999999941
1.0480999999999	0.725227074235199	0.765899999999941
1.0500999999999	0.726461681810447	0.767219999999931
1.0520999999999	0.727693938245374	0.76853999999993
1.0540999999999	0.72897950769084	0.76984999999993
1.0560999999999	0.730195705481309	0.77115999999994
1.0580999999999	0.731412879862511	0.77246999999994
1.0600999999999	0.732732114141163	0.77377999999993
1.0620999999999	0.733982598856852	0.77508999999993
1.0640999999999	0.735188155413926	0.77638999999994
1.0660999999999	0.736395997907067	0.777689999999939
1.0680999999999	0.737706043854965	0.778989999999939
1.0700999999999	0.738930346106195	0.780289999999939
1.0720999999999	0.740137537309923	0.781589999999929
1.0740999999999	0.7413623175741	0.782879999999939
1.0760999999999	0.742619827489553	0.784169999999939
1.0780999999999	0.743824200158001	0.785459999999939
1.0800999999999	0.745043396366573	0.786749999999938
1.0820999999999	0.746300718613276	0.788039999999928
1.0840999999999	0.747586510243581	0.789319999999938
1.0860999999999	0.748783465893032	0.790599999999938
1.0880999999999	0.749971305526496	0.791879999999938
1.0900999999999	0.751147411585019	0.793159999999938
1.0920999999999	0.752321989030415	0.794439999999927
1.0940999999999	0.753582683932874	0.795709999999938
1.0960999999999	0.754812016036469	0.796979999999937
1.0980999999999	0.756002321539479	0.798249999999937
1.1000999999999	0.757340185212923	0.799519999999927
1.1020999999999	0.75862039222998	0.800779999999937
1.10409999999989	0.759814980645165	0.802039999999937
1.10609999999989	0.761091037284993	0.803299999999937
1.10809999999989	0.762299336721104	0.804559999999937
1.11009999999989	0.763483516802641	0.805809999999937
1.11209999999989	0.764673954154733	0.807069999999936
1.11409999999989	0.765973641322324	0.808319999999936
1.11609999999989	0.767155855667514	0.809569999999925
1.11809999999989	0.768420987720721	0.810809999999936
1.12009999999989	0.769591318931512	0.812059999999925
1.12209999999989	0.770849298901476	0.813299999999925
1.12409999999989	0.772042567950081	0.814529999999936
1.12609999999989	0.773194764947792	0.815769999999935
1.12809999999989	0.774351629319813	0.816999999999935
1.13009999999989	0.775500942314936	0.818239999999924
1.13209999999989	0.776652249598529	0.819459999999935
1.13409999999989	0.777906946904885	0.820689999999935
1.13609999999989	0.779053617024819	0.821909999999935
1.13809999999989	0.780206293034117	0.823129999999935
1.14009999999989	0.781471349639814	0.824349999999935
1.14209999999989	0.782626339291258	0.825569999999935
1.14409999999989	0.783763607483568	0.826779999999934
1.14609999999989	0.784897056174162	0.827989999999934
1.14809999999989	0.786264139388236	0.829199999999934
1.15009999999989	0.787416611825465	0.830399999999934
1.15209999999989	0.788546054052383	0.831599999999934
1.15409999999989	0.789681044318713	0.832799999999934
1.15609999999989	0.790894238328074	0.833999999999934
1.15809999999989	0.792031292447156	0.835189999999933
1.16009999999989	0.793255823915892	0.836379999999933
1.16209999999989	0.794375638397165	0.837569999999933
1.16409999999989	0.795548630117889	0.838749999999933
1.16609999999989	0.796755466952068	0.839929999999944
1.16809999999989	0.797873262444172	0.841109999999933
1.17009999999989	0.798993294829067	0.842289999999933
1.17209999999989	0.800158169119228	0.843459999999932
1.17409999999989	0.801260553421091	0.844629999999932
1.17609999999989	0.802363252095132	0.845789999999944
1.17809999999989	0.803550828197194	0.846959999999932
1.18009999999989	0.804666273181099	0.848119999999932
1.18209999999989	0.805821069673099	0.849269999999932
1.18409999999989	0.806933759738637	0.850419999999943
1.18609999999989	0.808116517674406	0.851569999999943
1.18809999999989	0.809203442105745	0.852719999999931
1.19009999999989	0.810314081617583	0.853859999999931
1.19209999999989	0.811506478300215	0.854999999999931
1.19409999999988	0.812605516773068	0.856139999999931
1.19609999999988	0.813707840616932	0.857269999999931
1.19809999999988	0.814804376827151	0.858399999999931
1.20009999999988	0.815983040715492	0.859519999999931
1.20209999999988	0.817075540273501	0.86063999999993
1.20409999999988	0.818257328992046	0.86175999999993
1.20609999999988	0.819332408780226	0.86286999999993
1.20809999999988	0.820497723464829	0.86397999999993
1.21009999999988	0.82160579190343	0.865079999999942
1.21209999999988	0.822664594433177	0.866179999999941
1.21409999999988	0.823726622644085	0.867279999999941
1.21609999999988	0.82479281879429	0.868369999999941
1.21809999999988	0.825856781826649	0.869459999999941
1.22009999999988	0.826919249271539	0.870549999999929
1.22209999999988	0.828054802854561	0.871629999999929
1.22409999999988	0.829111489125751	0.872699999999941
1.22609999999988	0.830216567301202	0.873769999999941
1.22809999999988	0.831351967838305	0.874839999999941
1.23009999999988	0.832399934505462	0.875899999999941
1.23209999999988	0.833443434613348	0.87695999999994
1.23409999999988	0.834480374421074	0.87800999999994
1.23609999999988	0.835617277557185	0.87905999999994
1.23809999999988	0.836791239078098	0.880109999999928
1.24009999999988	0.837831969979976	0.881149999999928
1.24209999999988	0.838866682001799	0.88217999999994
1.24409999999988	0.839902647013909	0.88320999999994
1.24609999999988	0.84093520806715	0.88422999999994
1.24809999999988	0.842054532923469	0.885249999999939
1.25009999999988	0.843109854816001	0.886259999999939
1.25209999999988	0.844165140844042	0.887269999999939
1.25409999999988	0.845249626295946	0.888269999999939
1.25609999999988	0.846261751791865	0.889269999999939
1.25809999999988	0.847366113520981	0.890259999999939
1.26009999999988	0.848373370918917	0.891249999999939
1.26209999999988	0.849374953498806	0.892229999999939
1.26409999999988	0.850364665409761	0.893199999999951
1.26609999999988	0.85134530844327	0.894169999999939
1.26809999999988	0.852329454520935	0.895139999999938
1.27009999999988	0.853404905100031	0.896089999999938
1.27209999999988	0.854383092384828	0.897039999999938
1.27409999999988	0.855358261638313	0.897989999999938
1.27609999999988	0.856330539046143	0.89891999999995
1.27809999999988	0.85736030380411	0.89984999999995
1.28009999999988	0.858428663130493	0.900779999999938
1.28209999999988	0.859401681230198	0.901699999999938
1.28409999999988	0.860372302178267	0.902609999999938
1.28609999999987	0.861340539640382	0.90350999999995
1.28809999999987	0.862398098080626	0.90440999999995
1.29009999999987	0.863357886566535	0.90529999999995
1.29209999999987	0.864330507651615	0.90617999999995
1.29409999999987	0.865277350490664	0.907059999999949
1.29609999999987	0.866238918768857	0.907929999999937
1.29809999999987	0.867295471835927	0.908789999999949
1.30009999999987	0.868246024816787	0.909639999999949
1.30209999999987	0.869240239972202	0.910489999999949
1.30409999999987	0.870264410785704	0.911329999999936
1.30609999999987	0.871288258724262	0.912159999999936
1.30809999999987	0.872212645287183	0.912979999999949
1.31009999999987	0.873180156973351	0.913789999999949
1.31209999999987	0.874072111453165	0.914599999999949
1.31409999999987	0.8749689007481	0.915389999999949
1.31609999999987	0.875854919630241	0.916179999999948
1.31809999999987	0.876739539094836	0.916959999999948
1.32009999999987	0.877623207645109	0.917729999999961
1.32209999999987	0.878504532215684	0.918499999999948
1.32409999999987	0.879443894939982	0.919249999999948
1.32609999999987	0.880370383573513	0.919999999999948
1.32809999999987	0.881238770296736	0.920729999999961
1.33009999999987	0.882170415984413	0.921459999999948
1.33209999999987	0.883123076177556	0.922179999999948
1.33409999999987	0.883997366172998	0.922879999999961
1.33609999999987	0.884839010547208	0.923579999999961
1.33809999999987	0.885680150249955	0.924269999999961
1.34009999999987	0.886517701663856	0.924949999999961
1.34209999999987	0.887352684232264	0.925619999999961
1.34409999999987	0.888295882455924	0.92627999999996
1.34609999999987	0.889186693241955	0.926929999999961
1.34809999999987	0.890031752068384	0.92756999999996
1.35009999999987	0.890856939391466	0.92819999999996
1.35209999999987	0.891733393802457	0.92881999999996
1.35409999999987	0.892557476502478	0.92942999999996
1.35609999999987	0.893467287695446	0.93002999999996
1.35809999999987	0.894284091957326	0.93061999999996
1.36009999999987	0.895098697378251	0.93119999999996
1.36209999999987	0.895918740927826	0.93176999999996
1.36409999999987	0.896722915147165	0.93232999999996
1.36609999999987	0.897575866830225	0.932869999999973
1.36809999999987	0.898366355490444	0.93340999999996
1.37009999999987	0.899239476414666	0.93393999999996
1.37209999999987	0.900064653879119	0.934449999999973
1.37409999999987	0.900825930575338	0.934959999999973
1.37609999999986	0.90158422990057	0.935459999999959
1.37809999999986	0.902326201165063	0.935939999999973
1.38009999999986	0.90306229745858	0.936419999999959
1.38209999999986	0.903793415304316	0.936879999999973
1.38409999999986	0.904522908822403	0.937339999999959
1.38609999999986	0.905252711626692	0.937779999999973
1.38809999999986	0.90606785439489	0.938219999999959
1.39009999999986	0.90678658491484	0.938639999999973
1.39209999999986	0.907492815492596	0.939049999999973
1.39409999999986	0.908192899222449	0.939459999999973
1.39609999999986	0.90894244640846	0.939849999999973
1.39809999999986	0.909627724212206	0.940239999999972
1.40009999999986	0.91030385740115	0.940609999999972
1.40209999999986	0.911069918553605	0.940979999999972
1.40409999999986	0.911733977298352	0.941329999999972
1.40609999999986	0.912391168975298	0.941679999999972
1.40809999999986	0.913042547537755	0.942009999999986
1.41009999999986	0.913689156909821	0.942339999999986
1.41209999999986	0.914425546958176	0.942659999999972
1.41409999999986	0.915062002273419	0.942969999999972
1.41609999999986	0.915692624115232	0.943269999999986
1.41809999999986	0.916312220429236	0.943559999999986
1.42009999999986	0.91692440399751	0.943849999999972
1.42209999999986	0.917532465301224	0.944119999999986
1.42409999999986	0.918232506370051	0.944389999999986
1.42609999999986	0.91882606982169	0.944649999999986
1.42809999999986	0.919490800281986	0.944899999999986
1.43009999999986	0.920065435188433	0.945149999999972
1.43209999999986	0.920633090577349	0.945379999999986
1.43409999999986	0.921194447981367	0.945609999999986
1.43609999999986	0.92174884405626	0.945829999999986
1.43809999999986	0.92239382240434	0.946049999999986
1.44009999999986	0.92293242418815	0.946259999999986
1.44209999999986	0.923463334215791	0.946459999999986
1.44409999999986	0.924084037093532	0.946649999999986
1.44609999999986	0.924667951740537	0.946839999999986
1.44809999999986	0.925172023935751	0.94702
1.45009999999986	0.925708143347845	0.947199999999986
1.45209999999986	0.926203073137197	0.947369999999986
1.45409999999986	0.926687352620873	0.947539999999986
1.45609999999986	0.927236364547951	0.947699999999986
1.45809999999986	0.927705594818837	0.947849999999986
1.46009999999986	0.928167209611286	0.947999999999986
1.46209999999986	0.928622517175344	0.94814
1.46409999999986	0.929071709588293	0.948279999999986
1.46609999999985	0.929514103552431	0.948419999999986
1.46809999999985	0.929947824182974	0.948549999999985
1.47009999999985	0.930373005337876	0.948669999999985
1.47209999999985	0.93079193088555	0.94879
1.47409999999985	0.931203234842099	0.948909999999985
1.47609999999985	0.931605774379229	0.94902
1.47809999999985	0.93199943809237	0.949129999999985
1.48009999999985	0.932446065031495	0.949239999999985
1.48209999999985	0.932822699345065	0.949339999999985
1.48409999999985	0.933190669210161	0.94943
1.48609999999985	0.933549270390962	0.949529999999985
1.48809999999985	0.933901245265691	0.94962
1.49009999999985	0.934246959471601	0.949709999999985
1.49209999999985	0.934586429858604	0.94979
1.49409999999985	0.935045787144084	0.949879999999985
1.49609999999985	0.935369597369041	0.94995
1.49809999999985	0.935687219706566	0.95003
1.50009999999985	0.936094991660563	0.9501
1.50209999999985	0.936400102552939	0.950179999999985
1.50409999999985	0.936699101176018	0.95024
1.50609999999985	0.936991497334683	0.95031
1.50809999999985	0.937288829807134	0.950379999999985
1.51009999999985	0.937570495610306	0.950439999999985
1.51209999999985	0.937840883574356	0.950499999999985
1.51409999999985	0.938104626911502	0.95055
1.51609999999985	0.938361872366217	0.95061
1.51809999999985	0.938613461954638	0.95066
1.52009999999985	0.938859461860013	0.950719999999985
1.52209999999985	0.939098585876199	0.950769999999985
1.52409999999985	0.939331731674985	0.950819999999985
1.52609999999985	0.939559528804326	0.95086
1.52809999999985	0.939782051834284	0.95091
1.53009999999985	0.939999376872079	0.95095
1.53209999999985	0.940211581438935	0.95099
1.53409999999985	0.940417955900832	0.95103
1.53609999999985	0.940619358283282	0.95107
1.53809999999985	0.940815894593401	0.95111
1.54009999999985	0.941105619533105	0.95115
1.54209999999985	0.941295093621532	0.951189999999985
1.54409999999985	0.941479882980363	0.95122
1.54609999999985	0.941660072023668	0.95125
1.54809999999985	0.941835745666166	0.95129
1.55009999999985	0.942006989204214	0.95132
1.55209999999985	0.942173609990695	0.95135
1.55409999999985	0.942335405397242	0.95138
1.55609999999985	0.942493045095093	0.95141
1.55809999999984	0.942646614841469	0.951439999999984
1.56009999999984	0.942795903058987	0.95146
1.56209999999984	0.942940672053504	0.95149
1.56409999999984	0.943081646363794	0.95151
1.56609999999984	0.943218910394409	0.95154
1.56809999999984	0.943352547961715	0.95156
1.57009999999984	0.943482642216478	0.951589999999984
1.57209999999984	0.943609275570959	0.95161
1.57409999999984	0.943732529630568	0.95163
1.57609999999984	0.943852485130081	0.95165
1.57809999999984	0.943969221874359	0.95167
1.58009999999984	0.944082818683544	0.95169
1.58209999999984	0.944192896344014	0.95171
1.58409999999984	0.944299939513398	0.95173
1.58609999999984	0.944404084788169	0.95175
1.58809999999984	0.944505046675551	0.95177
1.59009999999984	0.944603240347749	0.95178
1.59209999999984	0.944698764469849	0.9518
1.59409999999984	0.944791689515358	0.95182
1.59609999999984	0.944881804182053	0.95183
1.59809999999984	0.944969269785794	0.95185
1.60009999999984	0.945054351316062	0.95186
1.60209999999984	0.945165063172812	0.95188
1.60409999999984	0.945245409652783	0.95189
1.60609999999984	0.945323563393397	0.95191
1.60809999999984	0.945399585554165	0.95192
1.61009999999984	0.945473535936165	0.95193
1.61209999999984	0.945545472985119	0.95195
1.61409999999984	0.945615453796615	0.95196
1.61609999999984	0.94568353412331	0.95197
1.61809999999984	0.945749664704614	0.95198
1.62009999999984	0.945813847246099	0.952
1.62209999999984	0.945876295068494	0.95201
1.62409999999984	0.945937058527338	0.95202
1.62609999999984	0.945996140091648	0.95203
1.62809999999984	0.946059636449821	0.95204
1.63009999999984	0.946115248579887	0.95205
1.63209999999984	0.946169374279428	0.95206
1.63409999999984	0.946222057478987	0.95207
1.63609999999984	0.946273340918545	0.95208
1.63809999999984	0.946323266168523	0.95209
1.64009999999984	0.946464512119385	0.9521
1.64209999999984	0.946511818303236	0.95211
1.64409999999984	0.946557829217884	0.95212
1.64609999999984	0.946602394078909	0.95213
1.64809999999983	0.946645791966172	0.95214
1.65009999999983	0.946688058140301	0.952149999999984
1.65209999999983	0.946729226833157	0.95215
1.65409999999983	0.946769331271706	0.95216
1.65609999999983	0.946808403701846	0.95217
1.65809999999983	0.946846475412122	0.95218
1.66009999999983	0.946883576757348	0.95219
1.66209999999983	0.946919737182034	0.95219
1.66409999999983	0.946954985243626	0.9522
1.66609999999983	0.946989348635488	0.95221
1.66809999999983	0.947022854209662	0.952219999999983
1.67009999999983	0.947055398271162	0.95222
1.67209999999983	0.947087153011862	0.95223
1.67409999999983	0.947118134457896	0.95224
1.67609999999983	0.947148366009693	0.95224
1.67809999999983	0.947177870344278	0.95225
1.68009999999983	0.947206669435858	0.95226
1.68209999999983	0.947234784576007	0.95226
1.68409999999983	0.947262250309905	0.95227
1.68609999999983	0.947289116701867	0.952279999999983
1.68809999999983	0.947315363045027	0.95228
1.69009999999983	0.947340885865496	0.95229
1.69209999999983	0.947365878382389	0.95229
1.69409999999983	0.947390362929997	0.9523
1.69609999999983	0.947414353425955	0.952309999999983
1.69809999999983	0.947437863388092	0.95231
1.70009999999983	0.94746090594554	0.95232
1.70209999999983	0.9474834938496	0.95232
1.70409999999983	0.947505639484363	0.95233
1.70609999999983	0.947527354877083	0.95233
1.70809999999983	0.947548651708307	0.95234
1.71009999999983	0.947569565775123	0.95234
1.71209999999983	0.947590199450207	0.95235
1.71409999999983	0.947610532962628	0.95235
1.71609999999983	0.947630561907161	0.95236
1.71809999999983	0.947650337806277	0.95236
1.72009999999983	0.947669847012121	0.95237
1.72209999999983	0.947689091853249	0.95237
1.72409999999983	0.947708078155656	0.95238
1.72609999999983	0.947726811607325	0.95238
1.72809999999983	0.947745297761548	0.95239
1.73009999999983	0.947763542040197	0.95239
1.73209999999983	0.947781549736901	0.9524
1.73409999999983	0.947799326020163	0.9524
1.73609999999983	0.947816875936407	0.95241
1.73809999999983	0.947834204412955	0.95241
1.74009999999982	0.947851316260924	0.95242
1.74209999999982	0.947868216178088	0.95242
1.74409999999982	0.947884901568016	0.95243
1.74609999999982	0.947901400365555	0.95243
1.74809999999982	0.947917717345698	0.95243
1.75009999999982	0.947933856231024	0.95244
1.75209999999982	0.94794982066116	0.95244
1.75409999999982	0.947965614194731	0.95245
1.75609999999982	0.947981240311261	0.95245
1.75809999999982	0.947996702413015	0.952459999999982
1.76009999999982	0.948012003826826	0.95246
1.76209999999982	0.948027147805854	0.95246
1.76409999999982	0.948042137531317	0.95247
1.76609999999982	0.948056976114177	0.95247
1.76809999999982	0.948071666596793	0.95248
1.77009999999982	0.948086211954522	0.95248
1.77209999999982	0.948100615097298	0.95248
1.77409999999982	0.948114952090305	0.95249
1.77609999999982	0.948129226784139	0.95249
1.77809999999982	0.948143423960737	0.952499999999982
1.78009999999982	0.948157515882008	0.9525
1.78209999999982	0.948171504413355	0.9525
1.78409999999982	0.948185391384098	0.95251
1.78609999999982	0.948199178588238	0.95251
1.78809999999982	0.948212867785186	0.95251
1.79009999999982	0.948226460700486	0.95252
1.79209999999982	0.948239959026514	0.95252
1.79409999999982	0.94825336442317	0.952529999999982
1.79609999999982	0.948266678518549	0.95253
1.79809999999982	0.948279902909603	0.95253
1.80009999999982	0.94829303916278	0.95254
1.80209999999982	0.948306088814662	0.95254
1.80409999999982	0.948319053372577	0.95254
1.80609999999982	0.948331934315203	0.95255
1.80809999999982	0.948344733093162	0.95255
1.81009999999982	0.948357468830501	0.95255
1.81209999999982	0.948370199652255	0.95256
1.81409999999982	0.948382863575179	0.95256
1.81609999999982	0.948395461681523	0.95256
1.81809999999982	0.948407995034517	0.95257
1.82009999999982	0.948420464678722	0.95257
1.82209999999982	0.948432871644045	0.95257
1.82409999999982	0.948445216950704	0.95258
1.82609999999982	0.948457501598965	0.95258
1.82809999999982	0.948469726569552	0.95258
1.83009999999981	0.948481892824243	0.95259
1.83209999999981	0.948494001300369	0.95259
1.83409999999981	0.948506052913658	0.952599999999981
1.83609999999981	0.948518048565482	0.9526
1.83809999999981	0.948529989142597	0.9526
1.84009999999981	0.948541921929945	0.952609999999981
1.84209999999981	0.948553904257996	0.95261
1.84409999999981	0.948565855975574	0.95261
1.84609999999981	0.948577847236976	0.95261
1.84809999999981	0.948589838455701	0.95262
1.85009999999981	0.948601808075491	0.95262
1.85209999999981	0.948613756355911	0.95262
1.85409999999981	0.948625683553176	0.95263
1.85609999999981	0.948637589920208	0.95263
1.85809999999981	0.948649475706662	0.95263
1.86009999999981	0.948661341158977	0.95264
1.86209999999981	0.94867318652041	0.95264
1.86409999999981	0.948685012031074	0.95264
1.86609999999981	0.948696817927985	0.95265
1.86809999999981	0.948708604445097	0.95265
1.87009999999981	0.948720371813333	0.95265
1.87209999999981	0.94873212026064	0.95266
1.87409999999981	0.948743850012011	0.95266
1.87609999999981	0.948755561289529	0.95266
1.87809999999981	0.948767254312406	0.95267
1.88009999999981	0.948778929297018	0.95267
1.88209999999981	0.948790586456938	0.95267
1.88409999999981	0.948802226002982	0.95268
1.88609999999981	0.948813848143229	0.95268
1.88809999999981	0.948825453083069	0.95268
1.89009999999981	0.948837041025236	0.952689999999981
1.89209999999981	0.948848612169838	0.95269
1.89409999999981	0.948860166714393	0.95269
1.89609999999981	0.948871704853862	0.95269
1.89809999999981	0.948883226780685	0.9527
1.90009999999981	0.948894732684811	0.9527
1.90209999999981	0.948906222753734	0.9527
1.90409999999981	0.948917697172518	0.95271
1.90609999999981	0.948929156123835	0.95271
1.90809999999981	0.948940599787997	0.95271
1.91009999999981	0.94895202834298	0.95272
1.91209999999981	0.948963441964461	0.95272
1.91409999999981	0.948974840825845	0.95272
1.91609999999981	0.948986225098299	0.952729999999981
1.91809999999981	0.948997594950772	0.95273
1.9200999999998	0.949008950550035	0.95273
1.9220999999998	0.949020292060701	0.95273
1.9240999999998	0.949031619645261	0.95274
1.9260999999998	0.949042933464103	0.95274
1.9280999999998	0.949054233675549	0.95274
1.9300999999998	0.949065520435872	0.95275
1.9320999999998	0.94907679389933	0.95275
1.9340999999998	0.949088054218198	0.95275
1.9360999999998	0.949099301542775	0.95276
1.9380999999998	0.949110536021426	0.95276
1.9400999999998	0.949121757800606	0.95276
1.9420999999998	0.949132967024881	0.95276
1.9440999999998	0.94914416383695	0.95277
1.9460999999998	0.949155348377677	0.95277
1.9480999999998	0.949173497739624	0.95277
1.9500999999998	0.949184734652079	0.95278
1.9520999999998	0.94919596738244	0.95278
1.9540999999998	0.949207201893998	0.95278
1.9560999999998	0.949218471296128	0.95279
1.9580999999998	0.949229744115868	0.95279
1.9600999999998	0.949241020281434	0.95279
1.9620999999998	0.949252299721832	0.95279
1.9640999999998	0.949263582366841	0.9528
1.9660999999998	0.949274868147019	0.9528
1.9680999999998	0.949286156993683	0.9528
1.9700999999998	0.94929744883891	0.95281
1.9720999999998	0.949308744164748	0.95281
1.9740999999998	0.949320143968371	0.95281
1.9760999999998	0.949331553784618	0.95282
1.9780999999998	0.949342973465526	0.95282
1.9800999999998	0.949354402864582	0.95282
1.9820999999998	0.949365841836719	0.95282
1.9840999999998	0.9493772902383	0.95283
1.9860999999998	0.949388747927111	0.95283
1.9880999999998	0.949400214762349	0.95283
1.9900999999998	0.949411690604607	0.95284
1.9920999999998	0.949443700287939	0.95284
1.9940999999998	0.949455267740362	0.95284
1.9960999999998	0.949466851618644	0.95284
1.9980999999998	0.949478451708954	0.95285
