t	Sv
0	0	0
0.002	0	0
0.0041	0.00978519056786883	0.00908
0.006	0.0100132116214829	0.00909
0.00800000000000001	0.0104268953829074	0.00909
0.0101	0.0110571919812754	0.0091
0.0121	0.011847656875321	0.00911
0.0141	0.0128266693635072	0.00912
0.0161	0.0139967313510893	0.00915
0.0180999999999999	0.0153599515424872	0.00918
0.0200999999999999	0.016918111795554	0.00921
0.0220999999999999	0.0186727354325833	0.00926999999999999
0.0240999999999999	0.0206251496206775	0.00932999999999999
0.0260999999999999	0.0227765378126507	0.00940999999999999
0.0280999999999999	0.0251279812681796	0.00949999999999999
0.0300999999999999	0.0276804904786667	0.00960999999999999
0.0320999999999999	0.0304350281219269	0.00973999999999999
0.0341	0.0333925253412135	0.00989999999999999
0.036	0.0363909687778704	0.01006
0.0380000000000001	0.0397468453350079	0.01027
0.0400000000000001	0.0433083363385208	0.0105
0.0420000000000002	0.0470763275398058	0.0107700000000001
0.0440000000000002	0.0510517017188031	0.0110800000000001
0.0460000000000003	0.0552353396944705	0.0114300000000001
0.0480000000000003	0.0596281207645045	0.0118300000000001
0.0500000000000004	0.0642309227797224	0.0122700000000002
0.0520000000000005	0.069044621994051	0.0127800000000002
0.0540000000000005	0.0740700927855563	0.0133400000000003
0.0560000000000006	0.079308207312148	0.0139800000000003
0.0580000000000006	0.0847598351435602	0.0146800000000005
0.0600000000000007	0.0904258428960629	0.0154800000000006
0.0620000000000007	0.0963070938860593	0.0163600000000007
0.0640000000000008	0.102404447811764	0.0173400000000009
0.0660000000000009	0.10871876046755	0.018440000000001
0.0680000000000009	0.115250883492524	0.0196600000000012
0.070000000000001	0.122002777633825	0.0210200000000014
0.072000000000001	0.144304245564565	0.0225200000000017
0.0740000000000011	0.167787690321815	0.0242000000000019
0.0760000000000012	0.192507354535065	0.0260500000000023
0.0780000000000012	0.218523382041872	0.0281100000000027
0.0800000000000013	0.245900681536261	0.0325400000000032
0.0820000000000013	0.274709008519021	0.0378700000000038
0.0840000000000014	0.305023118943833	0.0439900000000046
0.0860000000000014	0.336922975835175	0.0509900000000053
0.0880000000000015	0.370493998263037	0.0589700000000063
0.0900000000000016	0.405827346610185	0.0680500000000075
0.0920000000000016	0.443020240758227	0.0783600000000088
0.0940000000000017	0.482176309485456	0.0900500000000103
0.0960000000000017	0.523405970440503	0.103250000000012
0.0980000000000018	0.566826840748078	0.118160000000014
0.100000000000002	0.612564178713078	0.134930000000016
0.102000000000002	0.660751357240809	0.153780000000019
0.104000000000002	0.711530369494073	0.174920000000022
0.106000000000002	0.765052367102684	0.198580000000025
0.108000000000002	0.821478231614232	0.225020000000029
0.110000000000002	0.880979183186688	0.254500000000033
0.112000000000002	0.94373744370539	0.287330000000038
0.114000000000002	1.00994696858719	0.323810000000043
0.116000000000002	1.08046535408324	0.364300000000049
0.118000000000002	1.15668242906222	0.409160000000055
0.120000000000002	1.23855661229022	0.458780000000063
0.122000000000002	1.32750581934943	0.513590000000072
0.124000000000003	1.42355084482186	0.57404000000008
0.126000000000002	1.52721562862597	0.640630000000085
0.128000000000002	1.63905827317135	0.713860000000087
0.130000000000002	1.75967283098905	0.794310000000085
0.132000000000002	1.88969115617995	0.882550000000082
0.134000000000002	2.02978482019671	0.979230000000079
0.136000000000001	2.18066709228727	1.08502000000007
0.138000000000001	2.34309498470915	1.20064000000007
0.140000000000001	2.51787136247878	1.32685000000006
0.142000000000001	2.60177151873437	1.46447000000005
0.144	2.79999521742818	1.61436000000004
0.146	3.01313443502141	1.77743000000002
0.148	3.24219527320707	1.95466
0.1501	3.50100930755919	2.15710999999998
0.1521	3.76609991054194	2.36663999999995
0.154099999999999	4.05054598546886	2.59364999999993
0.156099999999999	4.35560181133505	2.83936999999989
0.158099999999999	4.68209337921835	3.10508999999985
0.160099999999999	5.03238630361527	3.39215999999981
0.162099999999998	5.40746731770483	3.70200999999976
0.164099999999998	5.80887765492857	4.0361699999997
0.166099999999998	6.20446571608873	4.39621999999963
0.168099999999998	6.63714973022494	4.78383999999956
0.170099999999998	7.12543804292061	5.20077999999948
0.172099999999997	7.64697147884227	5.64888999999939
0.174099999999997	8.20371138690337	6.13011999999929
0.176099999999997	8.7977113667905	6.64649999999917
0.178099999999997	9.43111981333032	7.20015999999906
0.180099999999996	10.0572071077459	7.79332999999892
0.182099999999996	10.7726778081808	8.42835999999877
0.184099999999996	11.5363693172824	9.1076599999986
0.186099999999996	12.2622111166938	9.83380999999845
0.188099999999996	13.1234671865439	10.6094499999982
0.190099999999995	14.0390051533363	11.437349999998
0.192099999999995	15.0116940017521	12.3203899999978
0.194099999999995	16.0288720498162	13.2615799999975
0.196099999999995	17.0625212928588	14.2640199999973
0.198099999999995	18.2199636399062	15.330939999997
0.200099999999994	19.4494343892681	16.4656799999967
0.202099999999994	20.6748749816822	17.6717099999963
0.204099999999994	22.033791264229	18.9525799999959
0.206099999999994	23.4899686510183	20.3119999999955
0.208099999999993	24.9736787655067	21.7537399999951
0.210099999999993	26.5995981520901	23.2816999999946
0.212099999999993	28.3170417841396	24.8998699999941
0.214099999999993	30.1157480047278	26.6123499999936
0.216099999999993	31.9591645599483	28.423299999993
0.218099999999992	33.9728023932752	30.3369699999924
0.220099999999992	36.0227542910977	32.3576899999918
0.222099999999992	38.2539807343461	34.4898099999911
0.224099999999992	40.6058018809571	36.7377599999904
0.226099999999991	43.0035054838404	39.1059599999896
0.228099999999991	45.5256240390395	41.5988799999888
0.230099999999991	48.2310038480547	44.2209399999879
0.232099999999991	50.9762063702853	46.976549999987
0.234099999999991	53.9678859997004	49.870069999986
0.23609999999999	57.0336730096123	52.9057799999849
0.23809999999999	60.2801790038423	56.0878499999839
0.24009999999999	63.5771705448644	59.4203199999827
0.24209999999999	67.1435789183724	62.9070899999816
0.244099999999989	70.7714789010776	66.5518299999803
0.246099999999989	74.6494449886607	70.358019999979
0.248099999999989	78.5835660922279	74.3288699999778
0.250099999999989	82.6899403704751	78.4672999999763
0.252099999999989	87.0835079746831	82.7759299999749
0.254099999999988	91.6151688240589	87.2569799999733
0.256099999999988	96.1191786474851	91.9123399999719
0.258099999999988	101.032445810875	96.7434399999703
0.260099999999988	105.995108660358	101.751299999969
0.262099999999987	111.069578745776	106.936429999967
0.264099999999987	116.378178091163	112.298899999965
0.266099999999987	121.830555152475	117.838239999964
0.268099999999987	127.401188541217	123.553449999962
0.270099999999987	133.238904535808	129.44302999996
0.272099999999986	139.300951689183	135.504919999958
0.274099999999986	145.344499874665	141.736539999956
0.276099999999986	151.581570005183	148.134779999954
0.278099999999986	158.024908880751	154.695999999952
0.280099999999985	164.531857647293	161.416099999951
0.282099999999985	171.32715232027	168.290479999949
0.284099999999985	178.231629202608	175.314109999947
0.286099999999985	185.289834151503	182.481549999945
0.288099999999985	192.364925455098	189.786989999943
0.290099999999984	199.544885761601	197.224299999941
0.292099999999984	206.720427477892	204.787059999939
0.294099999999984	214.219230619516	212.468589999938
0.296099999999984	221.888589643445	220.262059999936
0.298099999999983	229.634144679477	228.160449999934
0.300099999999983	237.541816103301	236.156679999933
0.302099999999983	245.25277834425	244.243609999931
0.304099999999983	252.885891942231	252.41406999993
0.306099999999983	260.80250766181	260.660949999928
0.308099999999982	268.965078061969	268.977219999927
0.310099999999982	277.241006631015	277.355949999925
0.312099999999982	285.614113755095	285.790339999924
0.314099999999982	293.82398150108	294.273789999922
0.316099999999982	301.873865523815	302.799899999921
0.318099999999981	309.962635868432	311.36246999992
0.320099999999981	318.415997802698	319.955539999919
0.322099999999981	326.966559199397	328.573429999917
0.324099999999981	335.36723717042	337.210709999916
0.32609999999998	343.751385330925	345.862209999915
0.32809999999998	352.180590924466	354.523049999914
0.33009999999998	360.290098419748	363.188639999913
0.33209999999998	368.738311196972	371.854639999912
0.33409999999998	377.02462490686	380.517019999911
0.336099999999979	385.392826223093	389.17199999991
0.338099999999979	393.838257076355	397.81606999991
0.340099999999979	402.088057294276	406.445979999909
0.342099999999979	410.509403576235	415.058739999908
0.344099999999978	418.572678914624	423.651589999907
0.346099999999978	426.779011559004	432.221999999907
0.348099999999978	435.160363188515	440.767679999906
0.350099999999978	443.291684719759	449.286509999905
0.352099999999978	451.568469469076	457.776619999905
0.354099999999977	459.786548999493	466.236279999904
0.356099999999977	467.850863470578	474.663979999904
0.358099999999977	476.035638914082	483.058339999903
0.360099999999977	484.148181214808	491.418159999903
0.362099999999976	492.206221719592	499.742369999902
0.364099999999976	500.281186106612	508.030039999902
0.366099999999976	508.148578402723	516.280389999901
0.368099999999976	515.966713171503	524.492709999901
0.370099999999976	523.8645648025	532.6664399999
0.372099999999975	531.639703767495	540.8010999999
0.374099999999975	539.514389984547	548.896309999899
0.376099999999975	547.363004681249	556.951759999899
0.378099999999975	555.097093938737	564.967239999899
0.380099999999974	562.773667706082	572.942589999898
0.382099999999974	570.451039546145	580.877739999898
0.384099999999974	578.09228704536	588.772659999898
0.386099999999974	585.583946214324	596.627369999897
0.388099999999974	593.207470897918	604.441959999897
0.390099999999973	600.729265821964	612.216549999897
0.392099999999973	608.177553941866	619.951289999896
0.394099999999973	615.692877371419	627.646399999896
0.396099999999973	622.986879149124	635.302089999896
0.398099999999972	630.391465877866	642.918639999895
0.400099999999972	637.685802535313	650.496319999895
0.402099999999972	644.966514437771	658.035449999895
0.404099999999972	652.252706890125	665.536349999895
0.406099999999972	659.519710336801	672.999379999894
0.408099999999971	666.511573617227	680.424889999894
0.410099999999971	673.622118883453	687.813259999893
0.412099999999971	680.766530553089	695.164879999893
0.414099999999971	687.7378184123	702.480149999893
0.41609999999997	694.795541257133	709.759479999893
0.41809999999997	701.77278620814	717.003269999892
0.42009999999997	708.782297037331	724.211949999892
0.42209999999997	715.725892240969	731.385929999892
0.42409999999997	722.598640439421	738.525649999892
0.426099999999969	729.418145689611	745.631519999891
0.428099999999969	736.333440488264	752.703989999891
0.430099999999969	742.957975110788	759.743479999891
0.432099999999969	749.754059464981	766.750419999891
0.434099999999969	756.466296055887	773.72523999989
0.436099999999968	763.193590660925	780.66836999989
0.438099999999968	769.904580156259	787.58021999989
0.440099999999968	776.676579106986	794.46122999989
0.442099999999968	783.222644859246	801.311819999889
0.444099999999967	789.920343381718	808.132389999889
0.446099999999967	796.507605866057	814.923369999889
0.448099999999967	803.042086722169	821.685159999889
0.450099999999967	809.583432405388	828.418159999888
0.452099999999967	816.024149435996	835.122779999888
0.454099999999966	822.437651144687	841.799419999888
0.456099999999966	828.751161369039	848.448449999888
0.458099999999966	835.082484350458	855.070269999887
0.460099999999966	841.459382003991	861.665269999887
0.462099999999965	847.794414943851	868.233799999887
0.464099999999965	854.081146150237	874.776249999886
0.466099999999965	860.32425257226	881.292979999886
0.468099999999965	866.736126069538	887.784349999886
0.470099999999965	872.97385398345	894.250719999886
0.472099999999964	879.200196632151	900.692419999885
0.474099999999964	885.370731725961	907.109809999885
0.476099999999964	891.588972495907	913.503229999885
0.478099999999964	897.715847088155	919.872999999884
0.480099999999963	903.860240152364	926.219449999884
0.482099999999963	909.973426093235	932.542909999884
0.484099999999963	916.090075692414	938.843689999884
0.486099999999963	921.939965256495	945.122099999883
0.488099999999963	928.033903129085	951.378449999883
0.490099999999962	934.076469954351	957.613039999883
0.492099999999962	939.983846903532	963.826169999883
0.494099999999962	946.006721512177	970.018119999882
0.496099999999962	951.967306530461	976.189179999882
0.498099999999961	957.975970816015	982.339629999882
0.500099999999961	963.79943156967	988.469749999881
0.502099999999961	969.767244657303	994.579799999881
0.504099999999961	975.615204479576	1000.67005999988
0.506099999999961	981.483311425394	1006.74077999988
0.50809999999996	987.355586064532	1012.79222999988
0.51009999999996	993.2238104701	1018.82464999988
0.51209999999996	998.981158501265	1024.83828999988
0.51409999999996	1004.69031954631	1030.83338999988
0.516099999999959	1010.5507889559	1036.81018999988
0.518099999999959	1016.11275244324	1042.76893999988
0.520099999999959	1021.86257635578	1048.70984999988
0.522099999999959	1027.62402002206	1054.63314999988
0.524099999999959	1033.43231263945	1060.53906999988
0.526099999999958	1039.04767264343	1066.42782999988
0.528099999999958	1044.64993017676	1072.29962999988
0.530099999999958	1050.32794550189	1078.15469999988
0.532099999999958	1056.05491728645	1083.99321999988
0.534099999999958	1061.61318301809	1089.81541999988
0.536099999999957	1067.33605868396	1095.62148999988
0.538099999999957	1072.877408121	1101.41161999988
0.540099999999957	1078.50071161803	1107.18599999988
0.542099999999957	1084.06962727491	1112.94482999988
0.544099999999956	1089.71721260639	1118.68829999987
0.546099999999956	1095.18443340928	1124.41656999987
0.548099999999956	1100.75325162903	1130.12983999987
0.550099999999956	1106.21315548358	1135.82826999987
0.552099999999956	1111.7202879968	1141.51204999987
0.554099999999955	1116.95570091341	1147.18132999987
0.556099999999955	1122.45807277748	1152.83629999987
0.558099999999955	1127.80862794671	1158.47709999987
0.560099999999955	1133.20469277666	1164.10390999987
0.562099999999954	1138.59158404455	1169.71686999987
0.564099999999954	1144.01084760334	1175.31614999987
0.566099999999954	1149.40628453784	1180.90189999987
0.568099999999954	1154.82997643836	1186.47426999987
0.570099999999954	1160.15309642923	1192.03339999987
0.572099999999953	1165.57559867164	1197.57943999987
0.574099999999953	1170.99773274922	1203.11252999987
0.576099999999953	1176.30461951604	1208.63281999987
0.578099999999953	1181.57508845896	1214.14042999987
0.580099999999952	1186.82621278551	1219.63550999987
0.582099999999952	1192.21852906872	1225.11818999987
0.584099999999952	1197.42316772731	1230.58858999987
0.586099999999952	1202.71907874987	1236.04684999987
0.588099999999952	1207.97685143616	1241.49309999987
0.590099999999951	1213.28186240891	1246.92744999987
0.592099999999951	1218.39338838563	1252.35001999987
0.594099999999951	1223.63767476506	1257.76094999987
0.596099999999951	1228.78109642226	1263.16033999987
0.59809999999995	1234.00605250897	1268.54830999987
0.60009999999995	1239.2049797971	1273.92497999987
0.60209999999995	1244.3421994739	1279.29045999987
0.60409999999995	1249.53143112822	1284.64485999987
0.60609999999995	1254.67696645715	1289.98827999987
0.608099999999949	1259.90114418039	1295.32082999987
0.610099999999949	1265.05390181167	1300.64261999986
0.612099999999949	1270.03416404064	1305.95374999986
0.614099999999949	1275.2232294604	1311.25432999986
0.616099999999948	1280.29226967401	1316.54443999986
0.618099999999948	1285.3865089125	1321.82419999986
0.620099999999948	1290.53004103978	1327.09368999986
0.622099999999948	1295.48651650825	1332.35300999986
0.624099999999948	1300.56984509374	1337.60225999986
0.626099999999947	1305.67646072785	1342.84151999986
0.628099999999947	1310.77305182968	1348.07088999986
0.630099999999947	1315.84841185517	1353.29045999986
0.632099999999947	1320.87473388646	1358.50030999986
0.634099999999946	1326.02556355495	1363.70052999986
0.636099999999946	1330.80772475296	1368.89119999986
0.638099999999946	1335.81897062228	1374.07240999986
0.640099999999946	1340.83870044627	1379.24423999986
0.642099999999946	1345.87184859531	1384.40676999986
0.644099999999945	1350.73522852649	1389.56007999986
0.646099999999945	1355.59865423886	1394.70424999986
0.648099999999945	1360.47557975456	1399.83934999986
0.650099999999945	1365.46962020257	1404.96545999986
0.652099999999945	1370.39821955287	1410.08265999986
0.654099999999944	1375.37390466847	1415.19101999986
0.656099999999944	1380.11822920457	1420.29060999986
0.658099999999944	1385.17444415563	1425.38149999986
0.660099999999944	1390.00403327078	1430.46376999986
0.662099999999943	1394.93550003554	1435.53746999986
0.664099999999943	1399.83865503887	1440.60268999986
0.666099999999943	1404.65242513349	1445.65947999986
0.668099999999943	1409.58309856349	1450.70790999986
0.670099999999943	1414.45574663012	1455.74804999986
0.672099999999942	1419.39593530178	1460.77995999986
0.674099999999942	1424.32553036442	1465.80369999985
0.676099999999942	1429.15261546026	1470.81933999985
0.678099999999942	1433.93374829836	1475.82692999985
0.680099999999941	1438.74764805633	1480.82653999985
0.682099999999941	1443.41584191538	1485.81821999985
0.684099999999941	1448.20477501429	1490.80203999985
0.686099999999941	1453.02171415164	1495.77804999985
0.688099999999941	1457.73478892864	1500.74629999985
0.69009999999994	1462.53363452052	1505.70685999985
0.69209999999994	1467.23365127572	1510.65976999985
0.69409999999994	1471.98828380061	1515.60509999985
0.69609999999994	1476.68734798739	1520.54288999985
0.698099999999939	1481.40024120074	1525.47318999985
0.700099999999939	1486.18010605491	1530.39605999985
0.702099999999939	1490.97643685312	1535.31154999985
0.704099999999939	1495.63733513577	1540.21970999985
0.706099999999939	1500.48109938816	1545.12057999985
0.708099999999938	1505.25084527237	1550.01421999985
0.710099999999938	1509.96257946468	1554.90067999985
0.712099999999938	1514.79249275965	1559.77998999985
0.714099999999938	1519.47426029642	1564.65220999985
0.716099999999937	1524.14480657194	1569.51737999985
0.718099999999937	1528.86240098605	1574.37554999985
0.720099999999937	1533.57225571673	1579.22675999985
0.722099999999937	1538.26972719372	1584.07104999985
0.724099999999937	1542.96076271692	1588.90846999985
0.726099999999936	1547.66100219508	1593.73905999985
0.728099999999936	1552.32461523528	1598.56285999985
0.730099999999936	1557.11363530637	1603.37990999985
0.732099999999936	1561.6011768873	1608.19025999985
0.734099999999935	1566.25395804173	1612.99392999985
0.736099999999935	1570.88110282171	1617.79097999984
0.738099999999935	1575.52050863975	1622.58142999984
0.740099999999935	1580.17158145881	1627.36532999984
0.742099999999935	1584.79949940369	1632.14271999984
0.744099999999934	1589.29292451102	1636.91361999984
0.746099999999934	1593.83307112533	1641.67808999984
0.748099999999934	1598.43849328946	1646.43613999984
0.750099999999934	1603.05262871833	1651.18781999984
0.752099999999933	1607.70045815745	1655.93316999984
0.754099999999933	1612.22361053739	1660.67220999984
0.756099999999933	1616.72453805565	1665.40497999984
0.758099999999933	1621.41800936271	1670.13150999984
0.760099999999933	1625.86606217816	1674.85182999984
0.762099999999932	1630.43949712431	1679.56598999984
0.764099999999932	1635.01187419669	1684.27399999984
0.766099999999932	1639.54596263832	1688.97588999984
0.768099999999932	1644.04920757639	1693.67170999984
0.770099999999932	1648.59617159359	1698.36146999984
0.772099999999931	1653.04479312149	1703.04521999984
0.774099999999931	1657.56373037459	1707.72296999984
0.776099999999931	1662.115787549	1712.39474999984
0.778099999999931	1666.62449806888	1717.06059999984
0.78009999999993	1671.07760022846	1721.72053999984
0.78209999999993	1675.56677105174	1726.37458999984
0.78409999999993	1679.99623822949	1731.02278999984
0.78609999999993	1684.30592998238	1735.66515999984
0.78809999999993	1688.83406001204	1740.30172999984
0.790099999999929	1693.32142162432	1744.93251999984
0.792099999999929	1697.787809374	1749.55754999984
0.794099999999929	1702.29756668098	1754.17685999984
0.796099999999929	1706.75147497394	1758.79044999984
0.798099999999928	1710.99835540131	1763.39836999984
0.800099999999928	1715.52681022685	1768.00062999983
0.802099999999928	1719.99015291125	1772.59724999983
0.804099999999928	1724.47501380393	1777.18825999983
0.806099999999928	1728.93936367652	1781.77366999983
0.808099999999927	1733.37580155012	1786.35351999983
0.810099999999927	1737.76002735848	1790.92781999983
0.812099999999927	1742.05246659952	1795.49657999983
0.814099999999927	1746.58937217431	1800.05983999983
0.816099999999926	1750.98209563779	1804.61760999983
0.818099999999926	1755.48492823081	1809.16990999983
0.820099999999926	1759.92391235985	1813.71675999983
0.822099999999926	1764.23991585735	1818.25817999983
0.824099999999926	1768.58775934208	1822.79418999983
0.826099999999925	1772.87417018112	1827.32480999983
0.828099999999925	1777.27698955593	1831.85003999983
0.830099999999925	1781.69081786334	1836.36991999983
0.832099999999925	1786.05179627756	1840.88444999983
0.834099999999924	1790.3505910815	1845.39365999983
0.836099999999924	1794.7174408347	1849.89754999983
0.838099999999924	1799.0744777705	1854.39615999983
0.840099999999924	1803.44127732237	1858.88947999983
0.842099999999924	1807.83533598346	1863.37753999983
0.844099999999923	1811.95651607007	1867.86034999983
0.846099999999923	1816.35047002448	1872.33792999983
0.848099999999923	1820.69710881451	1876.81027999983
0.850099999999923	1825.08669529551	1881.27742999983
0.852099999999922	1829.4013420711	1885.73938999983
0.854099999999922	1833.68494339599	1890.19615999983
0.856099999999922	1838.08332475593	1894.64776999983
0.858099999999922	1842.26531347672	1899.09421999983
0.860099999999922	1846.59066300192	1903.53551999983
0.862099999999921	1850.82866623346	1907.97169999983
0.864099999999921	1855.04908532372	1912.40274999983
0.866099999999921	1859.42330010688	1916.82868999983
0.868099999999921	1863.76961679047	1921.24953999982
0.87009999999992	1867.91918689289	1925.66528999982
0.87209999999992	1872.07264880355	1930.07596999982
0.87409999999992	1876.35250810918	1934.48157999982
0.87609999999992	1880.52813465738	1938.88211999982
0.87809999999992	1884.69362383688	1943.27761999982
0.880099999999919	1888.96734194915	1947.66806999982
0.882099999999919	1893.24882186122	1952.05348999982
0.884099999999919	1897.4034818357	1956.43387999982
0.886099999999919	1901.53394813785	1960.80924999982
0.888099999999919	1905.83811355998	1965.17960999982
0.890099999999918	1910.00423064006	1969.54495999982
0.892099999999918	1914.23945397063	1973.90531999982
0.894099999999918	1918.4079833225	1978.26067999982
0.896099999999918	1922.62013002075	1982.61105999982
0.898099999999917	1926.83857615802	1986.95645999982
0.900099999999917	1931.04534699271	1991.29687999982
0.902099999999917	1935.27450049826	1995.63232999982
0.904099999999917	1939.5685233745	1999.96280999982
0.906099999999917	1943.44919529543	2004.28833999982
0.908099999999916	1947.66795318589	2008.60889999982
0.910099999999916	1951.86540024092	2012.92450999982
0.912099999999916	1956.10269449014	2017.23516999982
0.914099999999916	1960.35043141049	2021.54087999982
0.916099999999915	1964.53857584237	2025.84164999982
0.918099999999915	1968.73394305435	2030.13746999982
0.920099999999915	1972.69427189785	2034.42834999982
0.922099999999915	1976.87948219901	2038.71428999982
0.924099999999915	1980.97600829459	2042.99528999982
0.926099999999914	1985.06673548401	2047.27134999982
0.928099999999914	1989.13765386632	2051.54246999982
0.930099999999914	1993.28134789394	2055.80865999982
0.932099999999914	1997.49016110593	2060.06989999982
0.934099999999913	2001.55732600023	2064.32620999982
0.936099999999913	2005.56506931499	2068.57757999982
0.938099999999913	2009.56697360542	2072.82400999982
0.940099999999913	2013.73725600309	2077.06548999981
0.942099999999913	2017.77214144387	2081.30202999981
0.944099999999912	2021.91813110094	2085.53362999981
0.946099999999912	2026.04441879336	2089.76026999981
0.948099999999912	2030.18292119734	2093.98195999981
0.950099999999912	2034.29605482774	2098.19868999981
0.952099999999911	2038.23860516446	2102.41045999981
0.954099999999911	2042.34977394355	2106.61726999981
0.956099999999911	2046.38407303944	2110.81910999981
0.958099999999911	2050.54569517364	2115.01596999981
0.960099999999911	2054.61923920962	2119.20785999981
0.96209999999991	2058.70467446242	2123.39474999981
0.96409999999991	2062.81426068778	2127.57665999981
0.96609999999991	2066.78500216103	2131.75356999981
0.96809999999991	2070.86229947432	2135.92546999981
0.970099999999909	2074.94144458314	2140.09235999981
0.972099999999909	2079.03036025736	2144.25422999981
0.974099999999909	2082.80684330839	2148.41105999981
0.976099999999909	2086.81244004956	2152.56286999981
0.978099999999909	2090.82239436284	2156.70961999981
0.980099999999908	2094.86408541593	2160.85131999981
0.982099999999908	2098.9225070285	2164.98794999981
0.984099999999908	2102.92303641937	2169.11950999981
0.986099999999908	2106.91997719024	2173.24596999981
0.988099999999908	2110.74081845353	2177.36733999981
0.990099999999907	2114.74911749759	2181.48359999981
0.992099999999907	2118.66364428759	2185.59473999981
0.994099999999907	2122.66096918241	2189.70073999981
0.996099999999907	2126.59235768255	2193.80158999981
0.998099999999906	2130.58502766111	2197.89728999981
1.00009999999991	2134.44556512717	2201.98779999981
1.00209999999991	2138.41437935927	2206.07312999981
1.00409999999991	2142.25952166556	2210.15324999981
1.00609999999991	2146.02997569411	2214.22814999981
1.00809999999991	2150.09969275456	2218.29781999981
1.01009999999991	2154.06272401863	2222.36222999981
1.0120999999999	2157.96354529633	2226.42136999981
1.0140999999999	2161.85626879031	2230.47522999981
1.0160999999999	2165.85946097815	2234.52377999981
1.0180999999999	2169.72821290667	2238.56699999981
1.0200999999999	2173.58107882849	2242.60488999981
1.0220999999999	2177.4076887969	2246.63740999981
1.0240999999999	2181.35426798169	2250.66453999981
1.0260999999999	2185.24628314644	2254.68627999981
1.0280999999999	2189.20234475988	2258.70258999981
1.0300999999999	2193.1229509551	2262.71344999981
1.0320999999999	2197.04491633183	2266.71883999981
1.0340999999999	2201.03429076667	2270.7187399998
1.0360999999999	2204.91338868078	2274.71312999981
1.0380999999999	2208.81264154489	2278.70196999981
1.0400999999999	2212.70341088455	2282.6852499998
1.0420999999999	2216.56586007537	2286.6629299998
1.0440999999999	2220.55815414023	2290.6349999998
1.0460999999999	2224.1784032918	2294.6014299998
1.0480999999999	2228.03422537419	2298.5621899998
1.0500999999999	2231.81541148624	2302.5172399998
1.0520999999999	2235.68786896277	2306.4665699998
1.0540999999999	2239.55687596871	2310.4101299998
1.0560999999999	2243.36574126526	2314.3479099998
1.0580999999999	2247.21967359027	2318.2798699998
1.0600999999999	2251.09617374609	2322.2059799998
1.0620999999999	2254.82075192723	2326.1261999998
1.0640999999999	2258.61514557843	2330.0405099998
1.0660999999999	2262.43299553708	2333.9488599998
1.0680999999999	2266.19979145916	2337.8512299998
1.0700999999999	2269.92004481832	2341.7475699998
1.0720999999999	2273.7438587233	2345.6378599998
1.0740999999999	2277.58646897264	2349.5220499998
1.0760999999999	2281.41633396872	2353.4001099998
1.0780999999999	2285.19026682081	2357.2719899998
1.0800999999999	2288.84810276401	2361.1376599998
1.0820999999999	2292.39756356385	2364.9970799998
1.0840999999999	2296.26468362485	2368.8501999998
1.0860999999999	2300.05124669549	2372.6969899998
1.0880999999999	2303.69746916752	2376.5373899998
1.0900999999999	2307.42811316699	2380.3713699998
1.0920999999999	2311.19336146225	2384.1988699998
1.0940999999999	2314.8724612501	2388.0198599998
1.0960999999999	2318.57466917071	2391.8342799998
1.0980999999999	2322.21264277723	2395.6420899998
1.1000999999999	2325.77503092008	2399.4432299998
1.1020999999999	2329.47650790002	2403.2376599998
1.10409999999989	2333.17678747327	2407.0253199998
1.10609999999989	2336.8872938891	2410.8061699998
1.10809999999989	2340.69761468243	2414.5801399998
1.11009999999989	2344.42108840187	2418.3471799998
1.11209999999989	2348.08465713721	2422.1072399998
1.11409999999989	2351.78367503767	2425.8602599998
1.11609999999989	2355.42917830101	2429.6061799998
1.11809999999989	2359.14105177383	2433.3449299998
1.12009999999989	2362.77837894465	2437.0764599998
1.12209999999989	2366.46582593898	2440.8007099998
1.12409999999989	2369.88782700461	2444.5176099998
1.12609999999989	2373.51473117176	2448.2270999998
1.12809999999989	2377.18803842054	2451.9291099998
1.13009999999989	2380.78256291637	2455.6235599998
1.13209999999989	2384.43553946032	2459.3103999998
1.13409999999989	2388.07724047364	2462.9895499998
1.13609999999989	2391.67680196078	2466.6609399998
1.13809999999989	2395.30407611393	2470.3244899998
1.14009999999989	2398.96933749248	2473.9801299998
1.14209999999989	2402.40973806234	2477.6277899998
1.14409999999989	2405.91995021702	2481.2673699998
1.14609999999989	2409.48225450624	2484.8988099998
1.14809999999989	2413.27470364146	2488.5220099998
1.15009999999989	2416.77530812948	2492.1369099998
1.15209999999989	2420.35963775379	2495.7433999998
1.15409999999989	2423.95268539126	2499.3414099998
1.15609999999989	2427.55306162788	2502.9308399998
1.15809999999989	2431.13409795363	2506.5115999998
1.16009999999989	2434.56531680454	2510.0835999998
1.16209999999989	2438.06816765418	2513.6467399998
1.16409999999989	2441.43069198353	2517.2009399998
1.16609999999989	2445.08903007496	2520.7460799998
1.16809999999989	2448.63952409668	2524.2820599998
1.17009999999989	2452.0967525845	2527.8087999998
1.17209999999989	2455.66432436545	2531.3261599998
1.17409999999989	2459.17050170137	2534.8340599998
1.17609999999989	2462.66070594579	2538.3323799998
1.17809999999989	2466.00553608724	2541.8210099998
1.18009999999989	2469.44421158525	2545.2998299998
1.18209999999989	2472.81830591299	2548.7687199998
1.18409999999989	2476.21320531187	2552.2275799998
1.18609999999989	2479.6941129833	2555.6762599998
1.18809999999989	2483.16767209755	2559.1146599998
1.19009999999989	2486.70442780736	2562.5426399998
1.19209999999989	2490.17046242488	2565.9600699998
1.19409999999988	2493.58676337196	2569.3668299998
1.19609999999988	2497.05700590361	2572.7627699998
1.19809999999988	2500.43770657049	2576.14774999981
1.20009999999988	2503.83368100171	2579.52164999981
1.20209999999988	2507.25106029987	2582.88429999981
1.20409999999988	2510.65525076225	2586.23556999981
1.20609999999988	2514.06010472685	2589.57529999981
1.20809999999988	2517.52990830014	2592.90334999981
1.21009999999988	2520.65834944309	2596.21954999981
1.21209999999988	2524.02299835305	2599.52374999981
1.21409999999988	2527.38803423761	2602.81577999981
1.21609999999988	2530.75997806686	2606.09547999981
1.21809999999988	2534.05829922418	2609.36267999981
1.22009999999988	2537.39188019585	2612.61720999981
1.22209999999988	2540.7978788347	2615.85887999981
1.22409999999988	2544.07463119542	2619.08751999981
1.22609999999988	2547.33534474232	2622.30294999981
1.22809999999988	2550.69306843969	2625.50496999981
1.23009999999988	2553.81662368876	2628.69339999981
1.23209999999988	2557.07994156602	2631.86803999981
1.23409999999988	2560.30682184668	2635.02869999981
1.23609999999988	2563.49421197043	2638.17516999981
1.23809999999988	2566.8373539996	2641.30723999981
1.24009999999988	2569.99469976194	2644.42470999981
1.24209999999988	2573.26302796163	2647.52735999981
1.24409999999988	2576.507669801	2650.61496999981
1.24609999999988	2579.73566665617	2653.68731999981
1.24809999999988	2583.03097813355	2656.74417999982
1.25009999999988	2586.23868355894	2659.78531999982
1.25209999999988	2589.30220355779	2662.81050999982
1.25409999999988	2592.32966114377	2665.81950999982
1.25609999999988	2595.52134607024	2668.81206999982
1.25809999999988	2598.7895502875	2671.78794999982
1.26009999999988	2601.97546990979	2674.74688999982
1.26209999999988	2604.95469298356	2677.68863999982
1.26409999999988	2608.10409151787	2680.61293999982
1.26609999999988	2611.21923932341	2683.51951999982
1.26809999999988	2614.3571229765	2686.40811999982
1.27009999999988	2617.38176903547	2689.27845999982
1.27209999999988	2620.45384676967	2692.13025999982
1.27409999999988	2623.45439730182	2694.96324999982
1.27609999999988	2626.51337071401	2697.77713999983
1.27809999999988	2629.47868718067	2700.57163999983
1.28009999999988	2632.59377601131	2703.34644999983
1.28209999999988	2635.54968395067	2706.10128999983
1.28409999999988	2638.60285923375	2708.83585999983
1.28609999999987	2641.61800307313	2711.54983999983
1.28809999999987	2644.61616973385	2714.24292999983
1.29009999999987	2647.59462561943	2716.91483999983
1.29209999999987	2650.55182407111	2719.56522999983
1.29409999999987	2653.511940634	2722.19379999983
1.29609999999987	2656.490551946	2724.80022999984
1.29809999999987	2659.41601277249	2727.38419999984
1.30009999999987	2662.30781419537	2729.94538999984
1.30209999999987	2665.22600388389	2732.48347999984
1.30409999999987	2668.19007141053	2734.99813999984
1.30609999999987	2671.1878613383	2737.48904999984
1.30809999999987	2674.0881178912	2739.95587999984
1.31009999999987	2676.6301874968	2742.39831999984
1.31209999999987	2679.51376136185	2744.81601999985
1.31409999999987	2682.35077598528	2747.20866999985
1.31609999999987	2685.19718391306	2749.57594999985
1.31809999999987	2688.03623334958	2751.91753999985
1.32009999999987	2690.86190132551	2754.23310999985
1.32209999999987	2693.67899924954	2756.52234999985
1.32409999999987	2696.52121946685	2758.78494999985
1.32609999999987	2699.34068085354	2761.02058999986
1.32809999999987	2702.1059927759	2763.22898999986
1.33009999999987	2704.8113040834	2765.40982999986
1.33209999999987	2707.60171602385	2767.56281999986
1.33409999999987	2710.03944864641	2769.68768999986
1.33609999999987	2712.76164428911	2771.78414999986
1.33809999999987	2715.45609280216	2773.85192999987
1.34009999999987	2718.13342455388	2775.89077999987
1.34209999999987	2720.75991057185	2777.90042999987
1.34409999999987	2723.37248333283	2779.88065999987
1.34609999999987	2726.0264968266	2781.83123999987
1.34809999999987	2728.52546308789	2783.75193999987
1.35009999999987	2731.12280287482	2785.64255999988
1.35209999999987	2733.82922981857	2787.50291999988
1.35409999999987	2736.41057729377	2789.33283999988
1.35609999999987	2738.99686781414	2791.13215999988
1.35809999999987	2741.52808280987	2792.90072999988
1.36009999999987	2744.06271578656	2794.63843999989
1.36209999999987	2746.42279116617	2796.34515999989
1.36409999999987	2748.89420529902	2798.02081999989
1.36609999999987	2751.15636641291	2799.66531999989
1.36809999999987	2753.61079824266	2801.27863999989
1.37009999999987	2756.16630440791	2802.86071999989
1.37209999999987	2758.6118192836	2804.4115499999
1.37409999999987	2761.03051780211	2805.9311599999
1.37609999999986	2763.37570700244	2807.4195499999
1.37809999999986	2765.7356721456	2808.8767999999
1.38009999999986	2768.11900111765	2810.3029499999
1.38209999999986	2770.45567832244	2811.69811999991
1.38409999999986	2772.77154225981	2813.06241999991
1.38609999999986	2775.02843898205	2814.39597999991
1.38809999999986	2777.24829898498	2815.69896999991
1.39009999999986	2779.44144586428	2816.97156999991
1.39209999999986	2781.60502816969	2818.21397999992
1.39409999999986	2783.78096501922	2819.42641999992
1.39609999999986	2785.84585352624	2820.60914999992
1.39809999999986	2787.95686069175	2821.76241999992
1.40009999999986	2790.14142996429	2822.88652999992
1.40209999999986	2792.34313959966	2823.98177999993
1.40409999999986	2794.42381301693	2825.04849999993
1.40609999999986	2796.49748338033	2826.08701999993
1.40809999999986	2798.55740421894	2827.09770999993
1.41009999999986	2800.56322839008	2828.08093999993
1.41209999999986	2802.59866689038	2829.03710999993
1.41409999999986	2804.60575475795	2829.96661999994
1.41609999999986	2806.55823477065	2830.86988999994
1.41809999999986	2808.47408179994	2831.74734999994
1.42009999999986	2810.41121215779	2832.59945999994
1.42209999999986	2812.27496550768	2833.42664999994
1.42409999999986	2814.07335439116	2834.22940999994
1.42609999999986	2815.93445534893	2835.00818999995
1.42809999999986	2817.80296706791	2835.76347999995
1.43009999999986	2819.54012752602	2836.49576999995
1.43209999999986	2821.34402381882	2837.20555999995
1.43409999999986	2823.11980381301	2837.89331999995
1.43609999999986	2824.87456267307	2838.55956999995
1.43809999999986	2826.63091384915	2839.20480999995
1.44009999999986	2828.33164480182	2839.82953999996
1.44209999999986	2830.00530223866	2840.43425999996
1.44409999999986	2831.6815071785	2841.01947999996
1.44609999999986	2833.25327072351	2841.58569999996
1.44809999999986	2834.87286497462	2842.13340999996
1.45009999999986	2836.23434224211	2842.66311999996
1.45209999999986	2837.79537390363	2843.17530999996
1.45409999999986	2839.34058215417	2843.67047999997
1.45609999999986	2840.80684908276	2844.14910999997
1.45809999999986	2842.30501408995	2844.61166999997
1.46009999999986	2843.76243493001	2845.05862999997
1.46209999999986	2845.20976940296	2845.49046999997
1.46409999999986	2846.63191387519	2845.90763999997
1.46609999999985	2847.98795524535	2846.31057999997
1.46809999999985	2849.35350386573	2846.69974999997
1.47009999999985	2850.70078424753	2847.07555999997
1.47209999999985	2852.02331498183	2847.43845999997
1.47409999999985	2853.32254968974	2847.78884999997
1.47609999999985	2854.51368488709	2848.12713999998
1.47809999999985	2855.76273590032	2848.45372999998
1.48009999999985	2857.0125170082	2848.76900999998
1.48209999999985	2858.20999855617	2849.07335999998
1.48409999999985	2859.3466973333	2849.36713999998
1.48609999999985	2860.48493347575	2849.65071999998
1.48809999999985	2861.61614563626	2849.92444999998
1.49009999999985	2862.72376380746	2850.18866999998
1.49209999999985	2863.80806155301	2850.44370999998
1.49409999999985	2864.82901654244	2850.68988999998
1.49609999999985	2865.87246042457	2850.92751999998
1.49809999999985	2866.89299915923	2851.15691999998
1.50009999999985	2867.93475254644	2851.37835999998
1.50209999999985	2868.91396154735	2851.59213999998
1.50409999999985	2869.87095949212	2851.79853999998
1.50609999999985	2870.79657178382	2851.99780999999
1.50809999999985	2871.71805136834	2852.19022999999
1.51009999999985	2872.39935501567	2852.37602999999
1.51209999999985	2873.27096465753	2852.55546999999
1.51409999999985	2874.09995564259	2852.72876999999
1.51609999999985	2874.93031898455	2852.89615999999
1.51809999999985	2875.74055543838	2853.05786999999
1.52009999999985	2876.53101507313	2853.21408999999
1.52209999999985	2877.2795647102	2853.36502999999
1.52409999999985	2878.03145014856	2853.51089999999
1.52609999999985	2878.7645578204	2853.65186999999
1.52809999999985	2879.47924291708	2853.78812999999
1.53009999999985	2880.17585976284	2853.91985999999
1.53209999999985	2880.85476161752	2854.04722999999
1.53409999999985	2881.51211708448	2854.17038999999
1.53609999999985	2882.15661207787	2854.28950999999
1.53809999999985	2882.78442473337	2854.40473999999
1.54009999999985	2883.3810910419	2854.51621999999
1.54209999999985	2883.97900873217	2854.62408999999
1.54409999999985	2884.56118427532	2854.72848999999
1.54609999999985	2885.12795967938	2854.82954999999
1.54809999999985	2885.67967432451	2854.92738999999
1.55009999999985	2886.21666475821	2855.02213999999
1.55209999999985	2886.64683197256	2855.11390999999
1.55409999999985	2887.15534894939	2855.20280999999
1.55609999999985	2887.65011661446	2855.28893999999
1.55809999999984	2888.13146013533	2855.37241999999
1.56009999999984	2888.54063580256	2855.45332999999
1.56209999999984	2888.99607215563	2855.53177999999
1.56409999999984	2889.43902012164	2855.60785999999
1.56609999999984	2889.86979032067	2855.68164999999
1.56809999999984	2890.28868878933	2855.75323999999
1.57009999999984	2890.69601686904	2855.82270999999
1.57209999999984	2891.09207110422	2855.89013999999
1.57409999999984	2891.47714315055	2855.95561
1.57609999999984	2891.85151969313	2856.01917999999
1.57809999999984	2892.21548237468	2856.08091999999
1.58009999999984	2892.56930773343	2856.14091
1.58209999999984	2892.88667289115	2856.1992
1.58409999999984	2893.2210211045	2856.25586
1.58609999999984	2893.54602425496	2856.31095
1.58809999999984	2893.85593923916	2856.36452
1.59009999999984	2894.16300892997	2856.41663
1.59209999999984	2894.46148265299	2856.46733
1.59409999999984	2894.75160144288	2856.51667
1.59609999999984	2895.01493181944	2856.5647
1.59809999999984	2895.28903555286	2856.61147
1.60009999999984	2895.55547043396	2856.65703
1.60209999999984	2895.86529577614	2856.7014
1.60409999999984	2896.1173534234	2856.74465
1.60609999999984	2896.36236429336	2856.7868
1.60809999999984	2896.6005342044	2856.8279
1.61009999999984	2896.83206378656	2856.86797
1.61209999999984	2897.0571485458	2856.90707
1.61409999999984	2897.27597893209	2856.94522
1.61609999999984	2897.48874041104	2856.98245
1.61809999999984	2897.67540046473	2857.0188
1.62009999999984	2897.87655828951	2857.0543
1.62209999999984	2898.07217245613	2857.08897
1.62409999999984	2898.26240952577	2857.12285
1.62609999999984	2898.44052869124	2857.15596
1.62809999999984	2898.58524379538	2857.18832
1.63009999999984	2898.76034595115	2857.21997
1.63209999999984	2898.93068624122	2857.25093
1.63409999999984	2899.09640957575	2857.28121
1.63609999999984	2899.25765667421	2857.31085
1.63809999999984	2899.41456415886	2857.33986
1.64009999999984	2899.53817023124	2857.36827
1.64209999999984	2899.68738305332	2857.39609
1.64409999999984	2899.88898003747	2857.42334
1.64609999999984	2900.03032498803	2857.45005
1.64809999999983	2900.16791518042	2857.47623
1.65009999999983	2900.30186666391	2857.50189
1.65209999999983	2900.43229194248	2857.52706
1.65409999999983	2900.55930006826	2857.55175
1.65609999999983	2900.68299673386	2857.57598
1.65809999999983	2900.80348436324	2857.59975
1.66009999999983	2900.92086220142	2857.62309
1.66209999999983	2901.03522640267	2857.64601
1.66409999999983	2901.14667011718	2857.66852
1.66609999999983	2901.25528357625	2857.69064
1.66809999999983	2901.36115417584	2857.71238
1.67009999999983	2901.43061379191	2857.73374
1.67209999999983	2901.53147868392	2857.75474
1.67409999999983	2901.62986456645	2857.7754
1.67609999999983	2901.7258475655	2857.79572
1.67809999999983	2901.81950138756	2857.81571
1.68009999999983	2901.91089739276	2857.83539
1.68209999999983	2902.00010466641	2857.85476
1.68409999999983	2902.08724039493	2857.87383
1.68609999999983	2902.17247794817	2857.89261
1.68809999999983	2902.25573508847	2857.91111
1.69009999999983	2902.33659316899	2857.92934
1.69209999999983	2902.41575344163	2857.94731
1.69409999999983	2902.49329243215	2857.96502
1.69609999999983	2902.56925507972	2857.98248
1.69809999999983	2902.64368500468	2857.99971
1.70009999999983	2902.71662454685	2858.0167
1.70209999999983	2902.78811480277	2858.03346
1.70409999999983	2902.85819566217	2858.05
1.70609999999983	2902.92690584334	2858.06633
1.70809999999983	2902.99428292765	2858.08245
1.71009999999983	2903.06044993945	2858.09837
1.71209999999983	2903.12575675085	2858.1141
1.71409999999983	2903.19011294902	2858.12963
1.71609999999983	2903.25350050321	2858.14498
1.71809999999983	2903.31609663005	2858.16015
1.72009999999983	2903.3778462081	2858.17515
1.72209999999983	2903.43875537956	2858.18998
1.72409999999983	2903.49884280552	2858.20464
1.72609999999983	2903.5581266979	2858.21915
1.72809999999983	2903.61662483073	2858.2335
1.73009999999983	2903.67435455096	2858.2477
1.73209999999983	2903.73133278918	2858.26175
1.73409999999983	2903.78757606998	2858.27566
1.73609999999983	2903.84310052212	2858.28943
1.73809999999983	2903.89792188843	2858.30306
1.74009999999982	2903.95205553547	2858.31657
1.74209999999982	2904.00551646294	2858.32995
1.74409999999982	2904.05270328539	2858.3432
1.74609999999982	2904.10511414048	2858.35633
1.74809999999982	2904.15694555205	2858.36935
1.75009999999982	2904.20820944016	2858.38225
1.75209999999982	2904.25891745605	2858.39504
1.75409999999982	2904.30908098862	2858.40773
1.75609999999982	2904.35871117066	2858.42031
1.75809999999982	2904.40781888504	2858.43278
1.76009999999982	2904.4564147706	2858.44516
1.76209999999982	2904.5045092281	2858.45744
1.76409999999982	2904.5521124258	2858.46963
1.76609999999982	2904.59923430511	2858.48172
1.76809999999982	2904.64588458592	2858.49373
1.77009999999982	2904.69207277197	2858.50565
1.77209999999982	2904.73780815599	2858.51748
1.77409999999982	2904.78335760092	2858.52924
1.77609999999982	2904.8287340267	2858.54091
1.77809999999982	2904.87387722233	2858.5525
1.78009999999982	2904.91868460752	2858.56402
1.78209999999982	2904.96316213542	2858.57547
1.78409999999982	2905.00731564308	2858.58684
1.78609999999982	2905.05115085386	2858.59814
1.78809999999982	2905.09467337986	2858.60938
1.79009999999982	2905.13788872426	2858.62055
1.79209999999982	2905.1808022836	2858.63165
1.79409999999982	2905.22341935005	2858.64269
1.79609999999982	2905.26574511358	2858.65367
1.79809999999982	2905.3077846641	2858.66459
1.80009999999982	2905.34954299358	2858.67545
1.80209999999982	2905.39102499811	2858.68626
1.80409999999982	2905.43223547986	2858.69701
1.80609999999982	2905.47317914908	2858.7077
1.80809999999982	2905.51386062602	2858.71835
1.81009999999982	2905.55435068241	2858.72894
1.81209999999982	2905.5948621331	2858.73948
1.81409999999982	2905.63515956174	2858.74998
1.81609999999982	2905.67524641445	2858.76042
1.81809999999982	2905.7151260764	2858.77082
1.82009999999982	2905.75480187292	2858.78118
1.82209999999982	2905.79427708213	2858.79149
1.82409999999982	2905.83355495055	2858.80177
1.82609999999982	2905.87263866093	2858.81199
1.82809999999982	2905.91153133361	2858.82218
1.83009999999981	2905.95023602844	2858.83233
1.83209999999981	2905.98875572754	2858.84245
1.83409999999981	2906.02709334429	2858.85252
1.83609999999981	2906.06525174603	2858.86256
1.83809999999981	2906.10323375327	2858.87256
1.84009999999981	2906.09495148502	2858.88253
1.84209999999981	2906.13340384872	2858.89246
1.84409999999981	2906.17175621152	2858.90237
1.84609999999981	2906.21024341856	2858.91224
1.84809999999981	2906.24873133292	2858.92208
1.85009999999981	2906.28714752099	2858.93188
1.85209999999981	2906.32549281473	2858.94166
1.85409999999981	2906.36376803533	2858.95142
1.85609999999981	2906.40197399336	2858.96114
1.85809999999981	2906.44011148886	2858.97083
1.86009999999981	2906.47818131149	2858.9805
1.86209999999981	2906.51618424071	2858.99015
1.86409999999981	2906.55412104582	2858.99977
1.86609999999981	2906.59199248615	2859.00936
1.86809999999981	2906.62979931116	2859.01893
1.87009999999981	2906.66754226058	2859.02848
1.87209999999981	2906.70522206455	2859.038
1.87409999999981	2906.7428394437	2859.04751
1.87609999999981	2906.78039510929	2859.05699
1.87809999999981	2906.81788976334	2859.06645
1.88009999999981	2906.85532409876	2859.07589
1.88209999999981	2906.89269879945	2859.08531
1.88409999999981	2906.93001454038	2859.09471
1.88609999999981	2906.9672719878	2859.10409
1.88809999999981	2907.00447179927	2859.11346
1.89009999999981	2907.0416146238	2859.12281
1.89209999999981	2907.07870110198	2859.13214
1.89409999999981	2907.11573186606	2859.14145
1.89609999999981	2907.15270754009	2859.15075
1.89809999999981	2907.18962873998	2859.16003
1.90009999999981	2907.22649607367	2859.16929
1.90209999999981	2907.26331014119	2859.17854
1.90409999999981	2907.30007153476	2859.18778
1.90609999999981	2907.33678083895	2859.197
1.90809999999981	2907.37343863068	2859.20621
1.91009999999981	2907.41004547944	2859.21541
1.91209999999981	2907.4466019473	2859.22459
1.91409999999981	2907.48310858902	2859.23376
1.91609999999981	2907.51956595219	2859.24292
1.91809999999981	2907.5559745773	2859.25206
1.9200999999998	2907.5923349978	2859.26119
1.9220999999998	2907.62864774025	2859.27032
1.9240999999998	2907.66491332437	2859.27943
1.9260999999998	2907.70113226315	2859.28853
1.9280999999998	2907.73730506296	2859.29762
1.9300999999998	2907.77343222355	2859.3067
1.9320999999998	2907.80951423826	2859.31577
1.9340999999998	2907.845551594	2859.32484
1.9360999999998	2907.88154477143	2859.33389
1.9380999999998	2907.91749424492	2859.34293
1.9400999999998	2907.95340048276	2859.35197
1.9420999999998	2907.98926394716	2859.361
1.9440999999998	2908.02508509437	2859.37002
1.9460999999998	2908.06086437473	2859.37903
1.9480999999998	2907.9499351553	2859.38803
1.9500999999998	2907.98602289573	2859.39703
1.9520999999998	2908.02209387691	2859.40602
1.9540999999998	2907.99272424744	2859.415
1.9560999999998	2908.02913927143	2859.42398
1.9580999999998	2908.06556131438	2859.43295
1.9600999999998	2908.10199014839	2859.44191
1.9620999999998	2908.1384255481	2859.45087
1.9640999999998	2908.17486729072	2859.45982
1.9660999999998	2908.21131515594	2859.46877
1.9680999999998	2908.24776892595	2859.47771
1.9700999999998	2908.2842283854	2859.48665
1.9720999999998	2908.32069535155	2859.49558
1.9740999999998	2908.35754136324	2859.50451
1.9760999999998	2908.39441502938	2859.51343
1.9780999999998	2908.43131587705	2859.52235
1.9800999999998	2908.46824343806	2859.53126
1.9820999999998	2908.50519724895	2859.54017
1.9840999999998	2908.54217685093	2859.54908
1.9860999999998	2908.57918178987	2859.55798
1.9880999999998	2908.61621161625	2859.56688
1.9900999999998	2908.65326588511	2859.57578
1.9920999999998	2908.72407698052	2859.58467
1.9940999999998	2908.76168148781	2859.59356
1.9960999999998	2908.79933380548	2859.60244
1.9980999999998	2908.83703324503	2859.61133
