t	T
0	894.5	894.5
0.002	894.41	894.41
0.0041	894.315500004643	894.3155
0.006	894.230000019676	894.23
0.00800000000000001	894.140000047383	894.14
0.0101	894.045500090654	894.0455
0.0121	893.955500146676	893.9555
0.0141	893.865500218681	893.8655
0.0161	893.775500308396	893.7755
0.0180999999999999	893.685500417738	893.6855
0.0200999999999999	893.59550054878	893.5955
0.0220999999999999	893.505500703727	893.5055
0.0240999999999999	893.415500884895	893.4155
0.0260999999999999	893.325501094693	893.3255
0.0280999999999999	893.235501335603	893.2355
0.0300999999999999	893.145501610179	893.1455
0.0320999999999999	893.055501921028	893.0555
0.0341	892.96550227081	892.9655
0.036	892.880002641625	892.88
0.0380000000000001	892.790003075139	892.79
0.0400000000000001	892.700003555676	892.7
0.0420000000000002	892.610004086052	892.61
0.0440000000000002	892.520004669115	892.52
0.0460000000000003	892.430005307745	892.43
0.0480000000000003	892.340006004853	892.34
0.0500000000000004	892.250006763375	892.25
0.0520000000000005	892.160007586278	892.16
0.0540000000000005	892.070008476557	892.07
0.0560000000000006	891.98000943723	891.98
0.0580000000000006	891.890010471344	891.89
0.0600000000000007	891.800011581968	891.8
0.0620000000000007	891.710012772198	891.71
0.0640000000000008	891.620014045154	891.62
0.0660000000000009	891.530015403981	891.53
0.0680000000000009	891.440016851845	891.44
0.070000000000001	891.350018312692	891.35001
0.072000000000001	891.260027851479	891.26001
0.0740000000000011	891.170038727437	891.17001
0.0760000000000012	891.080051030859	891.08001
0.0780000000000012	890.990064863433	890.99001
0.0800000000000013	890.900080338404	890.90001
0.0820000000000013	890.81009758101	890.81002
0.0840000000000014	890.720116729141	890.72002
0.0860000000000014	890.630137934175	890.63002
0.0880000000000015	890.540161361977	890.54003
0.0900000000000016	890.450187194048	890.45003
0.0920000000000016	890.360215628819	890.36004
0.0940000000000017	890.270246883105	890.27005
0.0960000000000017	890.180281193714	890.18005
0.0980000000000018	890.090318819233	890.09006
0.100000000000002	890.000360041989	890.00007
0.102000000000002	889.910405170213	889.91008
0.104000000000002	889.820454540414	889.8201
0.106000000000002	889.730508519986	889.73011
0.108000000000002	889.640567510066	889.64013
0.110000000000002	889.550631948661	889.55015
0.112000000000002	889.460702314097	889.46017
0.114000000000002	889.370779128835	889.3702
0.116000000000002	889.280862973886	889.28022
0.118000000000002	889.190954555436	889.19025
0.120000000000002	889.10105457001	889.10029
0.122000000000002	889.011163681196	889.01033
0.124000000000003	888.921282845983	888.92038
0.126000000000002	888.831413130279	888.83043
0.128000000000002	888.741555718273	888.74049
0.130000000000002	888.651711925219	888.65056
0.132000000000002	888.561883211518	888.56064
0.134000000000002	888.472071198201	888.47073
0.136000000000001	888.382277683936	888.38083
0.138000000000001	888.292504663706	888.29094
0.140000000000001	888.202754353595	888.20107
0.142000000000001	888.113025832094	888.11121
0.144	888.023315598655	888.02138
0.146	887.93363378879	887.93156
0.148	887.843983899044	887.84178
0.1501	887.749890073008	887.74753
0.1521	887.660318037074	887.6578
0.154099999999999	887.570790873371	887.5681
0.156099999999999	887.481313729771	887.47845
0.158099999999999	887.391892291717	887.38884
0.160099999999999	887.302533153006	887.29928
0.162099999999998	887.213243184554	887.20977
0.164099999999998	887.124029762844	887.12033
0.166099999999998	887.034898822598	887.03096
0.168099999999998	886.945854832972	886.94166
0.170099999999998	886.856913733698	886.85245
0.172099999999997	886.768086559321	886.76333
0.174099999999997	886.67938522058	886.67433
0.176099999999997	886.590822789933	886.58544
0.178099999999997	886.502413598361	886.49668
0.180099999999996	886.41417162837	886.40807
0.182099999999996	886.326108875927	886.31962
0.184099999999996	886.238251065641	886.23135
0.186099999999996	886.150610144017	886.14327
0.188099999999996	886.063206474521	886.05542
0.190099999999995	885.976071550914	885.96781
0.192099999999995	885.88923139317	885.88046
0.194099999999995	885.802713121166	885.79341
0.196099999999995	885.71653987449	885.70668
0.198099999999995	885.630751032943	885.6203
0.200099999999994	885.545385162647	885.53432
0.202099999999994	885.460472030368	885.44875
0.204099999999994	885.376048002303	885.36365
0.206099999999994	885.292166183115	885.27906
0.208099999999993	885.208871074403	885.19503
0.210099999999993	885.126214986079	885.1116
0.212099999999993	885.044257397956	885.02883
0.214099999999993	884.963055634101	884.94678
0.216099999999993	884.88266289795	884.8655
0.218099999999992	884.803145069826	884.78507
0.220099999999992	884.724563658736	884.70554
0.222099999999992	884.646999787238	884.62701
0.224099999999992	884.570542341481	884.54953
0.226099999999991	884.495262780885	884.47321
0.228099999999991	884.421227266795	884.39811
0.230099999999991	884.348542496049	884.32433
0.232099999999991	884.277301139789	884.25198
0.234099999999991	884.207576734014	884.18113
0.23609999999999	884.139487302603	884.1119
0.23809999999999	884.073133236755	884.04439
0.24009999999999	884.008622853671	883.97871
0.24209999999999	883.946041864217	883.91497
0.244099999999989	883.885513053734	883.85327
0.246099999999989	883.827128750598	883.79374
0.248099999999989	883.770993957819	883.73649
0.250099999999989	883.717214564796	883.68162
0.252099999999989	883.665911912488	883.62926
0.254099999999988	883.617240244731	883.57951
0.256099999999988	883.571231623189	883.53248
0.258099999999988	883.527970542802	883.48826
0.260099999999988	883.487608783939	883.44697
0.262099999999987	883.45016456005	883.40869
0.264099999999987	883.415751440548	883.37351
0.266099999999987	883.384420618014	883.3415
0.268099999999987	883.356209495561	883.31273
0.270099999999987	883.33118752686	883.28726
0.272099999999986	883.309432417172	883.26513
0.274099999999986	883.290978994147	883.24637
0.276099999999986	883.275765026549	883.23101
0.278099999999986	883.263829099139	883.21906
0.280099999999985	883.255146941236	883.21051
0.282099999999985	883.249747197556	883.20535
0.284099999999985	883.247596230966	883.20353
0.286099999999985	883.248664816996	883.20503
0.288099999999985	883.252843108289	883.20977
0.290099999999984	883.260066659307	883.21769
0.292099999999984	883.270205280169	883.22871
0.294099999999984	883.283212353974	883.24274
0.296099999999984	883.299045842164	883.25967
0.298099999999983	883.317616671881	883.27939
0.300099999999983	883.338794792822	883.30178
0.302099999999983	883.362422864288	883.32673
0.304099999999983	883.388282401026	883.35409
0.306099999999983	883.416290308563	883.38373
0.308099999999982	883.446343938721	883.41551
0.310099999999982	883.478392824073	883.4493
0.312099999999982	883.512323360635	883.48495
0.314099999999982	883.547969762716	883.52232
0.316099999999982	883.58510309038	883.56128
0.318099999999981	883.623569926311	883.60168
0.320099999999981	883.663293316558	883.64338
0.322099999999981	883.704236077039	883.68627
0.324099999999981	883.746230602666	883.73021
0.32609999999998	883.789174892017	883.77508
0.32809999999998	883.832912183109	883.82076
0.33009999999998	883.877286598953	883.867139999999
0.33209999999998	883.922237214051	883.914109999999
0.33409999999998	883.967678032951	883.961569999999
0.336099999999979	884.013510981451	884.009429999999
0.338099999999979	884.059662857403	884.057589999999
0.340099999999979	884.106064880629	884.105979999999
0.342099999999979	884.152609608967	884.154499999999
0.344099999999978	884.199215797932	884.203099999999
0.346099999999978	884.245812685594	884.2517
0.348099999999978	884.292363086201	884.300249999999
0.350099999999978	884.338828360811	884.348679999999
0.352099999999978	884.38515040429	884.396939999999
0.354099999999977	884.431297582951	884.444979999999
0.356099999999977	884.477208091814	884.492769999999
0.358099999999977	884.52283862143	884.540249999999
0.360099999999977	884.568174378192	884.587409999999
0.362099999999976	884.613175964535	884.634189999999
0.364099999999976	884.657813412048	884.680589999999
0.366099999999976	884.702058483319	884.726569999999
0.368099999999976	884.745861541275	884.772099999999
0.370099999999976	884.789213937696	884.817179999999
0.372099999999975	884.832115211606	884.861779999999
0.374099999999975	884.874535577715	884.905889999999
0.376099999999975	884.916492102039	884.949499999999
0.378099999999975	884.957956729726	884.992599999999
0.380099999999974	884.998922267127	885.035169999999
0.382099999999974	885.039379794994	885.077219999999
0.384099999999974	885.079335218765	885.118739999999
0.386099999999974	885.11877209281	885.159719999999
0.388099999999974	885.15768430729	885.200159999999
0.390099999999973	885.196073766893	885.24006
0.392099999999973	885.233949609945	885.27943
0.394099999999973	885.271314592876	885.31826
0.396099999999973	885.308159900469	885.35654
0.398099999999972	885.344489610817	885.3943
0.400099999999972	885.380300047895	885.43152
0.402099999999972	885.415601078907	885.46822
0.404099999999972	885.450402505384	885.504389999999
0.406099999999972	885.48470749843	885.54005
0.408099999999971	885.518507609808	885.57519
0.410099999999971	885.551805323652	885.60983
0.412099999999971	885.584604607895	885.643959999999
0.414099999999971	885.616906987653	885.6776
0.41609999999997	885.648736226648	885.71075
0.41809999999997	885.680098281103	885.74342
0.42009999999997	885.711002524312	885.775609999999
0.42209999999997	885.741450308095	885.80734
0.42409999999997	885.771452206495	885.8386
0.426099999999969	885.801005452282	885.86941
0.428099999999969	885.83012472876	885.89977
0.430099999999969	885.858818137474	885.92969
0.432099999999969	885.887072483292	885.95917
0.434099999999969	885.914896007123	885.98823
0.436099999999968	885.942313649565	886.01688
0.438099999999968	885.969331933111	886.04511
0.440099999999968	885.99598622919	886.07293
0.442099999999968	886.022268662148	886.10036
0.444099999999967	886.048182836991	886.1274
0.446099999999967	886.073724409484	886.15406
0.448099999999967	886.098897355399	886.18034
0.450099999999967	886.123706751606	886.20625
0.452099999999967	886.148168025049	886.23179
0.454099999999966	886.172273155714	886.25698
0.456099999999966	886.196031219465	886.28182
0.458099999999966	886.219441423868	886.30632
0.460099999999966	886.242507445527	886.33048
0.462099999999965	886.26524506284	886.35431
0.464099999999965	886.287663710762	886.37781
0.466099999999965	886.309765668619	886.401
0.468099999999965	886.331563721151	886.42387
0.470099999999965	886.353069487283	886.44644
0.472099999999964	886.374288844229	886.4687
0.474099999999964	886.395211606595	886.49067
0.476099999999964	886.415849671682	886.51235
0.478099999999964	886.436207820072	886.53374
0.480099999999963	886.456297306613	886.55486
0.482099999999963	886.476117637591	886.5757
0.484099999999963	886.495677570608	886.59627
0.486099999999963	886.514986025297	886.61658
0.488099999999963	886.534030494798	886.63663
0.490099999999962	886.552817111732	886.65643
0.492099999999962	886.571363194237	886.67597
0.494099999999962	886.589666685737	886.69527
0.496099999999962	886.607738886973	886.71433
0.498099999999961	886.625581190537	886.73316
0.500099999999961	886.643209144417	886.75175
0.502099999999961	886.660628555044	886.77012
0.504099999999961	886.677826800564	886.78826
0.506099999999961	886.694792902751	886.80618
0.50809999999996	886.711543244265	886.82389
0.51009999999996	886.728088714454	886.84138
0.51209999999996	886.744436466591	886.85867
0.51409999999996	886.760571144225	886.87575
0.516099999999959	886.776511568643	886.89264
0.518099999999959	886.792265591344	886.90933
0.520099999999959	886.807819066021	886.92582
0.522099999999959	886.823178372418	886.94213
0.524099999999959	886.838361014786	886.95824
0.526099999999958	886.853381818066	886.97418
0.528099999999958	886.868221700783	886.98993
0.530099999999958	886.882886852294	887.00551
0.532099999999958	886.897378858211	887.02092
0.534099999999958	886.911708803858	887.03615
0.536099999999957	886.925896904916	887.05122
0.538099999999957	886.939917851274	887.06612
0.540099999999957	886.95376626165	887.08086
0.542099999999957	886.967452375	887.09544
0.544099999999956	886.980993461709	887.10986
0.546099999999956	886.994392658836	887.12413
0.548099999999956	887.007644388535	887.13824
0.550099999999956	887.020747153975	887.15221
0.552099999999956	887.03371087697	887.16603
0.554099999999955	887.046538856603	887.17971
0.556099999999955	887.0592196873	887.19325
0.558099999999955	887.071756816781	887.20665
0.560099999999955	887.084147354191	887.21991
0.562099999999954	887.096408435954	887.23303
0.564099999999954	887.108530619719	887.24602
0.566099999999954	887.120531366343	887.25888
0.568099999999954	887.132401925415	887.27162
0.570099999999954	887.144146262778	887.28422
0.572099999999953	887.155779495618	887.29671
0.574099999999953	887.167311554973	887.30907
0.576099999999953	887.178719410812	887.32131
0.578099999999953	887.190004016097	887.33343
0.580099999999952	887.201173299017	887.34543
0.582099999999952	887.212241151443	887.35732
0.584099999999952	887.223208571781	887.36909
0.586099999999952	887.234063745258	887.38076
0.588099999999952	887.244800769944	887.39231
0.590099999999951	887.255427364253	887.40376
0.592099999999951	887.265962943518	887.4151
0.594099999999951	887.276391197848	887.42633
0.596099999999951	887.286710530484	887.43746
0.59809999999995	887.296921676317	887.44849
0.60009999999995	887.307033455096	887.45942
0.60209999999995	887.31705539274	887.47025
0.60409999999995	887.326976065725	887.48098
0.60609999999995	887.336811700228	887.49162
0.608099999999949	887.346552908918	887.50216
0.610099999999949	887.356202698661	887.51261
0.612099999999949	887.365763845404	887.52297
0.614099999999949	887.375245654186	887.53324
0.616099999999948	887.384635725693	887.54341
0.618099999999948	887.393928026718	887.5535
0.620099999999948	887.403127434482	887.56351
0.622099999999948	887.41224250033	887.57342
0.624099999999948	887.4212885576	887.58325
0.626099999999947	887.430261552115	887.593
0.628099999999947	887.439153353137	887.60267
0.630099999999947	887.447960400149	887.61226
0.632099999999947	887.456685517016	887.62176
0.634099999999946	887.465351789664	887.63119
0.636099999999946	887.473948061892	887.64054
0.638099999999946	887.482469698012	887.64981
0.640099999999946	887.490912877	887.65901
0.642099999999946	887.49927658456	887.66813
0.644099999999945	887.507570111116	887.67718
0.646099999999945	887.515785498891	887.68616
0.648099999999945	887.523923824696	887.69506
0.650099999999945	887.532000311682	887.7039
0.652099999999945	887.540010181975	887.71266
0.654099999999944	887.547943933446	887.72136
0.656099999999944	887.555802718717	887.72998
0.658099999999944	887.563599805772	887.73854
0.660099999999944	887.571333485675	887.74704
0.662099999999943	887.578994270481	887.75546
0.664099999999943	887.586583126253	887.76383
0.666099999999943	887.594108696558	887.77213
0.668099999999943	887.60158128187	887.78036
0.670099999999943	887.608995067799	887.78854
0.672099999999942	887.616373043135	887.79665
0.674099999999942	887.623696822341	887.8047
0.676099999999942	887.630962975959	887.81269
0.678099999999942	887.638167370338	887.82062
0.680099999999941	887.645326990659	887.82849
0.682099999999941	887.652431757092	887.83631
0.684099999999941	887.659472031477	887.84407
0.686099999999941	887.66644604385	887.85177
0.688099999999941	887.673355449083	887.85941
0.69009999999994	887.680197719257	887.867
0.69209999999994	887.686991995702	887.87454
0.69409999999994	887.693724554216	887.88202
0.69609999999994	887.700405065617	887.88945
0.698099999999939	887.707035364704	887.89682
0.700099999999939	887.713620647106	887.90415
0.702099999999939	887.720148917198	887.91142
0.704099999999939	887.726625510395	887.91864
0.706099999999939	887.733060775081	887.92581
0.708099999999938	887.739465715908	887.93293
0.710099999999938	887.745825326881	887.94
0.712099999999938	887.752128702227	887.94702
0.714099999999938	887.758388348879	887.95399
0.716099999999937	887.764596732678	887.96092
0.718099999999937	887.770767956086	887.9678
0.720099999999937	887.77689316266	887.97463
0.722099999999937	887.782990001296	887.98142
0.724099999999937	887.789037290517	887.98816
0.726099999999936	887.795038159963	887.99485
0.728099999999936	887.801002089582	888.0015
0.730099999999936	887.806944977984	888.00811
0.732099999999936	887.812850868418	888.01467
0.734099999999935	887.818707763649	888.02119
0.736099999999935	887.824517710922	888.02767
0.738099999999935	887.830278413207	888.0341
0.740099999999935	887.835990999971	888.04049
0.742099999999935	887.841665069073	888.04684
0.744099999999934	887.847298704775	888.05315
0.746099999999934	887.85289279035	888.05942
0.748099999999934	887.858453231694	888.06565
0.750099999999934	887.863973878486	888.07183
0.752099999999933	887.869451178711	888.07798
0.754099999999933	887.874884676734	888.08409
0.756099999999933	887.880276412413	888.09016
0.758099999999933	887.885637770635	888.09619
0.760099999999933	887.890969537679	888.10219
0.762099999999932	887.896257842269	888.10814
0.764099999999932	887.901502559256	888.11406
0.766099999999932	887.906703508664	888.11994
0.768099999999932	887.911861651277	888.12579
0.770099999999932	887.916991590185	888.1316
0.772099999999931	887.922089223811	888.13737
0.774099999999931	887.927152688688	888.1431
0.776099999999931	887.932186150085	888.14881
0.778099999999931	887.937182583224	888.15447
0.78009999999993	887.942139524349	888.16011
0.78209999999993	887.947060787497	888.1657
0.78409999999993	887.951971881132	888.17127
0.78609999999993	887.956851397425	888.1768
0.78809999999993	887.961690147459	888.18229
0.790099999999929	887.966489728138	888.18776
0.792099999999929	887.971264512616	888.19319
0.794099999999929	887.975997572279	888.19859
0.796099999999929	887.980692335514	888.20395
0.798099999999928	887.985357189742	888.20928
0.800099999999928	887.989979340595	888.21459
0.802099999999928	887.994565766011	888.21986
0.804099999999928	887.999129478688	888.2251
0.806099999999928	888.003668606398	888.2303
0.808099999999927	888.008179431572	888.23548
0.810099999999927	888.012655503459	888.24063
0.812099999999927	888.017101745049	888.24575
0.814099999999927	888.021530197044	888.25083
0.816099999999926	888.025943638887	888.25589
0.818099999999926	888.030325234523	888.26092
0.820099999999926	888.034671358159	888.26592
0.822099999999926	888.038979124149	888.27089
0.824099999999926	888.043251140657	888.27583
0.826099999999925	888.047492487165	888.28074
0.828099999999925	888.051713982879	888.28562
0.830099999999925	888.055903626929	888.29048
0.832099999999925	888.060076820446	888.2953
0.834099999999924	888.06422546751	888.3001
0.836099999999924	888.068346850265	888.30488
0.838099999999924	888.072434463082	888.30962
0.840099999999924	888.076492170807	888.31434
0.842099999999924	888.080531744737	888.31903
0.844099999999923	888.084545746511	888.3237
0.846099999999923	888.088528921508	888.32833
0.848099999999923	888.092483891265	888.33294
0.850099999999923	888.096424502161	888.33753
0.852099999999922	888.100341308632	888.34209
0.854099999999922	888.104227360046	888.34662
0.856099999999922	888.108101144405	888.35113
0.858099999999922	888.111949979018	888.35561
0.860099999999922	888.115765760794	888.36007
0.862099999999921	888.119561975256	888.3645
0.864099999999921	888.123335540515	888.36891
0.866099999999921	888.127087954318	888.37329
0.868099999999921	888.130814892781	888.37765
0.87009999999992	888.134514496556	888.38198
0.87209999999992	888.138186826223	888.38629
0.87409999999992	888.141841838523	888.39058
0.87609999999992	888.145481225381	888.39484
0.87809999999992	888.149103878092	888.39907
0.880099999999919	888.152693266311	888.40329
0.882099999999919	888.156250506676	888.40748
0.884099999999919	888.159777338553	888.41164
0.886099999999919	888.163272237555	888.41579
0.888099999999919	888.166746784223	888.41991
0.890099999999918	888.170203024291	888.424
0.892099999999918	888.173627918538	888.42808
0.894099999999918	888.177036689893	888.43213
0.896099999999918	888.180416263849	888.43616
0.898099999999917	888.183784051515	888.44016
0.900099999999917	888.187126935385	888.44415
0.902099999999917	888.190443664231	888.44811
0.904099999999917	888.193754741383	888.45205
0.906099999999917	888.197052150423	888.45597
0.908099999999916	888.200322750453	888.45986
0.910099999999916	888.203565763891	888.46374
0.912099999999916	888.20679496342	888.46759
0.914099999999916	888.210015951855	888.47142
0.916099999999915	888.213213082416	888.47523
0.918099999999915	888.216380868557	888.47901
0.920099999999915	888.219535205352	888.48278
0.922099999999915	888.222658969435	888.48653
0.924099999999915	888.225754976702	888.49025
0.926099999999914	888.228837754146	888.49395
0.928099999999914	888.23189795098	888.49764
0.930099999999914	888.234932365868	888.5013
0.932099999999914	888.23794440879	888.50494
0.934099999999913	888.24094168292	888.50856
0.936099999999913	888.243912988783	888.51216
0.938099999999913	888.246866193558	888.51574
0.940099999999913	888.249810287012	888.5193
0.942099999999913	888.252732238035	888.52284
0.944099999999912	888.255631213468	888.52635
0.946099999999912	888.25850207109	888.52985
0.948099999999912	888.261354843043	888.53333
0.950099999999912	888.264193916271	888.53679
0.952099999999911	888.267008840762	888.54023
0.954099999999911	888.26980927654	888.54365
0.956099999999911	888.272593859497	888.54705
0.958099999999911	888.275355873094	888.55043
0.960099999999911	888.278109890514	888.55379
0.96209999999991	888.280836581376	888.55713
0.96409999999991	888.283544689547	888.56045
0.96609999999991	888.286248928431	888.56375
0.96809999999991	888.288927949744	888.56703
0.970099999999909	888.291597040713	888.57029
0.972099999999909	888.294257596801	888.57354
0.974099999999909	888.296898605535	888.57676
0.976099999999909	888.299514342602	888.57997
0.978099999999909	888.302103889421	888.58315
0.980099999999908	888.304669463703	888.58632
0.982099999999908	888.307229508803	888.58947
0.984099999999908	888.309776165331	888.5926
0.986099999999908	888.312298872586	888.59571
0.988099999999908	888.314814632139	888.5988
0.990099999999907	888.317304498347	888.60187
0.992099999999907	888.319768310926	888.60492
0.994099999999907	888.322215449938	888.60796
0.996099999999907	888.324648154719	888.61097
0.998099999999906	888.32705878095	888.61397
1.00009999999991	888.329446478156	888.61695
1.00209999999991	888.331810235875	888.61991
1.00409999999991	888.334150636603	888.62285
1.00609999999991	888.33646637207	888.62577
1.00809999999991	888.338763723356	888.62868
1.01009999999991	888.341053103324	888.63156
1.0120999999999	888.343321341702	888.63443
1.0140999999999	888.345563905746	888.63728
1.0160999999999	888.347779900444	888.64011
1.0180999999999	888.349976993405	888.64292
1.0200999999999	888.352172192369	888.64571
1.0220999999999	888.354340246582	888.64849
1.0240999999999	888.356493696846	888.65124
1.0260999999999	888.358636290799	888.65398
1.0280999999999	888.360764457687	888.6567
1.0300999999999	888.362875244037	888.6594
1.0320999999999	888.364970048712	888.66208
1.0340999999999	888.367043859498	888.66474
1.0360999999999	888.369106465359	888.66739
1.0380999999999	888.371164245231	888.67001
1.0400999999999	888.3731999325	888.67262
1.0420999999999	888.375230802788	888.67521
1.0440999999999	888.377256314565	888.67778
1.0460999999999	888.379275932221	888.68034
1.0480999999999	888.381275220416	888.68287
1.0500999999999	888.383251620931	888.68539
1.0520999999999	888.385204759117	888.68788
1.0540999999999	888.387134889486	888.69036
1.0560999999999	888.389052262894	888.69282
1.0580999999999	888.39094415194	888.69526
1.0600999999999	888.392819997412	888.69768
1.0620999999999	888.394689647916	888.70009
1.0640999999999	888.396533859598	888.70247
1.0660999999999	888.398352036221	888.70484
1.0680999999999	888.400157878331	888.70719
1.0700999999999	888.401947748394	888.70952
1.0720999999999	888.403714114797	888.71183
1.0740999999999	888.40545887003	888.71412
1.0760999999999	888.407185790531	888.71639
1.0780999999999	888.408895081829	888.71864
1.0800999999999	888.410583429072	888.72087
1.0820999999999	888.4122551019	888.72309
1.0840999999999	888.413913396907	888.72528
1.0860999999999	888.415557514086	888.72746
1.0880999999999	888.417176865753	888.72962
1.0900999999999	888.418769664294	888.73176
1.0920999999999	888.420334811444	888.73387
1.0940999999999	888.421880267989	888.73597
1.0960999999999	888.423418188532	888.73805
1.0980999999999	888.424932540921	888.74011
1.1000999999999	888.426444450248	888.74215
1.1020999999999	888.427957944283	888.74417
1.10409999999989	888.429451609431	888.74617
1.10609999999989	888.430923668938	888.74815
1.10809999999989	888.432395798396	888.75011
1.11009999999989	888.433845011149	888.75205
1.11209999999989	888.435272284886	888.75397
1.11409999999989	888.436688655248	888.75587
1.11609999999989	888.438095729887	888.75775
1.11809999999989	888.43947850602	888.75961
1.12009999999989	888.440856710323	888.76145
1.12209999999989	888.442225065758	888.76326
1.12409999999989	888.44357389842	888.76506
1.12609999999989	888.44489900599	888.76684
1.12809999999989	888.446197203323	888.76859
1.13009999999989	888.447469120634	888.77032
1.13209999999989	888.448714296949	888.77204
1.13409999999989	888.449944962231	888.77373
1.13609999999989	888.451160240126	888.7754
1.13809999999989	888.45234997297	888.77704
1.14009999999989	888.453530353309	888.77867
1.14209999999989	888.454695660169	888.78027
1.14409999999989	888.455835281517	888.78185
1.14609999999989	888.456946994339	888.78341
1.14809999999989	888.458068855706	888.78495
1.15009999999989	888.45918066746	888.78647
1.15209999999989	888.460265447822	888.78796
1.15409999999989	888.461323340127	888.78943
1.15609999999989	888.462357173826	888.79087
1.15809999999989	888.463381816537	888.79229
1.16009999999989	888.464387083477	888.79369
1.16209999999989	888.465379938163	888.79507
1.16409999999989	888.466354313667	888.79642
1.16609999999989	888.467311332959	888.79775
1.16809999999989	888.468251953739	888.79905
1.17009999999989	888.469165663563	888.80033
1.17209999999989	888.470058785125	888.80159
1.17409999999989	888.470928952109	888.80282
1.17609999999989	888.471770098693	888.80402
1.17809999999989	888.472600919356	888.8052
1.18009999999989	888.473406788499	888.80636
1.18209999999989	888.474185667975	888.80749
1.18409999999989	888.47494911241	888.80859
1.18609999999989	888.475703802852	888.80967
1.18809999999989	888.476430179413	888.81072
1.19009999999989	888.477127193204	888.81174
1.19209999999989	888.47782060402	888.81274
1.19409999999988	888.478490784672	888.81371
1.19609999999988	888.479135915922	888.81465
1.19809999999988	888.479755813199	888.81557
1.20009999999988	888.480363575013	888.81646
1.20209999999988	888.480952264409	888.81732
1.20409999999988	888.481516664016	888.81815
1.20609999999988	888.482072488632	888.81895
1.20809999999988	888.482615405587	888.81972
1.21009999999988	888.483137004895	888.82047
1.21209999999988	888.483633995739	888.82118
1.21409999999988	888.484099764805	888.82187
1.21609999999988	888.484536012698	888.82252
1.21809999999988	888.48494366075	888.82315
1.22009999999988	888.485323265411	888.82374
1.22209999999988	888.485685424333	888.8243
1.22409999999988	888.486026742371	888.82483
1.22609999999988	888.486340056115	888.82533
1.22809999999988	888.486644699611	888.8258
1.23009999999988	888.486930775237	888.82623
1.23209999999988	888.487186779958	888.82664
1.23409999999988	888.48741233924	888.827
1.23609999999988	888.487609627148	888.82734
1.23809999999988	888.487823781848	888.82764
1.24009999999988	888.488016205468	888.8279
1.24209999999988	888.488178305405	888.82813
1.24409999999988	888.488310846303	888.82833
1.24609999999988	888.488414311735	888.82849
1.24809999999988	888.4885085941	888.82861
1.25009999999988	888.488579034658	888.8287
1.25209999999988	888.488624787984	888.82875
1.25409999999988	888.488646468939	888.82876
1.25609999999988	888.488651566478	888.82873
1.25809999999988	888.488637135081	888.82867
1.26009999999988	888.488602028716	888.82857
1.26209999999988	888.488534362985	888.82843
1.26409999999988	888.488432162109	888.82824
1.26609999999988	888.488294037004	888.82802
1.26809999999988	888.488120193048	888.82776
1.27009999999988	888.487916960017	888.82745
1.27209999999988	888.48769758279	888.82711
1.27409999999988	888.48744301406	888.82672
1.27609999999988	888.487153233297	888.82629
1.27809999999988	888.486841674515	888.82581
1.28009999999988	888.486509060769	888.8253
1.28209999999988	888.486156773366	888.82473
1.28409999999988	888.485771085797	888.82412
1.28609999999987	888.485353157467	888.82347
1.28809999999987	888.484923058858	888.82277
1.29009999999987	888.484462726221	888.82202
1.29209999999987	888.483970380223	888.82123
1.29409999999987	888.483445759042	888.82039
1.29609999999987	888.482890429109	888.8195
1.29809999999987	888.482322006672	888.81856
1.30009999999987	888.481725995435	888.81757
1.30209999999987	888.481110465325	888.81653
1.30409999999987	888.480481489407	888.81544
1.30609999999987	888.479824075034	888.8143
1.30809999999987	888.479150221742	888.81311
1.31009999999987	888.478445855646	888.81187
1.31209999999987	888.477704460018	888.81057
1.31409999999987	888.47691989187	888.80921
1.31609999999987	888.476092303183	888.80781
1.31809999999987	888.475221616691	888.80634
1.32009999999987	888.47430883818	888.80483
1.32209999999987	888.47335486519	888.80325
1.32409999999987	888.472367535489	888.80162
1.32609999999987	888.471349647219	888.79993
1.32809999999987	888.470303044942	888.79819
1.33009999999987	888.469228370694	888.79638
1.33209999999987	888.468131801275	888.79451
1.33409999999987	888.467002758135	888.79259
1.33609999999987	888.465831455811	888.7906
1.33809999999987	888.464615229474	888.78856
1.34009999999987	888.463354716619	888.78645
1.34209999999987	888.462050400261	888.78428
1.34409999999987	888.460725054843	888.78205
1.34609999999987	888.459366866815	888.77975
1.34809999999987	888.45798241587	888.77739
1.35009999999987	888.456556290108	888.77497
1.35209999999987	888.455089579987	888.77248
1.35409999999987	888.453594882491	888.76992
1.35609999999987	888.452074433289	888.7673
1.35809999999987	888.450522570171	888.76461
1.36009999999987	888.448929860797	888.76186
1.36209999999987	888.447297938311	888.75904
1.36409999999987	888.445626894349	888.75615
1.36609999999987	888.443921731402	888.75319
1.36809999999987	888.442182110826	888.75017
1.37009999999987	888.440409187861	888.74708
1.37209999999987	888.438614034392	888.74392
1.37409999999987	888.436779668577	888.74069
1.37609999999986	888.434898530897	888.73739
1.37809999999986	888.432968504657	888.73402
1.38009999999986	888.430989009111	888.73058
1.38209999999986	888.428959711856	888.72707
1.38409999999986	888.426881530469	888.72349
1.38609999999986	888.424756219364	888.71984
1.38809999999986	888.422603603013	888.71612
1.39009999999986	888.42040820298	888.71232
1.39209999999986	888.418164150852	888.70846
1.39409999999986	888.41587080247	888.70453
1.39609999999986	888.413527881891	888.70053
1.39809999999986	888.411150144821	888.69646
1.40009999999986	888.408721426326	888.69231
1.40209999999986	888.406264673543	888.6881
1.40409999999986	888.403758423854	888.68382
1.40609999999986	888.401200146625	888.67946
1.40809999999986	888.398589843634	888.67504
1.41009999999986	888.395927824489	888.67055
1.41209999999986	888.393226902954	888.66598
1.41409999999986	888.390487233333	888.66135
1.41609999999986	888.387696204472	888.65665
1.41809999999986	888.384853167613	888.65188
1.42009999999986	888.381957337448	888.64705
1.42209999999986	888.379009166527	888.64214
1.42409999999986	888.37601657797	888.63717
1.42609999999986	888.372989132817	888.63213
1.42809999999986	888.369913591932	888.62702
1.43009999999986	888.366799044227	888.62185
1.43209999999986	888.363629105189	888.61661
1.43409999999986	888.360404269593	888.61131
1.43609999999986	888.357124496554	888.60594
1.43809999999986	888.353800031554	888.60051
1.44009999999986	888.350434892527	888.59501
1.44209999999986	888.347013690733	888.58946
1.44409999999986	888.34354632789	888.58383
1.44609999999986	888.340043653453	888.578150000001
1.44809999999986	888.336493269151	888.5724
1.45009999999986	888.332885929445	888.5666
1.45209999999986	888.329228348137	888.56073
1.45409999999986	888.325513365042	888.5548
1.45609999999986	888.321744960994	888.54882
1.45809999999986	888.317931583341	888.54278
1.46009999999986	888.314059955263	888.53667
1.46209999999986	888.310130314962	888.530510000001
1.46409999999986	888.306143136157	888.5243
1.46609999999985	888.302098828432	888.51803
1.46809999999985	888.297997334191	888.511700000001
1.47009999999985	888.293838542516	888.505320000001
1.47209999999985	888.289622646808	888.498880000001
1.47409999999985	888.285349979619	888.492400000001
1.47609999999985	888.281020397429	888.485850000001
1.47809999999985	888.276633544368	888.479260000001
1.48009999999985	888.27219783685	888.472620000001
1.48209999999985	888.26770993591	888.465920000001
1.48409999999985	888.263164198469	888.459180000001
1.48609999999985	888.258560352802	888.452380000001
1.48809999999985	888.253898547647	888.445540000001
1.49009999999985	888.249179237269	888.438650000001
1.49209999999985	888.24440286243	888.43171
1.49409999999985	888.239576461415	888.42473
1.49609999999985	888.234712977107	888.4177
1.49809999999985	888.229792071684	888.41062
1.50009999999985	888.22483117814	888.4035
1.50209999999985	888.21981605202	888.39633
1.50409999999985	888.214744097594	888.38913
1.50609999999985	888.209615736156	888.381870000001
1.50809999999985	888.20443194094	888.37458
1.51009999999985	888.199194262649	888.36725
1.51209999999985	888.193900610568	888.35987
1.51409999999985	888.188551307456	888.35246
1.51609999999985	888.183146593475	888.345
1.51809999999985	888.177686925918	888.33751
1.52009999999985	888.172172777397	888.329970000001
1.52209999999985	888.16660449611	888.322400000001
1.52409999999985	888.16098233301	888.314790000001
1.52609999999985	888.155306749857	888.307150000001
1.52809999999985	888.149578219724	888.299470000001
1.53009999999985	888.143797211324	888.291750000001
1.53209999999985	888.137964189474	888.284000000001
1.53409999999985	888.132079545599	888.276210000001
1.53609999999985	888.126143670542	888.268390000001
1.53809999999985	888.120157028408	888.260540000001
1.54009999999985	888.114129193955	888.252650000001
1.54209999999985	888.108058857042	888.244730000001
1.54409999999985	888.101938976407	888.236780000001
1.54609999999985	888.095769997257	888.228800000001
1.54809999999985	888.089552363521	888.220790000001
1.55009999999985	888.083286518016	888.212740000001
1.55209999999985	888.076972864535	888.204670000001
1.55409999999985	888.070611687291	888.196570000001
1.55609999999985	888.06420349763	888.188440000001
1.55809999999984	888.057748743168	888.180280000001
1.56009999999984	888.051247840905	888.172090000001
1.56209999999984	888.044701107894	888.163870000001
1.56409999999984	888.038109016404	888.155630000001
1.56609999999984	888.031472018939	888.147360000001
1.56809999999984	888.024790566778	888.139070000001
1.57009999999984	888.018065109982	888.130740000001
1.57209999999984	888.011296097388	888.122400000001
1.57409999999984	888.004483976589	888.114030000001
1.57609999999984	887.997629193908	888.105630000001
1.57809999999984	887.990732194363	888.097210000001
1.58009999999984	887.983793421623	888.088770000001
1.58209999999984	887.97681326539	888.080300000001
1.58409999999984	887.969792147053	888.071810000001
1.58609999999984	887.962730514179	888.063290000001
1.58809999999984	887.955628781279	888.054760000001
1.59009999999984	887.948487365732	888.046200000001
1.59209999999984	887.941306709342	888.037620000001
1.59409999999984	887.934087251419	888.029020000001
1.59609999999984	887.926829408288	888.020400000001
1.59809999999984	887.919533573017	888.011760000001
1.60009999999984	887.912200184945	888.003100000001
1.60209999999984	887.904831639185	887.994410000001
1.60409999999984	887.897427908885	887.985710000001
1.60609999999984	887.889987794795	887.976990000001
1.60809999999984	887.882511726388	887.968250000001
1.61009999999984	887.875000130178	887.959490000001
1.61209999999984	887.867453429665	887.950710000001
1.61409999999984	887.859872045272	887.941920000001
1.61609999999984	887.852256394284	887.933110000001
1.61809999999984	887.844606882052	887.924280000001
1.62009999999984	887.836923892249	887.915430000001
1.62209999999984	887.829207840553	887.906560000001
1.62409999999984	887.821459132943	887.897680000001
1.62609999999984	887.813678170244	887.888780000001
1.62809999999984	887.80586562879	887.879870000001
1.63009999999984	887.798021940312	887.870940000001
1.63209999999984	887.790147125867	887.861990000001
1.63409999999984	887.782241576555	887.853030000001
1.63609999999984	887.774305679656	887.844050000001
1.63809999999984	887.766339818601	887.835060000001
1.64009999999984	887.758353615911	887.826060000001
1.64209999999984	887.750338418458	887.817030000001
1.64409999999984	887.742294117647	887.808000000001
1.64609999999984	887.73422110108	887.798950000001
1.64809999999983	887.726119689862	887.789880000001
1.65009999999983	887.717990251969	887.780810000001
1.65209999999983	887.709833151216	887.771710000001
1.65409999999983	887.701648747256	887.762610000001
1.65609999999983	887.693437395584	887.753490000001
1.65809999999983	887.68519944754	887.744360000001
1.66009999999983	887.676935250321	887.735220000001
1.66209999999983	887.668645146984	887.726060000001
1.66409999999983	887.660329476457	887.716890000001
1.66609999999983	887.651988573555	887.707710000001
1.66809999999983	887.643622768985	887.698520000001
1.67009999999983	887.635232361734	887.689310000001
1.67209999999983	887.62681768951	887.680100000001
1.67409999999983	887.618379074648	887.670870000001
1.67609999999983	887.609916832689	887.661630000001
1.67809999999983	887.601431275071	887.652380000001
1.68009999999983	887.592922709156	887.643110000001
1.68209999999983	887.584391438244	887.633840000001
1.68409999999983	887.575837761726	887.624560000001
1.68609999999983	887.567261978295	887.615260000001
1.68809999999983	887.558664380876	887.605960000001
1.69009999999983	887.550008831716	887.596640000001
1.69209999999983	887.541308604717	887.587310000001
1.69409999999983	887.532589812631	887.577980000001
1.69609999999983	887.523852673748	887.568630000001
1.69809999999983	887.515097403642	887.559270000001
1.70009999999983	887.506324215179	887.549910000001
1.70209999999983	887.497533318531	887.540530000001
1.70409999999983	887.488724921184	887.531150000001
1.70609999999983	887.479899227953	887.521750000001
1.70809999999983	887.471056440993	887.512350000001
1.71009999999983	887.462192293441	887.502930000001
1.71209999999983	887.453269162205	887.493510000001
1.71409999999983	887.444301652556	887.484080000001
1.71609999999983	887.435320654414	887.474640000001
1.71809999999983	887.426316764653	887.465190000001
1.72009999999983	887.417287528493	887.455730000001
1.72209999999983	887.408245956392	887.446260000001
1.72409999999983	887.399192158927	887.436790000001
1.72609999999983	887.39012624543	887.427310000001
1.72809999999983	887.38104832399	887.417810000001
1.73009999999983	887.371958501461	887.408310000001
1.73209999999983	887.362856883471	887.398800000001
1.73409999999983	887.353743574427	887.389290000001
1.73609999999983	887.344618677522	887.379760000001
1.73809999999983	887.335482294743	887.370230000001
1.74009999999982	887.326334526879	887.360690000001
1.74209999999982	887.317175473533	887.351140000001
1.74409999999982	887.308010925291	887.341590000001
1.74609999999982	887.29880893299	887.332030000001
1.74809999999982	887.289596624255	887.322450000001
1.75009999999982	887.280374081905	887.312880000001
1.75209999999982	887.271141387797	887.303290000001
1.75409999999982	887.261898622833	887.293700000001
1.75609999999982	887.252645866966	887.284100000001
1.75809999999982	887.24338319921	887.274490000001
1.76009999999982	887.234110697642	887.264880000001
1.76209999999982	887.224828439418	887.255260000001
1.76409999999982	887.215536500773	887.245630000001
1.76609999999982	887.206234957032	887.235990000001
1.76809999999982	887.196923882619	887.226350000001
1.77009999999982	887.187603351062	887.216700000001
1.77209999999982	887.178273435003	887.207050000001
1.77409999999982	887.168926082462	887.197380000001
1.77609999999982	887.159555167998	887.187720000001
1.77809999999982	887.150159750867	887.178040000001
1.78009999999982	887.140756429372	887.168360000001
1.78209999999982	887.131345251972	887.158670000001
1.78409999999982	887.121926266561	887.148980000001
1.78609999999982	887.112499520482	887.139270000001
1.78809999999982	887.103065060524	887.129570000001
1.79009999999982	887.093622932929	887.119850000001
1.79209999999982	887.0841731834	887.110130000001
1.79409999999982	887.074715857098	887.100410000001
1.79609999999982	887.065250998654	887.090680000001
1.79809999999982	887.055778652167	887.080940000001
1.80009999999982	887.046298861214	887.071190000001
1.80209999999982	887.036811668852	887.061440000001
1.80409999999982	887.027317117619	887.051690000001
1.80609999999982	887.017815249547	887.041920000001
1.80809999999982	887.008306106157	887.032160000001
1.81009999999982	886.998795240493	887.022380000001
1.81209999999982	886.989253036708	887.012600000001
1.81409999999982	886.979704207256	887.002820000001
1.81609999999982	886.970148783691	886.993020000001
1.81809999999982	886.960586797187	886.983230000001
1.82009999999982	886.951018278541	886.973420000001
1.82209999999982	886.941443231905	886.963620000001
1.82409999999982	886.931861684618	886.953800000001
1.82609999999982	886.922273673235	886.943980000001
1.82809999999982	886.912679232322	886.934160000001
1.83009999999981	886.903078399188	886.924330000001
1.83209999999981	886.893471231697	886.914490000001
1.83409999999981	886.88385775495	886.904650000001
1.83609999999981	886.874237993877	886.894800000001
1.83809999999981	886.864611973381	886.884950000001
1.84009999999981	886.85498787577	886.875090000001
1.84209999999981	886.845306231942	886.865230000001
1.84409999999981	886.835619444709	886.855360000001
1.84609999999981	886.825924796655	886.845490000001
1.84809999999981	886.816214745084	886.835610000001
1.85009999999981	886.806499946029	886.825720000001
1.85209999999981	886.796780406172	886.815830000001
1.85409999999981	886.787056132112	886.805940000001
1.85609999999981	886.777327130371	886.796040000001
1.85809999999981	886.767593407393	886.786130000001
1.86009999999981	886.757854969542	886.776220000001
1.86209999999981	886.748111823102	886.766310000001
1.86409999999981	886.738363974279	886.756390000001
1.86609999999981	886.728611429198	886.746460000001
1.86809999999981	886.718854193908	886.736530000001
1.87009999999981	886.709092274375	886.726590000001
1.87209999999981	886.699325676489	886.716650000001
1.87409999999981	886.689554406059	886.706710000001
1.87609999999981	886.679778468818	886.696760000001
1.87809999999981	886.669997870418	886.686800000001
1.88009999999981	886.660212616435	886.676840000001
1.88209999999981	886.650422712365	886.666870000001
1.88409999999981	886.640628163629	886.656900000001
1.88609999999981	886.63082897557	886.646930000001
1.88809999999981	886.621025153453	886.636950000001
1.89009999999981	886.611216702468	886.626960000001
1.89209999999981	886.60140362773	886.616970000001
1.89409999999981	886.591585934276	886.606980000001
1.89609999999981	886.581763627069	886.596980000001
1.89809999999981	886.571936710999	886.586970000001
1.90009999999981	886.562105190879	886.576960000001
1.90209999999981	886.55226907145	886.566950000001
1.90409999999981	886.542428357379	886.556930000001
1.90609999999981	886.532583053262	886.546910000001
1.90809999999981	886.522733163621	886.536880000001
1.91009999999981	886.512878692907	886.526840000001
1.91209999999981	886.503019645499	886.516810000001
1.91409999999981	886.493156025707	886.506760000001
1.91609999999981	886.48328783777	886.496710000001
1.91809999999981	886.473415085857	886.486660000001
1.9200999999998	886.463537774068	886.476610000001
1.9220999999998	886.453655906435	886.466540000001
1.9240999999998	886.443769486922	886.456480000001
1.9260999999998	886.433878519427	886.446410000001
1.9280999999998	886.423983007777	886.436330000001
1.9300999999998	886.414082955738	886.426250000001
1.9320999999998	886.404178367006	886.416170000001
1.9340999999998	886.394269245215	886.406080000001
1.9360999999998	886.384355593932	886.395980000001
1.9380999999998	886.374437416662	886.385880000001
1.9400999999998	886.364514716844	886.375780000001
1.9420999999998	886.354587497856	886.365670000001
1.9440999999998	886.344655763014	886.355560000001
1.9460999999998	886.334719515571	886.345440000001
1.9480999999998	886.324776783305	886.335320000001
1.9500999999998	886.314817836807	886.325190000001
1.9520999999998	886.30485475849	886.315060000001
1.9540999999998	886.29489219656	886.304930000001
1.9560999999998	886.284904799196	886.294790000001
1.9580999999998	886.274913623213	886.284640000001
1.9600999999998	886.264918663381	886.274490000001
1.9620999999998	886.2549199145	886.264340000001
1.9640999999998	886.244917371402	886.254180000001
1.9660999999998	886.234911028946	886.244020000001
1.9680999999998	886.224900882022	886.233850000001
1.9700999999998	886.214886925549	886.223680000001
1.9720999999998	886.204877128615	886.213500000001
1.9740999999998	886.194840829811	886.203320000001
1.9760999999998	886.184801046061	886.193130000001
1.9780999999998	886.174757768901	886.182940000001
1.9800999999998	886.164710989927	886.172750000001
1.9820999999998	886.154660700801	886.162550000001
1.9840999999998	886.144606893243	886.152350000001
1.9860999999998	886.134549559038	886.142140000001
1.9880999999998	886.124488690029	886.131930000001
1.9900999999998	886.114424278119	886.121710000001
1.9920999999998	886.104348274978	886.111490000001
1.9940999999998	886.094258666083	886.101260000001
1.9960999999998	886.084165850025	886.091030000001
1.9980999999998	886.074069815468	886.080800000001
