t	fs_A	fs_V
0	0	0	0
0.002	0	0	0
0.0041	6.73985442472212E-07	7.44935932837617E-12	5.27467E-09
0.006	6.93495528033862E-07	3.16386321632687E-11	5.26771E-09
0.00800000000000001	7.28929389066649E-07	7.6433009530899E-11	5.27068E-09
0.0101	7.82967173644681E-07	1.46843755111947E-10	5.29675E-09
0.0121	8.50782772428599E-07	2.38680085107128E-10	5.30974E-09
0.0141	9.34809552674254E-07	3.57621256677736E-10	5.32716999999999E-09
0.0161	1.03525452910776E-06	5.06949630194862E-10	5.35018999999999E-09
0.0180999999999999	1.15228544476667E-06	6.90274187623548E-10	5.37999999999998E-09
0.0200999999999999	1.28603946292087E-06	9.11470254911514E-10	5.41791999999997E-09
0.0220999999999999	1.43663128793985E-06	1.17462910700831E-09	5.46538999999996E-09
0.0240999999999999	1.60415993283366E-06	1.48401768731399E-09	5.52393999999995E-09
0.0260999999999999	1.78871393096549E-06	1.8440473514699E-09	5.59526999999994E-09
0.0280999999999999	1.99037512391614E-06	2.25925005474089E-09	5.68122999999993E-09
0.0300999999999999	2.20922129247832E-06	2.734260389033E-09	5.78385999999992E-09
0.0320999999999999	2.44532791432896E-06	3.27380207997228E-09	5.90540999999993E-09
0.0341	2.69876929445963E-06	3.8826778226498E-09	6.04839999999996E-09
0.036	2.95566217067593E-06	4.52976896358374E-09	6.13693000000001E-09
0.0380000000000001	3.24311860915483E-06	5.28792450762633E-09	6.32617000000005E-09
0.0400000000000001	3.54812758504577E-06	6.12997633980588E-09	6.54617000000011E-09
0.0420000000000002	3.87076321094383E-06	7.06097930489322E-09	6.80098000000017E-09
0.0440000000000002	4.21109984476672E-06	8.08604294569414E-09	7.09523000000024E-09
0.0460000000000003	4.56921206206267E-06	9.21032923916491E-09	7.43421000000032E-09
0.0480000000000003	4.94517460332452E-06	1.04390507524545E-08	7.8240200000004E-09
0.0500000000000004	5.33906230946472E-06	1.17774691172278E-08	8.27167000000049E-09
0.0520000000000005	5.75095005364899E-06	1.32308937473813E-08	8.78525000000061E-09
0.0540000000000005	6.18091267442493E-06	1.48046807446625E-08	9.37409000000073E-09
0.0560000000000006	6.62902491295812E-06	1.65042319508124E-08	1.00490000000009E-08
0.0580000000000006	7.09536135582872E-06	1.83349941151659E-08	1.0822600000001E-08
0.0600000000000007	7.57999638398368E-06	2.03024581542158E-08	1.17092000000012E-08
0.0620000000000007	8.08300412791541E-06	2.24121584852452E-08	1.27258000000014E-08
0.0640000000000008	8.60445842882823E-06	2.46696724202881E-08	1.38919000000016E-08
0.0660000000000009	9.14443280538539E-06	2.7080619609792E-08	1.52299000000018E-08
0.0680000000000009	9.7030004255474E-06	2.96506615276915E-08	1.67663000000021E-08
0.070000000000001	1.0280234082988E-05	3.23855009913792E-08	1.85313000000024E-08
0.072000000000001	1.08762061775814E-05	3.52908817114079E-08	2.05601000000027E-08
0.0740000000000011	1.1764086211693E-05	3.96099206341498E-08	2.28935000000032E-08
0.0760000000000012	1.35312749916129E-05	4.90190311042408E-08	2.55786000000036E-08
0.0780000000000012	1.5386013248567E-05	5.95794450365905E-08	2.86701000000041E-08
0.0800000000000013	1.73323196904707E-05	7.13686849261437E-08	3.54480000000048E-08
0.0820000000000013	1.93745092404022E-05	8.44724787348469E-08	4.35141000000057E-08
0.0840000000000014	2.15171991769333E-05	9.89850665661065E-08	5.26560000000067E-08
0.0860000000000014	2.37653189723114E-05	1.15009644940888E-07	6.3018600000008E-08
0.0880000000000015	2.61241229467658E-05	1.32658925335438E-07	7.47665000000095E-08
0.0900000000000016	2.85992052264098E-05	1.52055794704806E-07	8.80871000000111E-08
0.0920000000000016	3.11965167061352E-05	1.73334072426919E-07	1.03193000000013E-07
0.0940000000000017	3.39223838488606E-05	1.96639362431549E-07	1.20328000000015E-07
0.0960000000000017	3.67835292350672E-05	2.22130002259275E-07	1.39767000000018E-07
0.0980000000000018	3.97870938312403E-05	2.4997811299291E-07	1.61824000000021E-07
0.100000000000002	4.29406609832137E-05	2.80370755738706E-07	1.86857000000025E-07
0.102000000000002	4.62522821659411E-05	3.13511201789541E-07	2.15274000000029E-07
0.104000000000002	4.97305045370029E-05	3.49620324874471E-07	2.47536000000034E-07
0.106000000000002	5.33844003470124E-05	3.88938125026099E-07	2.84172000000039E-07
0.108000000000002	5.72235982550255E-05	4.31725394580813E-07	3.25780000000046E-07
0.110000000000002	6.12583165835373E-05	4.78265537686506E-07	3.73041000000054E-07
0.112000000000002	6.54993985436952E-05	5.28866555634226E-07	4.26730000000063E-07
0.114000000000002	6.99585425729134E-05	5.83870256412554E-07	4.87726000000073E-07
0.116000000000002	7.46496008208792E-05	6.43701437253638E-07	5.57027000000085E-07
0.118000000000002	7.9588050767653E-05	7.08852232852824E-07	6.35766000000099E-07
0.120000000000002	8.47905209741554E-05	7.79867640125388E-07	7.25228000000115E-07
0.122000000000002	9.02748624171501E-05	8.57351042158018E-07	8.26866000000135E-07
0.124000000000003	9.60602342219625E-05	9.41970499011702E-07	9.42329000000156E-07
0.126000000000002	0.000102167189801958	1.03446562344965E-06	1.07348000000017E-06
0.128000000000002	0.000108617769165999	1.13565517604017E-06	1.22243000000018E-06
0.130000000000002	0.000115435596280875	1.24644542763728E-06	1.39155000000018E-06
0.132000000000002	0.000122645981682711	1.36783935960157E-06	1.58353000000018E-06
0.134000000000002	0.000130276030528248	1.50094677757223E-06	1.80140000000018E-06
0.136000000000001	0.000138354756271538	1.64699542033102E-06	2.04857000000018E-06
0.138000000000001	0.00014691320014444	1.80734315131645E-06	2.32887000000016E-06
0.140000000000001	0.000155984556610791	1.98349132665545E-06	2.64662000000015E-06
0.142000000000001	0.000165604304954587	2.1770994401873E-06	3.00666000000013E-06
0.144	0.000175810347152409	2.39000115286605E-06	3.4144200000001E-06
0.146	0.000186643152169961	2.62422182114805E-06	3.87598000000006E-06
0.148	0.000198145906812021	2.8819976465051E-06	4.39817000000001E-06
0.1501	0.000210995274251386	3.18071731646278E-06	5.02005999999993E-06
0.1521	0.000224018755755585	3.49477547706656E-06	5.69131999999984E-06
0.154099999999999	0.000237862366637604	3.84073896869685E-06	6.44931999999974E-06
0.156099999999999	0.000252581982809662	4.22193208314056E-06	7.3046999999996E-06
0.158099999999999	0.000268237063795762	4.64201639653364E-06	8.26929999999945E-06
0.160099999999999	0.000284890845363933	5.1050228023705E-06	9.35626999999926E-06
0.162099999999998	0.000302610539300758	5.61538626629341E-06	1.0580199999999E-05
0.164099999999998	0.0003214675403539	6.17798349591082E-06	1.19573999999987E-05
0.166099999999998	0.000341537640347811	6.79817372864596E-06	1.35057999999984E-05
0.168099999999998	0.000362901249454136	7.48184285040886E-06	1.5245199999998E-05
0.170099999999998	0.000385643624570851	8.2354510676316E-06	1.71975999999975E-05
0.172099999999997	0.00040985510473236	9.06608436481082E-06	1.9387299999997E-05
0.174099999999997	0.00043517640565871	9.95633056329657E-06	2.18409999999963E-05
0.176099999999997	0.000462911381121713	1.09869479089973E-05	2.45882999999956E-05
0.178099999999997	0.000491442645174426	1.20473095055252E-05	2.76613999999947E-05
0.180099999999996	0.000520804546289741	1.31388864372282E-05	3.10960999999936E-05
0.182099999999996	0.000551032460068881	1.42632235853181E-05	3.49313999999924E-05
0.184099999999996	0.000582162774910827	1.54219432924212E-05	3.92100999999911E-05
0.186099999999996	0.000614232883562861	1.66167496149781E-05	4.39790999999895E-05
0.188099999999996	0.000653030739140256	1.84729100659062E-05	4.92896999999878E-05
0.190099999999995	0.000720152003166765	2.34436824473022E-05	5.51977999999857E-05
0.192099999999995	0.000789110370497444	2.85442673884126E-05	6.17642999999834E-05
0.194099999999995	0.000860017751170363	3.37835928053628E-05	6.90556999999808E-05
0.196099999999995	0.000932981765252779	3.91704174668177E-05	7.71440999999776E-05
0.198099999999995	0.00100810707800965	4.47134482020212E-05	8.61077999999741E-05
0.200099999999994	0.00108549640308738	5.04214337090712E-05	9.60316999999702E-05
0.202099999999994	0.00116525127352707	5.63032424830403E-05	0.000107007999999966
0.204099999999994	0.00124747264677389	6.23679298750399E-05	0.000119134999999961
0.206099999999994	0.00133226138865352	6.86247977131304E-05	0.000132519999999955
0.208099999999993	0.00144401061800099	7.95950140061937E-05	0.000147278999999949
0.210099999999993	0.00157722155400401	9.42957626080111E-05	0.000163534999999942
0.212099999999993	0.00171434691266561	0.000109417308641344	0.000181419999999934
0.214099999999993	0.00185554001252414	0.000124979818700753	0.000201076999999925
0.216099999999993	0.00200095235672977	0.000141003797401913	0.000222657999999916
0.218099999999992	0.00214894553276304	0.000157157157053336	0.000246322999999905
0.220099999999992	0.00230303599269516	0.000174144508840278	0.000272244999999893
0.222099999999992	0.00246162114079359	0.000191636225689785	0.00030060499999988
0.224099999999992	0.00262483582775303	0.000209651363772258	0.000331594999999865
0.226099999999991	0.00279148104123772	0.000227933407796387	0.000365418999999849
0.228099999999991	0.00296415364082319	0.000247028072561612	0.000402289999999831
0.230099999999991	0.00314168048912297	0.00026668157317713	0.000442429999999812
0.232099999999991	0.00332419256445176	0.000286913173941426	0.00048607299999979
0.234099999999991	0.00356223948668016	0.000320988333449515	0.000533460999999767
0.23609999999999	0.00381446149842436	0.000358104335032313	0.000584846999999742
0.23809999999999	0.00407155455573679	0.000395741348519164	0.000640486999999714
0.24009999999999	0.00435690469271149	0.000441663123829836	0.000700649999999684
0.24209999999999	0.00469119217766095	0.000503147551027734	0.000765606999999651
0.244099999999989	0.00503252521283211	0.000565924648938262	0.000835634999999616
0.246099999999989	0.00537858604003785	0.000629163869310135	0.000911012999999579
0.248099999999989	0.00573421295789612	0.000694588497672214	0.00099202299999954
0.250099999999989	0.00609710717076457	0.000761370289324838	0.00107999999999888
0.252099999999989	0.00646568108067412	0.000828917241159233	0.00117
0.254099999999988	0.00684334614137108	0.000898482500760888	0.00127
0.256099999999988	0.0072515881501872	0.000979188113574172	0.00137999999999881
0.258099999999988	0.00771224334981013	0.00108053493035176	0.00149
0.260099999999988	0.00818248228768949	0.00118459232415082	0.00161
0.262099999999987	0.00865696506432603	0.00128902571965588	0.00173999999999875
0.264099999999987	0.00913837443246821	0.00139502097152134	0.00187999999999872
0.266099999999987	0.00962932731554307	0.00150376534082471	0.0020199999999987
0.268099999999987	0.0101252335845231	0.00161322873268503	0.00216999999999868
0.270099999999987	0.0106839359974095	0.00175277458257069	0.00232999999999866
0.272099999999986	0.0112681427668062	0.00190415365178633	0.00249999999999863
0.274099999999986	0.0118543188111288	0.00205531489070968	0.00266999999999861
0.276099999999986	0.0125160146031937	0.00225036315581513	0.00285999999999859
0.278099999999986	0.0131817600953976	0.00244746661688709	0.00304999999999857
0.280099999999985	0.0138487677240276	0.0026449453942763	0.00324999999999855
0.282099999999985	0.0145196650460581	0.00284447148802991	0.00345999999999852
0.284099999999985	0.0151881667733291	0.00304206448141862	0.0036799999999985
0.286099999999985	0.0158615463662054	0.00324234530698377	0.00390999999999848
0.288099999999985	0.016533405959902	0.00344129246634044	0.00413999999999846
0.290099999999984	0.0172066663590516	0.00364067089919489	0.00437999999999844
0.292099999999984	0.0178892182933125	0.00384587955158111	0.00462999999999841
0.294099999999984	0.0186340231764576	0.00409590922407352	0.0048899999999984
0.296099999999984	0.0193745032455011	0.00434413333145079	0.00515999999999674
0.298099999999983	0.0201116554470423	0.00459120985827092	0.0054299999999967
0.300099999999983	0.0208457065347877	0.00483721194980823	0.00570999999999666
0.302099999999983	0.021631252764847	0.00512803351553406	0.00598999999999831
0.304099999999983	0.0224178719381292	0.00542364520165392	0.00627999999999829
0.306099999999983	0.0231961830114017	0.00571604283872616	0.00657999999999652
0.308099999999982	0.0239955393771271	0.00603349741916072	0.00687999999999648
0.310099999999982	0.0248105489719234	0.00637323817095464	0.00717999999999822
0.312099999999982	0.0256122222253068	0.00670727121587511	0.0074899999999982
0.314099999999982	0.0264013514191149	0.00703592680581625	0.00780999999999634
0.316099999999982	0.027178813095714	0.00735955309117082	0.0081299999999963
0.318099999999981	0.0279459238401501	0.00767906517781395	0.00844999999999813
0.320099999999981	0.0287026405373695	0.00799407187268826	0.00877999999999622
0.322099999999981	0.0294496432915585	0.00830484986233647	0.00910999999999618
0.324099999999981	0.0301869484081667	0.00861104928042116	0.00943999999999612
0.32609999999998	0.0309156446474869	0.00891349395959727	0.00976999999999608
0.32809999999998	0.0316363211682147	0.00921242279475541	0.010109999999996
0.33009999999998	0.0323790913546304	0.00954416759182552	0.010439999999998
0.33209999999998	0.0331211037485126	0.00988401703327442	0.010779999999998
0.33409999999998	0.0338516833264878	0.0102187115137707	0.011119999999998
0.336099999999979	0.0345886676064882	0.0105733507493931	0.0114599999999979
0.338099999999979	0.0353279849389505	0.0109451369481207	0.0118099999999958
0.340099999999979	0.0360525648274144	0.0113095074606087	0.0121499999999958
0.342099999999979	0.0367626895712205	0.0116658178266211	0.0124899999999957
0.344099999999978	0.0374600978840058	0.0120157405378308	0.0128299999999978
0.346099999999978	0.0381449922624971	0.0123586165308987	0.0131799999999956
0.348099999999978	0.0388186207655596	0.0126954632567054	0.0135199999999956
0.350099999999978	0.0394993328498808	0.0130592620195656	0.0138599999999955
0.352099999999978	0.0401731983016726	0.0134282093609208	0.0141999999999977
0.354099999999977	0.0408335440505412	0.0137892270724248	0.0145499999999955
0.356099999999977	0.0414816282891156	0.0141433982458942	0.0148899999999954
0.358099999999977	0.0421178107386201	0.0144901776873023	0.0152299999999954
0.360099999999977	0.0427434262934133	0.014831059057863	0.0155699999999953
0.362099999999976	0.0433589356538561	0.0151659420988973	0.0158999999999976
0.364099999999976	0.0439647988982775	0.0154947480575471	0.0162399999999952
0.366099999999976	0.0445621342859948	0.0158188029069662	0.0165799999999952
0.368099999999976	0.0451510192966242	0.0161374823999373	0.0169099999999976
0.370099999999976	0.045732227815235	0.0164515717749277	0.0172499999999951
0.372099999999975	0.0463112792435172	0.0167745265797088	0.0175799999999951
0.374099999999975	0.0468906332301324	0.0171164246904121	0.0179099999999975
0.376099999999975	0.0474606205566196	0.0174521849524109	0.0182399999999975
0.378099999999975	0.0480220482049485	0.0177826548751775	0.0185699999999975
0.380099999999974	0.0485753295251512	0.0181077500042174	0.0188999999999949
0.382099999999974	0.049128466411174	0.0184580874382616	0.0192299999999948
0.384099999999974	0.0496730615573344	0.0188063381254112	0.0195499999999974
0.386099999999974	0.0502085119814309	0.0191483273278056	0.0198799999999948
0.388099999999974	0.0507352690276029	0.0194836645083514	0.0201999999999947
0.390099999999973	0.0512540741601345	0.0198132146782367	0.0205199999999947
0.392099999999973	0.0517655376695863	0.0201377407789388	0.0208399999999946
0.394099999999973	0.0522702143643721	0.0204579726209957	0.0211599999999946
0.396099999999973	0.0527681729278417	0.0207722707500752	0.0214799999999945
0.398099999999972	0.0532601531440864	0.0210824940718671	0.0217899999999972
0.400099999999972	0.0537464613821765	0.0213885352372581	0.0221099999999944
0.402099999999972	0.054227561448213	0.0216913653805948	0.0224199999999944
0.404099999999972	0.0547034878702755	0.0219894201332216	0.0227299999999972
0.406099999999972	0.0551747261471576	0.0222840061373049	0.0230399999999972
0.408099999999971	0.0556424167525677	0.0225841734140154	0.0233499999999971
0.410099999999971	0.0561065386801081	0.0228997418934499	0.0236599999999971
0.412099999999971	0.0565650840812824	0.0232107561317172	0.0239699999999942
0.414099999999971	0.0570184149401429	0.0235178203909049	0.0242699999999971
0.41609999999997	0.0574668664434698	0.0238215197366538	0.0245799999999941
0.41809999999997	0.0579106851442609	0.0241207518726479	0.024879999999997
0.42009999999997	0.0583501637932243	0.0244154720547182	0.025179999999997
0.42209999999997	0.0587856417748499	0.0247084320966541	0.025489999999994
0.42409999999997	0.0592172592981238	0.0249975647002887	0.0257899999999939
0.426099999999969	0.0596452379935228	0.0252833897401535	0.0260799999999969
0.428099999999969	0.0600698193256548	0.0255672743309299	0.0263799999999969
0.430099999999969	0.0604911730557063	0.0258475832339504	0.0266799999999938
0.432099999999969	0.0609094897364259	0.0261256404638393	0.0269699999999969
0.434099999999969	0.0613229937373353	0.0264243876428465	0.0272699999999937
0.436099999999968	0.0617326258125839	0.0267195606081536	0.0275599999999968
0.438099999999968	0.0621385836469548	0.0270116414509723	0.0278599999999936
0.440099999999968	0.0625410565830739	0.0273011063866533	0.0281499999999936
0.442099999999968	0.0629403527820785	0.0275869850641682	0.0284399999999935
0.444099999999967	0.0633365442756943	0.0278705754526339	0.0287299999999935
0.446099999999967	0.0637280588866396	0.0281612248342434	0.0290199999999934
0.448099999999967	0.064114058702246	0.0284600296102091	0.0292999999999967
0.450099999999967	0.0644964421932952	0.0287560482404568	0.0295899999999967
0.452099999999967	0.064875728595072	0.0290478462687754	0.0298799999999933
0.454099999999966	0.06525180062022	0.0293372336815721	0.0301599999999966
0.456099999999966	0.0656253509360005	0.0296220533291222	0.0304399999999966
0.458099999999966	0.0659958489217038	0.0299055465329008	0.0307299999999932
0.460099999999966	0.0663639617429809	0.0301855714249241	0.0310099999999966
0.462099999999965	0.0667295883117934	0.0304632661253796	0.0312899999999965
0.464099999999965	0.0670928099662273	0.0307390120686379	0.0315699999999965
0.466099999999965	0.0674539838395127	0.0310119607253222	0.0318499999999965
0.468099999999965	0.0678129964450384	0.0312831974877693	0.0321299999999965
0.470099999999965	0.0681703825322737	0.0315512074853813	0.0324099999999965
0.472099999999964	0.0685256379393893	0.0318184000117311	0.0326899999999929
0.474099999999964	0.0688792689866872	0.0320832515820065	0.0329699999999928
0.476099999999964	0.0692311079508447	0.0323467513406238	0.0332399999999964
0.478099999999964	0.0695815605746613	0.0326078949642698	0.0335199999999927
0.480099999999963	0.0699303309536819	0.0328680650436879	0.0337899999999963
0.482099999999963	0.0702778696254664	0.0331260555563452	0.0340699999999927
0.484099999999963	0.0706238702661062	0.0333832094545829	0.0343399999999963
0.486099999999963	0.0709689161673185	0.0336379327709576	0.0346099999999963
0.488099999999963	0.0713124045225256	0.0338923419244923	0.0348899999999925
0.490099999999962	0.0716549083925415	0.0341448563117867	0.0351599999999925
0.492099999999962	0.0719960869334723	0.034396735349397	0.0354299999999924
0.494099999999962	0.0723363247473523	0.0346470377543824	0.0356999999999924
0.496099999999962	0.0726754006737725	0.0348966076843701	0.0359699999999923
0.498099999999961	0.0730083352357356	0.0351575276877078	0.0362399999999923
0.500099999999961	0.0733385155913904	0.0354201582945462	0.0365099999999922
0.502099999999961	0.0736677928803431	0.0356801504105942	0.0367699999999961
0.504099999999961	0.073995398236721	0.0359395554200629	0.0370399999999961
0.506099999999961	0.0743219630131202	0.0361970533614047	0.0373099999999961
0.50809999999996	0.0746472061220423	0.0364534864026205	0.037569999999996
0.51009999999996	0.0749716003763377	0.0367079751919536	0.037839999999996
0.51209999999996	0.0752947112386405	0.0369617148793557	0.038109999999992
0.51409999999996	0.075617077335685	0.0372136479608993	0.038369999999996
0.516099999999959	0.0759385011593759	0.0374643893776595	0.0386399999999919
0.518099999999959	0.0762590057615364	0.0377139727715164	0.0388999999999959
0.520099999999959	0.0765754905321275	0.0379684266054618	0.0391599999999959
0.522099999999959	0.0768860394949315	0.0382304454095695	0.0394299999999918
0.524099999999959	0.0771957678453955	0.0384902810943356	0.0396899999999959
0.526099999999958	0.0775041351782316	0.038749088818599	0.0399499999999958
0.528099999999958	0.07781178513684	0.0390058767151084	0.0402099999999958
0.530099999999958	0.078118185245428	0.0392617731071316	0.0404699999999958
0.532099999999958	0.0784238691659649	0.0395159654887056	0.0407299999999958
0.534099999999958	0.078728683535366	0.0397688654372469	0.0409899999999958
0.536099999999957	0.0790324604698812	0.0400208541267456	0.0412499999999957
0.538099999999957	0.0793356402833417	0.0402713183955753	0.0415099999999957
0.540099999999957	0.0796378580858542	0.0405209703606668	0.0417699999999957
0.542099999999957	0.079939548345652	0.0407692087789996	0.0420299999999957
0.544099999999956	0.0802403498814621	0.0410167289636914	0.0422899999999956
0.546099999999956	0.0805359234407916	0.0412700479136171	0.0425499999999956
0.548099999999956	0.0808267751659293	0.0415278181600115	0.0428099999999912
0.550099999999956	0.0811165846563649	0.0417844606883637	0.0430599999999956
0.552099999999956	0.0814062813387229	0.0420387694108083	0.0433199999999956
0.554099999999955	0.0816945833182861	0.04229270793882	0.0435799999999911
0.556099999999955	0.0819825027795951	0.0425449053813058	0.0438299999999955
0.558099999999955	0.0822694254709277	0.0427963521136643	0.0440899999999955
0.560099999999955	0.0825557034776587	0.0430466285117826	0.0443399999999955
0.562099999999954	0.0828416953954197	0.0432953471053594	0.0445999999999954
0.564099999999954	0.0831267822065818	0.0435434510044165	0.0448499999999954
0.566099999999954	0.0834116345593318	0.0437900988916125	0.0451099999999954
0.568099999999954	0.0836959559189447	0.0440357751224708	0.0453599999999954
0.570099999999954	0.0839794419567644	0.0442809368802382	0.0456199999999907
0.572099999999953	0.0842630736313491	0.0445243440263105	0.0458699999999953
0.574099999999953	0.0845456009314327	0.0447677308983075	0.0461199999999953
0.576099999999953	0.0848279849636447	0.0450098510328781	0.0463799999999906
0.578099999999953	0.0851096218656722	0.0452515814398921	0.0466299999999953
0.580099999999952	0.0853908383739743	0.0454925271844361	0.0468799999999953
0.582099999999952	0.0856719684103756	0.0457323223980962	0.0471299999999952
0.584099999999952	0.0859524064702862	0.045971810434614	0.0473799999999952
0.586099999999952	0.0862326870380792	0.0462103411203879	0.0476399999999904
0.588099999999952	0.0865126174019645	0.0464482151415519	0.0478899999999903
0.590099999999951	0.0867919954334392	0.0466857085041104	0.0481399999999951
0.592099999999951	0.0870712530231201	0.0469223203663125	0.0483899999999951
0.594099999999951	0.0873501953245997	0.0471583380244311	0.0486399999999951
0.596099999999951	0.0876286202088135	0.047394028889962	0.0488899999999951
0.59809999999995	0.0879070553220501	0.0476287800405171	0.0491399999999951
0.60009999999995	0.0881848999409252	0.0478633698112791	0.049389999999995
0.60209999999995	0.0884624688623154	0.0480974355958406	0.049639999999995
0.60409999999995	0.0887399820016869	0.0483307550613059	0.049889999999995
0.60609999999995	0.0890170367181092	0.0485638417847081	0.0501399999999899
0.608099999999949	0.0892941518780863	0.0487961017842748	0.0503899999999899
0.610099999999949	0.0895710362000098	0.0490279243837745	0.0506299999999949
0.612099999999949	0.0898473897595233	0.049259673172661	0.0508799999999949
0.614099999999949	0.0901238241516345	0.0494906444092471	0.0511299999999949
0.616099999999948	0.0903956541252607	0.0497260395864318	0.0513799999999949
0.618099999999948	0.0906624369047811	0.0499660012593043	0.0516299999999897
0.620099999999948	0.0909291555832487	0.0502050192171567	0.0518699999999948
0.622099999999948	0.09119536998271	0.0504436095105537	0.0521199999999948
0.624099999999948	0.0914615408501549	0.0506813117283226	0.0523699999999948
0.626099999999947	0.0917275637135807	0.0509182794513983	0.0526099999999947
0.628099999999947	0.0919930068956501	0.0511549964656584	0.0528599999999947
0.630099999999947	0.0922582088517985	0.0513911247876383	0.0531099999999894
0.632099999999947	0.0925237330648509	0.05162611600647	0.0533499999999947
0.634099999999946	0.0927884831199055	0.05186113759021	0.0535999999999947
0.636099999999946	0.0930530157322282	0.0520956252660163	0.0538499999999893
0.638099999999946	0.0933175614819701	0.0523293765312487	0.0540899999999946
0.640099999999946	0.0935725741219209	0.0525715826242516	0.0543399999999892
0.642099999999946	0.0938269833276402	0.0528133388008604	0.0545799999999946
0.644099999999945	0.0940815175884041	0.0530539886634927	0.0548299999999891
0.646099999999945	0.0943354733123729	0.0532942427213808	0.0550699999999945
0.648099999999945	0.0945895686683999	0.0535334519361579	0.055319999999989
0.650099999999945	0.0948434600461715	0.0537719840714573	0.0555599999999945
0.652099999999945	0.0950968030059566	0.0540101837413648	0.0557999999999944
0.654099999999944	0.0953501903241758	0.0542475216228864	0.0560499999999944
0.656099999999944	0.0956035083993068	0.0544841399032547	0.0562899999999944
0.658099999999944	0.0958563049030136	0.054720482744205	0.0565399999999888
0.660099999999944	0.0961089310857116	0.0549562421435859	0.0567799999999944
0.662099999999943	0.0963617384083164	0.0551911285818962	0.0570199999999943
0.664099999999943	0.0966140459666493	0.0554257904193809	0.0572699999999943
0.666099999999943	0.0968662032237318	0.0556599320397727	0.0575099999999943
0.668099999999943	0.0971184459834261	0.0558933702170636	0.0577499999999943
0.670099999999943	0.0973703219898684	0.0561265336397731	0.0579999999999885
0.672099999999942	0.0976222914261747	0.0563590287800598	0.0582399999999942
0.674099999999942	0.0978741335723063	0.0565910813381693	0.0584799999999942
0.676099999999942	0.0981256259656952	0.0568229006640426	0.0587199999999942
0.678099999999942	0.0983769979426341	0.0570542958936519	0.0589699999999883
0.680099999999941	0.0986285878257237	0.0572849918286311	0.0592099999999941
0.682099999999941	0.0988799581199987	0.0575153940007469	0.0594499999999941
0.684099999999941	0.0991309958294908	0.0577456063861151	0.0596899999999941
0.686099999999941	0.0993821507080152	0.0579752536209132	0.0599299999999941
0.688099999999941	0.0996329831543722	0.0582047362500173	0.0601799999999881
0.69009999999994	0.0998837176837082	0.0584338699909921	0.0604199999999881
0.69209999999994	0.100127539085129	0.0586682288379544	0.060659999999994
0.69409999999994	0.100369023185169	0.0589038741498385	0.060899999999994
0.69609999999994	0.100610054113446	0.0591392591333461	0.061139999999994
0.698099999999939	0.100851344552744	0.059373823776732	0.0613799999999939
0.700099999999939	0.101092545486507	0.059607880228887	0.0616199999999939
0.702099999999939	0.101333309846058	0.0598417215319594	0.0618599999999939
0.704099999999939	0.101573991129095	0.0600750751284815	0.0620999999999939
0.706099999999939	0.101814940871469	0.0603076839798232	0.0623399999999939
0.708099999999938	0.102055813341862	0.0605398427229554	0.0625799999999938
0.710099999999938	0.102296265516471	0.0607718341070284	0.0628199999999938
0.712099999999938	0.102536988760025	0.0610031239325846	0.0630599999999938
0.714099999999938	0.102777301941305	0.0612342771925326	0.0632999999999938
0.716099999999937	0.10301754901656	0.0614650288598485	0.0635399999999938
0.718099999999937	0.103258072476753	0.0616951299724654	0.0637799999999937
0.720099999999937	0.103498424023379	0.0619249482015129	0.0640199999999937
0.722099999999937	0.103738488126157	0.0621545775155445	0.0642599999999937
0.724099999999937	0.103978494883942	0.0623838521567218	0.0644999999999937
0.726099999999936	0.104218672713017	0.0626126118250086	0.0647399999999937
0.728099999999936	0.104458796537714	0.0628410401891593	0.0649799999999936
0.730099999999936	0.104698643054695	0.0630693161840127	0.0652199999999936
0.732099999999936	0.104938662758703	0.0632971078053297	0.0654599999999936
0.734099999999935	0.10517863401136	0.063524599790731	0.0656999999999871
0.736099999999935	0.105418335681594	0.0637519649283794	0.0659399999999871
0.738099999999935	0.105657991275156	0.0639790390578545	0.0661699999999935
0.740099999999935	0.105897823686661	0.0642056681074497	0.0664099999999935
0.742099999999935	0.106137392725921	0.0644321939624366	0.0666499999999935
0.744099999999934	0.106376920437185	0.0646584575298762	0.0668899999999934
0.746099999999934	0.106616627741546	0.0648843058339713	0.0671299999999934
0.748099999999934	0.106856401594583	0.0651098298003347	0.0673699999999868
0.750099999999934	0.107095813108966	0.0653353545293491	0.0675999999999934
0.752099999999933	0.107335187661246	0.0655606442103051	0.0678399999999934
0.754099999999933	0.107574848855212	0.0657854700665077	0.0680799999999933
0.756099999999933	0.107814474402516	0.0660100759835606	0.0683199999999866
0.758099999999933	0.108053744416631	0.0662347013316217	0.0685499999999933
0.760099999999933	0.108293299746035	0.0664588795114906	0.0687899999999933
0.762099999999932	0.108531938750858	0.0666834835668476	0.0690299999999932
0.764099999999932	0.108762005143238	0.066913749929776	0.0692699999999864
0.766099999999932	0.108992054737494	0.0671436432343054	0.0694999999999932
0.768099999999932	0.109222430315594	0.0673729403148656	0.0697399999999932
0.770099999999932	0.109452449167298	0.0676021327967599	0.0699799999999931
0.772099999999931	0.109682453599111	0.0678309883415383	0.0702099999999931
0.774099999999931	0.109912782716681	0.0680592870795092	0.0704499999999931
0.776099999999931	0.110142987597454	0.0682873524899544	0.0706899999999931
0.778099999999931	0.110372952986806	0.0685152660982135	0.0709299999999861
0.78009999999993	0.11060290631402	0.0687428804166358	0.071159999999993
0.78209999999993	0.110833181938988	0.0689699796285039	0.071399999999993
0.78409999999993	0.111063445512124	0.0691968019416786	0.071629999999993
0.78609999999993	0.111293365892665	0.06942357723051	0.071869999999993
0.78809999999993	0.111523275962527	0.0696500846481094	0.0721099999999929
0.790099999999929	0.111753505741221	0.0698761124034248	0.0723399999999929
0.792099999999929	0.11197895480425	0.0701049456858901	0.0725799999999929
0.794099999999929	0.112199503677984	0.0703365414961282	0.0728199999999858
0.796099999999929	0.112420432016206	0.0705675026244487	0.0730499999999929
0.798099999999928	0.112641386404933	0.070798066798277	0.0732899999999928
0.800099999999928	0.112862018707447	0.0710284648073221	0.0735199999999928
0.802099999999928	0.113082678359482	0.0712584824160874	0.0737599999999928
0.804099999999928	0.113303709969545	0.0714879143789904	0.0739899999999928
0.806099999999928	0.113524766268615	0.0717169924795328	0.0742299999999928
0.808099999999927	0.113745504952453	0.07194594133647	0.0744699999999855
0.810099999999927	0.113966269390904	0.0721745505212043	0.0746999999999927
0.812099999999927	0.114187287311358	0.0724026894048886	0.0749399999999854
0.814099999999927	0.114408328869197	0.0726305117854275	0.0751699999999927
0.816099999999926	0.11462916737912	0.0728581653701291	0.0754099999999853
0.818099999999926	0.114850029912125	0.0730855151665339	0.0756399999999926
0.820099999999926	0.115071249915251	0.0733123641231872	0.0758799999999852
0.822099999999926	0.115292158378834	0.0735391405050788	0.0761099999999926
0.824099999999926	0.115513089267924	0.0737656401571655	0.0763499999999851
0.826099999999925	0.115734264249645	0.0739917363801943	0.0765799999999925
0.828099999999925	0.115955459537747	0.0742175759890939	0.076819999999985
0.830099999999925	0.116176454208694	0.0744432994027344	0.0770499999999925
0.832099999999925	0.116397469568019	0.0746687740727406	0.077289999999985
0.834099999999924	0.116618724171487	0.0748938750042883	0.0775199999999925
0.836099999999924	0.116839778676597	0.0751188824458804	0.0777499999999924
0.838099999999924	0.117061176954239	0.0753434639894971	0.0779899999999924
0.840099999999924	0.117282269317133	0.0755680234639623	0.0782199999999924
0.842099999999924	0.117503379847953	0.0757923689315389	0.0784599999999924
0.844099999999923	0.117724829370549	0.0760163128984942	0.0786899999999923
0.846099999999923	0.117946294952116	0.0762400569826788	0.0789299999999846
0.848099999999923	0.118167457093601	0.0764637975079584	0.0791599999999923
0.850099999999923	0.118388635786458	0.0766873445353685	0.0793899999999923
0.852099999999922	0.118610043964914	0.0769105775802946	0.0796299999999923
0.854099999999922	0.118831253950768	0.0771337590753067	0.0798599999999922
0.856099999999922	0.119052478959507	0.0773567650168684	0.0800999999999844
0.858099999999922	0.119274033087065	0.0775794138918487	0.0803299999999922
0.860099999999922	0.119495600092218	0.0778019012299232	0.0805599999999922
0.862099999999921	0.119716866920995	0.0780244172555039	0.0807999999999843
0.864099999999921	0.11993814739287	0.0782467727476001	0.0810299999999921
0.866099999999921	0.120159440816646	0.0784689753548717	0.0812599999999921
0.868099999999921	0.120381057822169	0.0786908461258858	0.0814999999999841
0.87009999999992	0.120602686139821	0.0789125723661529	0.081729999999992
0.87209999999992	0.120824016278304	0.0791343379715838	0.081959999999992
0.87409999999992	0.121045358123919	0.0793559628529975	0.082199999999984
0.87609999999992	0.12126701891741	0.0795772716209309	0.082429999999992
0.87809999999992	0.121488689629594	0.0797984504386858	0.082659999999992
0.880099999999919	0.121710063941905	0.080019679644472	0.0828999999999839
0.882099999999919	0.121929931972045	0.0802416129085732	0.0831299999999919
0.884099999999919	0.122142662654505	0.0804673086398935	0.0833599999999919
0.886099999999919	0.122355769176229	0.080692576653202	0.0835899999999919
0.888099999999919	0.122568597326176	0.0809177910506241	0.0838299999999919
0.890099999999918	0.122781472152574	0.0811427757351914	0.0840599999999918
0.892099999999918	0.122994609098453	0.081367417851708	0.0842899999999918
0.894099999999918	0.123207894696179	0.0815917845266143	0.0845299999999836
0.896099999999918	0.123420902214861	0.0818161190269315	0.0847599999999918
0.898099999999917	0.123633952224767	0.0820402460524069	0.0849899999999917
0.900099999999917	0.12384725694816	0.0822640552172872	0.0852199999999917
0.902099999999917	0.12406038737835	0.0824877904003359	0.0854599999999834
0.904099999999917	0.12427377025333	0.0827112161027217	0.0856899999999917
0.906099999999917	0.124486978785855	0.082934571583079	0.0859199999999916
0.908099999999916	0.124700224551298	0.0831577462478072	0.0861499999999916
0.910099999999916	0.124913716961231	0.0833806310817688	0.0863899999999832
0.912099999999916	0.125127243829894	0.0836033456804882	0.0866199999999916
0.914099999999916	0.125340595602636	0.0838260059193541	0.0868499999999916
0.916099999999915	0.125554292163773	0.0840483290817383	0.0870799999999915
0.918099999999915	0.12576771151631	0.0842706613222756	0.0873099999999915
0.920099999999915	0.12598137243955	0.0844927166235269	0.087549999999983
0.922099999999915	0.126194858457944	0.0847147249641449	0.0877799999999915
0.924099999999915	0.126408376212081	0.0849365789157735	0.0880099999999915
0.926099999999914	0.126622230636988	0.0851581180509553	0.0882399999999914
0.928099999999914	0.126836013954634	0.0853795667752772	0.0884699999999914
0.930099999999914	0.127049621789162	0.0856009813145744	0.0886999999999914
0.932099999999914	0.127263258783128	0.0858222531706099	0.0889399999999827
0.934099999999913	0.127476923538936	0.0860433888803237	0.0891699999999913
0.936099999999913	0.12769091730946	0.0862642303495132	0.0893999999999913
0.938099999999913	0.127904936431217	0.0864849431121341	0.0896299999999913
0.940099999999913	0.128118680291403	0.0867056889196444	0.0898599999999913
0.942099999999913	0.128332449614371	0.0869263085664149	0.0900899999999912
0.944099999999912	0.12854654200401	0.0871466469786463	0.0903299999999825
0.946099999999912	0.128760358779688	0.0873670301386671	0.0905599999999912
0.948099999999912	0.128966930470215	0.0875909016340533	0.0907899999999912
0.950099999999912	0.129172408320243	0.0878151458722626	0.0910199999999912
0.952099999999911	0.129378166580218	0.0880390708953771	0.0912499999999911
0.954099999999911	0.12958409386125	0.0882627372134999	0.0914799999999911
0.956099999999911	0.129789772379582	0.0884863640628128	0.0917099999999911
0.958099999999911	0.129995515497773	0.088709792619481	0.0919399999999911
0.960099999999911	0.130201320653984	0.0889330309264286	0.0921699999999911
0.96209999999991	0.130407394453027	0.089155978840278	0.0924099999999821
0.96409999999991	0.130613627777656	0.0893786946775169	0.092639999999982
0.96609999999991	0.130819610179589	0.0896013902870833	0.092869999999991
0.96809999999991	0.131025649600885	0.0898239115160003	0.093099999999991
0.970099999999909	0.131231743682036	0.0900462656475887	0.0933299999999909
0.972099999999909	0.131438096167895	0.0902683532211188	0.0935599999999909
0.974099999999909	0.13164450018047	0.0904902814104507	0.0937899999999909
0.976099999999909	0.13185075143512	0.0907121552247986	0.0940199999999909
0.978099999999909	0.132057052856252	0.090933875733261	0.0942499999999909
0.980099999999908	0.132263604781741	0.0911553467523605	0.0944799999999908
0.982099999999908	0.132470000518355	0.0913767789147359	0.0947099999999908
0.984099999999908	0.132670731963655	0.0916007347713232	0.0949399999999908
0.986099999999908	0.132868805124708	0.0918257590878342	0.0951699999999908
0.988099999999908	0.133067296303496	0.0920503987506612	0.0953999999999908
0.990099999999907	0.13326578200343	0.0922748659178108	0.0956299999999907
0.992099999999907	0.133464154312097	0.092499214875338	0.0958599999999907
0.994099999999907	0.13366262353602	0.0927233457884898	0.0960899999999907
0.996099999999907	0.133861186081367	0.0929472670450993	0.0963199999999907
0.998099999999906	0.134060148786419	0.0931708358347731	0.0965499999999906
1.00009999999991	0.134258888971196	0.0933943588521959	0.0967799999999906
1.00209999999991	0.13445792380746	0.0936175863365078	0.0970099999999906
1.00409999999991	0.134656837312707	0.093840721836552	0.0972399999999906
1.00609999999991	0.134855833831615	0.0940636720517582	0.0974699999999906
1.00809999999991	0.135055214947868	0.0942862976114591	0.0976999999999905
1.01009999999991	0.135254369337478	0.0945088960090825	0.0979299999999905
1.0120999999999	0.135453904495482	0.0947311761010114	0.0981599999999905
1.0140999999999	0.135653213547658	0.0949534304485098	0.0983899999999905
1.0160999999999	0.135852898036335	0.09517537530163	0.0986199999999905
1.0180999999999	0.136052655115738	0.0953971559642058	0.0988499999999904
1.0200999999999	0.136252185701768	0.0956189183549927	0.0990799999999904
1.0220999999999	0.136451789040277	0.0958405193580403	0.0993099999999904
1.0240999999999	0.13665146225611	0.0960619654238416	0.0995399999999904
1.0260999999999	0.136851498228594	0.0962831218817116	0.0997699999999903
1.0280999999999	0.137051303916652	0.0965042743505861	0.0999999999999903
1.0300999999999	0.13725146897389	0.0967251430420746	0.10022999999999
1.0320999999999	0.137451404366105	0.0969460081162854	0.10045999999999
1.0340999999999	0.13765140224653	0.0971667347498685	0.10068999999999
1.0360999999999	0.137851460001315	0.0973873287304182	0.10091999999998
1.0380999999999	0.13805186640764	0.0976076567456336	0.10114999999998
1.0400999999999	0.138252329096845	0.0978278582273009	0.10136999999999
1.0420999999999	0.138452559295386	0.098048069906052	0.10159999999999
1.0440999999999	0.138652845230054	0.0982681579422554	0.10182999999999
1.0460999999999	0.138853184461411	0.0984881276874716	0.10205999999999
1.0480999999999	0.139053767317251	0.0987078931224649	0.10228999999999
1.0500999999999	0.139254400191917	0.0989275463781926	0.10251999999999
1.0520999999999	0.139454891518646	0.0991471780351128	0.10274999999999
1.0540999999999	0.139655432251832	0.0993666997008592	0.10297999999999
1.0560999999999	0.139856210853345	0.0995860263023404	0.10320999999998
1.0580999999999	0.140057128785362	0.0998052041170949	0.10342999999999
1.0600999999999	0.14025781108889	0.100024409875438	0.10365999999999
1.0620999999999	0.140458539645881	0.100243512205916	0.10388999999999
1.0640999999999	0.140659312277682	0.100462515824337	0.10411999999999
1.0660999999999	0.140860314623714	0.10068133809386	0.10434999999999
1.0680999999999	0.141061170707094	0.1009001543091	0.10457999999999
1.0700999999999	0.141262255133753	0.101118790482678	0.10480999999998
1.0720999999999	0.141463193598595	0.101337421132292	0.10502999999999
1.0740999999999	0.141664171340601	0.101555963053151	0.10525999999999
1.0760999999999	0.141865186358702	0.101774420546135	0.10548999999999
1.0780999999999	0.142066512913794	0.101992669090163	0.10571999999999
1.0800999999999	0.142267784460662	0.102210877600722	0.10594999999999
1.0820999999999	0.142468907823894	0.102429088575739	0.106179999999979
1.0840999999999	0.142670066802059	0.102647218205836	0.10639999999999
1.0860999999999	0.142871259495697	0.102865270555004	0.10662999999999
1.0880999999999	0.143072756330272	0.103083123983953	0.10685999999999
1.0900999999999	0.143274012357918	0.103301030353466	0.10708999999999
1.0920999999999	0.143475571468098	0.103518738569807	0.107319999999979
1.0940999999999	0.143676891295189	0.103736497266806	0.10753999999999
1.0960999999999	0.143878511657286	0.103954060781618	0.10776999999999
1.0980999999999	0.144079892246073	0.104171677890623	0.10799999999999
1.1000999999999	0.144281572113798	0.10438910086005	0.108229999999979
1.1020999999999	0.144483013736957	0.104606575081079	0.108449999999989
1.10409999999989	0.144684484777453	0.104823980066636	0.108679999999989
1.10609999999989	0.144885983491363	0.105041319526008	0.108909999999989
1.10809999999989	0.145087774906629	0.105258474671931	0.109139999999989
1.11009999999989	0.145289591848983	0.105475567126095	0.109359999999989
1.11209999999989	0.145491169297831	0.105692718402546	0.109589999999989
1.11409999999989	0.145692773128835	0.10590980631544	0.109819999999989
1.11609999999989	0.14589440167675	0.106126834400267	0.110049999999979
1.11809999999989	0.14609623043293	0.106343725682239	0.110269999999989
1.12009999999989	0.146297904350918	0.1065606426158	0.110499999999989
1.12209999999989	0.146499863416602	0.106777385176115	0.110729999999989
1.12409999999989	0.146701582289854	0.106994191145745	0.110949999999989
1.12609999999989	0.146903323004577	0.107210942803839	0.111179999999989
1.12809999999989	0.147098268245988	0.107430407151924	0.111409999999989
1.13009999999989	0.147292998631913	0.107649868730697	0.111639999999978
1.13209999999989	0.147487516918379	0.107869338448976	0.111859999999989
1.13409999999989	0.147682284273379	0.108088614035827	0.112089999999989
1.13609999999989	0.147876931249768	0.108307856987801	0.112319999999978
1.13809999999989	0.148071823507168	0.108526910508296	0.112539999999989
1.14009999999989	0.148266593361612	0.10874593657218	0.112769999999989
1.14209999999989	0.148461606029685	0.1089647759622	0.112999999999978
1.14409999999989	0.148656496315472	0.109183589066956	0.113219999999989
1.14609999999989	0.148851444551607	0.109402299537903	0.113449999999989
1.14809999999989	0.149046448199571	0.109620911735616	0.113679999999978
1.15009999999989	0.149241685188165	0.109839351169476	0.113899999999989
1.15209999999989	0.149436794640067	0.110057775303626	0.114129999999989
1.15409999999989	0.149632223265551	0.110275990647983	0.114349999999989
1.15609999999989	0.149827436581763	0.110494229670992	0.114579999999989
1.15809999999989	0.150022699855518	0.110712379456445	0.114809999999989
1.16009999999989	0.15021801074327	0.110930444009075	0.115029999999989
1.16209999999989	0.150413631503677	0.11114831153341	0.115259999999989
1.16409999999989	0.15060921070136	0.11136613523078	0.115489999999978
1.16609999999989	0.150804658726247	0.111583953332279	0.115709999999989
1.16809999999989	0.15100015243254	0.11180168910938	0.115939999999989
1.17009999999989	0.151195951156431	0.112019232895468	0.116159999999989
1.17209999999989	0.151391531874585	0.112236811259041	0.116389999999989
1.17409999999989	0.151587330931454	0.112454234990925	0.116609999999989
1.17609999999989	0.151781810231443	0.112672105402089	0.116839999999989
1.17809999999989	0.151970235733704	0.112892236269487	0.117069999999977
1.18009999999989	0.152158756228612	0.113112229887461	0.117289999999989
1.18209999999989	0.152347640234055	0.113331977182418	0.117519999999989
1.18409999999989	0.152536342955927	0.113551707492822	0.117739999999989
1.18609999999989	0.152725405753085	0.1137711944616	0.117969999999989
1.18809999999989	0.15291428764215	0.113990665806879	0.118189999999989
1.19009999999989	0.153103256254017	0.114210011784271	0.118419999999989
1.19209999999989	0.153292308314074	0.114429237104704	0.118639999999989
1.19409999999988	0.153481707223609	0.114648235225537	0.118869999999988
1.19609999999988	0.153670919323443	0.114867229010858	0.119089999999988
1.19809999999988	0.153860475616121	0.115085997701752	0.119319999999988
1.20009999999988	0.154049845919718	0.115304762403089	0.119539999999988
1.20209999999988	0.154239292868944	0.115523416051586	0.119769999999988
1.20409999999988	0.15442881344839	0.115741962956555	0.119989999999988
1.20609999999988	0.154618666108255	0.115960298205434	0.120219999999988
1.20809999999988	0.15480832706618	0.116178641366134	0.120439999999988
1.21009999999988	0.154998317150343	0.116396775758978	0.120669999999977
1.21209999999988	0.155188116116307	0.116614918320741	0.120889999999988
1.21409999999988	0.155377982013781	0.116832963489414	0.121109999999988
1.21609999999988	0.155568085991824	0.117050842248383	0.121339999999988
1.21809999999988	0.155758338345436	0.117268591996135	0.121559999999988
1.22009999999988	0.155948397845417	0.117486354860625	0.121789999999988
1.22209999999988	0.156138521191397	0.117704024468837	0.122009999999988
1.22409999999988	0.156328705693734	0.117921604631697	0.122239999999976
1.22609999999988	0.156518948723073	0.118139099071674	0.122459999999988
1.22809999999988	0.15670941809136	0.118356440295542	0.122679999999988
1.23009999999988	0.156899773820443	0.118573769301979	0.122909999999988
1.23209999999988	0.157090437162105	0.118790912549971	0.123129999999988
1.23409999999988	0.157280903813928	0.11900807830531	0.123349999999988
1.23609999999988	0.15747142381868	0.119225165365577	0.123579999999988
1.23809999999988	0.157661994735157	0.119442177173706	0.123799999999988
1.24009999999988	0.157852781520646	0.119659047639948	0.124019999999988
1.24209999999988	0.158043449759853	0.119875915149589	0.124249999999988
1.24409999999988	0.158234332743123	0.120092642080858	0.124469999999988
1.24609999999988	0.158425097619701	0.120309365878886	0.124689999999988
1.24809999999988	0.158615909192702	0.120526020033153	0.124919999999988
1.25009999999988	0.158802091371886	0.120744283557945	0.125139999999988
1.25209999999988	0.158986110479859	0.120963252147096	0.125359999999988
1.25409999999988	0.159170399226928	0.12118203290424	0.125579999999988
1.25609999999988	0.159354782440811	0.121400696936523	0.125809999999988
1.25809999999988	0.159539087877076	0.121619314111728	0.126029999999988
1.26009999999988	0.159723486587646	0.121837816777145	0.126249999999988
1.26209999999988	0.159908229493649	0.122056106835671	0.126469999999988
1.26409999999988	0.160092806718211	0.122274390254885	0.126699999999988
1.26609999999988	0.160277641963956	0.122492497293449	0.126919999999988
1.26809999999988	0.160462395797766	0.122710563651737	0.127139999999988
1.27009999999988	0.160647235699515	0.122928524177672	0.127359999999988
1.27209999999988	0.1608321584536	0.123146382787859	0.127579999999988
1.27409999999988	0.161017160919559	0.123364143303703	0.127809999999988
1.27609999999988	0.161202489689633	0.123581709672214	0.128029999999988
1.27809999999988	0.1613878950745	0.123799180691758	0.128249999999988
1.28009999999988	0.161573128750272	0.124016656285133	0.128469999999988
1.28209999999988	0.161758439540815	0.124234036746673	0.128689999999988
1.28409999999988	0.161943824449062	0.124451325709072	0.128909999999987
1.28609999999987	0.162129280545987	0.124668526719626	0.129129999999987
1.28809999999987	0.162315049100959	0.124885545734672	0.129349999999987
1.29009999999987	0.162500640465306	0.125102579372119	0.129579999999975
1.29209999999987	0.162686541806316	0.125319433127436	0.129799999999987
1.29409999999987	0.162872267318081	0.125536300486117	0.130019999999987
1.29609999999987	0.163058059069595	0.125753085640821	0.130239999999987
1.29809999999987	0.163244155178807	0.125969696443567	0.130459999999987
1.30009999999987	0.163430073860998	0.126186323771539	0.130679999999987
1.30209999999987	0.163616295358991	0.126402776964759	0.130899999999987
1.30409999999987	0.163802341016516	0.126619246094394	0.131119999999987
1.30609999999987	0.163988687742168	0.126835541934119	0.131339999999987
1.30809999999987	0.164174859601494	0.127051853491661	0.131559999999987
1.31009999999987	0.16436109309773	0.127268087962927	0.131779999999987
1.31209999999987	0.164547621867715	0.127484154270393	0.131999999999987
1.31409999999987	0.164733973914611	0.127700240106479	0.132219999999974
1.31609999999987	0.164920619461541	0.127916158818685	0.132439999999974
1.31809999999987	0.165107088981179	0.128132097002492	0.132649999999987
1.32009999999987	0.165293615645217	0.128347963212359	0.132869999999987
1.32209999999987	0.165480196972542	0.128563760423883	0.133089999999987
1.32409999999987	0.165666830534525	0.128779491548435	0.133309999999987
1.32609999999987	0.165853669996783	0.128995096728067	0.133529999999987
1.32809999999987	0.166040404694934	0.12921069950487	0.133749999999987
1.33009999999987	0.166227344096509	0.129426177025951	0.133969999999974
1.33209999999987	0.166414179069419	0.129641652160352	0.134179999999987
1.33409999999987	0.166601062381068	0.129857065573237	0.134399999999987
1.33609999999987	0.166787991765897	0.130072419974662	0.134619999999987
1.33809999999987	0.16697496500432	0.130287718018908	0.134839999999987
1.34009999999987	0.167162133363368	0.130502900614973	0.135049999999987
1.34209999999987	0.167349191767424	0.130718088793465	0.135269999999987
1.34409999999987	0.16753644459178	0.130933161630194	0.135489999999987
1.34609999999987	0.167723587890656	0.131148239916588	0.135709999999974
1.34809999999987	0.167910771910819	0.131363265268785	0.135919999999987
1.35009999999987	0.168098146149615	0.131578179245044	0.136139999999987
1.35209999999987	0.16828540938632	0.131793101185947	0.136359999999973
1.35409999999987	0.168472862178042	0.132007912330186	0.136569999999987
1.35609999999987	0.168660204355462	0.132222730835584	0.136789999999987
1.35809999999987	0.168847808898166	0.132437409655782	0.136999999999987
1.36009999999987	0.169035230756664	0.13265212342557	0.137219999999987
1.36209999999987	0.169222691428217	0.132866785978649	0.137439999999973
1.36409999999987	0.169410338023859	0.133081340237374	0.137649999999987
1.36609999999987	0.16959787430353	0.13329590255235	0.137869999999987
1.36809999999987	0.169785596034459	0.133510355935919	0.138079999999987
1.37009999999987	0.169973208104563	0.133724817410111	0.138299999999987
1.37209999999987	0.1701608568769	0.133939229813834	0.138509999999987
1.37409999999987	0.170348540408037	0.134153595464212	0.138729999999986
1.37609999999986	0.170536256791965	0.134367916633792	0.138939999999986
1.37809999999986	0.170724222009789	0.134582108531522	0.139149999999986
1.38009999999986	0.170912001382653	0.134796343800599	0.139369999999986
1.38209999999986	0.171100029504475	0.135010449994094	0.139579999999986
1.38409999999986	0.171287873576531	0.135224596870642	0.139799999999986
1.38609999999986	0.171475749856387	0.135438699605247	0.140009999999986
1.38809999999986	0.171663656515211	0.135652760378106	0.140219999999986
1.39009999999986	0.171851591758533	0.135866781328747	0.140439999999986
1.39209999999986	0.172039768411222	0.136080679736991	0.140649999999986
1.39409999999986	0.172227757691844	0.136294624632619	0.140859999999986
1.39609999999986	0.172415988283615	0.136508446309235	0.141079999999986
1.39809999999986	0.17260403332986	0.136722312637937	0.141289999999986
1.40009999999986	0.172792106626722	0.136936139105353	0.141499999999986
1.40209999999986	0.172980206429589	0.137149927793039	0.141709999999986
1.40409999999986	0.17316854379427	0.13736359526327	0.141929999999972
1.40609999999986	0.173356695656506	0.137577309272248	0.142139999999986
1.40809999999986	0.173545084986503	0.137790901070025	0.142349999999986
1.41009999999986	0.173733141846763	0.138004578436379	0.142559999999986
1.41209999999986	0.173915447384676	0.138220106547116	0.142769999999986
1.41409999999986	0.17409782156123	0.138435559232769	0.142979999999986
1.41609999999986	0.174280261729372	0.138650939273726	0.143189999999986
1.41809999999986	0.174462985061457	0.138866163955589	0.143399999999986
1.42009999999986	0.174645553110882	0.139081402864406	0.143619999999972
1.42209999999986	0.174828402615208	0.139296487501709	0.143829999999986
1.42409999999986	0.175011097950326	0.139511585594643	0.144039999999986
1.42609999999986	0.175193855818999	0.139726614371821	0.144249999999986
1.42809999999986	0.175376673728773	0.139941576445905	0.144459999999986
1.43009999999986	0.175559549240202	0.14015647437316	0.144669999999986
1.43209999999986	0.175742694959296	0.140371227367153	0.144879999999986
1.43409999999986	0.175925680494608	0.140586002323695	0.145089999999986
1.43609999999986	0.176108864483019	0.140800660013355	0.145289999999986
1.43809999999986	0.176291959767134	0.141015311978037	0.145499999999986
1.44009999999986	0.176475109473513	0.14122990282252	0.145709999999986
1.44209999999986	0.176658311300638	0.141444434955068	0.145919999999986
1.44409999999986	0.176841706057066	0.141658855156587	0.146129999999986
1.44609999999986	0.17702501111684	0.141873270684298	0.146339999999986
1.44809999999986	0.177208508542153	0.142087573124831	0.146549999999986
1.45009999999986	0.177391916644663	0.142301871915613	0.146759999999986
1.45209999999986	0.177575515916004	0.14251605859094	0.146959999999986
1.45409999999986	0.177759026187147	0.142730241250456	0.147169999999986
1.45609999999986	0.177942586470143	0.142944366889509	0.147379999999986
1.45809999999986	0.178126402191486	0.143158357325509	0.147589999999986
1.46009999999986	0.178310057327513	0.143372374239829	0.147799999999986
1.46209999999986	0.178493966964003	0.143586255298521	0.147999999999986
1.46409999999986	0.178677717044461	0.143800163047237	0.148209999999986
1.46609999999985	0.1788615153173	0.144014015319316	0.148419999999985
1.46809999999985	0.179040089087258	0.144229446057987	0.148619999999985
1.47009999999985	0.179218251218384	0.144444957364325	0.148829999999985
1.47209999999985	0.179396504981203	0.144660380555457	0.149039999999985
1.47409999999985	0.17957506046568	0.144875637734601	0.149239999999985
1.47609999999985	0.179753491646282	0.145090890058452	0.149449999999985
1.47809999999985	0.179932152918557	0.145306002964727	0.149659999999985
1.48009999999985	0.180110760607285	0.145521085022602	0.149859999999985
1.48209999999985	0.180289455812469	0.145736082557636	0.150069999999985
1.48409999999985	0.180468235574497	0.145950998334314	0.150279999999985
1.48609999999985	0.180647097001795	0.146165835052249	0.150479999999985
1.48809999999985	0.180826037268561	0.146380595348406	0.150689999999985
1.49009999999985	0.181005261299625	0.146595202699234	0.150889999999985
1.49209999999985	0.181184354812585	0.146809814150193	0.151099999999985
1.49409999999985	0.181363730140814	0.147024272631694	0.151299999999985
1.49609999999985	0.18154297541828	0.147238736363154	0.151509999999985
1.49809999999985	0.181722296200188	0.147453126502139	0.151709999999985
1.50009999999985	0.181901689834495	0.147667445517584	0.151919999999985
1.50209999999985	0.182081357660299	0.147881617520491	0.152119999999985
1.50409999999985	0.182260893824088	0.148095797074862	0.152329999999985
1.50609999999985	0.182440702613068	0.148309829551869	0.152529999999985
1.50809999999985	0.182620380373994	0.148523870234626	0.152739999999985
1.51009999999985	0.182800329306034	0.148737764921397	0.152939999999985
1.51209999999985	0.182980147698795	0.148951667348963	0.153149999999985
1.51409999999985	0.183160036435465	0.149165500521602	0.153349999999985
1.51609999999985	0.183339993035722	0.149379266742246	0.153559999999985
1.51809999999985	0.183520148340328	0.149592916508997	0.153759999999985
1.52009999999985	0.183700237014407	0.14980655207575	0.153959999999985
1.52209999999985	0.183880588107866	0.150020047727801	0.154169999999985
1.52409999999985	0.184060807365761	0.150233553745025	0.154369999999985
1.52609999999985	0.18424109222878	0.150446994584326	0.15457999999997
1.52809999999985	0.184421440350444	0.150660372420992	0.154779999999985
1.53009999999985	0.184601849434932	0.15087368938285	0.154979999999985
1.53209999999985	0.184782317235485	0.1510869475518	0.155189999999985
1.53409999999985	0.184962971436447	0.151300098891268	0.155389999999985
1.53609999999985	0.185143552233332	0.151513243484607	0.155589999999985
1.53809999999985	0.185324189496846	0.151726331216156	0.155799999999985
1.54009999999985	0.185505074430589	0.151939289077091	0.155999999999985
1.54209999999985	0.185685823390855	0.152152264006206	0.156199999999985
1.54409999999985	0.185866626900056	0.152365183685043	0.156399999999985
1.54609999999985	0.186047482860584	0.152578050055452	0.156609999999985
1.54809999999985	0.186228389218187	0.152790865018932	0.156809999999985
1.55009999999985	0.186409343960635	0.153003630437906	0.157009999999985
1.55209999999985	0.186590472554562	0.153216298185578	0.157219999999985
1.55409999999985	0.186771522459522	0.153428965816216	0.157419999999985
1.55609999999985	0.186952806713646	0.153641512222225	0.157619999999985
1.55809999999984	0.187133950457102	0.153854083029437	0.157819999999984
1.56009999999984	0.187315141157866	0.154066605292734	0.158029999999984
1.56209999999984	0.187496376893893	0.154279080790322	0.158229999999984
1.56409999999984	0.187677780614392	0.154491462502911	0.158429999999984
1.56609999999984	0.187859103908607	0.154703846646869	0.158629999999984
1.56809999999984	0.18804065547214	0.154916112808651	0.158839999999969
1.57009999999984	0.188222065384925	0.15512840619789	0.159039999999984
1.57209999999984	0.188403519420658	0.155340653329747	0.159239999999984
1.57409999999984	0.188585139909905	0.155552806657352	0.159439999999984
1.57609999999984	0.188766682025402	0.155764961186038	0.159639999999984
1.57809999999984	0.188948267418186	0.155977070047731	0.159839999999984
1.58009999999984	0.189129894281358	0.156189134913373	0.160049999999984
1.58209999999984	0.189311742888519	0.156401085192356	0.160249999999984
1.58409999999984	0.189493451461148	0.156613062999806	0.160449999999984
1.58609999999984	0.189675321632975	0.156824949840062	0.160649999999984
1.58809999999984	0.189857111970871	0.157036840249049	0.160849999999984
1.59009999999984	0.190038943116516	0.157248686930284	0.161049999999984
1.59209999999984	0.190220813337759	0.157460491485524	0.161259999999984
1.59409999999984	0.190402720936595	0.157672255485104	0.161459999999984
1.59609999999984	0.190584664248159	0.157883980468894	0.161659999999984
1.59809999999984	0.190766641639758	0.158095667947214	0.161859999999984
1.60009999999984	0.190948830056261	0.158307248318481	0.162059999999984
1.60209999999984	0.191130875634204	0.158518860516349	0.162259999999984
1.60409999999984	0.191313073448782	0.158730387845412	0.162459999999984
1.60609999999984	0.19149518823408	0.158941923500352	0.162659999999984
1.60809999999984	0.191677337734076	0.159153420679842	0.162869999999984
1.61009999999984	0.191859520364636	0.159364880849511	0.163069999999984
1.61209999999984	0.192040123055937	0.159576767621526	0.163269999999984
1.61409999999984	0.19221743903791	0.159789590300875	0.163469999999984
1.61609999999984	0.192394825904631	0.160002349655534	0.163669999999984
1.61809999999984	0.192572464473597	0.160214975393343	0.163869999999984
1.62009999999984	0.192749991932162	0.160427608864915	0.164069999999984
1.62209999999984	0.192927769375406	0.160640110255286	0.164269999999984
1.62409999999984	0.193105436589416	0.160852618272372	0.164469999999984
1.62609999999984	0.193283173722323	0.161065063430829	0.164669999999984
1.62809999999984	0.193460978524237	0.161277447608685	0.164869999999984
1.63009999999984	0.193639027069014	0.16148970313085	0.165069999999984
1.63209999999984	0.193816962760567	0.161701968953127	0.165269999999984
1.63409999999984	0.193994964471356	0.161914175004217	0.165469999999984
1.63609999999984	0.194173207648374	0.162126254140625	0.165679999999984
1.63809999999984	0.194351339824908	0.162338341756573	0.165879999999984
1.64009999999984	0.194529712009127	0.162550301732301	0.166079999999984
1.64209999999984	0.19470797354834	0.162762271569493	0.166279999999984
1.64409999999984	0.194886300327865	0.162974181934277	0.166479999999984
1.64609999999984	0.19506469023805	0.163186034584785	0.166679999999984
1.64809999999983	0.195243141215747	0.163397831240061	0.166879999999984
1.65009999999983	0.195421825126775	0.163609504949908	0.167079999999983
1.65209999999983	0.195600397479059	0.163821190017858	0.167279999999983
1.65409999999983	0.195779201158823	0.164032751369964	0.167479999999983
1.65609999999983	0.195957893768549	0.164244325521598	0.167679999999983
1.65809999999983	0.19613664688008	0.164455843793776	0.167879999999983
1.66009999999983	0.196315458522352	0.16466730782716	0.168079999999983
1.66209999999983	0.196494326767304	0.164878719226376	0.168279999999983
1.66409999999983	0.196673249728617	0.165090079561096	0.168479999999983
1.66609999999983	0.196852225560492	0.165301390367079	0.168679999999983
1.66809999999983	0.197031365039101	0.165512607660708	0.168879999999983
1.67009999999983	0.197210443900945	0.165723821534681	0.169079999999983
1.67209999999983	0.197389574568587	0.165934986592857	0.169279999999983
1.67409999999983	0.197568922219075	0.16614603706168	0.169479999999983
1.67609999999983	0.197748155079206	0.166357105476657	0.169679999999983
1.67809999999983	0.197927438743297	0.166568125733748	0.169879999999983
1.68009999999983	0.198106771481166	0.166779099271379	0.170079999999983
1.68209999999983	0.198286316194384	0.166989961807196	0.170279999999983
1.68409999999983	0.198465743917233	0.167200844422118	0.170479999999983
1.68609999999983	0.198645220574411	0.167411680226959	0.170679999999983
1.68809999999983	0.198824907760159	0.167622404771557	0.170879999999983
1.69009999999983	0.199004480180454	0.167833148548729	0.17107
1.69209999999983	0.199184100693164	0.168043846037226	0.171269999999983
1.69409999999983	0.199363876824349	0.168254453484415	0.171469999999983
1.69609999999983	0.199543592891587	0.168465058709463	0.171669999999983
1.69809999999983	0.199723356026206	0.168675618327248	0.171869999999983
1.70009999999983	0.199903164620113	0.168886133673847	0.172069999999983
1.70209999999983	0.200083124099203	0.16909656190035	0.172269999999983
1.70409999999983	0.200263020826208	0.169306990910855	0.172469999999983
1.70609999999983	0.200442962625725	0.169517375778412	0.172669999999983
1.70809999999983	0.20062305442887	0.169727674245296	0.172869999999983
1.71009999999983	0.200803084893464	0.16993797189024	0.173069999999983
1.71209999999983	0.200983159910956	0.170148225635725	0.173269999999983
1.71409999999983	0.201163384000351	0.170358392838354	0.173469999999983
1.71609999999983	0.201343548288557	0.170568558405708	0.173669999999983
1.71809999999983	0.201523757226865	0.170778679774834	0.173869999999983
1.72009999999983	0.201704009324086	0.170988758183264	0.174069999999983
1.72209999999983	0.20188430312064	0.171198794842242	0.174269999999983
1.72409999999983	0.202064742264994	0.171408746370122	0.174459999999983
1.72609999999983	0.202245120458598	0.171618698422847	0.174659999999983
1.72809999999983	0.202425694105722	0.17182854439906	0.174859999999983
1.73009999999983	0.202606155634767	0.172038412487773	0.175059999999983
1.73209999999983	0.202786659939738	0.172248237530887	0.175259999999983
1.73409999999983	0.202967205603899	0.172458020703679	0.175459999999983
1.73609999999983	0.203147791240613	0.172667763156397	0.175659999999983
1.73809999999983	0.20332841549255	0.172877466014943	0.175859999999983
1.74009999999982	0.203509077030915	0.173087130381518	0.176059999999982
1.74209999999982	0.203689774554702	0.173296757335255	0.176259999999982
1.74409999999982	0.20387065754872	0.173506285359405	0.176459999999982
1.74609999999982	0.204051426313313	0.17371583790207	0.176649999999982
1.74809999999982	0.204232231750987	0.173925352227818	0.176849999999982
1.75009999999982	0.20441317299789	0.174134786846659	0.177049999999982
1.75209999999982	0.204594051210748	0.174344225020793	0.177249999999982
1.75409999999982	0.204774965984433	0.174553624876335	0.177449999999982
1.75609999999982	0.20495591606568	0.174762987452717	0.177649999999982
1.75809999999982	0.205136900227545	0.174972313767518	0.177849999999982
1.76009999999982	0.205318016248429	0.175181562096755	0.178049999999982
1.76209999999982	0.205499068329879	0.175390815885752	0.178249999999982
1.76409999999982	0.205680154677876	0.175600033053103	0.178439999999982
1.76609999999982	0.205861420673916	0.175809152844791	0.178639999999982
1.76809999999982	0.206042575527324	0.176018296565916	0.178839999999982
1.77009999999982	0.206223765109328	0.176227403059123	0.179039999999982
1.77209999999982	0.206405133573875	0.176436410736052	0.179239999999982
1.77409999999982	0.206586392838355	0.176645442344112	0.179439999999982
1.77609999999982	0.206767687228234	0.17685443617294	0.179639999999982
1.77809999999982	0.206949015570759	0.177063393195008	0.179839999999982
1.78009999999982	0.207130376718141	0.177272314362034	0.180029999999982
1.78209999999982	0.207311912657432	0.177481138801896	0.180229999999982
1.78409999999982	0.207493338998273	0.177689988402802	0.180429999999982
1.78609999999982	0.207674798381379	0.177898801742511	0.180629999999982
1.78809999999982	0.207856431772486	0.178107518219112	0.180829999999982
1.79009999999982	0.208037957525334	0.178316258556255	0.181029999999982
1.79209999999982	0.208219517173218	0.178524961676912	0.181229999999982
1.79409999999982	0.208399046714484	0.178734178321945	0.181429999999982
1.79609999999982	0.208576679566016	0.178943903573131	0.181619999999982
1.79809999999982	0.208754378703133	0.179153571533744	0.181819999999982
1.80009999999982	0.208932142449164	0.179363183469707	0.182019999999982
1.80209999999982	0.209109969167417	0.179572740616246	0.182219999999982
1.80409999999982	0.209288001833421	0.179782182235097	0.182419999999982
1.80609999999982	0.209465951788034	0.179991631713654	0.182619999999982
1.80809999999982	0.209643964174038	0.180201026607698	0.182819999999982
1.81009999999982	0.20982218052994	0.180410306967385	0.183009999999982
1.81209999999982	0.210000314939475	0.180619594709553	0.183209999999982
1.81409999999982	0.210178511653362	0.180828827738996	0.183409999999982
1.81609999999982	0.210356769122231	0.181038007223282	0.183609999999982
1.81809999999982	0.210535085833656	0.18124713430165	0.183809999999982
1.82009999999982	0.210713460311162	0.181456210085773	0.184009999999982
1.82209999999982	0.210891891113269	0.181665235660498	0.184199999999982
1.82409999999982	0.211070376832574	0.181874212084562	0.184399999999982
1.82609999999982	0.211248916094861	0.182083140391274	0.184599999999982
1.82809999999982	0.21142760065435	0.182291980182285	0.184799999999982
1.83009999999981	0.211606245958932	0.182500812857504	0.184999999999981
1.83209999999981	0.211784944417678	0.182709597513001	0.185199999999981
1.83409999999981	0.211963832106784	0.182918275395963	0.185389999999981
1.83609999999981	0.212142635196558	0.183126965115828	0.185589999999981
1.83809999999981	0.212321491660317	0.183335606422731	0.185789999999981
1.84009999999981	0.212500400191886	0.183544200297418	0.185989999999981
1.84209999999981	0.212679359516035	0.183752747696925	0.186189999999981
1.84409999999981	0.212858368387698	0.183961249555185	0.186389999999981
1.84609999999981	0.21303756024245	0.18416964633521	0.186579999999981
1.84809999999981	0.213216667519848	0.184378057425298	0.186779999999981
1.85009999999981	0.213395824360377	0.18458642275106	0.186979999999981
1.85209999999981	0.213575118739752	0.184794702626383	0.187179999999981
1.85409999999981	0.213754373261401	0.18500297735864	0.187379999999981
1.85609999999981	0.213933677291567	0.185211206159279	0.187569999999981
1.85809999999981	0.214113029651658	0.185419389910728	0.187769999999981
1.86009999999981	0.214292561429937	0.185627469321846	0.187969999999981
1.86209999999981	0.214472011079539	0.185835562222822	0.188169999999981
1.86409999999981	0.214651509231362	0.186043609723754	0.188369999999981
1.86609999999981	0.214831054747529	0.186251612675665	0.188569999999981
1.86809999999981	0.215010646517354	0.186459571908733	0.188759999999981
1.87009999999981	0.215190283456675	0.186667488232804	0.188959999999981
1.87209999999981	0.215370094589996	0.186875303096892	0.189159999999981
1.87409999999981	0.215549823191265	0.18708313229366	0.189359999999981
1.87609999999981	0.215729597425184	0.187290917999813	0.189559999999981
1.87809999999981	0.215909501753712	0.187498621015555	0.189749999999981
1.88009999999981	0.21608936665896	0.18770631999484	0.189949999999981
1.88209999999981	0.216269277264448	0.187913975221611	0.190149999999981
1.88409999999981	0.216449232530645	0.1881215874712	0.190349999999981
1.88609999999981	0.216625885167849	0.18833003999892	0.190549999999981
1.88809999999981	0.216802345676654	0.188538516790851	0.190739999999981
1.89009999999981	0.216978883212571	0.188746932363901	0.190939999999981
1.89209999999981	0.217155496225358	0.188955287784993	0.191139999999981
1.89409999999981	0.217332183204601	0.189163584092754	0.191339999999981
1.89609999999981	0.217508942678637	0.189371822298281	0.191539999999981
1.89809999999981	0.217685860030119	0.189579963563625	0.191729999999981
1.90009999999981	0.217862764251579	0.189788085482883	0.191929999999981
1.90209999999981	0.21803974050385	0.189996149404609	0.192129999999981
1.90409999999981	0.21821687240756	0.190204117395927	0.192329999999981
1.90609999999981	0.218393989934207	0.190412067130231	0.192519999999981
1.90809999999981	0.2185711788165	0.190619959128825	0.192719999999981
1.91009999999981	0.218748437678468	0.190827794333921	0.192919999999981
1.91209999999981	0.218925765179403	0.191035573662697	0.193119999999981
1.91409999999981	0.219103160012932	0.191243298007955	0.193319999999981
1.91609999999981	0.21928062090612	0.191450968238763	0.193509999999981
1.91809999999981	0.219458270782812	0.191658529596825	0.193709999999981
1.9200999999998	0.219635863855889	0.191866091289357	0.193909999999981
1.9220999999998	0.219813523769431	0.192073598053547	0.19410999999998
1.9240999999998	0.219991249280112	0.192281050736966	0.19429999999998
1.9260999999998	0.22016916124194	0.192488393691645	0.19449999999998
1.9280999999998	0.220347017647845	0.192695738169974	0.19469999999998
1.9300999999998	0.220524939572498	0.192903028391886	0.19489999999998
1.9320999999998	0.220702925816399	0.193110265173601	0.19509999999998
1.9340999999998	0.220881055904377	0.193317410207483	0.19528999999998
1.9360999999998	0.22105917111206	0.193524539610454	0.19548999999998
1.9380999999998	0.221237350613525	0.193731615358157	0.19568999999998
1.9400999999998	0.221415593256365	0.193938638232953	0.19588999999998
1.9420999999998	0.221593897917664	0.194145608996263	0.19607999999998
1.9440999999998	0.221772263503245	0.194352528389107	0.19627999999998
1.9460999999998	0.221950688946943	0.194559397132616	0.19647999999998
1.9480999999998	0.2221292901736	0.194766160202178	0.19667999999998
1.9500999999998	0.222307835874063	0.194972926983957	0.19686999999998
1.9520999999998	0.222486441826188	0.195179642594937	0.19706999999998
1.9540999999998	0.222665106994281	0.195386307734309	0.19726999999998
1.9560999999998	0.222843945261905	0.195592867488851	0.19746999999998
1.9580999999998	0.223022729213026	0.195799431162655	0.19765999999998
1.9600999999998	0.223201572913264	0.196005943737712	0.19785999999998
1.9620999999998	0.22338047535417	0.196212405893518	0.19805999999998
1.9640999999998	0.223559548263432	0.196418763442916	0.19825999999998
1.9660999999998	0.223738567580322	0.196625124954355	0.19845
1.9680999999998	0.223917645982783	0.196831435559648	0.19864999999998
1.9700999999998	0.224096782489858	0.197037695918568	0.19884999999998
1.9720999999998	0.224275976145588	0.197243906673122	0.19904999999998
1.9740999999998	0.224455226018385	0.197450068447996	0.19923999999998
1.9760999999998	0.224634531200423	0.197656181850986	0.19943999999998
1.9780999999998	0.224813890807047	0.197862247473412	0.19963999999998
1.9800999999998	0.224993377943502	0.19806822794116	0.19983999999998
1.9820999999998	0.225172847483252	0.198274196944652	0.20002999999998
1.9840999999998	0.225352371713342	0.198480117746273	0.20022999999998
1.9860999999998	0.225531949777921	0.19868599091655	0.20042999999998
1.9880999999998	0.225711688447723	0.198891763378777	0.20062999999998
1.9900999999998	0.225891373823039	0.199097541304211	0.20081999999998
1.9920999999998	0.226071113363632	0.199303271128267	0.20101999999998
1.9940999999998	0.226250906234831	0.199508953406318	0.20121999999998
1.9960999999998	0.226430751623134	0.199714588678667	0.20141999999998
1.9980999999998	0.226610648735694	0.199920177470918	0.20160999999998
