t	Cl
0	0.0065637	0.00656371
0.001	0.0065637	0.00656371
0.002	0.0065637	0.00656371
0.0031	0.0065637	0.00656371
0.0041	0.0065637	0.00656371
0.005	0.0065637	0.00656371
0.006	0.0065637	0.00656371
0.00700000000000001	0.0065637	0.00656371
0.00800000000000001	0.0065637	0.00656371
0.009	0.00656369998429687	0.00656371
0.0091	0.00656369997926002	0.00656371
0.0101	0.00656369988365437	0.00656371
0.0111	0.00656369965420082	0.00656371
0.0121	0.00656369921780039	0.00656371
0.0131	0.00656369849350375	0.00656371
0.0141	0.0065636973768287	0.00656371
0.0151	0.00656369575386668	0.00656371
0.0161	0.00656369349354713	0.00656370727272727
0.0171	0.006563690476341	0.0065637
0.0180999999999999	0.00656368651872204	0.0065637
0.0190999999999999	0.00656368146526162	0.0065637
0.0200999999999999	0.00656367513689724	0.0065637
0.0210999999999999	0.00656366729282206	0.0065637
0.0220999999999999	0.00656365774310765	0.0065637
0.0230999999999999	0.00656364634732846	0.0065637
0.0240999999999999	0.00656363279726686	0.00656369
0.0250999999999999	0.00656361681750584	0.00656369
0.0260999999999999	0.00656359828601374	0.00656368545454545
0.0270999999999999	0.00656357680995015	0.00656368
0.0280999999999999	0.00656355211483969	0.00656367909090909
0.0290999999999999	0.00656352382922849	0.00656367
0.0300999999999999	0.00656349169934005	0.00656366272727273
0.0310999999999999	0.00656345544046	0.00656365454545455
0.0320999999999999	0.00656341461058046	0.00656364636363636
0.0330999999999999	0.00656336890145102	0.00656363818181818
0.0341	0.00656331788726331	0.00656363
0.0351	0.00656326108101196	0.00656361181818182
0.036	0.00656320460086537	0.00656360545454545
0.037	0.0065631356189114	0.00656358727272727
0.0380000000000001	0.00656305939869536	0.00656356909090909
0.0390000000000001	0.00656297541193641	0.00656355090909091
0.0400000000000001	0.00656288308105933	0.00656353272727273
0.0410000000000001	0.00656278167252405	0.00656351454545455
0.0420000000000002	0.00656267063480278	0.00656349272727273
0.0430000000000002	0.00656254902871273	0.00656346818181818
0.0440000000000002	0.00656241603393769	0.00656344
0.0450000000000003	0.00656227079530306	0.00656341181818182
0.0460000000000003	0.00656211206066863	0.00656337727272727
0.0470000000000003	0.00656193867052304	0.00656334090909091
0.0480000000000003	0.00656174946944111	0.00656330454545455
0.0490000000000004	0.00656154280122988	0.00656326727272727
0.0500000000000004	0.00656131694902273	0.00656322181818182
0.0510000000000004	0.00656107010387891	0.00656317545454546
0.0520000000000005	0.00656079974965166	0.00656312363636364
0.0530000000000005	0.006560503284461	0.00656306545454546
0.0540000000000005	0.00656017723270365	0.00656300454545455
0.0550000000000005	0.00655981790096956	0.00656294
0.0560000000000006	0.00655942026259547	0.00656286727272727
0.0570000000000006	0.00655897798693238	0.00656279454545454
0.0580000000000006	0.00655848222669894	0.00656271181818182
0.0590000000000007	0.00655792270822865	0.00656262636363636
0.0600000000000007	0.00655728393356164	0.00656252545454545
0.0610000000000007	0.00655654549852442	0.00656242545454545
0.0620000000000007	0.00655567822241832	0.00656231636363636
0.0630000000000008	0.00655464131995317	0.00656220181818182
0.0640000000000008	0.00655338459194642	0.00656207454545455
0.0650000000000008	0.00655184584844616	0.00656194545454545
0.0660000000000009	0.00654996855561493	0.00656181
0.0670000000000009	0.00654772724169932	0.00656165636363636
0.0680000000000009	0.00654516265085274	0.00656149909090909
0.0690000000000009	0.00654238626117659	0.00656132909090909
0.070000000000001	0.00653954662433095	0.00656115272727273
0.071000000000001	0.00653677144070942	0.00656097
0.072000000000001	0.00653413511600203	0.00656077909090909
0.0730000000000011	0.00653166117168488	0.00656057272727273
0.0740000000000011	0.00652934140384868	0.00656036454545454
0.0750000000000011	0.00652715358397477	0.00656014636363636
0.0760000000000012	0.00652508664983894	0.00655992636363636
0.0770000000000012	0.00652310267844042	0.00655969
0.0780000000000012	0.0065211830524957	0.00655945363636364
0.0790000000000012	0.00651931296746156	0.00655921090909091
0.0800000000000013	0.00651748037565359	0.00655896636363636
0.0810000000000013	0.0065156758022975	0.00655871181818182
0.0820000000000013	0.00651389214122278	0.00655844727272727
0.0830000000000014	0.0065121237887404	0.00655818363636364
0.0840000000000014	0.00651036628057856	0.00655792090909091
0.0850000000000014	0.00650861624402234	0.00655764818181818
0.0860000000000014	0.00650687083272665	0.00655737545454545
0.0870000000000015	0.00650512818563982	0.00655709272727273
0.0880000000000015	0.00650339628985955	0.00655681
0.0890000000000015	0.00650166794383006	0.00655652909090909
0.0900000000000016	0.00649993787480136	0.00655624454545455
0.0910000000000016	0.00649820545028296	0.00655595727272727
0.0920000000000016	0.00649647306372194	0.00655566636363636
0.0930000000000016	0.00649474772972345	0.00655537454545454
0.0940000000000017	0.0064930188358616	0.00655507454545454
0.0950000000000017	0.0064912858995375	0.00655478363636364
0.0960000000000017	0.00648955428437974	0.00655448272727273
0.0970000000000018	0.00648782580559292	0.00655418181818182
0.0980000000000018	0.00648609286773303	0.00655388090909091
0.0990000000000018	0.0064843557488012	0.00655358
0.100000000000002	0.00648262515740327	0.00655327090909091
0.101000000000002	0.00648089137369845	0.00655297181818182
0.102000000000002	0.00647915344119464	0.00655266272727273
0.103000000000002	0.00647741239317777	0.00655235363636364
0.104000000000002	0.00647567546824902	0.00655204454545454
0.105000000000002	0.0064739356681896	0.00655173545454545
0.106000000000002	0.006472192557102	0.00655142636363636
0.107000000000002	0.00647044651130815	0.00655111727272727
0.108000000000002	0.00646869758834698	0.00655080454545455
0.109000000000002	0.00646694594122928	0.00655048909090909
0.110000000000002	0.0064651910214989	0.00655018
0.111000000000002	0.0064634334996927	0.00654986090909091
0.112000000000002	0.00646167316085431	0.00654954545454545
0.113000000000002	0.00645991237878498	0.00654923272727273
0.114000000000002	0.00645815507476797	0.00654891363636363
0.115000000000002	0.00645639501991479	0.00654859454545454
0.116000000000002	0.00645463287226922	0.00654827636363636
0.117000000000002	0.00645286841577186	0.00654795909090909
0.118000000000002	0.00645110172385659	0.00654764181818182
0.119000000000002	0.00644934650158305	0.00654732454545454
0.120000000000002	0.00644759312807467	0.00654700727272727
0.121000000000002	0.00644583758773508	0.00654668
0.122000000000002	0.00644407976915416	0.00654636272727273
0.123000000000002	0.00644232794781243	0.00654604181818182
0.124000000000003	0.00644059236819827	0.00654571818181818
0.125000000000003	0.00643886135011968	0.00654539363636364
0.126000000000002	0.00643713019219685	0.00654507363636363
0.127000000000002	0.00643540244561751	0.00654474636363636
0.128000000000002	0.00643367596675985	0.00654442636363636
0.129000000000002	0.00643194692492581	0.00654410181818182
0.130000000000002	0.00643021938879473	0.00654377454545454
0.131000000000002	0.0064284918841399	0.00654344727272727
0.132000000000002	0.00642676204270988	0.00654312
0.133000000000002	0.00642502989445425	0.00654279272727273
0.134000000000002	0.00642330187680417	0.00654246545454546
0.135000000000001	0.00642157238389117	0.00654213818181818
0.136000000000001	0.00641984107774051	0.00654181090909091
0.137000000000001	0.00641810773330813	0.00654148363636364
0.138000000000001	0.00641637276129911	0.00654115636363636
0.139000000000001	0.00641463614670343	0.00654082909090909
0.140000000000001	0.00641289762091581	0.00654050181818182
0.141000000000001	0.00641115842855937	0.00654017454545454
0.142000000000001	0.00640942348032162	0.00653983727272727
0.143000000000001	0.00640768732652178	0.00653951
0.144	0.00640594999534332	0.00653918272727273
0.145	0.00640421619129174	0.00653884545454545
0.146	0.00640248700242794	0.00653851818181818
0.147	0.00640076124680243	0.00653818818181818
0.148	0.00639903697973582	0.00653785363636364
0.1491	0.00639714277169598	0.00653748363636364
0.1501	0.0063954200496692	0.00653715636363636
0.1511	0.00639369586966237	0.00653681909090909
0.1521	0.00639197087438548	0.00653648636363636
0.153099999999999	0.00639024500768216	0.00653615454545455
0.154099999999999	0.00638851818797709	0.00653581727272727
0.155099999999999	0.00638679846549494	0.00653548
0.156099999999999	0.00638509980500404	0.00653515272727273
0.157099999999999	0.00638339984584892	0.00653481545454545
0.158099999999999	0.00638170354521254	0.00653447818181818
0.159099999999999	0.00638000555225885	0.00653414090909091
0.160099999999999	0.00637831112384084	0.00653380363636364
0.161099999999999	0.0063766156930189	0.00653346727272727
0.162099999999998	0.00637491923614512	0.00653313181818182
0.163099999999998	0.00637322127105481	0.00653279636363636
0.164099999999998	0.00637152212673005	0.00653246090909091
0.165099999999998	0.00636982195195705	0.00653211727272727
0.166099999999998	0.00636812516717058	0.00653178
0.167099999999998	0.00636642861881251	0.00653144272727273
0.168099999999998	0.00636473150238412	0.00653110545454545
0.169099999999998	0.00636303359695728	0.00653076363636364
0.170099999999998	0.00636133471555616	0.00653042818181818
0.171099999999997	0.00635963543966795	0.00653008363636364
0.172099999999997	0.00635793562247422	0.00652974727272727
0.173099999999997	0.00635623560084039	0.00652940181818182
0.174099999999997	0.00635453496729788	0.00652906636363636
0.175099999999997	0.00635283398298999	0.00652872090909091
0.176099999999997	0.00635113247513604	0.00652838545454545
0.177099999999997	0.00634943056392208	0.00652804
0.178099999999997	0.00634772847290029	0.00652770272727273
0.179099999999997	0.00634602823948276	0.00652735909090909
0.180099999999996	0.00634433097562064	0.00652701363636364
0.181099999999996	0.00634263675738507	0.00652667090909091
0.182099999999996	0.00634094481006885	0.00652633272727273
0.183099999999996	0.00633925240084257	0.00652598727272727
0.184099999999996	0.00633755984836497	0.00652564181818182
0.185099999999996	0.00633586706622421	0.00652529636363636
0.186099999999996	0.00633417451882675	0.00652495090909091
0.187099999999996	0.00633248183168321	0.00652461545454546
0.188099999999996	0.00633078900095146	0.00652427
0.189099999999995	0.00632912313965079	0.00652392454545455
0.190099999999995	0.00632745444913357	0.00652357909090909
0.191099999999995	0.00632579207939737	0.00652323363636364
0.192099999999995	0.00632415442743565	0.00652288818181818
0.193099999999995	0.00632253443283665	0.00652254272727273
0.194099999999995	0.00632091147483374	0.00652219727272727
0.195099999999995	0.00631928576366495	0.00652184454545455
0.196099999999995	0.00631765877516265	0.00652149636363636
0.197099999999995	0.00631603359890049	0.00652115090909091
0.198099999999995	0.00631440623025842	0.00652080545454546
0.199099999999994	0.00631279370970306	0.00652046
