t	fs
0	0	0
0.001	0	0
0.002	0	7.17254545454546E-08
0.0031	2.5E-05	3.08602636363636E-07
0.0041	2.5E-05	8.35207818181815E-07
0.005	2.5E-05	1.5253E-06
0.006	2.5E-05	2.25195454545455E-06
0.00700000000000001	5E-05	3.07289090909091E-06
0.00800000000000001	7.5E-05	3.96117363636364E-06
0.009	9.65715329799788E-05	4.89656454545455E-06
0.0091	9.65725672333484E-05	4.99215181818182E-06
0.0101	0.000114863363306535	5.9601509090909E-06
0.0111	0.000145025110198375	7.48537636363635E-06
0.0121	0.000169650854955579	8.47143999999998E-06
0.0131	0.000190657025006515	9.44931909090907E-06
0.0141	0.000209102826661367	1.04139636363636E-05
0.0151	0.000233141443713661	1.13616090909091E-05
0.0161	0.000254047893018444	1.22896818181818E-05
0.0171	0.000272587888002045	1.3239509090909E-05
0.0180999999999999	0.000289356421951767	1.45459636363636E-05
0.0190999999999999	0.000309365917675638	1.53916545454545E-05
0.0200999999999999	0.000327403791374938	1.62149727272727E-05
0.0210999999999999	0.000343912715715366	1.70167636363636E-05
0.0220999999999999	0.000359205082865407	1.77981999999999E-05
0.0230999999999999	0.000373528912665817	1.85606999999999E-05
0.0240999999999999	0.000389992274836821	1.93048727272727E-05
0.0250999999999999	0.000402768328119472	2.03869454545454E-05
0.0260999999999999	0.000417588742239437	2.10889545454545E-05
0.0270999999999999	0.000431758314189673	2.17802181818181E-05
0.0280999999999999	0.000447572898128455	2.2463109090909E-05
0.0290999999999999	0.000460797813055748	2.31400181818181E-05
0.0300999999999999	0.000473830376210202	2.38136363636363E-05
0.0310999999999999	0.00048852009774999	2.44870999999999E-05
0.0320999999999999	0.000501415818974842	2.52569999999999E-05
0.0330999999999999	0.000515987367636923	2.60963636363636E-05
0.0341	0.000530641618988889	2.67773E-05
0.0351	0.000545505463524659	2.74719727272727E-05
0.036	0.000558646900842829	2.81116636363636E-05
0.037	0.000574272356801727	2.88416363636364E-05
0.0380000000000001	0.000591627845519466	2.95961818181819E-05
0.0390000000000001	0.000608465772428848	3.03806363636364E-05
0.0400000000000001	0.000626143504979408	3.12005090909092E-05
0.0410000000000001	0.000644809570090637	3.20602000000001E-05
0.0420000000000002	0.000665574651389059	3.29655727272729E-05
0.0430000000000002	0.000686660604973112	3.39229090909093E-05
0.0440000000000002	0.000709248156967841	3.49391000000003E-05
0.0450000000000003	0.00073437860591113	3.60259272727276E-05
0.0460000000000003	0.000760574471485663	3.71886909090913E-05
0.0470000000000003	0.000788957616721279	3.84367909090913E-05
0.0480000000000003	0.000820545776183364	3.97805272727278E-05
0.0490000000000004	0.000854150569065021	4.12314545454551E-05
0.0500000000000004	0.000890890817737999	4.28060000000007E-05
0.0510000000000004	0.000931824748065302	4.4519827272728E-05
0.0520000000000005	0.000976060421665061	4.63196545454553E-05
0.0530000000000005	0.00102478985998817	4.83035090909101E-05
0.0540000000000005	0.00107858652957512	5.05328545454557E-05
0.0550000000000005	0.00113809459357805	5.29733000000013E-05
0.0560000000000006	0.00120348556548391	5.5556036363638E-05
0.0570000000000006	0.00127671162147457	5.85156636363655E-05
0.0580000000000006	0.00135757694030237	6.17232000000021E-05
0.0590000000000007	0.00144763246900333	6.52514363636389E-05
0.0600000000000007	0.00154795168874616	6.90989545454574E-05
0.0610000000000007	0.00165917055435836	7.33685000000031E-05
0.0620000000000007	0.00178294287388941	7.8168327272731E-05
0.0630000000000008	0.00192113334122623	8.33607363636406E-05
0.0640000000000008	0.00207369471242037	8.90358363636412E-05
0.0650000000000008	0.0022411494596111	9.53097636363691E-05
0.0660000000000009	0.00242424055603718	0.000102072000000006
0.0670000000000009	0.00262189018129764	0.00010956027272728
0.0680000000000009	0.00283328158814208	0.000117576090909099
0.0690000000000009	0.00305700609456838	0.000126211000000009
0.070000000000001	0.00329083759425327	0.000135457363636373
0.071000000000001	0.00353226644538362	0.000145295181818192
0.072000000000001	0.00377867350880994	0.000155709727272738
0.0730000000000011	0.00402761091233613	0.000166657181818194
0.0740000000000011	0.00427694652203955	0.000178074636363649
0.0750000000000011	0.00452481173459496	0.00018991063636365
0.0760000000000012	0.00476974885578568	0.000202112727272742
0.0770000000000012	0.00501096654239507	0.000214627000000015
0.0780000000000012	0.00524808664563274	0.000227414181818197
0.0790000000000012	0.00548049876234358	0.000240408818181834
0.0800000000000013	0.00570796791056811	0.000253567181818199
0.0810000000000013	0.00593040269172878	0.000266852090909108
0.0820000000000013	0.00614785699345825	0.00028022727272729
0.0830000000000014	0.00636041944057902	0.000293665454545473
0.0840000000000014	0.00656819808781036	0.000307137272727291
0.0850000000000014	0.00677136554353757	0.00032062109090911
0.0860000000000014	0.00697006251464775	0.000334096363636383
0.0870000000000015	0.00716457247398101	0.000347551454545474
0.0880000000000015	0.0073546211413972	0.00036097000000002
0.0890000000000015	0.00754076816894231	0.000374346636363657
0.0900000000000016	0.0077232669687716	0.00038767390909093
0.0910000000000016	0.00790226994040587	0.000400944545454566
0.0920000000000016	0.00807796345494179	0.000414152818181839
0.0930000000000016	0.00825021844694955	0.000427294545454567
0.0940000000000017	0.00841955872453419	0.000440365454545476
0.0950000000000017	0.00858609076111324	0.00045336481818184
0.0960000000000017	0.00874982224136061	0.000466292363636386
0.0970000000000018	0.00891080646989236	0.000479147545454568
0.0980000000000018	0.00906938548044446	0.000491930272727295
0.0990000000000018	0.00922569465871819	0.000504642000000023
0.100000000000002	0.00937947458666463	0.000517278545454569
0.101000000000002	0.00953116527910369	0.000529843727272751
0.102000000000002	0.00968093871200835	0.000542340454545478
0.103000000000002	0.00983023647071609	0.000554768818181842
0.104000000000002	0.00997770594177186	0.00056713063636366
0.105000000000002	0.0101232822571445	0.000579426090909115
0.106000000000002	0.0102669726867673	0.000591654909090934
0.107000000000002	0.0104089588647521	0.000603821909090934
0.108000000000002	0.0105492495404893	0.000615928181818207
0.109000000000002	0.0106879392346126	0.000627975727272752
0.110000000000002	0.0108250261657396	0.000639966000000025
0.111000000000002	0.0109606800016649	0.000651896545454571
0.112000000000002	0.0110951637335485	0.000663773090909117
0.113000000000002	0.0112284587851465	0.000675597090909117
0.114000000000002	0.0113602730267902	0.000687369272727299
0.115000000000002	0.0114907375707362	0.00069909236363639
0.116000000000002	0.011619997034239	0.000710766000000027
0.117000000000002	0.011748022620456	0.000722390636363663
0.118000000000002	0.0118748621392581	0.000733970454545482
0.119000000000002	0.0120003238525644	0.000745505818181846
0.120000000000002	0.0121246186130764	0.000756998363636391
0.121000000000002	0.0122478956718711	0.000768450000000028
0.122000000000002	0.0123701810473622	0.000779858363636392
0.123000000000002	0.0125175207876919	0.000791228090909119
0.124000000000003	0.0126357961435962	0.00080256018181821
0.125000000000003	0.0127532112784475	0.000813854909090938
0.126000000000002	0.0128698733462873	0.000825114636363664
0.127000000000002	0.0129856968848417	0.000836339181818208
0.128000000000002	0.0131007700234074	0.000847528272727298
0.129000000000002	0.0132151932020376	0.000858685545454569
0.130000000000002	0.0133289083656555	0.000869810454545477
0.131000000000002	0.0134419328217919	0.000880905454545476
0.132000000000002	0.0135543671060293	0.000891971000000019
0.133000000000002	0.0136663903749772	0.000903005454545473
0.134000000000002	0.0137778716715425	0.000914011727272744
0.135000000000001	0.0138887278096202	0.000924991363636379
0.136000000000001	0.0139989883905794	0.000935943727272742
0.137000000000001	0.0141086472794065	0.000946871363636377
0.138000000000001	0.0142177265620288	0.000957773181818194
0.139000000000001	0.0143262488733096	0.000968649636363647
0.140000000000001	0.0144341949787525	0.000979502545454555
0.141000000000001	0.0145415855061187	0.000990333272727281
0.142000000000001	0.0146486932121724	0.00100181818181819
0.143000000000001	0.0147552551540074	0.00101000000000001
0.144	0.0148612713493743	0.00102
0.145	0.0149666510038921	0.00103636363636364
0.146	0.0150714041846468	0.00104454545454546
0.147	0.0151755719979444	0.00105272727272727
0.148	0.0152792557962582	0.00107
0.1491	0.0153929229665821	0.00108
0.1501	0.0154958839144869	0.00108909090909091
0.1511	0.0155983622483192	0.00109727272727272
0.1521	0.0157003692967826	0.00111
0.153099999999999	0.0158019324436399	0.00112
0.154099999999999	0.0159030400626396	0.00113181818181817
0.155099999999999	0.0160302850369515	0.00114
0.156099999999999	0.0161285828088188	0.00115
0.157099999999999	0.0162265748458153	0.00116
0.158099999999999	0.0163242087042362	0.00117454545454543
0.159099999999999	0.0164215527947958	0.00118272727272725
0.160099999999999	0.0165185228637151	0.00119090909090907
0.161099999999999	0.0166152166087043	0.0012
0.162099999999998	0.0167119225045721	0.0012172727272727
0.163099999999998	0.0168083195485095	0.00122545454545452
0.164099999999998	0.0169044081678155	0.00123363636363633
0.165099999999998	0.0170001910869744	0.00124181818181815
0.166099999999998	0.0170955767810258	0.00125999999999996
0.167099999999998	0.0171909770831967	0.00126818181818178
0.168099999999998	0.0172861971878475	0.0012763636363636
0.169099999999998	0.0173810853700077	0.00128454545454541
0.170099999999998	0.0174756327838632	0.0013
0.171099999999997	0.0175698945194489	0.00131
0.172099999999997	0.0176640077945999	0.00131909090909086
0.173099999999997	0.0177578984938212	0.00132727272727268
0.174099999999997	0.0178514509241065	0.00134
0.175099999999997	0.017944673792341	0.00135
0.176099999999997	0.0180375630870287	0.00136
0.177099999999997	0.0181301555615664	0.00136999999999994
0.178099999999997	0.0182224341198741	0.00138
0.179099999999997	0.0183143707527629	0.00139
0.180099999999996	0.0184059618927306	0.0014
0.181099999999996	0.0184974174246692	0.00141272727272721
0.182099999999996	0.0185886127195241	0.00142090909090902
0.183099999999996	0.0186795033400777	0.00143
0.184099999999996	0.0187701027084015	0.00144
0.185099999999996	0.0188606284776195	0.00145
0.186099999999996	0.018950904217055	0.00146363636363629
0.187099999999996	0.0190408771305943	0.0014718181818181
0.188099999999996	0.0191305534839516	0.00148
0.189099999999995	0.0192449754141304	0.00149
0.190099999999995	0.0193323826950253	0.00150636363636355
0.191099999999995	0.0194194979901413	0.00151454545454537
0.192099999999995	0.019556789528203	0.00152272727272718
0.193099999999995	0.0196401294755275	0.001530909090909
0.194099999999995	0.0197235346019166	0.00154
0.195099999999995	0.0198069883108693	0.00155727272727263
0.196099999999995	0.019890676031868	0.00156545454545445
0.197099999999995	0.0199743304976123	0.00157363636363627
0.198099999999995	0.0200579783825272	0.00158181818181808
0.199099999999994	0.0201673874834934	0.00159
