t	Cd
0	0	0
0.002	0	0
0.0041	0	5.02338
0.006	0	5.02104
0.00800000000000001	0	5.03273
0.0101	0	5.05844
0.0121	0	5.07013
0.0141	0	5.08182
0.0161	0	5.09350999999999
0.0180999999999999	0	5.10518999999999
0.0200999999999999	0	5.11687999999999
0.0220999999999999	0	5.12856999999999
0.0240999999999999	0	5.14025999999999
0.0260999999999999	0	5.15194999999999
0.0280999999999999	0	5.16363999999998
0.0300999999999999	0	5.17531999999998
0.0320999999999999	0	5.18700999999999
0.0341	0	5.19869999999999
0.036	0	5.19703
0.0380000000000001	0	5.20885000000001
0.0400000000000001	0	5.22068000000001
0.0420000000000002	0	5.23253000000002
0.0440000000000002	0	5.24439000000003
0.0460000000000003	0	5.25626000000004
0.0480000000000003	0	5.26816000000004
0.0500000000000004	0	5.28006000000005
0.0520000000000005	0	5.29198000000005
0.0540000000000005	0	5.30391000000006
0.0560000000000006	0	5.31585000000007
0.0580000000000006	0	5.32780000000007
0.0600000000000007	0	5.33977000000008
0.0620000000000007	0	5.35174000000008
0.0640000000000008	0	5.36371000000008
0.0660000000000009	0	5.37570000000009
0.0680000000000009	0	5.38768000000009
0.070000000000001	0	5.39967000000009
0.072000000000001	0	5.4116600000001
0.0740000000000011	0	5.4236500000001
0.0760000000000012	0	5.4356300000001
0.0780000000000012	0	5.4476200000001
0.0800000000000013	0	5.46695000000001
0.0820000000000013	0	5.47864000000001
0.0840000000000014	0	5.49032000000001
0.0860000000000014	0	5.50201000000001
0.0880000000000015	0	5.51370000000001
0.0900000000000016	0	5.52539000000001
0.0920000000000016	0	5.53708000000001
0.0940000000000017	0	5.54877000000001
0.0960000000000017	0	5.56045000000001
0.0980000000000018	0	5.57214000000001
0.100000000000002	0	5.58383000000001
0.102000000000002	0	5.59552000000001
0.104000000000002	0	5.60721000000001
0.106000000000002	0	5.61890000000001
0.108000000000002	0	5.63058000000001
0.110000000000002	0	5.64227000000001
0.112000000000002	0	5.65396000000001
0.114000000000002	5.66564932012768	5.66565000000001
0.116000000000002	5.67733762868435	5.67734000000001
0.118000000000002	5.68902593696261	5.68903000000001
0.120000000000002	5.700714244934	5.70071000000001
0.122000000000002	5.71240255256693	5.71240000000001
0.124000000000003	5.72409085982641	5.72409000000002
0.126000000000002	5.73577916667371	5.73578000000001
0.128000000000002	5.74746747306602	5.74747000000001
0.130000000000002	5.75915577895582	5.75916000000001
0.132000000000002	5.77084408429064	5.77084000000001
0.134000000000002	5.78253238901232	5.78253000000001
0.136000000000001	5.79422069305655	5.79422000000001
0.138000000000001	5.80590899635221	5.80591000000001
0.140000000000001	5.81759729882067	5.8176
0.142000000000001	5.82928560037488	5.82929
0.144	5.84097390091877	5.84097
0.146	5.85266220034614	5.85266
0.148	5.86435049853974	5.86435
0.1501	5.87662321017333	5.87662
0.1521	5.88831150541823	5.88831
0.154099999999999	5.89999979899117	5.9
0.156099999999999	5.91168809071765	5.91168999999999
0.158099999999999	5.92337638040535	5.92337999999999
0.160099999999999	5.93506466784248	5.93505999999999
0.162099999999998	5.94675295279584	5.94674999999999
0.164099999999998	5.95844123500896	5.95843999999999
0.166099999999998	5.97012951419982	5.97012999999999
0.168099999999998	5.98181779005854	5.98181999999999
0.170099999999998	5.99350606224476	5.99350999999999
0.172099999999997	6.00519433038487	6.00518999999998
0.174099999999997	6.0168825940691	6.01687999999998
0.176099999999997	6.02857085284814	6.02856999999998
0.178099999999997	6.04025910622978	6.04025999999998
0.180099999999996	6.05194735367508	6.05194999999998
0.182099999999996	6.06363559459412	6.06362999999998
0.184099999999996	6.07532382834193	6.07531999999998
0.186099999999996	6.08701205421359	6.08700999999998
0.188099999999996	6.09870027143907	6.09869999999997
0.190099999999995	6.11038847917792	6.11038999999997
0.192099999999995	6.12207667651328	6.12206999999997
0.194099999999995	6.13376486244561	6.13375999999997
0.196099999999995	6.14545303588593	6.14544999999997
0.198099999999995	6.15714119564853	6.15713999999997
0.200099999999994	6.16882934044307	6.16882999999997
0.202099999999994	6.18051746886647	6.18050999999997
0.204099999999994	6.19220557939373	6.19219999999996
0.206099999999994	6.20389367036853	6.20388999999996
0.208099999999993	6.21558173999286	6.21557999999996
0.210099999999993	6.22726978631626	6.22725999999996
0.212099999999993	6.23895780722394	6.23894999999996
0.214099999999993	6.2506458004245	6.25063999999996
0.216099999999993	6.26233376343643	6.26232999999996
0.218099999999992	6.27402169357411	6.27400999999995
0.220099999999992	6.28570958793256	6.28569999999995
0.222099999999992	6.29739744337129	6.29738999999995
0.224099999999992	6.30908525649729	6.30906999999995
0.226099999999991	6.32077302364654	6.32075999999995
0.228099999999991	6.3324607408647	6.33244999999995
0.230099999999991	6.3441484038865	6.34412999999995
0.232099999999991	6.3558360081136	6.35581999999994
0.234099999999991	6.36752354859141	6.36749999999994
0.23609999999999	6.37921101998412	6.37918999999994
0.23809999999999	6.39089841654856	6.39086999999994
0.24009999999999	6.40258573210624	6.40255999999994
0.24209999999999	6.41427296001366	6.41423999999994
0.244099999999989	6.4259600931311	6.42592999999994
0.246099999999989	6.43764712378919	6.43760999999994
0.248099999999989	6.44933404375383	6.44928999999994
0.250099999999989	6.46102084418885	6.46097999999993
0.252099999999989	6.47270751561663	6.47265999999993
0.254099999999988	6.48439404787623	6.48433999999993
0.256099999999988	6.49608043007945	6.49601999999993
0.258099999999988	6.50776665056404	6.50769999999993
0.260099999999988	6.51945269684448	6.51937999999993
0.262099999999987	6.53113855555998	6.53105999999993
0.264099999999987	6.54282421241943	6.54273999999993
0.266099999999987	6.55450965214345	6.55441999999992
0.268099999999987	6.56619485840332	6.56608999999992
0.270099999999987	6.57787981375627	6.57776999999992
0.272099999999986	6.58956449957765	6.58943999999992
0.274099999999986	6.60124889598906	6.60111999999992
0.276099999999986	6.61293298178299	6.61278999999992
0.278099999999986	6.62461673434324	6.62445999999992
0.280099999999985	6.63630012956129	6.63612999999991
0.282099999999985	6.647983141748	6.64779999999991
0.284099999999985	6.6596657229534	6.65945999999991
0.286099999999985	6.67134786860262	6.67112999999991
0.288099999999985	6.6830298601161	6.68278999999991
0.290099999999984	6.69471169346164	6.69444999999991
0.292099999999984	6.70639336446824	6.70610999999991
0.294099999999984	6.71807486881903	6.71776999999991
0.296099999999984	6.72975620204391	6.72941999999991
0.298099999999983	6.74143735951155	6.7410699999999
0.300099999999983	6.75311833642112	6.7527199999999
0.302099999999983	6.76479643032154	6.7643699999999
0.304099999999983	6.77645443171625	6.7760099999999
0.306099999999983	6.78811173951284	6.7876499999999
0.308099999999982	6.79976833558378	6.7992799999999
0.310099999999982	6.81142420130374	6.8109099999999
0.312099999999982	6.82307931750193	6.8225399999999
0.314099999999982	6.83473366441611	6.83415999999989
0.316099999999982	6.846387221648	6.84577999999989
0.318099999999981	6.8580399681191	6.85738999999989
0.320099999999981	6.86969188202638	6.86899999999989
0.322099999999981	6.88134294079755	6.88060999999989
0.324099999999981	6.89299312104542	6.89219999999989
0.32609999999998	6.90464239852125	6.90378999999989
0.32809999999998	6.91629074806675	6.91536999999989
0.33009999999998	6.92790936907293	6.92694999999988
0.33209999999998	6.93950471914122	6.93851999999988
0.33409999999998	6.95109801893281	6.95007999999988
0.336099999999979	6.96268921490227	6.96162999999988
0.338099999999979	6.9742782516125	6.97316999999988
0.340099999999979	6.98586507162397	6.98470999999988
0.342099999999979	6.99745186734973	6.99622999999988
0.344099999999978	7.00903412178804	7.00773999999987
0.346099999999978	7.0206140801806	7.01923999999988
0.348099999999978	7.03219168492296	7.03072999999987
0.350099999999978	7.04376687619294	7.04219999999987
0.352099999999978	7.05533959184077	7.05365999999987
0.354099999999977	7.06691153853979	7.06510999999987
0.356099999999977	7.07847917395161	7.07653999999987
0.358099999999977	7.09004426104148	7.08795999999987
0.360099999999977	7.10160673718497	7.09935999999987
0.362099999999976	7.1131665373979	7.11073999999987
0.364099999999976	7.12472359421974	7.12209999999986
0.366099999999976	7.1362162414955	7.13343999999986
0.368099999999976	7.14766532838876	7.14475999999986
0.370099999999976	7.1591095778435	7.15605999999986
0.372099999999975	7.17054887160468	7.16732999999986
0.374099999999975	7.18198602950341	7.17857999999986
0.376099999999975	7.19333369549233	7.18979999999986
0.378099999999975	7.20461365409091	7.20099999999986
0.380099999999974	7.21588586885226	7.21215999999986
0.382099999999974	7.22715596676491	7.22329999999986
0.384099999999974	7.2384122686608	7.23439999999986
0.386099999999974	7.24966046543457	7.24546999999986
0.388099999999974	7.26090037012144	7.25650999999985
0.390099999999973	7.27213178853775	7.26749999999985
0.392099999999973	7.2833588600508	7.27845999999985
0.394099999999973	7.29457291602033	7.28937999999985
0.396099999999973	7.30577805527477	7.30024999999985
0.398099999999972	7.31685308766431	7.31107999999985
0.400099999999972	7.32783461233339	7.32185999999985
0.402099999999972	7.33879528246997	7.33258999999985
0.404099999999972	7.3497430464931	7.34326999999985
0.406099999999972	7.36068624510568	7.35388999999985
0.408099999999971	7.37161636722254	7.36445999999985
0.410099999999971	7.382524477632	7.37496999999985
0.412099999999971	7.39341906498792	7.38540999999985
0.414099999999971	7.40430611851351	7.39578999999985
0.41609999999997	7.41495032105419	7.40609999999985
0.41809999999997	7.42551183472712	7.41633999999985
0.42009999999997	7.43606624774751	7.42650999999985
0.42209999999997	7.44652969015799	7.43659999999985
0.42409999999997	7.4566832116081	7.44660999999985
0.426099999999969	7.46682673726911	7.45652999999985
0.428099999999969	7.47694667522162	7.46635999999985
0.430099999999969	7.48702886395055	7.47610999999985
0.432099999999969	7.49709630828032	7.48574999999985
0.434099999999969	7.50713914906108	7.49529999999985
0.436099999999968	7.51714732771092	7.50474999999985
0.438099999999968	7.52713021958101	7.51408999999985
0.440099999999968	7.53711745298763	7.52331999999985
0.442099999999968	7.54704879695357	7.53242999999985
0.444099999999967	7.55666697058872	7.54142999999985
0.446099999999967	7.566094094165	7.55029999999986
0.448099999999967	7.57549590334496	7.55903999999986
0.450099999999967	7.5848665661428	7.56764999999986
0.452099999999967	7.59420578965279	7.57612999999986
0.454099999999966	7.60299072662254	7.58445999999986
0.456099999999966	7.6117122628116	7.59263999999986
0.458099999999966	7.62039718972405	7.60067999999986
0.460099999999966	7.62873396094086	7.60855999999987
0.462099999999965	7.63672572209947	7.61627999999987
0.464099999999965	7.64467644980808	7.62383999999987
0.466099999999965	7.65258598869681	7.63121999999987
0.468099999999965	7.66047066723365	7.63842999999988
0.470099999999965	7.66827226269893	7.64545999999988
0.472099999999964	7.6760655946433	7.65230999999988
0.474099999999964	7.68380802840766	7.65896999999989
0.476099999999964	7.6915082804402	7.66543999999988
0.478099999999964	7.69916581827333	7.67170999999989
0.480099999999963	7.70623704403109	7.67777999999989
0.482099999999963	7.71305626727843	7.6836399999999
0.484099999999963	7.71971739701149	7.6892999999999
0.486099999999963	7.72561419490087	7.6947299999999
0.488099999999963	7.7314883097167	7.69994999999991
0.490099999999962	7.73728616116114	7.70494999999991
0.492099999999962	7.74304983701577	7.70971999999991
0.494099999999962	7.74860582537087	7.71425999999992
0.496099999999962	7.7533516774633	7.71856999999992
0.498099999999961	7.75807983019166	7.72263999999992
0.500099999999961	7.76276663159187	7.72646999999993
0.502099999999961	7.76737629146265	7.73006999999993
0.504099999999961	7.77198073612547	7.73340999999994
0.506099999999961	7.77651977238892	7.73650999999994
0.50809999999996	7.7807979778038	7.73936999999995
0.51009999999996	7.78426574985888	7.74196999999995
0.51209999999996	7.7876474111034	7.74431999999996
0.51409999999996	7.79012154170966	7.74642999999996
0.516099999999959	7.79238008010944	7.74826999999997
0.518099999999959	7.79458817906994	7.74986999999997
0.520099999999959	7.79680292365939	7.75120999999998
0.522099999999959	7.79898175304291	7.75229999999998
0.524099999999959	7.80112382873764	7.75312999999999
0.526099999999958	7.80278192996843	7.75370999999999
0.528099999999958	7.80373075922762	7.75405
0.530099999999958	7.80467413879784	7.75413
0.532099999999958	7.8055965854046	7.75396000000001
0.534099999999958	7.80654323129027	7.75355000000001
0.536099999999957	7.8069042796561	7.75290000000002
0.538099999999957	7.8065832972745	7.75200000000002
0.540099999999957	7.8061783807655	7.75087000000003
0.542099999999957	7.80454384821103	7.74950000000003
0.544099999999956	7.80304981735546	7.74790000000004
0.546099999999956	7.80152914155174	7.74608000000004
0.548099999999956	7.80003144950694	7.74403000000005
0.550099999999956	7.79858737690771	7.74176000000005
0.552099999999956	7.7971960913074	7.73928000000006
0.554099999999955	7.79582361724979	7.73658000000006
0.556099999999955	7.79448548420217	7.73369000000007
0.558099999999955	7.79206350251211	7.73059000000007
0.560099999999955	7.78943375347039	7.72730000000007
0.562099999999954	7.78698410666171	7.72381000000008
0.564099999999954	7.78375032413418	7.72015000000008
0.566099999999954	7.77996614601366	7.71630000000009
0.568099999999954	7.7763284873643	7.7122800000001
0.570099999999954	7.77253541218972	7.7081000000001
0.572099999999953	7.7677165697509	7.70375000000011
0.574099999999953	7.76298834777246	7.69925000000011
0.576099999999953	7.75838257851716	7.69460000000011
0.578099999999953	7.7539469505637	7.68981000000011
0.580099999999952	7.74955747316289	7.68488000000012
0.582099999999952	7.74529710595376	7.67982000000012
0.584099999999952	7.74109408112687	7.67463000000012
0.586099999999952	7.73708060780942	7.66932000000013
0.588099999999952	7.73238104311833	7.66390000000014
0.590099999999951	7.72721510767497	7.65838000000013
0.592099999999951	7.72218603491585	7.65275000000014
0.594099999999951	7.71602785790428	7.64702000000014
0.596099999999951	7.70993960820929	7.64120000000015
0.59809999999995	7.70398642525937	7.63530000000015
0.60009999999995	7.69816466578505	7.62932000000015
0.60209999999995	7.69255245087863	7.62326000000015
0.60409999999995	7.68697601913166	7.61714000000015
0.60609999999995	7.68035424756438	7.61094000000016
0.608099999999949	7.67387151724048	7.60470000000016
0.610099999999949	7.6675731355117	7.59839000000016
0.612099999999949	7.66145296524647	7.59204000000016
0.614099999999949	7.65547174978525	7.58564000000016
0.616099999999948	7.64970525080965	7.57920000000017
0.618099999999948	7.64408148945749	7.57273000000017
0.620099999999948	7.63789970395289	7.56622000000017
0.622099999999948	7.63135395779838	7.55968000000017
0.624099999999948	7.62496463370537	7.55312000000017
0.626099999999947	7.61807845140793	7.54654000000017
0.628099999999947	7.61084027586465	7.53994000000017
0.630099999999947	7.60374029167042	7.53333000000018
0.632099999999947	7.5968674615423	7.52671000000018
0.634099999999946	7.59018208411516	7.52009000000018
0.636099999999946	7.58376807867605	7.51345000000018
0.638099999999946	7.57743454849773	7.50682000000018
0.640099999999946	7.57134211806788	7.50019000000018
0.642099999999946	7.56546708085634	7.49357000000018
0.644099999999945	7.55914675775494	7.48695000000018
0.646099999999945	7.55237923538631	7.48034000000018
0.648099999999945	7.545797573724	7.47374000000018
0.650099999999945	7.53945262789906	7.46716000000018
0.652099999999945	7.53326368779084	7.46059000000018
0.654099999999944	7.52729616033297	7.45405000000018
0.656099999999944	7.52130033498587	7.44752000000018
0.658099999999944	7.5145037109456	7.44101000000019
0.660099999999944	7.50791088314815	7.43453000000018
0.662099999999943	7.50150023415652	7.42807000000019
0.664099999999943	7.49464606258033	7.42164000000018
0.666099999999943	7.48753103173621	7.41524000000018
0.668099999999943	7.48063411394291	7.40887000000018
0.670099999999943	7.47400053536885	7.40253000000018
0.672099999999942	7.46752663076561	7.39622000000018
0.674099999999942	7.4612459836072	7.38994000000018
0.676099999999942	7.45512535275426	7.38370000000018
0.678099999999942	7.44919702924599	7.37749000000018
0.680099999999941	7.4434287707904	7.37132000000017
0.682099999999941	7.43783947307882	7.36518000000018
0.684099999999941	7.43242248678571	7.35908000000018
0.686099999999941	7.42715920264183	7.35302000000018
0.688099999999941	7.42204453761903	7.34700000000018
0.69009999999994	7.41706133889519	7.34101000000018
0.69209999999994	7.41132070060539	7.33507000000018
0.69409999999994	7.40566358818319	7.32916000000018
0.69609999999994	7.40018247018295	7.32330000000017
0.698099999999939	7.39485894304715	7.31748000000018
0.700099999999939	7.38943576427999	7.31170000000017
0.702099999999939	7.38348915566403	7.30595000000018
0.704099999999939	7.37771921808812	7.30026000000017
0.706099999999939	7.37211928900113	7.29460000000017
0.708099999999938	7.36667146503469	7.28898000000017
0.710099999999938	7.36138171740897	7.28341000000017
0.712099999999938	7.3562106224946	7.27788000000017
0.714099999999938	7.35082545238343	7.27239000000017
0.716099999999937	7.34509787636377	7.26694000000017
0.718099999999937	7.33953998671432	7.26154000000017
0.720099999999937	7.3341232697375	7.25617000000017
0.722099999999937	7.32889657530058	7.25085000000017
0.724099999999937	7.32385274027745	7.24558000000016
0.726099999999936	7.31892225371034	7.24034000000016
0.728099999999936	7.31411202290274	7.23515000000016
0.730099999999936	7.30941744772983	7.22999000000017
0.732099999999936	7.30487512465668	7.22488000000017
0.734099999999935	7.30048980660638	7.21981000000017
0.736099999999935	7.29617650831627	7.21479000000016
0.738099999999935	7.29202157787938	7.20980000000016
0.740099999999935	7.28798066840916	7.20486000000016
0.742099999999935	7.28404970363118	7.19995000000016
0.744099999999934	7.27955172270557	7.19509000000016
0.746099999999934	7.275045013767	7.19026000000016
0.748099999999934	7.27068402628381	7.18548000000016
0.750099999999934	7.26645427080204	7.18074000000015
0.752099999999933	7.26234166276008	7.17603000000016
0.754099999999933	7.25769550510066	7.17137000000015
0.756099999999933	7.25303171968897	7.16674000000015
0.758099999999933	7.24853832294755	7.16216000000015
0.760099999999933	7.24419996449046	7.15761000000015
0.762099999999932	7.23994730626258	7.15310000000015
0.764099999999932	7.23578669515611	7.14863000000015
0.766099999999932	7.23175070393117	7.14419000000015
0.768099999999932	7.22784414591862	7.13979000000015
0.770099999999932	7.22404474434893	7.13543000000015
0.772099999999931	7.22034900761464	7.13111000000014
0.774099999999931	7.21672782939734	7.12682000000015
0.776099999999931	7.21323003783496	7.12257000000015
0.778099999999931	7.20937733301088	7.11836000000014
0.78009999999993	7.20540074441601	7.11418000000014
0.78209999999993	7.20153429862659	7.11003000000015
0.78409999999993	7.19777461008431	7.10592000000015
0.78609999999993	7.19408494083804	7.10185000000014
0.78809999999993	7.19052880909807	7.09780000000014
0.790099999999929	7.18706088794585	7.09380000000014
0.792099999999929	7.18367867155615	7.08982000000014
0.794099999999929	7.18037133574453	7.08588000000014
0.796099999999929	7.17717647813433	7.08197000000014
0.798099999999928	7.17406704477802	7.07810000000014
0.800099999999928	7.17101662926387	7.07425000000014
0.802099999999928	7.16807757793315	7.07044000000014
0.804099999999928	7.16521605993078	7.06666000000014
0.806099999999928	7.16187154900987	7.06291000000014
0.808099999999927	7.15853306908021	7.05919000000014
0.810099999999927	7.15530018914956	7.05551000000013
0.812099999999927	7.15213868891962	7.05185000000013
0.814099999999927	7.14907659950954	7.04822000000013
0.816099999999926	7.14609600061266	7.04462000000013
0.818099999999926	7.14267447878545	7.04105000000013
0.820099999999926	7.13924187768679	7.03752000000013
0.822099999999926	7.13593233139174	7.03400000000013
0.824099999999926	7.13270532759166	7.03052000000013
0.826099999999925	7.12957278557457	7.02707000000013
0.828099999999925	7.12651765300131	7.02364000000013
0.830099999999925	7.12350864843215	7.02024000000013
0.832099999999925	7.12062249782386	7.01687000000013
0.834099999999924	7.11779913637321	7.01353000000012
0.836099999999924	7.11504340119174	7.01021000000012
0.838099999999924	7.11236741077933	7.00692000000012
0.840099999999924	7.10976873956087	7.00365000000012
0.842099999999924	7.10721772370508	7.00041000000012
0.844099999999923	7.104740039348	6.99720000000012
0.846099999999923	7.10234007151969	6.99401000000012
0.848099999999923	7.10000213306407	6.99085000000012
0.850099999999923	7.0977113848457	6.98771000000012
0.852099999999922	7.09549923438849	6.98459000000013
0.854099999999922	7.09332463144342	6.98150000000012
0.856099999999922	7.09113968040452	6.97843000000012
0.858099999999922	7.08856752295377	6.97539000000012
0.860099999999922	7.08604323308407	6.97237000000012
0.862099999999921	7.08360423242373	6.96937000000012
0.864099999999921	7.0812289248481	6.96640000000012
0.866099999999921	7.07889619144051	6.96345000000012
0.868099999999921	7.07663672709839	6.96052000000012
0.87009999999992	7.07442945056268	6.95761000000012
0.87209999999992	7.07229779437641	6.95473000000011
0.87409999999992	7.07020276709904	6.95187000000011
0.87609999999992	7.06817400082621	6.94903000000011
0.87809999999992	7.06619776679513	6.94620000000012
0.880099999999919	7.06398869090978	6.94341000000011
0.882099999999919	7.06163609092011	6.94063000000011
0.884099999999919	7.05932064555652	6.93787000000011
0.886099999999919	7.0570837056891	6.93513000000011
0.888099999999919	7.05488700383595	6.93241000000011
0.890099999999918	7.05277107615002	6.92972000000011
0.892099999999918	7.05068644239818	6.92704000000011
0.894099999999918	7.04866147385793	6.92438000000011
0.896099999999918	7.04624322130713	6.92174000000011
0.898099999999917	7.04385894578196	6.91912000000011
0.900099999999917	7.04155466031721	6.91652000000011
0.902099999999917	7.03928736762657	6.91393000000011
0.904099999999917	7.03709644204894	6.91137000000011
0.906099999999917	7.03494537291355	6.90882000000011
0.908099999999916	7.03287283623528	6.90629000000011
0.910099999999916	7.03083717226324	6.90378000000011
0.912099999999916	7.02887101583133	6.9012900000001
0.914099999999916	7.02693915588296	6.89881000000011
0.916099999999915	7.02507377832938	6.89635000000011
0.918099999999915	7.02324020925375	6.89391000000011
0.920099999999915	7.02147027598549	6.8914900000001
0.922099999999915	7.01972446296318	6.8890800000001
0.924099999999915	7.01802356687335	6.8866900000001
0.926099999999914	7.01637715713784	6.88432000000009
0.928099999999914	7.0147624347056	6.8819600000001
0.930099999999914	7.01319985264441	6.8796100000001
0.932099999999914	7.01167211391687	6.8772900000001
0.934099999999913	7.01019417124832	6.8749800000001
0.936099999999913	7.00874385701094	6.8726800000001
0.938099999999913	7.00733092316426	6.8704000000001
0.940099999999913	7.00595433671709	6.8681400000001
0.942099999999913	7.00462850633193	6.8658900000001
0.944099999999912	7.00332176224211	6.8636500000001
0.946099999999912	7.00206393762303	6.8614300000001
0.948099999999912	7.00082369517106	6.8592200000001
0.950099999999912	6.99961071143531	6.8570300000001
0.952099999999911	6.99826175250902	6.85486000000009
0.954099999999911	6.99672792226795	6.8526900000001
0.956099999999911	6.99521876043251	6.8505400000001
0.958099999999911	6.99376351907517	6.8484100000001
0.960099999999911	6.99233110706229	6.84629000000009
0.96209999999991	6.99093571857046	6.8441800000001
0.96409999999991	6.98958615237481	6.84209000000009
0.96609999999991	6.98826663706774	6.8400000000001
0.96809999999991	6.98691203241976	6.83794000000009
0.970099999999909	6.98528472046702	6.83588000000009
0.972099999999909	6.98368485806124	6.83384000000009
0.974099999999909	6.98212161327178	6.83181000000009
0.976099999999909	6.98061803742959	6.8297900000001
0.978099999999909	6.9791391861639	6.82779000000009
0.980099999999908	6.97771292421691	6.82580000000009
0.982099999999908	6.97629531129523	6.82382000000009
0.984099999999908	6.9749426120729	6.82185000000009
0.986099999999908	6.97360648267439	6.81990000000008
0.988099999999908	6.97231433497604	6.81795000000009
0.990099999999907	6.97103723153583	6.81602000000009
0.992099999999907	6.96981615704019	6.81410000000009
0.994099999999907	6.9686131968837	6.81219000000009
0.996099999999907	6.96744150536151	6.81030000000008
0.998099999999906	6.96631381396762	6.80841000000009
1.00009999999991	6.96486371914025	6.80654000000008
1.00209999999991	6.96342387977687	6.80467000000009
1.00409999999991	6.96202568922258	6.80282000000008
1.00609999999991	6.96067708130601	6.80098000000008
1.00809999999991	6.95935004232221	6.79915000000009
1.01009999999991	6.95805725815832	6.79733000000008
1.0120999999999	6.95679797553587	6.79552000000009
1.0140999999999	6.95558465109158	6.79372000000009
1.0160999999999	6.95440301955953	6.79193000000009
1.0180999999999	6.95323930322677	6.79016000000009
1.0200999999999	6.95210624157228	6.78839000000009
1.0220999999999	6.9509988299859	6.78663000000009
1.0240999999999	6.94993352972033	6.78488000000009
1.0260999999999	6.94888379699775	6.78315000000008
1.0280999999999	6.94786604299454	6.78142000000008
1.0300999999999	6.94687114336656	6.77970000000008
1.0320999999999	6.94591115823232	6.77799000000009
1.0340999999999	6.94496844383485	6.77629000000009
1.0360999999999	6.94405938560367	6.77460000000009
1.0380999999999	6.94317087065452	6.77292000000009
1.0400999999999	6.94230660331991	6.77125000000008
1.0420999999999	6.94147415605834	6.76959000000008
1.0440999999999	6.94064432905581	6.76794000000008
1.0460999999999	6.93986158875798	6.76629000000008
1.0480999999999	6.93908862471718	6.76466000000008
1.0500999999999	6.93833728532665	6.76303000000008
1.0520999999999	6.93758655838175	6.76141000000009
1.0540999999999	6.93655338276176	6.75981000000008
1.0560999999999	6.93555574689575	6.75821000000008
1.0580999999999	6.93457681517967	6.75662000000007
1.0600999999999	6.93362395738761	6.75503000000008
1.0620999999999	6.93269661699223	6.75346000000008
1.0640999999999	6.93179422196423	6.75189000000008
1.0660999999999	6.93092405202405	6.75033000000008
1.0680999999999	6.93006574859192	6.74878000000008
1.0700999999999	6.92923879342163	6.74724000000008
1.0720999999999	6.92826838524988	6.74571000000008
1.0740999999999	6.92716706782498	6.74418000000008
1.0760999999999	6.92609881009476	6.74267000000007
1.0780999999999	6.92505506201624	6.74116000000007
1.0800999999999	6.92405460485175	6.73965000000008
1.0820999999999	6.92305775566176	6.73816000000007
1.0840999999999	6.92211059640112	6.73667000000008
1.0860999999999	6.92117752870002	6.73519000000008
1.0880999999999	6.92028121800763	6.73372000000008
1.0900999999999	6.91939821072893	6.73226000000007
1.0920999999999	6.91853580520913	6.73080000000007
1.0940999999999	6.91770087166266	6.72935000000007
1.0960999999999	6.9168853787581	6.72791000000007
1.0980999999999	6.91609624482002	6.72647000000008
1.1000999999999	6.91533288364883	6.72505000000007
1.1020999999999	6.91457625389967	6.72362000000007
1.10409999999989	6.91385545877159	6.72221000000007
1.10609999999989	6.91314777194812	6.72080000000007
1.10809999999989	6.91247111928867	6.71940000000007
1.11009999999989	6.91180319331742	6.71801000000007
1.11209999999989	6.91115821137456	6.71662000000007
1.11409999999989	6.91053197683807	6.71524000000007
1.11609999999989	6.90992411950497	6.71387000000007
1.11809999999989	6.90933425168572	6.71250000000008
1.12009999999989	6.90877253648164	6.71114000000007
1.12209999999989	6.90807019594075	6.70979000000006
1.12409999999989	6.90725997444597	6.70844000000008
1.12609999999989	6.90646140514021	6.70710000000008
1.12809999999989	6.90568493363846	6.70576000000008
1.13009999999989	6.90494079069296	6.70444000000006
1.13209999999989	6.90419670045799	6.70311000000008
1.13409999999989	6.90348753701116	6.70180000000007
1.13609999999989	6.90279509909095	6.70049000000007
1.13809999999989	6.90211906830298	6.69918000000008
1.14009999999989	6.90146239825971	6.69788000000008
1.14209999999989	6.90083500818333	6.69659000000008
1.14409999999989	6.90021919799107	6.69531000000007
1.14609999999989	6.8996215877607	6.69403000000007
1.14809999999989	6.89904529040549	6.69275000000008
1.15009999999989	6.89847980218298	6.69148000000008
1.15209999999989	6.89793165052229	6.69022000000007
1.15409999999989	6.89740375389	6.68896000000008
1.15609999999989	6.89689227756915	6.68771000000007
1.15809999999989	6.8963936625543	6.68647000000007
1.16009999999989	6.89591417389001	6.68523000000007
1.16209999999989	6.89546000449072	6.68399000000007
1.16409999999989	6.89500777373046	6.68276000000007
1.16609999999989	6.8945738112657	6.68154000000007
1.16809999999989	6.89409808722815	6.68032000000007
1.17009999999989	6.8934308767199	6.67911000000007
1.17209999999989	6.89279305348224	6.67790000000007
1.17409999999989	6.8921544975332	6.67670000000007
1.17609999999989	6.89154124945925	6.67550000000007
1.17809999999989	6.89095600550829	6.67431000000007
1.18009999999989	6.89037225386355	6.67312000000007
1.18209999999989	6.88982211260275	6.67194000000007
1.18409999999989	6.8892791529431	6.67076000000007
1.18609999999989	6.88875599563993	6.66959000000007
1.18809999999989	6.88825237771964	6.66842000000007
1.19009999999989	6.88765506848734	6.66726000000007
1.19209999999989	6.88692525226599	6.66610000000007
1.19409999999988	6.88622250916901	6.66495000000007
1.19609999999988	6.88552390095217	6.66380000000007
1.19809999999988	6.884864186305	6.66266000000007
1.20009999999988	6.88421094884495	6.66152000000007
1.20209999999988	6.88357980596391	6.66039000000006
1.20409999999988	6.8829735810508	6.65926000000007
1.20609999999988	6.88237929109565	6.65814000000006
1.20809999999988	6.88180288109365	6.65702000000006
1.21009999999988	6.88125339020828	6.65590000000007
1.21209999999988	6.88070259616231	6.65479000000007
1.21409999999988	6.88017498284572	6.65369000000006
1.21609999999988	6.87967306273039	6.65259000000006
1.21809999999988	6.87917199284922	6.65149000000006
1.22009999999988	6.87869286433485	6.65040000000006
1.22209999999988	6.87823210444516	6.64931000000006
1.22409999999988	6.8777924094344	6.64823000000006
1.22609999999988	6.87735850273362	6.64715000000006
1.22809999999988	6.8769421383487	6.64607000000007
1.23009999999988	6.87654599255777	6.64500000000007
1.23209999999988	6.87615497016516	6.64394000000006
1.23409999999988	6.87577776969323	6.64288000000006
1.23609999999988	6.87541699711109	6.64182000000006
1.23809999999988	6.87506640025833	6.64076000000007
1.24009999999988	6.87473160490426	6.63971000000007
1.24209999999988	6.87440940862632	6.63867000000006
1.24409999999988	6.87409655119958	6.63763000000006
1.24609999999988	6.87379860911045	6.63659000000006
1.24809999999988	6.8735211132448	6.63556000000006
1.25009999999988	6.87324374725179	6.63453000000006
1.25209999999988	6.8729807625996	6.63350000000006
1.25409999999988	6.87272909359339	6.63248000000006
1.25609999999988	6.87249712544259	6.63146000000006
1.25809999999988	6.87225912360383	6.63045000000006
1.26009999999988	6.87203758643931	6.62944000000006
1.26209999999988	6.87182931799324	6.62843000000006
1.26409999999988	6.87155732866827	6.62743000000006
1.26609999999988	6.87114471603124	6.62643000000006
1.26809999999988	6.87074618033818	6.62544000000006
1.27009999999988	6.87036433729246	6.62445000000006
1.27209999999988	6.86999044217246	6.62346000000006
1.27409999999988	6.86963269587713	6.62248000000006
1.27609999999988	6.86928525421959	6.62150000000006
1.27809999999988	6.86895910322991	6.62052000000006
1.28009999999988	6.86863727988811	6.61955000000006
1.28209999999988	6.86832243545736	6.61858000000006
1.28409999999988	6.86802801322732	6.61761000000006
1.28609999999987	6.86774824210309	6.61665000000006
1.28809999999987	6.86747732826671	6.61569000000006
1.29009999999987	6.86721521874515	6.61474000000006
1.29209999999987	6.86696445683895	6.61379000000005
1.29409999999987	6.86673558169806	6.61284000000006
1.29609999999987	6.86650950258959	6.61189000000006
1.29809999999987	6.86629154355393	6.61095000000006
1.30009999999987	6.86594592645034	6.61001000000006
1.30209999999987	6.86554617691773	6.60908000000006
1.30409999999987	6.86515241738283	6.60815000000005
1.30609999999987	6.86476450528337	6.60722000000006
1.30809999999987	6.86439827057288	6.60629000000006
1.31009999999987	6.86404527359466	6.60537000000006
1.31209999999987	6.86371063575643	6.60445000000006
1.31409999999987	6.86338347206546	6.60354000000006
1.31609999999987	6.8630688803143	6.60263000000005
1.31809999999987	6.86276931661005	6.60172000000005
1.32009999999987	6.86247923839189	6.60081000000006
1.32209999999987	6.86220107467312	6.59991000000007
1.32409999999987	6.86192679400685	6.59901000000006
1.32609999999987	6.86166917946112	6.59811000000007
1.32809999999987	6.86142272211036	6.59722000000006
1.33009999999987	6.86111911358647	6.59633000000006
1.33209999999987	6.86068747404368	6.59544000000007
1.33409999999987	6.86027023356112	6.59456000000005
1.33609999999987	6.85986710153667	6.59368000000005
1.33809999999987	6.85948815116725	6.59280000000005
1.34009999999987	6.85911499997813	6.59193000000005
1.34209999999987	6.85875520785326	6.59105000000007
1.34409999999987	6.85840854230726	6.59018000000007
1.34609999999987	6.85807230387998	6.58932000000005
1.34809999999987	6.85775133628918	6.58845000000007
1.35009999999987	6.85744283617238	6.58759000000007
1.35209999999987	6.85714643701313	6.58674000000005
1.35409999999987	6.85686192050524	6.58588000000005
1.35609999999987	6.85658911651456	6.58503000000005
1.35809999999987	6.85632788751482	6.58418000000005
1.36009999999987	6.85607803054987	6.58333000000005
1.36209999999987	6.85584676854136	6.58249000000005
1.36409999999987	6.85561662080664	6.58165000000005
1.36609999999987	6.85539976344863	6.58081000000005
1.36809999999987	6.85519110352741	6.57997000000007
1.37009999999987	6.85499535015356	6.57914000000005
1.37209999999987	6.85481476712075	6.57831000000005
1.37409999999987	6.85463215336484	6.57748000000005
1.37609999999986	6.85446670902105	6.57666000000005
1.37809999999986	6.85430847707973	6.57584000000005
1.38009999999986	6.85415969950104	6.57502000000005
1.38209999999986	6.85402020786343	6.57420000000005
1.38409999999986	6.85389702142943	6.57339000000005
1.38609999999986	6.85377559215009	6.57257000000005
1.38809999999986	6.85366297436237	6.57176000000006
1.39009999999986	6.85356141543006	6.57096000000006
1.39209999999986	6.85346605354923	6.57015000000006
1.39409999999986	6.85338142480317	6.56935000000006
1.39609999999986	6.8533050650838	6.56855000000006
1.39809999999986	6.85324159584931	6.56776000000005
1.40009999999986	6.85317449721607	6.56696000000006
1.40209999999986	6.85311996388946	6.56617000000006
1.40409999999986	6.85307538615085	6.56538000000006
1.40609999999986	6.85303830424178	6.56459000000006
1.40809999999986	6.8530086062158	6.56381000000006
1.41009999999986	6.85298620253434	6.56303000000006
1.41209999999986	6.85297098068983	6.56225000000006
1.41409999999986	6.85296965352841	6.56147000000006
1.41609999999986	6.85296618661118	6.56069000000006
1.41809999999986	6.85297186288441	6.55992000000006
1.42009999999986	6.85289952846899	6.55915000000006
1.42209999999986	6.85273511718437	6.55838000000006
1.42409999999986	6.8525825343491	6.55762000000006
1.42609999999986	6.85244161939156	6.55685000000006
1.42809999999986	6.8523076505872	6.55609000000006
1.43009999999986	6.8521827692424	6.55534000000004
1.43209999999986	6.85206681046432	6.55458000000006
1.43409999999986	6.85195961834506	6.55382000000006
1.43609999999986	6.85185886767337	6.55307000000006
1.43809999999986	6.8517666647614	6.55232000000006
1.44009999999986	6.85168506606759	6.55158000000004
1.44209999999986	6.85160952170329	6.55083000000006
1.44409999999986	6.85154875961428	6.55009000000004
1.44609999999986	6.85148265957489	6.54935000000004
1.44809999999986	6.85125513704345	6.54861000000004
1.45009999999986	6.85103615588703	6.54787000000006
1.45209999999986	6.8508299991191	6.54714000000004
1.45409999999986	6.8506342379509	6.54640000000006
1.45609999999986	6.85044875587763	6.54567000000006
1.45809999999986	6.85027337683007	6.54494000000006
1.46009999999986	6.85011234602808	6.54422000000004
1.46209999999986	6.84995670378072	6.54349000000006
1.46409999999986	6.84981069998756	6.54277000000006
1.46609999999985	6.84967200475284	6.54205000000006
1.46809999999985	6.84954480301591	6.54133000000006
1.47009999999985	6.84942679440741	6.54062000000004
1.47209999999985	6.84931782480628	6.53990000000006
1.47409999999985	6.84921129593751	6.53919000000006
1.47609999999985	6.84911774910778	6.53848000000006
1.47809999999985	6.84903479493301	6.53778000000004
1.48009999999985	6.84896011610049	6.53707000000004
1.48209999999985	6.84889149229395	6.53637000000004
1.48409999999985	6.84883091927797	6.53566000000006
1.48609999999985	6.84877823874572	6.53496000000006
1.48809999999985	6.84873959889958	6.53427000000004
1.49009999999985	6.8487022401417	6.53357000000004
1.49209999999985	6.8486723905048	6.53288000000004
1.49409999999985	6.84865197888394	6.53218000000006
1.49609999999985	6.84863670151276	6.53149000000006
1.49809999999985	6.84862858214362	6.53081000000004
1.50009999999985	6.84862749708851	6.53012000000004
1.50209999999985	6.84850825251593	6.52943000000006
1.50409999999985	6.84835859770514	6.52875000000006
1.50609999999985	6.84821831926683	6.52807000000004
1.50809999999985	6.8480851936472	6.52739000000006
1.51009999999985	6.84796320646265	6.52671000000006
1.51209999999985	6.84785013661436	6.52604000000004
1.51409999999985	6.84774584617986	6.52537000000005
1.51609999999985	6.84765633981875	6.52469000000006
1.51809999999985	6.84756919055109	6.52402000000006
1.52009999999985	6.84749043004484	6.52336000000005
1.52209999999985	6.84741991051518	6.52269000000005
1.52409999999985	6.84735747706419	6.52202000000006
1.52609999999985	6.84730304770313	6.52136000000005
1.52809999999985	6.8472564884548	6.52070000000005
1.53009999999985	6.84721765492873	6.52004000000005
1.53209999999985	6.84718449507678	6.51938000000006
1.53409999999985	6.84715888204691	6.51873000000005
1.53609999999985	6.84714263953264	6.51807000000006
1.53809999999985	6.84713168314953	6.51742000000005
1.54009999999985	6.84712987853743	6.51677000000005
1.54209999999985	6.84713315849264	6.51612000000005
1.54409999999985	6.8471433718558	6.51547000000006
1.54609999999985	6.8471604151089	6.51483000000005
1.54809999999985	6.84718611348893	6.51418000000006
1.55009999999985	6.84721838241907	6.51354000000005
1.55209999999985	6.84725711708908	6.51290000000005
1.55409999999985	6.8473003503526	6.51226000000005
1.55609999999985	6.84734992716994	6.51163000000005
1.55809999999984	6.84741149903312	6.51099000000005
1.56009999999984	6.84746957018836	6.51036000000005
1.56209999999984	6.84753946635345	6.50972000000005
1.56409999999984	6.84761531615274	6.50909000000005
1.56609999999984	6.84770087341435	6.50846000000005
1.56809999999984	6.84778839963148	6.50783000000006
1.57009999999984	6.84788164179754	6.50721000000005
1.57209999999984	6.84797482763799	6.50658000000006
1.57409999999984	6.84808489325924	6.50596000000005
1.57609999999984	6.84819288985102	6.50534000000005
1.57809999999984	6.84830817434149	6.50472000000005
1.58009999999984	6.84841935262488	6.50410000000005
1.58209999999984	6.84839428477297	6.50349000000005
1.58409999999984	6.84837669954927	6.50287000000005
1.58609999999984	6.84836458872694	6.50226000000005
1.58809999999984	6.84836160524307	6.50164000000005
1.59009999999984	6.84836389521535	6.50103000000005
1.59209999999984	6.84837321614141	6.50042000000005
1.59409999999984	6.84839128811624	6.49982000000005
1.59609999999984	6.84841608584325	6.49921000000005
1.59809999999984	6.84844570295806	6.49861000000005
1.60009999999984	6.84848372923217	6.49800000000005
1.60209999999984	6.84852632994452	6.49740000000005
1.60409999999984	6.84857708108786	6.49680000000005
1.60609999999984	6.8486340497217	6.49620000000005
1.60809999999984	6.84869529887217	6.49560000000005
1.61009999999984	6.84874588653398	6.49501000000005
1.61209999999984	6.84867404482387	6.49441000000005
1.61409999999984	6.84860871152877	6.49382000000005
1.61609999999984	6.84855344395598	6.49323000000005
1.61809999999984	6.84850621748222	6.49264000000005
1.62009999999984	6.84846695100033	6.49205000000005
1.62209999999984	6.8484355098811	6.49146000000005
1.62409999999984	6.84840994760266	6.49088000000005
1.62609999999984	6.84839196209199	6.49029000000005
1.62809999999984	6.84838326424548	6.48971000000005
1.63009999999984	6.84838010768911	6.48913000000005
1.63209999999984	6.8483859704837	6.48855000000005
1.63409999999984	6.84839888988721	6.48797000000005
1.63609999999984	6.84841881501359	6.48739000000005
1.63809999999984	6.84844563792242	6.48682000000003
1.64009999999984	6.84847923529806	6.48624000000005
1.64209999999984	6.84851779799457	6.48567000000005
1.64409999999984	6.84856475130033	6.48509000000005
1.64609999999984	6.84861288485997	6.48452000000005
1.64809999999983	6.84867620364075	6.48395000000005
1.65009999999983	6.84873704115738	6.48339000000003
1.65209999999983	6.84880760302929	6.48282000000005
1.65409999999983	6.8488859650438	6.48225000000005
1.65609999999983	6.84897026604376	6.48169000000005
1.65809999999983	6.84906041193698	6.48113000000003
1.66009999999983	6.84915462151325	6.48056000000005
1.66209999999983	6.84925622786413	6.48000000000005
1.66409999999983	6.84936170766394	6.47944000000005
1.66609999999983	6.84947272137325	6.47889000000003
1.66809999999983	6.84958917816378	6.47833000000005
1.67009999999983	6.84971096851736	6.47778000000003
1.67209999999983	6.84983802309639	6.47722000000005
1.67409999999983	6.84997194029134	6.47667000000005
1.67609999999983	6.85010925196686	6.47612000000003
1.67809999999983	6.85025157082564	6.47557000000003
1.68009999999983	6.85040048121954	6.47502000000003
1.68209999999983	6.85055424214626	6.47447000000005
1.68409999999983	6.85071112386138	6.47392000000005
1.68609999999983	6.85087438923338	6.47338000000005
1.68809999999983	6.85104226620776	6.47283000000005
1.69009999999983	6.85121473295662	6.47229000000005
1.69209999999983	6.85139005260468	6.47175000000005
1.69409999999983	6.85153628005868	6.47121000000005
1.69609999999983	6.85159412977355	6.47067000000005
1.69809999999983	6.85164834841241	6.47013000000005
1.70009999999983	6.85171395736704	6.46959000000005
1.70209999999983	6.85178580680716	6.46906000000005
1.70409999999983	6.85186381279997	6.46852000000005
1.70609999999983	6.85194788431317	6.46799000000005
1.70809999999983	6.85203790098135	6.46746000000005
1.71009999999983	6.8521337572922	6.46693000000003
1.71209999999983	6.85223375059363	6.46640000000003
1.71409999999983	6.85233945902323	6.46587000000005
1.71609999999983	6.85245239151312	6.46534000000005
1.71809999999983	6.85256918931527	6.46482000000003
1.72009999999983	6.85269139608026	6.46429000000005
1.72209999999983	6.8528189433855	6.46377000000003
1.72409999999983	6.85295333530501	6.46324000000005
1.72609999999983	6.85309283192625	6.46272000000005
1.72809999999983	6.85323908996097	6.46220000000005
1.73009999999983	6.85338408765127	6.46168000000005
1.73209999999983	6.85353899576854	6.46116000000005
1.73409999999983	6.85369731428107	6.46065000000003
1.73609999999983	6.85386058189247	6.46013000000004
1.73809999999983	6.85402872215341	6.45961000000005
1.74009999999982	6.85420165645883	6.45910000000005
1.74209999999982	6.85437929084569	6.45859000000003
1.74409999999982	6.85456310716824	6.45808000000003
1.74609999999982	6.85475146274659	6.45756000000005
1.74809999999982	6.85494272496023	6.45705000000005
1.75009999999982	6.85513994771287	6.45655000000003
1.75209999999982	6.85534145930344	6.45604000000003
1.75409999999982	6.85554725492144	6.45553000000005
1.75609999999982	6.8557525986142	6.45503000000004
1.75809999999982	6.85596835374623	6.45452000000005
1.76009999999982	6.85609275496104	6.45402000000004
1.76209999999982	6.85619158509333	6.45352000000004
1.76409999999982	6.85629631921277	6.45302000000004
1.76609999999982	6.85640687245522	6.45252000000004
1.76809999999982	6.85652316271593	6.45202000000004
1.77009999999982	6.8566451204162	6.45152000000004
1.77209999999982	6.85677263930197	6.45102000000005
1.77409999999982	6.85690563120891	6.45053000000004
1.77609999999982	6.85704246666875	6.45003000000005
1.77809999999982	6.85718618586933	6.44954000000004
1.78009999999982	6.85733052816313	6.44904000000005
1.78209999999982	6.85748462424025	6.44855000000005
1.78409999999982	6.85764377069863	6.44806000000005
1.78609999999982	6.85780638487478	6.44757000000005
1.78809999999982	6.85797391604394	6.44708000000005
1.79009999999982	6.85814777059053	6.44659000000005
1.79209999999982	6.85829878685403	6.44611000000004
1.79409999999982	6.85835926318655	6.44562000000006
1.79609999999982	6.85842628227823	6.44514000000004
1.79809999999982	6.85849666274745	6.44465000000005
1.80009999999982	6.85858094671295	6.44417000000004
1.80209999999982	6.85866382263849	6.44369000000004
1.80409999999982	6.85875735507911	6.44321000000004
1.80609999999982	6.85885539814654	6.44273000000004
1.80809999999982	6.85895934611462	6.44225000000004
1.81009999999982	6.85907059474621	6.44177000000004
1.81209999999982	6.85918757901014	6.44129000000006
1.81409999999982	6.85931021208828	6.44082000000004
1.81609999999982	6.8594383873452	6.44034000000006
1.81809999999982	6.85957656342568	6.43987000000004
1.82009999999982	6.85971143105784	6.43939000000006
1.82209999999982	6.8598562444364	6.43892000000006
1.82409999999982	6.86000646178735	6.43845000000004
1.82609999999982	6.86016201700215	6.43798000000004
1.82809999999982	6.86032286019429	6.43751000000004
1.83009999999981	6.8604889049756	6.43704000000005
1.83209999999981	6.86066006645844	6.43658000000004
1.83409999999981	6.86083480194848	6.43611000000004
1.83609999999981	6.86101162986676	6.43564000000006
1.83809999999981	6.86119625284036	6.43518000000004
1.84009999999981	6.86138709500852	6.43471000000006
1.84209999999981	6.86158263152346	6.43425000000004
1.84409999999981	6.86178136114563	6.43379000000004
1.84609999999981	6.86198465785062	6.43333000000004
1.84809999999981	6.8621938460838	6.43287000000004
1.85009999999981	6.86240598285919	6.43241000000004
1.85209999999981	6.86262251261905	6.43195000000004
1.85409999999981	6.86284485312551	6.43149000000004
1.85609999999981	6.86307012362752	6.43103000000006
1.85809999999981	6.86329965928947	6.43058000000004
1.86009999999981	6.86353338206019	6.43012000000006
1.86209999999981	6.86377123458308	6.42967000000004
1.86409999999981	6.86401313223033	6.42922000000004
1.86609999999981	6.86425618017707	6.42876000000006
1.86809999999981	6.86450728124128	6.42831000000006
1.87009999999981	6.86476218585351	6.42786000000004
1.87209999999981	6.86502084895856	6.42741000000006
1.87409999999981	6.86528320512253	6.42696000000006
1.87609999999981	6.86554780831991	6.42652000000004
1.87809999999981	6.86581733974141	6.42607000000004
1.88009999999981	6.86608625799776	6.42562000000004
1.88209999999981	6.86636276198919	6.42518000000004
1.88409999999981	6.86664130057266	6.42473000000004
1.88609999999981	6.86692864669805	6.42429000000004
1.88809999999981	6.86721529548409	6.42385000000004
1.89009999999981	6.86750535596167	6.42340000000006
1.89209999999981	6.86779470744188	6.42296000000004
1.89409999999981	6.86809550853331	6.42252000000004
1.89609999999981	6.86839145763172	6.42208000000004
1.89809999999981	6.86869469882509	6.42164000000006
1.90009999999981	6.86900112234654	6.42121000000004
1.90209999999981	6.86931067228918	6.42077000000004
1.90409999999981	6.86962196962842	6.42033000000004
1.90609999999981	6.86993634186056	6.41990000000004
1.90809999999981	6.87025103948854	6.41946000000004
1.91009999999981	6.87057267597422	6.41903000000004
1.91209999999981	6.87080329041829	6.41860000000004
1.91409999999981	6.87102480593798	6.41816000000006
1.91609999999981	6.87125070811727	6.41773000000004
1.91809999999981	6.87148091511215	6.41730000000004
1.9200999999998	6.87171400706627	6.41687000000004
1.9220999999998	6.87195133410065	6.41644000000006
1.9240999999998	6.87219293956535	6.41602000000004
1.9260999999998	6.87243874338381	6.41559000000004
1.9280999999998	6.8726899791266	6.41516000000004
1.9300999999998	6.8729439177238	6.41474000000004
1.9320999999998	6.87320186475143	6.41431000000004
1.9340999999998	6.87346110230391	6.41389000000004
1.9360999999998	6.87372813858103	6.41346000000004
1.9380999999998	6.87399764283505	6.41304000000004
1.9400999999998	6.87427216402663	6.41262000000004
1.9420999999998	6.87455035340546	6.41220000000004
1.9440999999998	6.87482824854202	6.41178000000004
1.9460999999998	6.87511232395889	6.41136000000004
1.9480999999998	6.87540383269802	6.41094000000004
1.9500999999998	6.87569505707225	6.41052000000004
1.9520999999998	6.87598985078311	6.41010000000006
1.9540999999998	6.87628815097702	6.40969000000004
1.9560999999998	6.87659117029327	6.40927000000004
1.9580999999998	6.87680958418604	6.40886000000004
1.9600999999998	6.87701725255006	6.40844000000004
1.9620999999998	6.87722976591102	6.40803000000004
1.9640999999998	6.8774470507485	6.40762000000004
1.9660999999998	6.87766902817681	6.40721000000004
1.9680999999998	6.87789179631852	6.40679000000006
1.9700999999998	6.8781229958946	6.40638000000004
1.9720999999998	6.87835867928306	6.40597000000006
1.9740999999998	6.87859877618686	6.40557000000004
1.9760999999998	6.87884321919714	6.40516000000004
1.9780999999998	6.87909070343661	6.40475000000004
1.9800999999998	6.87933987510184	6.40434000000004
1.9820999999998	6.87959699598988	6.40394000000004
1.9840999999998	6.87986074737247	6.40353000000004
1.9860999999998	6.88012609399451	6.40313000000004
1.9880999999998	6.88039554398484	6.40272000000004
1.9900999999998	6.88066525158806	6.40232000000004
1.9920999999998	6.88094267231726	6.40192000000004
1.9940999999998	6.88122274707721	6.40152000000004
1.9960999999998	6.88150789536913	6.40112000000004
1.9980999999998	6.88179679595148	6.40072000000004
