t	fg_A
0	0	0
0.002	0	0
0.0041	6.73627578089792E-09	3.03014E-08
0.006	6.89722499782251E-09	3.02756E-08
0.00800000000000001	7.19408337399156E-09	3.02877E-08
0.0101	7.65846875723089E-09	3.03858E-08
0.0121	8.26156508759949E-09	3.04355E-08
0.0141	9.04053999377271E-09	3.05021E-08
0.0161	1.00181014130385E-08	3.05899E-08
0.0180999999999999	1.11874864442415E-08	3.07033999999999E-08
0.0200999999999999	1.25246061755633E-08	3.08475999999999E-08
0.0220999999999999	1.40305696104479E-08	3.10274999999999E-08
0.0240999999999999	1.57063286940138E-08	3.12486999999999E-08
0.0260999999999999	1.75527333588272E-08	3.15170999999998E-08
0.0280999999999999	1.95705707370499E-08	3.18390999999998E-08
0.0300999999999999	2.17605918199799E-08	3.22213999999998E-08
0.0320999999999999	2.41235288462045E-08	3.26712999999998E-08
0.0341	2.66601061659604E-08	3.31965999999999E-08
0.036	2.9231347348301E-08	3.35835E-08
0.0380000000000001	3.21086043400021E-08	3.42789000000001E-08
0.0400000000000001	3.51616416470486E-08	3.50782000000003E-08
0.0420000000000002	3.83911919658121E-08	3.59925000000004E-08
0.0440000000000002	4.17979920371105E-08	3.70338000000006E-08
0.0460000000000003	4.53827820819858E-08	3.82153000000007E-08
0.0480000000000003	4.91463050391963E-08	3.95516000000009E-08
0.0500000000000004	5.30893057278704E-08	4.1058700000001E-08
0.0520000000000005	5.721253000975E-08	4.27542000000011E-08
0.0540000000000005	6.15167239937779E-08	4.46577000000013E-08
0.0560000000000006	6.60026333055972E-08	4.67908000000014E-08
0.0580000000000006	7.06710024318919E-08	4.91773000000015E-08
0.0600000000000007	7.55225741417946E-08	5.18436000000016E-08
0.0620000000000007	8.05580889830545E-08	5.48188000000016E-08
0.0640000000000008	8.57782848481651E-08	5.81351000000016E-08
0.0660000000000009	9.11838966044391E-08	6.18280000000016E-08
0.0680000000000009	9.67756557815961E-08	6.59369000000015E-08
0.070000000000001	1.02554290310483E-07	7.05050000000014E-08
0.072000000000001	1.0852052430687E-07	7.55800000000012E-08
0.0740000000000011	1.17407975840381E-07	8.12144000000009E-08
0.0760000000000012	1.35094977931082E-07	8.74659000000006E-08
0.0780000000000012	1.53658470923489E-07	9.43979000000001E-08
0.0800000000000013	1.73138671909121E-07	1.08421000000011E-07
0.0820000000000013	1.93578768823105E-07	1.26202000000013E-07
0.0840000000000014	2.15024980829805E-07	1.46586000000015E-07
0.0860000000000014	2.37526656194258E-07	1.69895000000018E-07
0.0880000000000015	2.61136398645578E-07	1.96486000000021E-07
0.0900000000000016	2.85910217008392E-07	2.26749000000025E-07
0.0920000000000016	3.11907695060015E-07	2.6111300000003E-07
0.0940000000000017	3.39192179895124E-07	3.00046000000035E-07
0.0960000000000017	3.67830987920282E-07	3.4406200000004E-07
0.0980000000000018	3.9789562815706E-07	3.93717000000047E-07
0.100000000000002	4.29462042912925E-07	4.49622000000054E-07
0.102000000000002	4.62610866139318E-07	5.12436000000064E-07
0.104000000000002	4.97427699958141E-07	5.82877000000073E-07
0.106000000000002	5.34003409899883E-07	6.61724000000084E-07
0.108000000000002	5.72434439349047E-07	7.49818000000097E-07
0.110000000000002	6.12823143559757E-07	8.4806800000011E-07
0.112000000000002	6.55278143566702E-07	9.57458000000126E-07
0.114000000000002	7.00358906675866E-07	1.07905000000014E-06
0.116000000000002	7.4908835708098E-07	1.21397000000016E-06
0.118000000000002	8.01762674608628E-07	1.36347000000019E-06
0.120000000000002	8.58679961311798E-07	1.52884000000021E-06
0.122000000000002	9.20158540004192E-07	1.71152000000024E-06
0.124000000000003	9.86538078461912E-07	1.91300000000027E-06
0.126000000000002	1.0581807595976E-06	2.13493000000029E-06
0.128000000000002	1.13547249885145E-06	2.37903000000029E-06
0.130000000000002	1.21882421006419E-06	2.64716000000028E-06
0.132000000000002	1.30867312111751E-06	2.94131000000027E-06
0.134000000000002	1.40548414064879E-06	3.26359000000026E-06
0.136000000000001	1.50975127716764E-06	3.61625000000025E-06
0.138000000000001	1.62199911192352E-06	4.00170000000023E-06
0.140000000000001	1.74278432689491E-06	4.4224900000002E-06
0.142000000000001	1.87269728929262E-06	4.88134000000016E-06
0.144	2.01236369399149E-06	5.38113000000012E-06
0.146	2.16244626532732E-06	5.92494000000007E-06
0.148	2.32364651971798E-06	6.51601000000001E-06
0.1501	2.50568480267874E-06	7.19126999999992E-06
0.1521	2.69204293776902E-06	7.89022999999984E-06
0.154099999999999	2.89191728549394E-06	8.64759999999974E-06
0.156099999999999	3.10618580394941E-06	9.46750999999964E-06
0.158099999999999	3.33577512774598E-06	1.03542999999995E-05
0.160099999999999	3.58166273104592E-06	1.13124999999993E-05
0.162099999999998	3.84487916236648E-06	1.23468999999992E-05
0.164099999999998	4.12651035279728E-06	1.3462799999999E-05
0.166099999999998	4.42769999930374E-06	1.46653999999988E-05
0.168099999999998	4.74965202481352E-06	1.59603999999985E-05
0.170099999999998	5.09363311680729E-06	1.73537999999983E-05
0.172099999999997	5.46097534616046E-06	1.8851899999998E-05
0.174099999999997	5.85307886800805E-06	2.04612999999976E-05
0.176099999999997	6.27141470642942E-06	2.21889999999972E-05
0.178099999999997	6.71752762477635E-06	2.40422999999968E-05
0.180099999999996	7.19303908349275E-06	2.60287999999964E-05
0.182099999999996	7.69965028730082E-06	2.81565999999959E-05
0.184099999999996	8.23914532365471E-06	3.04342999999954E-05
0.186099999999996	8.81339439438875E-06	3.28705999999948E-05
0.188099999999996	9.42435714251392E-06	3.54748999999941E-05
0.190099999999995	1.0074086076143E-05	3.82569999999934E-05
0.192099999999995	1.07647300915512E-05	4.12270999999926E-05
0.194099999999995	1.14985380974071E-05	4.43959999999917E-05
0.196099999999995	1.22778627422331E-05	4.77746999999908E-05
0.198099999999995	1.31051642471858E-05	5.13751999999898E-05
0.200099999999994	1.39830143462694E-05	5.52094999999887E-05
0.202099999999994	1.49141003361257E-05	5.92906999999875E-05
0.204099999999994	1.590122923757E-05	6.36319999999862E-05
0.206099999999994	1.69473320710696E-05	6.82474999999848E-05
0.208099999999993	1.80554682483893E-05	7.31518999999834E-05
0.210099999999993	1.92288300826552E-05	7.83603999999817E-05
0.212099999999993	2.04707474191145E-05	8.388889999998E-05
0.214099999999993	2.1784692388898E-05	8.97539999999781E-05
0.216099999999993	2.31742842881155E-05	9.59731999999762E-05
0.218099999999992	2.46432945846453E-05	0.000102563999999974
0.220099999999992	2.61956520550009E-05	0.000109546999999972
0.222099999999992	2.78354480536873E-05	0.000116938999999969
0.224099999999992	2.95669419174847E-05	0.000124762999999966
0.226099999999991	3.13945665071195E-05	0.000133038999999964
0.228099999999991	3.33229338888136E-05	0.000141788999999961
0.230099999999991	3.53568411582209E-05	0.000151036999999957
0.232099999999991	3.75012764092878E-05	0.000160805999999954
0.234099999999991	3.97614248505967E-05	0.00017112099999995
0.23609999999999	4.21426750717722E-05	0.000182008999999946
0.23809999999999	4.46506254625541E-05	0.000193494999999942
0.24009999999999	4.72910907871585E-05	0.000205608999999937
0.24209999999999	5.0070108916571E-05	0.000218378999999932
0.244099999999989	5.29939477214305E-05	0.000231834999999927
0.246099999999989	5.60691121281832E-05	0.000246007999999922
0.248099999999989	5.93023513411976E-05	0.000260930999999916
0.250099999999989	6.27006662335477E-05	0.00027663799999991
0.252099999999989	6.62713169091837E-05	0.000293162999999903
0.254099999999988	7.00218304392169E-05	0.000310543999999896
0.256099999999988	7.39600087750559E-05	0.000328815999999889
0.258099999999988	7.80939368411364E-05	0.000348019999999881
0.260099999999988	8.24319908099876E-05	0.000368194999999873
0.262099999999987	8.69828465623808E-05	0.000389383999999864
0.264099999999987	9.17554883353017E-05	0.000411628999999855
0.266099999999987	9.67592175604812E-05	0.000434975999999845
0.268099999999987	0.000102003661896209	0.000459469999999834
0.270099999999987	0.000107498784455142	0.000485159999999824
0.272099999999986	0.000113254893230803	0.000512095999999811
0.274099999999986	0.00011928265072543	0.000540327999999799
0.276099999999986	0.000125593083781828	0.000569908999999787
0.278099999999986	0.00013219759362183	0.000600895999999772
0.280099999999985	0.000139107966093928	0.000633343999999759
0.282099999999985	0.000146336382132605	0.000667310999999744
0.284099999999985	0.000155063644075596	0.000702859999999727
0.286099999999985	0.000164456116960282	0.000740050999999711
0.288099999999985	0.000174368388684711	0.000778950999999693
0.290099999999984	0.000184822514743809	0.000819623999999675
0.292099999999984	0.00019584129263745	0.000862141999999655
0.294099999999984	0.000207448281677925	0.000906572999999637
0.296099999999984	0.000219667823209641	0.000952992999999614
0.298099999999983	0.000232525061247605	0.000999999999999836
0.300099999999983	0.000246045963541335	0.00105
0.302099999999983	0.000262342002953397	0.0011
0.304099999999983	0.000288088965540071	0.00116
0.306099999999983	0.000315260094318014	0.00121999999999826
0.308099999999982	0.000343913655808561	0.00127999999999824
0.310099999999982	0.000374109782768787	0.00134
0.312099999999982	0.000405910521399627	0.00140999999999819
0.314099999999982	0.000439379879487107	0.00147
0.316099999999982	0.000474583875491523	0.00154
0.318099999999981	0.000511590588599723	0.00161999999999813
0.320099999999981	0.00055047020975593	0.00169999999999811
0.322099999999981	0.000591295093686879	0.00177999999999808
0.324099999999981	0.00063413981193737	0.00185999999999806
0.32609999999998	0.000679081206932709	0.00194999999999804
0.32809999999998	0.000726198447084877	0.00203999999999802
0.33009999999998	0.000784851529781683	0.002129999999998
0.33209999999998	0.000851609996706827	0.00222999999999797
0.33409999999998	0.000921760231323995	0.00232999999999795
0.336099999999979	0.000995429773449552	0.00243
0.338099999999979	0.00107274991866567	0.00254
0.340099999999979	0.0011538558058537	0.00265999999999789
0.342099999999979	0.0012368043174172	0.00277999999999786
0.344099999999978	0.00130644864946296	0.00289999999999784
0.346099999999978	0.00137983492307962	0.00302999999999782
0.348099999999978	0.00145710338756049	0.0031599999999978
0.350099999999978	0.00153839833402702	0.00329999999999778
0.352099999999978	0.00162386818721487	0.00343999999999776
0.354099999999977	0.00171052982962117	0.00358999999999773
0.356099999999977	0.00178449752488345	0.0037399999999977
0.358099999999977	0.00186244512796512	0.00389999999999768
0.360099999999977	0.00194451867637406	0.00406999999999767
0.362099999999976	0.00203086830409607	0.00423999999999764
0.364099999999976	0.00212164833216281	0.00441999999999762
0.366099999999976	0.00223105356887908	0.00459999999999761
0.368099999999976	0.00235243666569211	0.00478999999999758
0.370099999999976	0.00248021079535676	0.00498999999999756
0.372099999999975	0.00261448022052043	0.00518999999999753
0.374099999999975	0.00273286272322612	0.00540999999999751
0.376099999999975	0.00287121245689117	0.00562999999999499
0.378099999999975	0.00302496048562012	0.00584999999999747
0.380099999999974	0.00318745290155427	0.00608999999999744
0.382099999999974	0.00335259228921264	0.00632999999999742
0.384099999999974	0.00351082810309324	0.0065799999999974
0.386099999999974	0.00367826509032235	0.00683999999999738
0.388099999999974	0.00385522394272241	0.00710999999999736
0.390099999999973	0.0040420335400104	0.00738999999999466
0.392099999999973	0.00422214219075381	0.00767999999999464
0.394099999999973	0.00440903527267696	0.00796999999999729
0.396099999999973	0.00460633381297902	0.00827999999999454
0.398099999999972	0.00483064786769839	0.0085999999999945
0.400099999999972	0.00506074533175183	0.00891999999999722
0.402099999999972	0.00529517478417735	0.0092599999999944
0.404099999999972	0.00554299334803608	0.00960999999999436
0.406099999999972	0.00578655098969361	0.00996999999999432
0.408099999999971	0.00601719541413587	0.0103399999999943
0.410099999999971	0.00625167194022036	0.0107199999999942
0.412099999999971	0.00650024500521448	0.0111199999999942
0.414099999999971	0.00674251004082293	0.0115199999999941
0.41609999999997	0.00702107238769554	0.0119399999999941
0.41809999999997	0.00732122079848513	0.0123799999999911
0.42009999999997	0.00763366824795615	0.012819999999994
0.42209999999997	0.00795237042791007	0.013279999999994
0.42409999999997	0.00831261702047202	0.0137499999999939
0.426099999999969	0.00867205299310013	0.0142399999999908
0.428099999999969	0.00902279728773874	0.0147399999999908
0.430099999999969	0.00939033234217913	0.0152499999999938
0.432099999999969	0.0097739004806663	0.0157799999999937
0.434099999999969	0.0101495343245608	0.0163299999999906
0.436099999999968	0.0105331261045186	0.0168899999999905
0.438099999999968	0.0109408445617751	0.0174699999999904
0.440099999999968	0.0113401210718907	0.0180599999999903
0.442099999999968	0.0117403904282596	0.0186699999999903
0.444099999999967	0.0121912087144515	0.0192899999999902
0.446099999999967	0.0126529348477908	0.0199399999999869
0.448099999999967	0.0131088564330713	0.0205899999999901
0.450099999999967	0.0135705750400497	0.02126999999999
0.452099999999967	0.0140212017059212	0.0219699999999866
0.454099999999966	0.0145355098724413	0.0226799999999865
0.456099999999966	0.0150647157037849	0.0234099999999864
0.458099999999966	0.0155935687850444	0.0241599999999864
0.460099999999966	0.0161763965423797	0.0249199999999897
0.462099999999965	0.0167849679218757	0.0257099999999862
0.464099999999965	0.0173981145029028	0.0265199999999861
0.466099999999965	0.0180246112176805	0.027339999999986
0.468099999999965	0.0186423554119307	0.0281899999999824
0.470099999999965	0.0192792360673492	0.0290499999999858
0.472099999999964	0.0199187614990774	0.0299299999999857
0.474099999999964	0.0205561674342766	0.030839999999982
0.476099999999964	0.0212104487178612	0.0317599999999819
0.478099999999964	0.0218649311275812	0.0327099999999818
0.480099999999963	0.0225696363331055	0.0336699999999817
0.482099999999963	0.0232799227059978	0.0346499999999816
0.484099999999963	0.0240012685729334	0.0356599999999815
0.486099999999963	0.0247748099341102	0.0366899999999777
0.488099999999963	0.0255447749672132	0.0377299999999813
0.490099999999962	0.0263412388182724	0.0387999999999812
0.492099999999962	0.0271503800063914	0.0398899999999773
0.494099999999962	0.0279764943155238	0.0409999999999771
0.496099999999962	0.0288627351074734	0.042129999999977
0.498099999999961	0.029748592187486	0.0432699999999807
0.500099999999961	0.0306303837915913	0.0444499999999767
0.502099999999961	0.0315191212452028	0.0456399999999766
0.504099999999961	0.0324050651663996	0.0468499999999765
0.506099999999961	0.0332963494046688	0.0480799999999764
0.50809999999996	0.0342118733102136	0.0493299999999762
0.51009999999996	0.0351852224290632	0.0505999999999721
0.51209999999996	0.0361643115218997	0.0518899999999719
0.51409999999996	0.0371720994896865	0.0531999999999718
0.516099999999959	0.0381966872047363	0.0545299999999717
0.518099999999959	0.0392267312216312	0.0558699999999755
0.520099999999959	0.0402683082162191	0.0572399999999713
0.522099999999959	0.0413235162448774	0.0586299999999712
0.524099999999959	0.0423915056361737	0.060029999999971
0.526099999999958	0.0434810956549196	0.0614499999999709
0.528099999999958	0.0445957190765625	0.0628899999999665
0.530099999999958	0.0457254099376179	0.0643399999999705
0.532099999999958	0.0468176973836452	0.0658099999999704
0.534099999999958	0.0479223875938275	0.067299999999966
0.536099999999957	0.0490558208418899	0.0687999999999658
0.538099999999957	0.0502298126749753	0.0703199999999656
0.540099999999957	0.0514268806037038	0.0718499999999654
0.542099999999957	0.0526761168706062	0.0733999999999653
0.544099999999956	0.0539114195004231	0.0749599999999651
0.546099999999956	0.0551356053269752	0.0765299999999693
0.548099999999956	0.0563841944100458	0.0781199999999647
0.550099999999956	0.057611447284902	0.0797199999999645
0.552099999999956	0.058858232145541	0.0813399999999644
0.554099999999955	0.0600912563049452	0.0829599999999642
0.556099999999955	0.0613269272680244	0.0845999999999595
0.558099999999955	0.0626175448810551	0.0862399999999638
0.560099999999955	0.0638916327496301	0.0878999999999637
0.562099999999954	0.0651560177247899	0.0895599999999635
0.564099999999954	0.0664358120037145	0.0912399999999587
0.566099999999954	0.0677561072683011	0.0929199999999632
0.568099999999954	0.0690653348485709	0.094609999999963
0.570099999999954	0.0704050576911675	0.0963099999999628
0.572099999999953	0.0717779549250315	0.098019999999958
0.574099999999953	0.0731538207434218	0.0997299999999625
0.576099999999953	0.0745238117806098	0.101449999999962
0.578099999999953	0.0758606064750644	0.103179999999958
0.580099999999952	0.0772163570039705	0.104909999999957
0.582099999999952	0.0785419171476018	0.106649999999957
0.584099999999952	0.0798617612197034	0.108389999999957
0.586099999999952	0.0811835623983582	0.110129999999957
0.588099999999952	0.0825332463372308	0.111879999999956
0.590099999999951	0.0838995650698425	0.113629999999956
0.592099999999951	0.0852416942517634	0.115379999999956
0.594099999999951	0.0866358072588376	0.117139999999956
0.596099999999951	0.0880173572400856	0.118899999999956
0.59809999999995	0.0893751318405459	0.120659999999955
0.60009999999995	0.0907537917549937	0.122419999999955
0.60209999999995	0.0921123249784794	0.124179999999955
0.60409999999995	0.0934774673372952	0.125939999999955
0.60609999999995	0.0948797476870772	0.12769999999996
0.608099999999949	0.0962641523278931	0.129469999999954
0.610099999999949	0.0976416253951196	0.131229999999954
0.612099999999949	0.0990025773858112	0.132989999999954
0.614099999999949	0.100355473830079	0.134749999999954
0.616099999999948	0.101696267754705	0.136509999999954
0.618099999999948	0.10302309764701	0.138269999999953
0.620099999999948	0.104373724677749	0.140029999999953
0.622099999999948	0.105743975965924	0.141779999999953
0.624099999999948	0.107104314076862	0.143529999999953
0.626099999999947	0.108480800544252	0.145279999999953
0.628099999999947	0.109843052147579	0.147029999999952
0.630099999999947	0.111192614383009	0.148769999999958
0.632099999999947	0.112538653490221	0.150509999999957
0.634099999999946	0.11387425215037	0.152249999999957
0.636099999999946	0.115200998622247	0.153989999999952
0.638099999999946	0.116530158998309	0.155719999999951
0.640099999999946	0.117850688033375	0.157449999999951
0.642099999999946	0.119156297803035	0.159169999999956
0.644099999999945	0.120467948622158	0.160889999999956
0.646099999999945	0.121797046871977	0.162609999999951
0.648099999999945	0.123118733377965	0.16431999999995
0.650099999999945	0.124423266677894	0.16602999999995
0.652099999999945	0.125700922334142	0.167729999999956
0.654099999999944	0.126967372179443	0.16942999999995
0.656099999999944	0.128237115810152	0.171119999999955
0.658099999999944	0.129529547154543	0.172809999999955
0.660099999999944	0.130815738949382	0.174499999999949
0.662099999999943	0.132096119585632	0.176179999999949
0.664099999999943	0.133400971423382	0.177849999999955
0.666099999999943	0.134709563630259	0.179519999999954
0.668099999999943	0.136008184689346	0.181189999999954
0.670099999999943	0.137279753440749	0.182849999999954
0.672099999999942	0.138541316000091	0.184509999999948
0.674099999999942	0.139796330240249	0.186159999999948
0.676099999999942	0.141047031259117	0.187799999999953
0.678099999999942	0.142281095998667	0.189439999999953
0.680099999999941	0.143510685501852	0.191079999999953
0.682099999999941	0.144734181529619	0.192709999999953
0.684099999999941	0.145948940497377	0.194329999999953
0.686099999999941	0.147141430998556	0.195949999999953
0.688099999999941	0.148328059596468	0.197559999999952
0.69009999999994	0.149513122566578	0.199169999999952
0.69209999999994	0.150719490124705	0.200779999999952
0.69409999999994	0.151909919880671	0.202379999999952
0.69609999999994	0.153098248448088	0.203969999999952
0.698099999999939	0.154282312284733	0.205559999999951
0.700099999999939	0.155454661127444	0.207139999999951
0.702099999999939	0.156637590071157	0.208719999999951
0.704099999999939	0.157816147600262	0.210289999999951
0.706099999999939	0.158990693907695	0.211859999999951
0.708099999999938	0.160150937475943	0.213419999999951
0.710099999999938	0.161310247286597	0.214969999999957
0.712099999999938	0.162468699561311	0.21652999999995
0.714099999999938	0.16363703072887	0.21806999999995
0.716099999999937	0.164805273580154	0.219609999999956
0.718099999999937	0.165966547994179	0.22114999999995
0.720099999999937	0.167121942876385	0.22267999999995
0.722099999999937	0.168270928783935	0.224199999999956
0.724099999999937	0.169395771598227	0.225729999999949
0.726099999999936	0.170507824443786	0.227239999999955
0.728099999999936	0.171622060706083	0.228749999999955
0.730099999999936	0.172739315370371	0.230259999999949
0.732099999999936	0.173847001955027	0.231759999999949
0.734099999999935	0.174936001492608	0.233249999999955
0.736099999999935	0.176018700816047	0.234739999999955
0.738099999999935	0.177097477548944	0.236229999999955
0.740099999999935	0.178175061700299	0.237709999999954
0.742099999999935	0.179240170909006	0.239189999999948
0.744099999999934	0.18032767313657	0.240659999999954
0.746099999999934	0.181413465656372	0.242129999999947
0.748099999999934	0.182494849617323	0.243589999999954
0.750099999999934	0.183559733873034	0.245049999999947
0.752099999999933	0.184616056304067	0.246499999999953
0.754099999999933	0.185691765576961	0.247949999999953
0.756099999999933	0.186763479440942	0.249389999999953
0.758099999999933	0.187829628745644	0.250829999999953
0.760099999999933	0.18887977463839	0.252269999999946
0.762099999999932	0.189918831531864	0.253699999999953
0.764099999999932	0.19095721629965	0.255119999999953
0.766099999999932	0.191993824884353	0.256539999999952
0.768099999999932	0.193032936234482	0.257959999999952
0.770099999999932	0.194065577928049	0.259369999999952
0.772099999999931	0.195085646310529	0.260779999999952
0.774099999999931	0.196102246888988	0.262189999999952
0.776099999999931	0.197119812891328	0.263589999999952
0.778099999999931	0.198155170776325	0.264979999999951
0.78009999999993	0.199184975480975	0.266369999999951
0.78209999999993	0.20020057612884	0.267759999999951
0.78409999999993	0.201207650671153	0.269149999999951
0.78609999999993	0.202219553132825	0.270519999999958
0.78809999999993	0.203225907172508	0.271899999999951
0.790099999999929	0.204221082801711	0.273269999999951
0.792099999999929	0.20521220411813	0.27463999999995
0.794099999999929	0.20619033041285	0.275999999999957
0.796099999999929	0.207161904576738	0.27735999999995
0.798099999999928	0.208138564338447	0.27871999999995
0.800099999999928	0.209108728535398	0.28006999999995
0.802099999999928	0.21006591154442	0.28141999999995
0.804099999999928	0.211017381892469	0.282759999999957
0.806099999999928	0.21198982089118	0.284099999999957
0.808099999999927	0.212957610363677	0.285439999999956
0.810099999999927	0.213930486158582	0.286779999999949
0.812099999999927	0.21489864054246	0.288109999999949
0.814099999999927	0.215855347661838	0.289429999999956
0.816099999999926	0.216808542230908	0.290749999999956
0.818099999999926	0.217781730769617	0.292069999999956
0.820099999999926	0.21875313288337	0.293389999999948
0.822099999999926	0.219713461404613	0.294699999999955
0.824099999999926	0.220665500929484	0.296009999999955
0.826099999999925	0.221604447039419	0.297319999999948
0.828099999999925	0.22253931875303	0.298619999999948
0.830099999999925	0.22347543706699	0.299919999999948
0.832099999999925	0.224410258903296	0.301209999999955
0.834099999999924	0.225341016932801	0.302509999999947
0.836099999999924	0.226265229951778	0.303789999999955
0.838099999999924	0.227186095830178	0.305079999999955
0.840099999999924	0.228100946064684	0.306359999999954
0.842099999999924	0.229014134726455	0.307639999999954
0.844099999999923	0.229934803705569	0.308919999999946
0.846099999999923	0.230850446526678	0.310189999999954
0.848099999999923	0.231758420546594	0.311459999999954
0.850099999999923	0.232663786313271	0.312729999999946
0.852099999999922	0.233557900787504	0.313989999999954
0.854099999999922	0.234450002509909	0.315249999999953
0.856099999999922	0.235343289808961	0.316509999999953
0.858099999999922	0.236252366164034	0.317769999999945
0.860099999999922	0.237160158600877	0.319019999999953
0.862099999999921	0.23805904393188	0.320269999999953
0.864099999999921	0.238957199007906	0.321509999999953
0.866099999999921	0.239846025429573	0.322759999999953
0.868099999999921	0.240733403354659	0.323999999999953
0.87009999999992	0.24161861922429	0.325239999999944
0.87209999999992	0.242491798726521	0.326469999999952
0.87409999999992	0.243364734487465	0.327699999999952
0.87609999999992	0.244227056922104	0.328929999999952
0.87809999999992	0.245088191552613	0.330159999999952
0.880099999999919	0.245958807438825	0.331379999999952
0.882099999999919	0.246837208753279	0.332609999999944
0.884099999999919	0.247713384891671	0.333819999999951
0.886099999999919	0.248582898445669	0.335039999999951
0.888099999999919	0.249452080892007	0.336249999999951
0.890099999999918	0.250313915101219	0.337469999999951
0.892099999999918	0.251176803369427	0.338669999999951
0.894099999999918	0.252036789181992	0.339879999999951
0.896099999999918	0.252917244177537	0.341079999999951
0.898099999999917	0.253794073543598	0.342289999999951
0.900099999999917	0.25466639996831	0.34347999999995
0.902099999999917	0.255535080937828	0.34467999999995
0.904099999999917	0.256400527822867	0.34586999999995
0.906099999999917	0.257261685011677	0.34706999999995
0.908099999999916	0.258117587819885	0.348249999999958
0.910099999999916	0.258971821381206	0.34943999999995
0.912099999999916	0.259816741239272	0.35062999999995
0.914099999999916	0.260663063272564	0.351809999999949
0.916099999999915	0.261500785222572	0.352989999999949
0.918099999999915	0.26234058484585	0.354159999999958
0.920099999999915	0.263171709275237	0.355339999999949
0.922099999999915	0.264004787825021	0.356509999999949
0.924099999999915	0.264836693218673	0.357679999999957
0.926099999999914	0.265665796962113	0.358849999999949
0.928099999999914	0.266491355379808	0.360019999999949
0.930099999999914	0.267315205348709	0.361179999999948
0.932099999999914	0.268134916228396	0.362339999999957
0.934099999999913	0.268954055537816	0.363499999999957
0.936099999999913	0.269765893987492	0.364659999999948
0.938099999999913	0.270579315683821	0.365819999999948
0.940099999999913	0.271389364055655	0.366969999999948
0.942099999999913	0.272197001611583	0.368119999999956
0.944099999999912	0.273000780290483	0.369269999999947
0.946099999999912	0.273803609041971	0.370419999999947
0.948099999999912	0.274600837688562	0.371559999999956
0.950099999999912	0.275399013529746	0.372709999999947
0.952099999999911	0.276202488856611	0.373849999999947
0.954099999999911	0.277007104715229	0.374989999999947
0.956099999999911	0.27780966016885	0.376129999999947
0.958099999999911	0.278610329115694	0.377259999999947
0.960099999999911	0.279408557451122	0.378389999999955
0.96209999999991	0.280207615454617	0.379529999999946
0.96409999999991	0.281003464025247	0.380659999999946
0.96609999999991	0.281801421841257	0.381779999999955
0.96809999999991	0.282599081443332	0.382909999999946
0.970099999999909	0.283403149281461	0.384029999999955
0.972099999999909	0.284201094349872	0.385159999999946
0.974099999999909	0.285000415990866	0.386279999999946
0.976099999999909	0.285791674060313	0.387399999999945
0.978099999999909	0.286584940272634	0.388509999999954
0.980099999999908	0.287373718870872	0.389629999999945
0.982099999999908	0.288160578776433	0.390739999999945
0.984099999999908	0.288945293072809	0.391849999999954
0.986099999999908	0.28973271959825	0.392959999999954
0.988099999999908	0.290516556861801	0.394069999999944
0.990099999999907	0.291301237212497	0.395179999999944
0.992099999999907	0.292084444593897	0.396279999999954
0.994099999999907	0.29286650453156	0.397379999999953
0.996099999999907	0.293648962768489	0.398479999999953
0.998099999999906	0.294426408282555	0.399579999999953
1.00009999999991	0.295217076411648	0.400679999999953
1.00209999999991	0.296005088635593	0.401779999999944
1.00409999999991	0.296795250668292	0.402869999999953
1.00609999999991	0.297578071547053	0.403969999999943
1.00809999999991	0.298362732060512	0.405059999999943
1.01009999999991	0.299144055093432	0.406149999999943
1.0120999999999	0.2999211004374	0.407229999999952
1.0140999999999	0.300697361806362	0.408319999999952
1.0160999999999	0.301467267338457	0.409409999999943
1.0180999999999	0.302229338276939	0.410489999999943
1.0200999999999	0.302989218612337	0.411569999999952
1.0220999999999	0.303751349101357	0.412649999999952
1.0240999999999	0.304508647837612	0.413729999999952
1.0260999999999	0.3052691464712	0.414809999999942
1.0280999999999	0.306028439665288	0.415879999999952
1.0300999999999	0.306786524719561	0.416959999999942
1.0320999999999	0.307546046044245	0.418029999999951
1.0340999999999	0.308301155666338	0.419099999999951
1.0360999999999	0.30904858718226	0.420169999999951
1.0380999999999	0.309792747604449	0.421239999999951
1.0400999999999	0.310539240018662	0.422309999999941
1.0420999999999	0.311280952045279	0.423369999999951
1.0440999999999	0.312023840300416	0.424439999999941
1.0460999999999	0.312764094422585	0.425499999999951
1.0480999999999	0.313501107381251	0.42655999999995
1.0500999999999	0.314240469145078	0.42761999999995
1.0520999999999	0.314978115398574	0.42867999999995
1.0540999999999	0.315728314265431	0.42973999999994
1.0560999999999	0.316473549887231	0.43078999999995
1.0580999999999	0.317221486612003	0.43184999999994
1.0600999999999	0.317967384519124	0.43289999999995
1.0620999999999	0.318711315851365	0.43394999999995
1.0640999999999	0.319457883244915	0.43499999999995
1.0660999999999	0.320200892572584	0.436049999999949
1.0680999999999	0.320937408473765	0.437099999999949
1.0700999999999	0.321669647072664	0.438139999999949
1.0720999999999	0.322411030488693	0.439189999999949
1.0740999999999	0.323153255078192	0.440229999999949
1.0760999999999	0.323892792235438	0.441279999999939
1.0780999999999	0.324634923910915	0.442319999999949
1.0800999999999	0.325372537835106	0.443359999999949
1.0820999999999	0.32611047114174	0.444399999999938
1.0840999999999	0.326846403257577	0.445429999999948
1.0860999999999	0.32757846991648	0.446469999999948
1.0880999999999	0.328301722155631	0.447509999999938
1.0900999999999	0.329022964291372	0.448539999999948
1.0920999999999	0.329746838608469	0.449569999999948
1.0940999999999	0.330469722213919	0.450599999999948
1.0960999999999	0.33119106411304	0.451629999999948
1.0980999999999	0.331915571231654	0.452659999999948
1.1000999999999	0.332636240175717	0.453689999999948
1.1020999999999	0.33336096414436	0.454719999999948
1.10409999999989	0.334084502954381	0.455739999999947
1.10609999999989	0.334806813490948	0.456769999999947
1.10809999999989	0.335524482780316	0.457789999999947
1.11009999999989	0.336239875891068	0.458809999999947
1.11209999999989	0.336958045878332	0.459829999999947
1.11409999999989	0.337673637867261	0.460849999999947
1.11609999999989	0.338388040787152	0.461869999999947
1.11809999999989	0.33910524392514	0.462889999999947
1.12009999999989	0.339818592740273	0.463899999999946
1.12209999999989	0.340537877053286	0.464919999999946
1.12409999999989	0.341262033069082	0.465929999999946
1.12609999999989	0.34198233532883	0.466949999999946
1.12809999999989	0.342696956246987	0.467959999999946
1.13009999999989	0.343408404368636	0.468969999999946
1.13209999999989	0.344123072897916	0.469979999999946
1.13409999999989	0.344835844968485	0.470989999999946
1.13609999999989	0.345546882815077	0.471999999999946
1.13809999999989	0.346260986755162	0.472999999999946
1.14009999999989	0.346974149148723	0.474009999999945
1.14209999999989	0.347683858514863	0.475009999999945
1.14409999999989	0.348389757529888	0.476019999999945
1.14609999999989	0.349094360394475	0.477019999999945
1.14809999999989	0.34979264413776	0.478019999999945
1.15009999999989	0.350489473927305	0.479019999999945
1.15209999999989	0.351184413911336	0.480019999999945
1.15409999999989	0.351882809169376	0.481019999999945
1.15609999999989	0.352578201221084	0.482009999999945
1.15809999999989	0.353272487877159	0.483009999999944
1.16009999999989	0.353968412287842	0.484009999999944
1.16209999999989	0.354659828848839	0.484999999999944
1.16409999999989	0.355346893169359	0.485989999999944
1.16609999999989	0.356030868506251	0.486989999999944
1.16809999999989	0.356717464920681	0.487979999999944
1.17009999999989	0.357413444356612	0.488969999999944
1.17209999999989	0.35810503446108	0.489959999999944
1.17409999999989	0.358799343802709	0.490949999999944
1.17609999999989	0.359494017810509	0.491929999999943
1.17809999999989	0.360187300151457	0.492919999999943
1.18009999999989	0.360883687198231	0.493899999999955
1.18209999999989	0.361579697720635	0.494889999999943
1.18409999999989	0.362274542344927	0.495869999999943
1.18609999999989	0.362966460692441	0.496859999999943
1.18809999999989	0.363655907126823	0.497839999999943
1.19009999999989	0.364352615792563	0.498819999999943
1.19209999999989	0.365053054101626	0.499799999999943
1.19409999999988	0.365751014383076	0.500779999999942
1.19609999999988	0.366451322759678	0.501759999999942
1.19809999999988	0.367149955289474	0.502729999999942
1.20009999999988	0.367846289097099	0.503709999999942
1.20209999999988	0.368537716162348	0.504689999999942
1.20409999999988	0.36922530614288	0.505659999999942
1.20609999999988	0.369911853886355	0.506629999999954
1.20809999999988	0.37059484639947	0.507609999999942
1.21009999999988	0.371273407662802	0.508579999999942
1.21209999999988	0.37195274545621	0.509549999999941
1.21409999999988	0.372634294433867	0.510519999999941
1.21609999999988	0.373313792474	0.511489999999941
1.21809999999988	0.373994517061311	0.512459999999941
1.22009999999988	0.374678120556077	0.513429999999941
1.22209999999988	0.375360027268053	0.514389999999941
1.22409999999988	0.37603825370466	0.515359999999941
1.22609999999988	0.376715449491058	0.516319999999953
1.22809999999988	0.377390128574899	0.517289999999941
1.23009999999988	0.378061186893963	0.51824999999994
1.23209999999988	0.37873195870591	0.519209999999952
1.23409999999988	0.379401979822819	0.52017999999994
1.23609999999988	0.380075847460949	0.52113999999994
1.23809999999988	0.380747807917979	0.52209999999994
1.24009999999988	0.381418453243173	0.52305999999994
1.24209999999988	0.382093118849213	0.52401999999994
1.24409999999988	0.382766413262968	0.524969999999952
1.24609999999988	0.383438041345893	0.52592999999994
1.24809999999988	0.384104778033795	0.526889999999939
1.25009999999988	0.384769292807628	0.527839999999939
1.25209999999988	0.385431735340559	0.528799999999939
1.25409999999988	0.386089971486816	0.529749999999939
1.25609999999988	0.38674566795489	0.530699999999951
1.25809999999988	0.387403108078081	0.531659999999939
1.26009999999988	0.388063016135619	0.532609999999939
1.26209999999988	0.388721300283161	0.533559999999939
1.26409999999988	0.389383180341001	0.534509999999939
1.26609999999988	0.390053371844351	0.535459999999939
1.26809999999988	0.390722019884955	0.536409999999938
1.27009999999988	0.39138767723064	0.537349999999951
1.27209999999988	0.392052592390394	0.538299999999938
1.27409999999988	0.392716932806919	0.539249999999938
1.27609999999988	0.393378165638348	0.54018999999995
1.27809999999988	0.39403576923979	0.541139999999938
1.28009999999988	0.394692223162299	0.54207999999995
1.28209999999988	0.395351773408517	0.543029999999938
1.28409999999988	0.396011136378476	0.543969999999937
1.28609999999987	0.396669248337265	0.544909999999937
1.28809999999987	0.397324492804886	0.545849999999937
1.29009999999987	0.397977535489069	0.546789999999937
1.29209999999987	0.398630231045942	0.547729999999937
1.29409999999987	0.399278874876767	0.548669999999937
1.29609999999987	0.399925799512426	0.549609999999937
1.29809999999987	0.400571129847968	0.550549999999937
1.30009999999987	0.401226168140174	0.551479999999949
1.30209999999987	0.401882695714348	0.552419999999937
1.30409999999987	0.402537224634918	0.553349999999949
1.30609999999987	0.403194705419516	0.554289999999936
1.30809999999987	0.403853153418471	0.555219999999949
1.31009999999987	0.404509263269177	0.556159999999936
1.31209999999987	0.405161980036027	0.557089999999936
1.31409999999987	0.405814549179292	0.558019999999949
1.31609999999987	0.40646610300507	0.558949999999948
1.31809999999987	0.407115223792187	0.559879999999949
1.32009999999987	0.407763227590469	0.560809999999948
1.32209999999987	0.408410330405846	0.561739999999948
1.32409999999987	0.409060497888478	0.562669999999948
1.32609999999987	0.409711309951359	0.563599999999935
1.32809999999987	0.410361442956427	0.564529999999935
1.33009999999987	0.41101498542676	0.565449999999948
1.33209999999987	0.411676558457842	0.566379999999935
1.33409999999987	0.412337661552506	0.567309999999935
1.33609999999987	0.412997138735609	0.568229999999935
1.33809999999987	0.413653281380993	0.569149999999948
1.34009999999987	0.414307550093736	0.570079999999934
1.34209999999987	0.414960488543976	0.570999999999934
1.34409999999987	0.415609989336794	0.571919999999947
1.34609999999987	0.416258729341891	0.572839999999947
1.34809999999987	0.416905326107812	0.573769999999934
1.35009999999987	0.417555923509401	0.574689999999934
1.35209999999987	0.418205637902819	0.575609999999934
1.35409999999987	0.418853844934998	0.576519999999947
1.35609999999987	0.419497521230048	0.577439999999947
1.35809999999987	0.420139500871913	0.578359999999933
1.36009999999987	0.420779703002234	0.579279999999933
1.36209999999987	0.42141747432029	0.580189999999946
1.36409999999987	0.422055022635812	0.581109999999933
1.36609999999987	0.422691411856055	0.582029999999933
1.36809999999987	0.423327042541591	0.582939999999933
1.37009999999987	0.423959412519855	0.583849999999946
1.37209999999987	0.424590604079373	0.584769999999933
1.37409999999987	0.42522348540641	0.585679999999932
1.37609999999986	0.42585891942065	0.586589999999946
1.37809999999986	0.42649417735422	0.587499999999946
1.38009999999986	0.427129332843401	0.588419999999932
1.38209999999986	0.427761926842243	0.589329999999932
1.38409999999986	0.428394131479849	0.590239999999932
1.38609999999986	0.429026155163767	0.591149999999932
1.38809999999986	0.429655328365451	0.592049999999945
1.39009999999986	0.430283451475714	0.592959999999945
1.39209999999986	0.430910970040943	0.593869999999932
1.39409999999986	0.431537260954219	0.594779999999931
1.39609999999986	0.432159797386192	0.595679999999945
1.39809999999986	0.432781210839664	0.596589999999931
1.40009999999986	0.433403353059494	0.597489999999945
1.40209999999986	0.434028804810463	0.598399999999931
1.40409999999986	0.434653572760489	0.599299999999945
1.40609999999986	0.435277465306687	0.600209999999931
1.40809999999986	0.43589916489615	0.601109999999931
1.41009999999986	0.436519301362682	0.602009999999945
1.41209999999986	0.437138587264314	0.602909999999944
1.41409999999986	0.437755850872212	0.60381999999993
1.41609999999986	0.438372944055962	0.60471999999993
1.41809999999986	0.438989456293999	0.60561999999993
1.42009999999986	0.439613301496879	0.60651999999993
1.42209999999986	0.440242215746735	0.60741999999993
1.42409999999986	0.440870732579221	0.608309999999944
1.42609999999986	0.441497140692175	0.609209999999944
1.42809999999986	0.442121521294332	0.61010999999993
1.43009999999986	0.442745677448661	0.61100999999993
1.43209999999986	0.443369077683994	0.611899999999943
1.43409999999986	0.443990086872075	0.612799999999929
1.43609999999986	0.444610462855409	0.613689999999943
1.43809999999986	0.44523063189862	0.614589999999929
1.44009999999986	0.445848804554945	0.615479999999943
1.44209999999986	0.446465418967509	0.616379999999929
1.44409999999986	0.447082081744538	0.617269999999943
1.44609999999986	0.447699557547618	0.618159999999943
1.44809999999986	0.448326920825773	0.619059999999929
1.45009999999986	0.44895355605946	0.619949999999928
1.45209999999986	0.449579095382438	0.620839999999928
1.45409999999986	0.450201545682974	0.621729999999928
1.45609999999986	0.450822448020632	0.622619999999928
1.45809999999986	0.451442474693147	0.623509999999928
1.46009999999986	0.452060441861189	0.624399999999928
1.46209999999986	0.452676818585248	0.625289999999928
1.46409999999986	0.453292455175548	0.626169999999942
1.46609999999985	0.453907263406818	0.627059999999942
1.46809999999985	0.454519922396606	0.627949999999927
1.47009999999985	0.455131368828297	0.628839999999927
1.47209999999985	0.455742296500477	0.629719999999942
1.47409999999985	0.456355985288774	0.630609999999927
1.47609999999985	0.456970280348822	0.631489999999941
1.47809999999985	0.457584139666752	0.632379999999927
1.48009999999985	0.458197720383241	0.633259999999941
1.48209999999985	0.458809740724047	0.634139999999941
1.48409999999985	0.459422089936897	0.635029999999926
1.48609999999985	0.460034264927051	0.635909999999941
1.48809999999985	0.460645175250263	0.636789999999941
1.49009999999985	0.461255381373538	0.637669999999941
1.49209999999985	0.461865279172226	0.638549999999941
1.49409999999985	0.462475124730315	0.639439999999926
1.49609999999985	0.463082743573018	0.640319999999926
1.49809999999985	0.463690063379609	0.641199999999926
1.50009999999985	0.464296655051578	0.642069999999941
1.50209999999985	0.464912146351622	0.642949999999941
1.50409999999985	0.465529553783176	0.64382999999994
1.50609999999985	0.466146454084644	0.64470999999994
1.50809999999985	0.466762835208886	0.645589999999925
1.51009999999985	0.467377546711327	0.64645999999994
1.51209999999985	0.467991749236076	0.64733999999994
1.51409999999985	0.468604174093395	0.648219999999925
1.51609999999985	0.469214035553346	0.64908999999994
1.51809999999985	0.4698235179761	0.649969999999925
1.52009999999985	0.470432543435665	0.65083999999994
1.52209999999985	0.471041154535874	0.65170999999994
1.52409999999985	0.471647512054755	0.652589999999924
1.52609999999985	0.47225317273659	0.653459999999939
1.52809999999985	0.472858479580689	0.654329999999939
1.53009999999985	0.473461438303266	0.655209999999924
1.53209999999985	0.474063884746979	0.656079999999924
1.53409999999985	0.474666309478039	0.656949999999939
1.53609999999985	0.475268671031699	0.657819999999939
1.53809999999985	0.475868737551158	0.658689999999939
1.54009999999985	0.476468427667129	0.659559999999939
1.54209999999985	0.477068203402518	0.660429999999939
1.54409999999985	0.477667648827885	0.661299999999939
1.54609999999985	0.478265659878804	0.662169999999923
1.54809999999985	0.478863173906628	0.663039999999923
1.55009999999985	0.479460682319029	0.663899999999938
1.55209999999985	0.480056943275689	0.664769999999938
1.55409999999985	0.480650449816475	0.665639999999923
1.55609999999985	0.481244501851008	0.666499999999938
1.55809999999984	0.481836972576928	0.667369999999938
1.56009999999984	0.48242881660282	0.668239999999922
1.56209999999984	0.483019869022572	0.669099999999938
1.56409999999984	0.483610116210989	0.669969999999922
1.56609999999984	0.484197685407045	0.670829999999938
1.56809999999984	0.484785433950814	0.671689999999938
1.57009999999984	0.485372519495424	0.672559999999922
1.57209999999984	0.485959271940143	0.673419999999937
1.57409999999984	0.486543978029733	0.674279999999937
1.57609999999984	0.48712844291107	0.675149999999921
1.57809999999984	0.487712836007789	0.676009999999921
1.58009999999984	0.488298171112188	0.676869999999937
1.58209999999984	0.488893400261276	0.677729999999937
1.58409999999984	0.489488465796049	0.678589999999937
1.58609999999984	0.490083107431828	0.679449999999937
1.58809999999984	0.490675781904153	0.680309999999937
1.59009999999984	0.491268637435431	0.681169999999937
1.59209999999984	0.491861900065714	0.682029999999937
1.59409999999984	0.492455159029217	0.68288999999992
1.59609999999984	0.493046701020975	0.683739999999936
1.59809999999984	0.493637935685339	0.684599999999936
1.60009999999984	0.494229559180458	0.685459999999936
1.60209999999984	0.494821197059223	0.68631999999992
1.60409999999984	0.495411198948687	0.687169999999936
1.60609999999984	0.496001422933956	0.688029999999936
1.60809999999984	0.496591673915182	0.688879999999936
1.61009999999984	0.497181415073469	0.689739999999936
1.61209999999984	0.497775220758309	0.690589999999936
1.61409999999984	0.498368244080571	0.691449999999936
1.61609999999984	0.498961217743163	0.692299999999935
1.61809999999984	0.499552204369913	0.693159999999919
1.62009999999984	0.500142570708817	0.694009999999935
1.62209999999984	0.50073251635694	0.694859999999935
1.62409999999984	0.501322424927195	0.695709999999935
1.62609999999984	0.501910417063681	0.696569999999919
1.62809999999984	0.502498122505828	0.697419999999919
1.63009999999984	0.503085515606073	0.698269999999935
1.63209999999984	0.503673138574761	0.699119999999935
1.63409999999984	0.504258434656511	0.699969999999935
1.63609999999984	0.504843056150401	0.700819999999935
1.63809999999984	0.50542703396486	0.701669999999935
1.64009999999984	0.506008682464591	0.702519999999934
1.64209999999984	0.506590014200466	0.703369999999934
1.64409999999984	0.507171830965298	0.704219999999918
1.64609999999984	0.507753785470386	0.705059999999934
1.64809999999983	0.508333245478801	0.705909999999934
1.65009999999983	0.508913266899197	0.706759999999934
1.65209999999983	0.509493669179688	0.707609999999917
1.65409999999983	0.510073561554635	0.708449999999934
1.65609999999983	0.510653389925741	0.709299999999934
1.65809999999983	0.511232632643966	0.710149999999917
1.66009999999983	0.511811076065598	0.710989999999934
1.66209999999983	0.512389323714214	0.711839999999917
1.66409999999983	0.51296737462205	0.712679999999933
1.66609999999983	0.513543717279872	0.713519999999933
1.66809999999983	0.514120711392724	0.714369999999933
1.67009999999983	0.514697829685671	0.715209999999933
1.67209999999983	0.515273287716173	0.716059999999916
1.67409999999983	0.515849009643254	0.716899999999933
1.67609999999983	0.516424518476924	0.717739999999933
1.67809999999983	0.51700039467406	0.718579999999933
1.68009999999983	0.517574344785722	0.719419999999933
1.68209999999983	0.518147983995548	0.720269999999916
1.68409999999983	0.518721275448854	0.721109999999933
1.68609999999983	0.519294973054381	0.721949999999932
1.68809999999983	0.519866395047462	0.722789999999932
1.69009999999983	0.520437808168242	0.723629999999932
1.69209999999983	0.52100959794165	0.724469999999932
1.69409999999983	0.521583018459331	0.725309999999915
1.69609999999983	0.522158683871131	0.726149999999915
1.69809999999983	0.522734322107715	0.726979999999932
1.70009999999983	0.523309472783439	0.727819999999932
1.70209999999983	0.523883567596096	0.728659999999932
1.70409999999983	0.524457350338107	0.729499999999932
1.70609999999983	0.525030445560044	0.730329999999932
1.70809999999983	0.525604094979833	0.731169999999931
1.71009999999983	0.526177573228753	0.732009999999931
1.71209999999983	0.526749033396794	0.732839999999931
1.71409999999983	0.527320917267489	0.733679999999931
1.71609999999983	0.527892904270077	0.734509999999931
1.71809999999983	0.528465032712593	0.735349999999931
1.72009999999983	0.529035926722232	0.736179999999931
1.72209999999983	0.529607275978921	0.737019999999931
1.72409999999983	0.530179115302691	0.737849999999931
1.72609999999983	0.530748467428921	0.738689999999913
1.72809999999983	0.531311791928201	0.73951999999993
1.73009999999983	0.531875062984481	0.74034999999993
1.73209999999983	0.532438221196837	0.741189999999913
1.73409999999983	0.533000812437044	0.74201999999993
1.73609999999983	0.533562732630052	0.74284999999993
1.73809999999983	0.534124298408771	0.74367999999993
1.74009999999982	0.534685987274495	0.74450999999993
1.74209999999982	0.535248265468028	0.74533999999993
1.74409999999982	0.53580920693526	0.74616999999993
1.74609999999982	0.536370351840704	0.74699999999993
1.74809999999982	0.53693157557906	0.74782999999993
1.75009999999982	0.537493427772449	0.748659999999929
1.75209999999982	0.538053323248917	0.749489999999929
1.75409999999982	0.538612629803386	0.750319999999929
1.75609999999982	0.539171889377114	0.751149999999929
1.75809999999982	0.539729522762656	0.751979999999929
1.76009999999982	0.540292606357056	0.752809999999911
1.76209999999982	0.540856079421956	0.753629999999929
1.76409999999982	0.541419399559868	0.754459999999929
1.76609999999982	0.541982265923473	0.755289999999929
1.76809999999982	0.542543529638034	0.756109999999929
1.77009999999982	0.543104979876023	0.756939999999929
1.77209999999982	0.543666716684751	0.757769999999911
1.77409999999982	0.54422819007532	0.758589999999928
1.77609999999982	0.544788022536571	0.759419999999928
1.77809999999982	0.545348173074345	0.760239999999928
1.78009999999982	0.545908543764849	0.761069999999928
1.78209999999982	0.546467997827164	0.761889999999928
1.78409999999982	0.547027674558871	0.762709999999928
1.78609999999982	0.547586426082534	0.763539999999928
1.78809999999982	0.548145721584344	0.764359999999928
1.79009999999982	0.548705388307105	0.765179999999928
1.79209999999982	0.549265591081196	0.766009999999928
1.79409999999982	0.549830237311343	0.766829999999928
1.79609999999982	0.550395388030824	0.767649999999928
1.79809999999982	0.550961080238632	0.768469999999927
1.80009999999982	0.551525499431627	0.769289999999927
1.80209999999982	0.552089731523274	0.770119999999909
1.80409999999982	0.552652414347761	0.770939999999927
1.80609999999982	0.553215746222762	0.771759999999927
1.80809999999982	0.553779427134061	0.772579999999927
1.81009999999982	0.554341038863357	0.773399999999927
1.81209999999982	0.554902574861425	0.774219999999927
1.81409999999982	0.555463888695695	0.775039999999908
1.81609999999982	0.55602314859127	0.775849999999927
1.81809999999982	0.556576131075825	0.776669999999926
1.82009999999982	0.557129163617846	0.777489999999926
1.82209999999982	0.5576814322713	0.778309999999926
1.82409999999982	0.558233765282066	0.779129999999926
1.82609999999982	0.558784008576362	0.779939999999926
1.82809999999982	0.55933408989683	0.780759999999926
1.83009999999981	0.559884420311628	0.781579999999926
1.83209999999981	0.560434770130863	0.782389999999926
1.83409999999981	0.56098363331132	0.783209999999926
1.83609999999981	0.561533383153902	0.784029999999926
1.83809999999981	0.56208297123521	0.784839999999926
1.84009999999981	0.562632591934835	0.785659999999926
1.84209999999981	0.563182539114052	0.786469999999925
1.84409999999981	0.56373151896266	0.787289999999925
1.84609999999981	0.564281575349845	0.788099999999925
1.84809999999981	0.564832229965121	0.788919999999906
1.85009999999981	0.565381110430147	0.789729999999925
1.85209999999981	0.565925361016967	0.790539999999925
1.85409999999981	0.566468973481559	0.791359999999925
1.85609999999981	0.567012759468593	0.792169999999925
1.85809999999981	0.567557231812351	0.792979999999925
1.86009999999981	0.568100903375876	0.793789999999925
1.86209999999981	0.568645325826807	0.794609999999906
1.86409999999981	0.569190596560311	0.795419999999925
1.86609999999981	0.569736609504544	0.796229999999924
1.86809999999981	0.570282213926683	0.797039999999924
1.87009999999981	0.570826240138567	0.797849999999924
1.87209999999981	0.571370650361417	0.798659999999924
1.87409999999981	0.571915649759291	0.799469999999924
1.87609999999981	0.572461381117104	0.800279999999924
1.87809999999981	0.573006208602535	0.801089999999924
1.88009999999981	0.573551215096629	0.801899999999924
1.88209999999981	0.57409581599586	0.802709999999924
1.88409999999981	0.574640665219201	0.803519999999924
1.88609999999981	0.575181016099102	0.804329999999904
1.88809999999981	0.575719091704926	0.805129999999924
1.89009999999981	0.576257303911028	0.805939999999923
1.89209999999981	0.576795342214801	0.806749999999923
1.89409999999981	0.57733224364171	0.807559999999923
1.89609999999981	0.577869033660072	0.808359999999923
1.89809999999981	0.57840519809047	0.809169999999923
1.90009999999981	0.578941556031086	0.809979999999923
1.90209999999981	0.579478293979568	0.810779999999923
1.90409999999981	0.580013489698787	0.811589999999923
1.90609999999981	0.580549696149846	0.812389999999923
1.90809999999981	0.581086243051622	0.813199999999923
1.91009999999981	0.581622250863762	0.813999999999922
1.91209999999981	0.582163976543688	0.814809999999922
1.91409999999981	0.582704599079019	0.815609999999922
1.91609999999981	0.583246044151321	0.816419999999922
1.91809999999981	0.583787966169642	0.817219999999922
1.9200999999998	0.584328635498033	0.818019999999922
1.9220999999998	0.584864450094491	0.818829999999922
1.9240999999998	0.585399287682911	0.819629999999922
1.9260999999998	0.585935250015118	0.820429999999922
1.9280999999998	0.586471905199042	0.821239999999922
1.9300999999998	0.58700730789156	0.822039999999922
1.9320999999998	0.587543052178051	0.822839999999922
1.9340999999998	0.588078871234412	0.823639999999921
1.9360999999998	0.588614588404023	0.824439999999921
1.9380999999998	0.589151024941798	0.825239999999921
1.9400999999998	0.58968627214197	0.826039999999921
1.9420999999998	0.590221758852339	0.826849999999921
1.9440999999998	0.590757290116492	0.827649999999921
1.9460999999998	0.591291854492668	0.828449999999921
1.9480999999998	0.591821495327422	0.829239999999921
1.9500999999998	0.592350063737188	0.830039999999921
1.9520999999998	0.592879257198312	0.830839999999921
1.9540999999998	0.593408974432269	0.831639999999921
1.9560999999998	0.593937138552742	0.83243999999992
1.9580999999998	0.594470349360873	0.83323999999992
1.9600999999998	0.595003074986484	0.83403999999992
1.9620999999998	0.595536183370277	0.83482999999992
1.9640999999998	0.596069349293293	0.83562999999992
1.9660999999998	0.596601095483391	0.83642999999992
1.9680999999998	0.597133443227882	0.83722999999992
1.9700999999998	0.597665409992775	0.83801999999992
1.9720999999998	0.598197145785597	0.83881999999992
1.9740999999998	0.598729306422073	0.83961999999992
1.9760999999998	0.599259945546018	0.84040999999992
1.9780999999998	0.599791415431129	0.84120999999992
1.9800999999998	0.600323380303566	0.841999999999919
1.9820999999998	0.600854447346347	0.842799999999919
1.9840999999998	0.601381755672187	0.843589999999919
1.9860999999998	0.601907487120757	0.844389999999919
1.9880999999998	0.602433928723525	0.845179999999919
1.9900999999998	0.602960867215679	0.845969999999939
1.9920999999998	0.603487185964268	0.846769999999919
1.9940999999998	0.60401294325638	0.847559999999919
1.9960999999998	0.604539353712467	0.848359999999919
1.9980999999998	0.605066743697979	0.849149999999919
