t	fs_A	fs_V
0	0	0	0
0.002	0	0	0
0.0041	6.73627578089792E-09	6.10465238618599E-15	5.27465E-12
0.006	6.89722499782251E-09	2.60309129470566E-14	5.26771E-12
0.00800000000000001	7.19408337399156E-09	6.33869302227042E-14	5.27068E-12
0.0101	7.65846875723089E-09	1.23367561820219E-13	5.29672E-12
0.0121	8.26156508759949E-09	2.03997253441453E-13	5.3097E-12
0.0141	9.04053999377271E-09	3.12545088533458E-13	5.32713999999999E-12
0.0161	1.00181014130385E-08	4.55486891930351E-13	5.35015999999999E-12
0.0180999999999999	1.11874864442415E-08	6.35831655401814E-13	5.37996999999998E-12
0.0200999999999999	1.25246061755633E-08	8.5388371092558E-13	5.41789999999997E-12
0.0220999999999999	1.40305696104479E-08	1.11377392824963E-12	5.46536999999996E-12
0.0240999999999999	1.57063286940138E-08	1.4198046681339E-12	5.52392999999996E-12
0.0260999999999999	1.75527333588272E-08	1.77641868158355E-12	5.59525999999994E-12
0.0280999999999999	1.95705707370499E-08	2.18817568820632E-12	5.68121999999993E-12
0.0300999999999999	2.17605918199799E-08	2.65973489426278E-12	5.78384999999992E-12
0.0320999999999999	2.41235288462045E-08	3.1958419759509E-12	5.90539999999993E-12
0.0341	2.66601061659604E-08	3.80131936324389E-12	6.04839999999996E-12
0.036	2.9231347348301E-08	4.44523197833914E-12	6.13693000000001E-12
0.0380000000000001	3.21086043400021E-08	5.20011001891269E-12	6.32617000000006E-12
0.0400000000000001	3.51616416470486E-08	6.03896940613112E-12	6.5461700000001E-12
0.0420000000000002	3.83911919658121E-08	6.96687925176699E-12	6.80098000000017E-12
0.0440000000000002	4.17979920371105E-08	7.98896255870246E-12	7.09523000000025E-12
0.0460000000000003	4.53827820819858E-08	9.11039411070168E-12	7.43422000000032E-12
0.0480000000000003	4.91463050391963E-08	1.03363987535445E-11	7.82403000000041E-12
0.0500000000000004	5.30893057278704E-08	1.16722499712322E-11	8.27168000000049E-12
0.0520000000000005	5.721253000975E-08	1.3123268686818E-11	8.78526000000061E-12
0.0540000000000005	6.15167239937779E-08	1.46948222359952E-11	9.37411000000073E-12
0.0560000000000006	6.60026333055972E-08	1.63923234749941E-11	1.00490000000009E-11
0.0580000000000006	7.06710024318919E-08	1.82212299940722E-11	1.0822600000001E-11
0.0600000000000007	7.55225741417946E-08	2.01870434149943E-11	1.17092000000012E-11
0.0620000000000007	8.05580889830545E-08	2.22953087561163E-11	1.27259000000014E-11
0.0640000000000008	8.57782848481651E-08	2.45516138525447E-11	1.38919000000016E-11
0.0660000000000009	9.11838966044391E-08	2.69615888217165E-11	1.52300000000018E-11
0.0680000000000009	9.67756557815961E-08	2.95309055668911E-11	1.67663000000021E-11
0.070000000000001	1.02554290310483E-07	3.22652773126708E-11	1.85313000000024E-11
0.072000000000001	1.0852052430687E-07	3.51704581678925E-11	2.05602000000028E-11
0.0740000000000011	1.17407975840381E-07	3.94891352999294E-11	2.28936000000031E-11
0.0760000000000012	1.35094977931082E-07	4.8897846938881E-11	2.55788000000036E-11
0.0780000000000012	1.53658470923489E-07	5.94597176239326E-11	2.86703000000041E-11
0.0800000000000013	1.73138671909121E-07	7.12523281268552E-11	3.54483000000048E-11
0.0820000000000013	1.93578768823105E-07	8.43614912686428E-11	4.35144000000057E-11
0.0840000000000014	2.15024980829805E-07	9.88815558848688E-11	5.26564000000067E-11
0.0860000000000014	2.37526656194258E-07	1.14915849859103E-10	6.3019200000008E-11
0.0880000000000015	2.61136398645578E-07	1.3257723841068E-10	7.47673000000094E-11
0.0900000000000016	2.85910217008392E-07	1.51988785095627E-10	8.8088100000011E-11
0.0920000000000016	3.11907695060015E-07	1.73284509806183E-10	1.03195000000013E-10
0.0940000000000017	3.39192179895124E-07	1.96610242452564E-10	1.20330000000015E-10
0.0960000000000017	3.67830987920282E-07	2.2212457403462E-10	1.39769000000018E-10
0.0980000000000018	3.9789562815706E-07	2.49999909037685E-10	1.61827000000021E-10
0.100000000000002	4.29462042912925E-07	2.80423624843208E-10	1.86862000000025E-10
0.102000000000002	4.62610866139318E-07	3.13599345316957E-10	2.15280000000029E-10
0.104000000000002	4.97427699958141E-07	3.49748337024937E-10	2.47545000000034E-10
0.106000000000002	5.34003409899883E-07	3.89111037668676E-10	2.84183000000039E-10
0.108000000000002	5.72434439349047E-07	4.31948727329507E-10	3.25795000000046E-10
0.110000000000002	6.12823143559757E-07	4.78545353985696E-10	3.73061000000054E-10
0.112000000000002	6.55278143566702E-07	5.29209525722973E-10	4.26756000000062E-10
0.114000000000002	6.99916594328704E-07	5.84283595077715E-10	4.87761000000073E-10
0.116000000000002	7.46877193482379E-07	6.44192939123809E-10	5.57073000000085E-10
0.118000000000002	7.96315003004362E-07	7.09430692384759E-10	6.35826000000099E-10
0.120000000000002	8.48396631805076E-07	7.80543001923369E-10	7.25305000000116E-10
0.122000000000002	9.03300951655628E-07	8.58134566991026E-10	8.26967000000134E-10
0.124000000000003	9.61219959928074E-07	9.42874956320613E-10	9.42461000000155E-10
0.126000000000002	1.02235964705049E-06	1.03550551464507E-09	1.07365000000017E-09
0.128000000000002	1.08694092662393E-06	1.13684699401875E-09	1.22265000000018E-09
0.130000000000002	1.15520061717954E-06	1.24780795887726E-09	1.39184000000018E-09
0.132000000000002	1.22739247769432E-06	1.36939403638886E-09	1.58391000000018E-09
0.134000000000002	1.30378829898206E-06	1.50271808932956E-09	1.80189000000018E-09
0.136000000000001	1.38467905305587E-06	1.64901139472159E-09	2.04919000000018E-09
0.138000000000001	1.47037610252699E-06	1.809635917823E-09	2.32968000000016E-09
0.140000000000001	1.56121247206384E-06	1.98609777776122E-09	2.64766000000015E-09
0.142000000000001	1.65754418389245E-06	2.18006200818342E-09	3.00800000000014E-09
0.144	1.75975165927863E-06	2.39336872377196E-09	3.41614000000011E-09
0.146	1.86824118789744E-06	2.62805081136748E-09	3.87819000000006E-09
0.148	1.98344646697037E-06	2.88635327277689E-09	4.40101E-09
0.1501	2.112146549404E-06	3.18570739372501E-09	5.02373999999992E-09
0.1521	2.24259929961955E-06	3.50046002938478E-09	5.69602999999984E-09
0.154099999999999	2.38127699308822E-06	3.84722052705097E-09	6.45532999999974E-09
0.156099999999999	2.52874157392365E-06	4.22932997010902E-09	7.31236999999961E-09
0.158099999999999	2.68559129945503E-06	4.65046969711536E-09	8.27907999999943E-09
0.160099999999999	2.85246274166257E-06	5.11469388813851E-09	9.36872999999925E-09
0.162099999999998	3.03003287193384E-06	5.62646497845695E-09	1.0596099999999E-08
0.164099999999998	3.21902123123066E-06	6.19069211297614E-09	1.19774999999987E-08
0.166099999999998	3.42019218781886E-06	6.81277286822157E-09	1.35311999999984E-08
0.168099999999998	3.634357284779E-06	7.49863848296357E-09	1.5277399999998E-08
0.170099999999998	3.86237767958503E-06	8.2548028534607E-09	1.72383999999975E-08
0.172099999999997	4.10516667810847E-06	9.08841556500499E-09	1.94387999999969E-08
0.174099999999997	4.36369236547791E-06	1.0007319247944E-08	2.19058999999963E-08
0.176099999999997	4.63898033629667E-06	1.10201115636738E-08	2.46698999999955E-08
0.178099999999997	4.93211652679609E-06	1.21362121442828E-08	2.77639999999946E-08
0.180099999999996	5.24425015157623E-06	1.33659348286052E-08	3.12247999999936E-08
0.182099999999996	5.57659674766148E-06	1.47205655574627E-08	3.50924999999924E-08
0.184099999999996	5.9304413286743E-06	1.62124463118612E-08	3.9411599999991E-08
0.186099999999996	6.30714165200591E-06	1.78550654999103E-08	4.42307999999894E-08
0.188099999999996	6.70813160193841E-06	1.96631552212827E-08	4.96034999999875E-08
0.190099999999995	7.1349246917481E-06	2.16527958621722E-08	5.55882999999855E-08
0.192099999999995	7.58911768789455E-06	2.38415284989786E-08	6.22496999999832E-08
0.194099999999995	8.07239435947334E-06	2.62484756153927E-08	6.96578999999804E-08
0.196099999999995	8.58652935618324E-06	2.88944706652098E-08	7.78900999999771E-08
0.198099999999995	9.1333922181298E-06	3.18021970421186E-08	8.70303999999737E-08
0.200099999999994	9.71495152085707E-06	3.49963370479288E-08	9.71708999999695E-08
0.202099999999994	1.03332791590674E-05	3.85037314822631E-08	1.08411999999965E-07
0.204099999999994	1.09905547725556E-05	4.2353550509704E-08	1.2086299999996E-07
0.206099999999994	1.16890703179497E-05	4.65774764947772E-08	1.34643999999954E-07
0.208099999999993	1.24312347899111E-05	5.12098995310499E-08	1.49883999999947E-07
0.210099999999993	1.32195790955128E-05	5.6288126428043E-08	1.6672499999994E-07
0.212099999999993	1.40567610855697E-05	6.18526039586813E-08	1.85319999999931E-07
0.214099999999993	1.49455707467585E-05	6.79471572106632E-08	2.05837999999922E-07
0.216099999999993	1.5888935558417E-05	7.46192439274869E-08	2.28457999999912E-07
0.218099999999992	1.68899260179752E-05	8.19202257689836E-08	2.533789999999E-07
0.220099999999992	1.79517613390197E-05	8.99056574671222E-08	2.80812999999887E-07
0.222099999999992	1.90778153260516E-05	9.86355949006236E-08	3.10991999999872E-07
0.224099999999992	2.02716224300502E-05	1.08174923161644E-07	3.44166999999855E-07
0.226099999999991	2.15368839890072E-05	1.1859370573945E-07	3.80606999999837E-07
0.228099999999991	2.28774746576497E-05	1.29967555999762E-07	4.20607999999816E-07
0.230099999999991	2.42974490306209E-05	1.42378032194275E-07	4.64483999999794E-07
0.232099999999991	2.58010484634391E-05	1.55913057292866E-07	5.12578999999767E-07
0.234099999999991	2.73927080956056E-05	1.70667364991246E-07	5.6526099999974E-07
0.23609999999999	2.90770640802823E-05	1.8674297330937E-07	6.22929999999709E-07
0.23809999999999	3.08589610250092E-05	2.04249687260799E-07	6.86013999999675E-07
0.24009999999999	3.27434596479807E-05	2.23305632140581E-07	7.54976999999637E-07
0.24209999999999	3.47358446544465E-05	2.4403781904903E-07	8.30315999999593E-07
0.244099999999989	3.68416328378505E-05	2.66582744341208E-07	9.12568999999547E-07
0.246099999999989	3.90665814103668E-05	2.91087024766972E-07	1.0023099999995E-06
0.248099999999989	4.14166965675356E-05	3.17708070144148E-07	1.10015999999944E-06
0.250099999999989	4.38982422917454E-05	3.46614795488004E-07	1.20678999999938E-06
0.252099999999989	4.6517749399351E-05	3.77988374603483E-07	1.32291999999931E-06
0.254099999999988	4.92820248362514E-05	4.12023037232981E-07	1.44929999999923E-06
0.256099999999988	5.21981612267962E-05	4.48926911941716E-07	1.58676999999915E-06
0.258099999999988	5.52735466809173E-05	4.88922917015038E-07	1.73619999999906E-06
0.260099999999988	5.85158748644206E-05	5.32249701737447E-07	1.89854999999896E-06
0.262099999999987	6.19331553373975E-05	5.79162640521732E-07	2.07482999999885E-06
0.264099999999987	6.55337241657464E-05	6.29934882458435E-07	2.26611999999873E-06
0.266099999999987	6.93262548108111E-05	6.84858458961071E-07	2.4735899999986E-06
0.268099999999987	7.3319769302168E-05	7.44245452291004E-07	2.69847999999846E-06
0.270099999999987	7.75236496986015E-05	8.08429227857887E-07	2.9421199999983E-06
0.272099999999986	8.19476498423194E-05	8.77765733306936E-07	3.20592999999813E-06
0.274099999999986	8.6601907411462E-05	9.52634867523343E-07	3.49140999999795E-06
0.276099999999986	9.1496956275955E-05	1.03344192280658E-06	3.80019999999775E-06
0.278099999999986	9.66437391617493E-05	1.12061910359362E-06	4.13401999999753E-06
0.280099999999985	0.00010205362062847	1.2146271252397E-06	4.49471999999729E-06
0.282099999999985	0.000107738400365478	1.31595689649905E-06	4.88423999999702E-06
0.284099999999985	0.000113690253707138	1.42567433232469E-06	5.30469999999674E-06
0.286099999999985	0.000119964602332292	1.54327778477114E-06	5.75830999999642E-06
0.288099999999985	0.000126394581258371	1.66382118676768E-06	6.24744999999608E-06
0.290099999999984	0.000132983649041997	1.78738147907132E-06	6.77465999999574E-06
0.292099999999984	0.000139735326907017	1.91403825164302E-06	7.34260999999534E-06
0.294099999999984	0.000146653199888006	2.04387387915739E-06	7.95415999999493E-06
0.296099999999984	0.000153740918025243	2.1769736640715E-06	8.61235999999446E-06
0.298099999999983	0.000161002197608466	2.31342598751031E-06	9.32042999999396E-06
0.300099999999983	0.000168440822467052	2.45332246824399E-06	1.00817999999934E-05
0.302099999999983	0.000177379488440549	2.66944645774993E-06	1.09000999999928E-05
0.304099999999983	0.000192820158827613	3.24748742150615E-06	1.17791999999922E-05
0.306099999999983	0.000208628476207985	3.83875796567077E-06	1.27231999999915E-05
0.308099999999982	0.000224812762868147	4.44360385798932E-06	1.37364999999908E-05
0.310099999999982	0.000241381439414083	5.06238039421457E-06	1.482359999999E-05
0.312099999999982	0.000258343036272974	5.69545330748873E-06	1.59894999999891E-05
0.314099999999982	0.000275706203503215	6.34319963928513E-06	1.72391999999882E-05
0.316099999999982	0.000293479719338011	7.00600858930006E-06	1.85783999999872E-05
0.318099999999981	0.000311672497771299	7.68428235729096E-06	2.00126999999861E-05
0.320099999999981	0.00033029359541372	8.37843698681048E-06	2.1548299999985E-05
0.322099999999981	0.000349352217789034	9.08890321864302E-06	2.31916999999837E-05
0.324099999999981	0.000368857725200166	9.81612736021966E-06	2.49497999999824E-05
0.32609999999998	0.000388819638264016	1.05605721761855E-05	2.6829699999981E-05
0.32809999999998	0.000409247643192035	1.13227178044902E-05	2.88391999999794E-05
0.33009999999998	0.00043651212486528	1.2699368068131E-05	3.09862999999779E-05
0.33209999999998	0.000468256845390555	1.44721464594384E-05	3.32794999999761E-05
0.33409999999998	0.000500721693600967	1.6284031263931E-05	3.57278999999741E-05
0.336099999999979	0.000533921839450034	1.81360442333071E-05	3.83408999999722E-05
0.338099999999979	0.000567872703222318	2.0029243260035E-05	4.11285999999699E-05
0.340099999999979	0.000602589965341322	2.1964724487153E-05	4.41013999999677E-05
0.342099999999979	0.000637656368048296	2.3900725202219E-05	4.7270499999965E-05
0.344099999999978	0.000673934762153872	2.59231978881048E-05	5.06476999999624E-05
0.346099999999978	0.000710992085782544	2.79894624208052E-05	5.42450999999596E-05
0.348099999999978	0.000748844345797751	3.01006181857127E-05	5.80758999999565E-05
0.350099999999978	0.000787507848426843	3.22578069173646E-05	6.21534999999532E-05
0.352099999999978	0.000826999204795371	3.44622147959018E-05	6.64924999999498E-05
0.354099999999977	0.000867009884215894	3.66813246967686E-05	7.1107799999946E-05
0.356099999999977	0.000908185397462074	3.89825169464125E-05	7.6015299999942E-05
0.358099999999977	0.000950202713349953	4.13323114344622E-05	8.1231599999938E-05
0.360099999999977	0.000993078622156228	4.37319033056295E-05	8.67740999999335E-05
0.362099999999976	0.00103683022302676	4.61825327648636E-05	9.26612999999287E-05
0.364099999999976	0.00108147492951687	4.86854873052971E-05	9.89122999999236E-05
0.366099999999976	0.00113668034068578	5.25120349418355E-05	0.000105546999999918
0.368099999999976	0.0011979609703695	5.70736434859052E-05	0.000112586999999913
0.370099999999976	0.00126047163185425	6.17275122387268E-05	0.000120054999999906
0.372099999999975	0.00132423654909369	6.6475898131657E-05	0.0001279729999999
0.374099999999975	0.00138887440439136	7.12649417979115E-05	0.000136364999999893
0.376099999999975	0.00146514697512561	7.78950240700507E-05	0.000145257999999885
0.378099999999975	0.00154892648447035	8.56811417158673E-05	0.000154676999999877
0.380099999999974	0.0016343049887767	9.36149405335989E-05	0.000164649999999869
0.382099999999974	0.00172067939225783	0.000101589210210936	0.00017520699999986
0.384099999999974	0.00180932122233219	0.000109826310649794	0.000186376999999851
0.386099999999974	0.0018996163533234	0.000118217982510027	0.000198191999999841
0.388099999999974	0.00199159682643105	0.000126767794049158	0.00021068599999983
0.390099999999973	0.00208529524715127	0.000135479451372863	0.00022389199999982
0.392099999999973	0.00218027786969513	0.00014427398378322	0.000237844999999807
0.394099999999973	0.00227746669824127	0.000153316598621708	0.000252584999999795
0.396099999999973	0.00237643807199772	0.000162529270335184	0.000268147999999782
0.398099999999972	0.0024893173547154	0.000174422334062991	0.000284575999999768
0.400099999999972	0.00261080255998779	0.000187898107262119	0.000301910999999753
0.402099999999972	0.00273517235337343	0.000201771296696496	0.000320194999999737
0.404099999999972	0.00286172782916504	0.000215890613487961	0.000339473999999721
0.406099999999972	0.00298973131478107	0.000230097042739576	0.000359795999999704
0.408099999999971	0.0031199400092804	0.000244552588834277	0.000381207999999686
0.410099999999971	0.00325315169092617	0.000259427583319805	0.000403761999999666
0.412099999999971	0.00338861943702452	0.000274560470132657	0.000427507999999646
0.414099999999971	0.00352582706685405	0.000289836979986137	0.000452501999999625
0.41609999999997	0.00368427896729307	0.000310015459468636	0.000478799999999602
0.41809999999997	0.00384923977161217	0.000331497552185273	0.000506456999999579
0.42009999999997	0.00401601425704098	0.000353115276197157	0.000535534999999554
0.42209999999997	0.00419162787454703	0.000376799166998136	0.000566094999999529
0.42409999999997	0.00438828233117277	0.000406058089679981	0.000598199999999501
0.426099999999969	0.00458706611690496	0.000435507699645789	0.000631913999999473
0.428099999999969	0.0047888698859167	0.000465406741339648	0.000667305999999443
0.430099999999969	0.0049946299297464	0.000496025210130323	0.000704442999999409
0.432099999999969	0.0052028615122347	0.000526925004719733	0.000743395999999378
0.434099999999969	0.0054142078976632	0.000558293588399575	0.000784237999999344
0.436099999999968	0.00562931917956469	0.000590322704997234	0.000827041999999306
0.438099999999968	0.00584760550941713	0.000622834034663393	0.000871884999999269
0.440099999999968	0.00606712790720693	0.000655262900096505	0.00091884499999923
0.442099999999968	0.00629184578587122	0.000688756478375217	0.000967998999999189
0.444099999999967	0.00653810286703534	0.000728655574933821	0.00102
0.446099999999967	0.00679594080440434	0.000771759226822169	0.00107
0.448099999999967	0.0070569202240312	0.000815345164110933	0.00113
0.450099999999967	0.00732139421906316	0.000859524745540124	0.00119
0.452099999999967	0.00758937492429731	0.000904303261933341	0.00125
0.454099999999966	0.00788988211987925	0.000960162335126994	0.00131
0.456099999999966	0.00819407440326648	0.0010167121081166	0.00138
0.458099999999966	0.00850197129267007	0.00107395943468327	0.00145
0.460099999999966	0.0088299021380438	0.00113843607490038	0.00152
0.462099999999965	0.00917459174995736	0.00120889178509273	0.00159999999999654
0.464099999999965	0.00952308187313607	0.00128012930396631	0.00167999999999652
0.466099999999965	0.00987538302713323	0.00135215180837567	0.00176
0.468099999999965	0.0102307369721457	0.0014246480151123	0.00184999999999647
0.470099999999965	0.0105918385709189	0.00149872697740042	0.00193
0.472099999999964	0.0109552259671405	0.00157296379704309	0.00202999999999643
0.474099999999964	0.0113228474227575	0.00164817018329888	0.00212
0.476099999999964	0.0116943100659828	0.00172418047296722	0.00222
0.478099999999964	0.0120696431060604	0.00180100454044286	0.00232999999999637
0.480099999999963	0.0124739243316712	0.00188971611724036	0.00243
0.482099999999963	0.0128892363482254	0.001982511187782	0.00254
0.484099999999963	0.0133144475901952	0.00207911411490353	0.0026599999999963
0.486099999999963	0.0137699806271245	0.00218948047600212	0.00277999999999628
0.488099999999963	0.0142281261085092	0.00230027902112726	0.0029
0.490099999999962	0.0146909532510837	0.00241253040616463	0.00302999999999624
0.492099999999962	0.0151568198748811	0.00252543306727496	0.00315999999999621
0.494099999999962	0.0156337489074309	0.00264318012133724	0.00329999999999619
0.496099999999962	0.0161400335944995	0.0027754684899487	0.00343999999999618
0.498099999999961	0.0166484717859977	0.0029080941890431	0.00358
0.500099999999961	0.0171598892791241	0.00304150741563828	0.00373
0.502099999999961	0.0176755498224155	0.00317638970239172	0.0038899999999961
0.504099999999961	0.0181928713837585	0.00331137158018009	0.00404999999999608
0.506099999999961	0.0187139830602934	0.00344759909514907	0.00420999999999606
0.50809999999996	0.0192470942292764	0.00358978061982289	0.00437999999999603
0.51009999999996	0.019806914667281	0.00374640843636473	0.00454999999999602
0.51209999999996	0.0203698648657623	0.00390417066120105	0.00472999999999599
0.51409999999996	0.020965513575257	0.00408128442871865	0.00490999999999597
0.516099999999959	0.0215659974896272	0.00426093551662595	0.00509999999999594
0.518099999999959	0.0221687298169335	0.00444154707424069	0.00528999999999593
0.520099999999959	0.0227719637196033	0.00462203254803053	0.0054899999999959
0.522099999999959	0.0233770081810132	0.00480320219395108	0.00568999999999588
0.524099999999959	0.0239838639419292	0.00498507190444763	0.00589999999999586
0.526099999999958	0.024607105708034	0.00517729439260396	0.00610999999999583
0.528099999999958	0.0252493950131565	0.00538187877501777	0.00632999999999581
0.530099999999958	0.0258920071400267	0.00558656739929158	0.00654999999999579
0.532099999999958	0.0265354042286861	0.00579165402380381	0.00677999999999154
0.534099999999958	0.0271782618921587	0.00599628049095177	0.00700999999999575
0.536099999999957	0.0278375006444085	0.00621234833988786	0.00723999999999572
0.538099999999957	0.0285155911088666	0.00644201063561054	0.0074799999999957
0.540099999999957	0.0291957414701281	0.00667362779850881	0.00772999999999135
0.542099999999957	0.0299043620222977	0.00692737747115351	0.00797999999999131
0.544099999999956	0.030608369662448	0.00717845343015531	0.00822999999999564
0.546099999999956	0.0313119576862504	0.00743003669385612	0.00848999999999123
0.548099999999956	0.0320139048502299	0.00768118339932681	0.00874999999999559
0.550099999999956	0.0327134958962373	0.00793130969933677	0.00900999999999557
0.552099999999956	0.0334107726374509	0.00818043217188087	0.00927999999999555
0.554099999999955	0.0341054351630971	0.00842826886068148	0.00955999999999552
0.556099999999955	0.0348007203960754	0.0086773082553397	0.00983999999999099
0.558099999999955	0.0355205593967064	0.00894733084639057	0.010119999999991
0.560099999999955	0.0362419718127419	0.00922001720637598	0.0103999999999955
0.562099999999954	0.0369575871418192	0.00948927679178238	0.0106899999999954
0.564099999999954	0.0376902164132117	0.00977478280741359	0.0109899999999908
0.566099999999954	0.0384310301043142	0.0100694301024346	0.0112799999999954
0.568099999999954	0.0391663243669962	0.010361290061852	0.0115799999999954
0.570099999999954	0.0399039243837465	0.0106574657159232	0.0118799999999954
0.572099999999953	0.0406582667910172	0.0109717917518585	0.0121899999999907
0.574099999999953	0.0414076747945948	0.0112843948777191	0.0124999999999906
0.576099999999953	0.0421516164329957	0.0115946692350238	0.0128099999999906
0.578099999999953	0.0428892486330114	0.0119017069305938	0.0131199999999953
0.580099999999952	0.0436231450648477	0.0122078679098398	0.0134399999999905
0.582099999999952	0.0443517429720703	0.0125115728524392	0.0137599999999904
0.584099999999952	0.0450765343469121	0.0128141875963111	0.0140799999999952
0.586099999999952	0.0457949836410892	0.0131131967243012	0.0144099999999904
0.588099999999952	0.0465245196621594	0.0134259102593795	0.0147299999999903
0.590099999999951	0.0472597207057863	0.0137475006807002	0.0150599999999903
0.592099999999951	0.0479884749141655	0.0140658250674174	0.0153899999999902
0.594099999999951	0.0487350911198983	0.0144069613951988	0.0157199999999902
0.596099999999951	0.0494752196812521	0.0147454262433907	0.0160499999999951
0.59809999999995	0.0502090794685207	0.0150813228606372	0.0163899999999901
0.60009999999995	0.0509368635229459	0.0154147212971969	0.0167299999999901
0.60209999999995	0.0516573584615712	0.0157441345080664	0.017059999999995
0.60409999999995	0.0523748371794502	0.0160741774850681	0.017399999999995
0.60609999999995	0.053104525202607	0.0164227854736859	0.017739999999995
0.608099999999949	0.0538277016876949	0.0167687501877065	0.0180899999999899
0.610099999999949	0.0545432302095853	0.0171105726509681	0.0184299999999898
0.612099999999949	0.0552530037348699	0.0174502808282811	0.0187699999999949
0.614099999999949	0.0559561567619815	0.017786710015039	0.0191199999999897
0.616099999999948	0.0566521472583106	0.0181190559366141	0.0194599999999948
0.618099999999948	0.0573422916529961	0.0184486877127059	0.0198099999999897
0.620099999999948	0.0580383266878795	0.0187901767637833	0.0201599999999896
0.622099999999948	0.0587348106883633	0.0191373378727863	0.0204999999999948
0.624099999999948	0.0594248325480679	0.0194815252699835	0.0208499999999895
0.626099999999947	0.0601187021502587	0.0198364059713728	0.0211999999999895
0.628099999999947	0.0608120136162825	0.0201967289904339	0.0215499999999894
0.630099999999947	0.0614987558315985	0.020554425649399	0.0218999999999894
0.632099999999947	0.0621778365965227	0.0209078037139146	0.0222399999999947
0.634099999999946	0.0628493605178134	0.0212567337449561	0.0225899999999947
0.636099999999946	0.0635142781737095	0.0216022722407372	0.0229399999999892
0.638099999999946	0.0641734643366713	0.0219453976060431	0.0232899999999892
0.640099999999946	0.0648248779181749	0.0222830867796834	0.0236399999999892
0.642099999999946	0.0654708632446364	0.0226183450937285	0.0239899999999891
0.644099999999945	0.0661191123987739	0.0229623688780539	0.0243399999999891
0.646099999999945	0.0667682048607286	0.0233137432131582	0.024689999999989
0.648099999999945	0.0674107582988798	0.0236615842144321	0.0250299999999945
0.650099999999945	0.0680462886707456	0.0240049241456856	0.0253799999999889
0.652099999999945	0.0686756233461465	0.0243447501846414	0.0257299999999889
0.654099999999944	0.0692991628175015	0.0246814614519858	0.0260799999999889
0.656099999999944	0.0699197060774681	0.0250192627168262	0.0264199999999944
0.658099999999944	0.0705450821548422	0.0253711880869153	0.0267699999999887
0.660099999999944	0.0711639119268053	0.025719239084835	0.0271199999999887
0.662099999999943	0.0717766158183787	0.026063826754253	0.0274599999999943
0.664099999999943	0.0723907256499074	0.0264179297152778	0.0278099999999886
0.666099999999943	0.0730026243981481	0.0267759064741683	0.0281499999999943
0.668099999999943	0.0736077990194859	0.0271297368964744	0.0284999999999885
0.670099999999943	0.074205963562683	0.0274785600872791	0.0288399999999885
0.672099999999942	0.0747983888504645	0.027824348105326	0.0291799999999942
0.674099999999942	0.0753848776331952	0.0281664620315123	0.0295199999999942
0.676099999999942	0.0759659362574277	0.0285055340791483	0.0298699999999884
0.678099999999942	0.0765413667235618	0.0288409495843281	0.0302099999999883
0.680099999999941	0.0771116456186352	0.0291733219899919	0.0305499999999883
0.682099999999941	0.0776767095781533	0.0295022916770845	0.0308899999999882
0.684099999999941	0.0782367612247024	0.02982798493862	0.0312299999999882
0.686099999999941	0.0787921267402222	0.030150755364132	0.0315599999999941
0.688099999999941	0.0793429616731907	0.030470699892771	0.0318999999999881
0.69009999999994	0.0798895516582321	0.0307881448342954	0.0322399999999881
0.69209999999994	0.0804407131874418	0.0311209308805819	0.032569999999994
0.69409999999994	0.080987245979191	0.0314511884004539	0.0329099999999879
0.69609999999994	0.081528867775409	0.0317780996855051	0.033239999999994
0.698099999999939	0.0820658842315201	0.0321020146570351	0.0335799999999879
0.700099999999939	0.0826010322474914	0.0324287404245988	0.0339099999999879
0.702099999999939	0.0831368708458947	0.0327645002089756	0.0342399999999878
0.704099999999939	0.08366774309944	0.0330969011567237	0.0345699999999939
0.706099999999939	0.0841938413463596	0.0334260698615187	0.0348999999999939
0.708099999999938	0.0847154532082846	0.0337523465418212	0.0352299999999938
0.710099999999938	0.0852326387336912	0.0340756177744313	0.0355599999999876
0.712099999999938	0.0857456598353471	0.0343962064386645	0.0358899999999876
0.714099999999938	0.086257988946389	0.0347225867082585	0.0362199999999875
0.716099999999937	0.0867690858314445	0.0350541811804116	0.0365399999999938
0.718099999999937	0.0872756210491408	0.0353825494267577	0.0368699999999874
0.720099999999937	0.0877779359891454	0.0357082338466519	0.0371899999999937
0.722099999999937	0.0882755621614806	0.0360296872646942	0.0375199999999874
0.724099999999937	0.0887693928441877	0.0363488986921729	0.0378399999999873
0.726099999999936	0.089259322328616	0.0366653372553548	0.0381599999999936
0.728099999999936	0.0897456296711519	0.0369794896017107	0.0384799999999936
0.730099999999936	0.090228441627259	0.0372914431629206	0.0387999999999936
0.732099999999936	0.0907074653386386	0.037600111210276	0.0391199999999936
0.734099999999935	0.0911831916955236	0.0379065734905486	0.0394399999999935
0.736099999999935	0.0916558638718727	0.0382112764623449	0.0397599999999935
0.738099999999935	0.0921251119877702	0.0385129675969957	0.040079999999987
0.740099999999935	0.0925913275848157	0.0388124905407526	0.040399999999987
0.742099999999935	0.0930546247122089	0.0391099224998553	0.0407099999999935
0.744099999999934	0.09351939760264	0.0394188926729579	0.0410299999999869
0.746099999999934	0.0939814579914038	0.039727272798917	0.0413399999999934
0.748099999999934	0.094440187263448	0.0400328818534341	0.0416599999999868
0.750099999999934	0.0948957651977464	0.0403359950696889	0.0419699999999868
0.752099999999933	0.0953483506919086	0.0406368805028939	0.0422799999999934
0.754099999999933	0.0958016046653091	0.0409486481542274	0.0425899999999933
0.756099999999933	0.0962521235163136	0.0412600140822754	0.0428999999999933
0.758099999999933	0.0966992091702997	0.041568139777472	0.0432099999999933
0.760099999999933	0.0971430477413836	0.041873316901712	0.0435199999999933
0.762099999999932	0.0975840757042104	0.0421768645439959	0.0438299999999932
0.764099999999932	0.0980223303582464	0.0424786621482935	0.0441399999999864
0.766099999999932	0.0984577315919351	0.0427780899566017	0.0444499999999864
0.768099999999932	0.0988903380481825	0.0430750564397846	0.0447499999999932
0.770099999999932	0.099320341734427	0.0433699851027517	0.0450599999999863
0.772099999999931	0.0997478306021549	0.0436629421597474	0.0453599999999931
0.774099999999931	0.100173004638988	0.0439544815137194	0.0456699999999862
0.776099999999931	0.100595698429123	0.0442436742841842	0.0459699999999931
0.778099999999931	0.101018067550231	0.0445402824108923	0.0462699999999931
0.78009999999993	0.101438645460151	0.044838579930116	0.046579999999986
0.78209999999993	0.101856661551853	0.0451347826870927	0.046879999999986
0.78409999999993	0.102272196356334	0.0454289551631274	0.047179999999986
0.78609999999993	0.102685456725411	0.0457217965605902	0.047479999999986
0.78809999999993	0.103096269088278	0.0460120981503846	0.0477799999999859
0.790099999999929	0.103504880929081	0.0463007220652948	0.0480799999999858
0.792099999999929	0.103911353452321	0.0465877161162782	0.0483799999999858
0.794099999999929	0.104315723089083	0.0468729784413419	0.0486699999999929
0.796099999999929	0.104718083704203	0.047156716379937	0.0489699999999929
0.798099999999928	0.105118414440865	0.0474385223692247	0.0492699999999857
0.800099999999928	0.105516924072582	0.0477192059765557	0.0495599999999928
0.802099999999928	0.105913482709041	0.047997771070459	0.0498599999999856
0.804099999999928	0.106308255869583	0.0482748614550504	0.0501499999999928
0.806099999999928	0.106702895545908	0.0485617377900824	0.0504499999999855
0.808099999999927	0.107095645603712	0.0488478994318375	0.0507399999999927
0.810099999999927	0.107486367460719	0.0491320528696411	0.0510299999999927
0.812099999999927	0.107875217194234	0.0494148488421493	0.0513299999999854
0.814099999999927	0.108262177618003	0.0496957538449531	0.0516199999999853
0.816099999999926	0.108647344718209	0.0499751089739321	0.0519099999999852
0.818099999999926	0.109031805687221	0.0502634324902192	0.0521999999999853
0.820099999999926	0.109414392992457	0.0505513839668546	0.0524899999999852
0.822099999999926	0.109794937621248	0.050836709554914	0.0527799999999851
0.824099999999926	0.110173653348241	0.0511210357848853	0.0530699999999851
0.826099999999925	0.110550495026152	0.0514032799428541	0.0533599999999851
0.828099999999925	0.110925568517373	0.05168405190522	0.0536399999999925
0.830099999999925	0.111298973491836	0.0519639469103288	0.0539299999999925
0.832099999999925	0.111670639877	0.0522415051091847	0.0542199999999849
0.834099999999924	0.112040716648405	0.0525178691691429	0.0544999999999924
0.836099999999924	0.112409239063096	0.052792946940272	0.0547899999999924
0.838099999999924	0.112776235088428	0.053066507930072	0.0550799999999848
0.840099999999924	0.11314174892715	0.053338598168437	0.0553599999999924
0.842099999999924	0.113505866331783	0.0536097821379205	0.0556499999999847
0.844099999999923	0.113868587726733	0.053879571528249	0.0559299999999847
0.846099999999923	0.114229957644966	0.054147882553429	0.0562099999999923
0.848099999999923	0.114590036134931	0.0544150135882862	0.0564999999999846
0.850099999999923	0.11494886967299	0.0546812470753988	0.0567799999999845
0.852099999999922	0.115306461197181	0.0549459851837895	0.0570599999999922
0.854099999999922	0.115662863998053	0.0552096362868122	0.0573399999999922
0.856099999999922	0.116018201260799	0.0554747355353259	0.0576199999999922
0.858099999999922	0.116372469618323	0.055746321442767	0.0578999999999922
0.860099999999922	0.116725402335103	0.0560169970458775	0.0581799999999922
0.862099999999921	0.117077025087653	0.0562860501185997	0.0584599999999921
0.864099999999921	0.117427382950553	0.0565538917459821	0.0587399999999921
0.866099999999921	0.117776520906964	0.0568209234989203	0.0590199999999921
0.868099999999921	0.118124460737706	0.0570865615398498	0.0592999999999921
0.87009999999992	0.118471240915817	0.0573512069292565	0.0595799999999841
0.87209999999992	0.118816897577116	0.0576144135337609	0.059849999999992
0.87409999999992	0.119161462023987	0.0578769235520147	0.060129999999992
0.87609999999992	0.119504965791594	0.0581381728450971	0.0604099999999839
0.87809999999992	0.119847432205901	0.0583984228919425	0.060679999999992
0.880099999999919	0.120188712979177	0.0586635765872103	0.0609599999999919
0.882099999999919	0.120528723806928	0.0589309858329051	0.0612399999999838
0.884099999999919	0.120867554543082	0.0591976885041892	0.0615099999999919
0.886099999999919	0.121205266751506	0.0594628976873278	0.0617899999999837
0.888099999999919	0.121541866002621	0.0597273416345292	0.0620599999999919
0.890099999999918	0.121877419265435	0.0599902488520734	0.0623299999999918
0.892099999999918	0.12221191651863	0.0602525610194526	0.0626099999999836
0.894099999999918	0.122545411785348	0.0605137381771882	0.0628799999999918
0.896099999999918	0.122877194008572	0.0607828553139682	0.0631499999999918
0.898099999999917	0.123207843168596	0.0610505272113393	0.0634299999999835
0.900099999999917	0.123537352587049	0.0613173572921293	0.0636999999999917
0.902099999999917	0.123865797572674	0.0615828093411772	0.0639699999999917
0.904099999999917	0.124193164605403	0.0618474778111942	0.0642399999999917
0.906099999999917	0.124519538272104	0.0621107241397342	0.0645099999999916
0.908099999999916	0.124844902701583	0.0623731353883168	0.0647799999999916
0.910099999999916	0.125169303011441	0.0626345158918182	0.0650599999999832
0.912099999999916	0.12549280176659	0.0628945738847989	0.0653299999999832
0.914099999999916	0.125815357750947	0.0631539796758046	0.0655999999999831
0.916099999999915	0.126137064500146	0.0634121205422739	0.0658599999999915
0.918099999999915	0.126457877572068	0.0636696565152017	0.0661299999999915
0.920099999999915	0.12677789035383	0.0639259816904462	0.0663999999999915
0.922099999999915	0.127097043374503	0.064181848234495	0.0666699999999915
0.924099999999915	0.127415403370912	0.0644368603328705	0.0669399999999915
0.926099999999914	0.127733016740588	0.0646908358478521	0.0672099999999828
0.928099999999914	0.128049856200024	0.0649442085527248	0.0674699999999914
0.930099999999914	0.128365989778787	0.0651965893137057	0.0677399999999914
0.932099999999914	0.128681401151713	0.06544830716778	0.0680099999999914
0.934099999999913	0.12899614686332	0.0656990776914289	0.0682799999999827
0.936099999999913	0.129310195447395	0.0659493224947723	0.0685399999999913
0.938099999999913	0.129623587062987	0.0661988562476906	0.0688099999999826
0.940099999999913	0.129936340626914	0.0664476984633683	0.0690699999999913
0.942099999999913	0.130248512405443	0.0666955749786916	0.0693399999999912
0.944099999999912	0.130560040053428	0.0669430883840469	0.0695999999999912
0.946099999999912	0.130871016487475	0.0671896710560281	0.0698699999999912
0.948099999999912	0.131181378280159	0.0674359191757237	0.0701299999999912
0.950099999999912	0.131491203177355	0.0676813628867338	0.0703999999999912
0.952099999999911	0.131799819028261	0.0679301587317273	0.0706599999999911
0.954099999999911	0.132107113005096	0.0681821869836994	0.0709299999999823
0.956099999999911	0.132413726081437	0.0684335512803825	0.0711899999999911
0.958099999999911	0.132719742962001	0.0686838897129278	0.0714499999999911
0.960099999999911	0.133025079221036	0.068933793871047	0.0717199999999821
0.96209999999991	0.133329835325041	0.0691828049714166	0.071979999999991
0.96409999999991	0.133633960334475	0.0694313217807244	0.072239999999991
0.96609999999991	0.133937519674821	0.0696790782203996	0.072499999999991
0.96809999999991	0.134240157960904	0.0699278801378357	0.0727699999999819
0.970099999999909	0.134540988047129	0.0701814920751119	0.0730299999999819
0.972099999999909	0.134841089819532	0.0704345817639708	0.0732899999999909
0.974099999999909	0.135140518206221	0.0706869749523956	0.0735499999999909
0.976099999999909	0.135439395191392	0.070938232735249	0.0738099999999909
0.978099999999909	0.135737591857809	0.0711890203133158	0.0740699999999909
0.980099999999908	0.136035250779697	0.0714388072755742	0.0743299999999908
0.982099999999908	0.13633219887058	0.0716884298273176	0.0745899999999908
0.984099999999908	0.136628702126182	0.0719368172371901	0.0748499999999908
0.986099999999908	0.136924566022647	0.0721848896312686	0.0751099999999908
0.988099999999908	0.137219931620401	0.0724321251872919	0.0753699999999908
0.990099999999907	0.137514683507925	0.0726790746851857	0.0756299999999907
0.992099999999907	0.137809030283842	0.0729249580771631	0.0758899999999907
0.994099999999907	0.138102813641619	0.0731704969297289	0.0761499999999907
0.996099999999907	0.138396173560418	0.0734151801728666	0.0764099999999907
0.998099999999906	0.138688996919205	0.0736595476645065	0.0766699999999906
1.00009999999991	0.138979451749001	0.0739101410160579	0.0769299999999813
1.00209999999991	0.139269294296085	0.0741601865326196	0.0771799999999906
1.00409999999991	0.139558612763312	0.0744094397908221	0.0774399999999906
1.00609999999991	0.139847474015311	0.0746577495208283	0.0776999999999906
1.00809999999991	0.140135742331284	0.0749056490608971	0.0779599999999811
1.01009999999991	0.140423506379105	0.0751528968538639	0.078219999999981
1.0120999999999	0.140710777721657	0.0753995072010934	0.0784699999999905
1.0140999999999	0.140997642686518	0.0756452431503959	0.0787299999999905
1.0160999999999	0.141284040708492	0.0758903759943187	0.0789899999999809
1.0180999999999	0.141569907643837	0.0761351678604665	0.0792399999999904
1.0200999999999	0.141855325463084	0.0763793764770706	0.0794999999999904
1.0220999999999	0.142140330324116	0.0766229318629622	0.0797499999999904
1.0240999999999	0.14242488267802	0.0768660165760167	0.0800099999999904
1.0260999999999	0.142708993620202	0.077108639930349	0.0802699999999807
1.0280999999999	0.142992724082388	0.077350654838072	0.0805199999999903
1.0300999999999	0.143276034892261	0.0775922349326587	0.0807799999999806
1.0320999999999	0.143559010679721	0.0778331507819676	0.0810299999999903
1.0340999999999	0.143841560400815	0.0780737379726246	0.0812899999999805
1.0360999999999	0.144123793191446	0.0783136845921505	0.0815399999999902
1.0380999999999	0.144405638633911	0.0785532402927858	0.0817999999999804
1.0400999999999	0.144687131098673	0.0787923347329458	0.0820499999999902
1.0420999999999	0.144968332196036	0.079030823616139	0.0823099999999803
1.0440999999999	0.145249068918097	0.0792692627842112	0.0825599999999901
1.0460999999999	0.14552963046352	0.0795068058744903	0.0828099999999901
1.0480999999999	0.145809795944304	0.0797441629461951	0.0830699999999901
1.0500999999999	0.146089647501272	0.0799811086535974	0.0833199999999901
1.0520999999999	0.146368945443106	0.0802183548695036	0.0835699999999901
1.0540999999999	0.146645937135282	0.0804606631947886	0.08382999999999
1.0560999999999	0.146922611006525	0.0807022952019846	0.08407999999999
1.0580999999999	0.147198859857557	0.0809435714685049	0.08432999999999
1.0600999999999	0.147474752567656	0.0811843516155343	0.0845899999999799
1.0620999999999	0.1477502969806	0.0814246462309174	0.0848399999999899
1.0640999999999	0.148025500844447	0.0816644663227099	0.0850899999999899
1.0660999999999	0.148300430738612	0.0819036731856427	0.0853399999999899
1.0680999999999	0.148574952308944	0.082142654171643	0.0855999999999797
1.0700999999999	0.148849211655353	0.0823810385514689	0.0858499999999899
1.0720999999999	0.149121760107196	0.0826224565895672	0.0860999999999898
1.0740999999999	0.149392842991306	0.0828660612997786	0.0863499999999898
1.0760999999999	0.149663583282931	0.0831090369558946	0.0865999999999898
1.0780999999999	0.149933929558871	0.0833515464089135	0.0868599999999795
1.0800999999999	0.150204044570451	0.0835932320494694	0.0871099999999795
1.0820999999999	0.150473630144403	0.0838348491580555	0.0873599999999794
1.0840999999999	0.150743063268971	0.084075520743855	0.0876099999999897
1.0860999999999	0.151012076353338	0.0843159241736641	0.0878599999999897
1.0880999999999	0.151280859933673	0.084555627987897	0.0881099999999897
1.0900999999999	0.151549235645518	0.084795078687534	0.0883599999999896
1.0920999999999	0.151817271274795	0.0850341375131776	0.0886099999999896
1.0940999999999	0.152085036137121	0.0852726736141647	0.0888599999999896
1.0960999999999	0.15235247681471	0.0855108398159084	0.0891099999999896
1.0980999999999	0.152619660662429	0.0857485045778628	0.0893599999999895
1.1000999999999	0.152886597406775	0.0859856788700332	0.0896099999999895
1.1020999999999	0.153153136474048	0.0862227252546809	0.0898599999999895
1.10409999999989	0.153419534012709	0.0864590897530019	0.0901099999999895
1.10609999999989	0.153685610360012	0.08669520485587	0.0903599999999894
1.10809999999989	0.153951525385709	0.086930729287876	0.0906099999999894
1.11009999999989	0.154217099741155	0.0871660876779888	0.0908599999999894
1.11209999999989	0.154482460207139	0.0874010095788906	0.0911099999999894
1.11409999999989	0.154747584324262	0.0876355747077006	0.0913599999999787
1.11609999999989	0.155012476950496	0.08786979014435	0.0916099999999787
1.11809999999989	0.15527714279733	0.0881036633750688	0.0918499999999893
1.12009999999989	0.155541680698211	0.0883370008035306	0.0920999999999893
1.12209999999989	0.155804435132224	0.0885732892666781	0.0923499999999893
1.12409999999989	0.156065877244785	0.0888113554257306	0.0925999999999893
1.12609999999989	0.156326955355557	0.089049199826717	0.0928499999999892
1.12809999999989	0.156587872650365	0.0892864202233973	0.0930999999999784
1.13009999999989	0.156848436100772	0.0895234322149651	0.0933399999999892
1.13209999999989	0.157108716413436	0.0897601052812259	0.0935899999999892
1.13409999999989	0.157368753159003	0.0899963830842212	0.0938399999999891
1.13609999999989	0.157628584261414	0.0902322079307275	0.0940899999999782
1.13809999999989	0.157888149942747	0.0904677207055358	0.0943299999999891
1.14009999999989	0.158147489151109	0.0907028650824188	0.0945799999999891
1.14209999999989	0.158406705923767	0.0909374522221441	0.0948299999999891
1.14409999999989	0.158665639767556	0.0911718189490641	0.0950799999999781
1.14609999999989	0.158924361055621	0.0914058393503843	0.095319999999989
1.14809999999989	0.159182907689266	0.0916394540536178	0.095569999999989
1.15009999999989	0.159441182036109	0.0918728630686246	0.095819999999978
1.15209999999989	0.15969925439426	0.0921059421657591	0.096059999999989
1.15409999999989	0.159957162110809	0.09233863594285	0.0963099999999889
1.15609999999989	0.160214944876727	0.0925708894234414	0.0965599999999778
1.15809999999989	0.160472374410172	0.092803153733285	0.0967999999999889
1.16009999999989	0.160729718477494	0.0930349263656068	0.0970499999999889
1.16209999999989	0.160986982004101	0.093266217075481	0.0972999999999777
1.16409999999989	0.16124393843472	0.0934974708272168	0.0975399999999888
1.16609999999989	0.161500851402888	0.0937281895042814	0.0977899999999888
1.16809999999989	0.161756666663838	0.0939603313416195	0.0980299999999888
1.17009999999989	0.162010334918583	0.0941956760129354	0.0982799999999888
1.17209999999989	0.162263897907741	0.0944304613760292	0.0985199999999887
1.17409999999989	0.162517044733444	0.0946652608281804	0.0987699999999887
1.17609999999989	0.162770131067984	0.0948994536012796	0.0990199999999774
1.17809999999989	0.163022985385409	0.0951333637248582	0.0992599999999887
1.18009999999989	0.16327554313496	0.0953671204634945	0.0995099999999773
1.18209999999989	0.163528089080721	0.0956002376193694	0.0997499999999886
1.18409999999989	0.163780348771413	0.0958332181320408	0.0999999999999772
1.18609999999989	0.164032464601518	0.0960658217794977	0.100239999999989
1.18809999999989	0.16428444106605	0.0962980535318588	0.100489999999977
1.19009999999989	0.164534856790986	0.0965323153775122	0.100729999999989
1.19209999999989	0.164783568402312	0.0967687281391318	0.100979999999977
1.19409999999988	0.165032000592982	0.0970048724739812	0.101219999999989
1.19609999999988	0.165280121360624	0.0972408148666471	0.101459999999988
1.19809999999988	0.165528267563087	0.0974760171176128	0.101709999999988
1.20009999999988	0.16577607660151	0.0977110961124458	0.101949999999988
1.20209999999988	0.166023734512281	0.0979457545634098	0.102199999999988
1.20409999999988	0.166271282246592	0.0981799387663218	0.102439999999988
1.20609999999988	0.166518575604524	0.0984138958696291	0.102689999999977
1.20809999999988	0.166765692691047	0.0986475126674486	0.102929999999988
1.21009999999988	0.167012745789614	0.0988806171086248	0.103169999999988
1.21209999999988	0.16725940922305	0.0991137464292725	0.103419999999988
1.21409999999988	0.167505979393261	0.099346434718326	0.103659999999988
1.21609999999988	0.167752496866061	0.099578634037344	0.103909999999977
1.21809999999988	0.167998672792404	0.0998108172612551	0.104149999999988
1.22009999999988	0.168244767028472	0.100042583050111	0.104389999999988
1.22209999999988	0.168490855561112	0.10027382640219	0.104639999999976
1.22409999999988	0.168736652297682	0.100505014538614	0.104879999999988
1.22609999999988	0.168982303540826	0.100735919675402	0.105119999999988
1.22809999999988	0.169227848126191	0.100966490948127	0.105359999999988
1.23009999999988	0.169473326354289	0.101196677354211	0.105609999999988
1.23209999999988	0.169718558380968	0.101426766305949	0.105849999999988
1.23409999999988	0.169963655521196	0.101656592230053	0.106089999999988
1.23609999999988	0.170208656507917	0.101886105652495	0.106339999999976
1.23809999999988	0.170453494132337	0.102115425408082	0.106579999999988
1.24009999999988	0.17069824170529	0.102344444436719	0.106819999999988
1.24209999999988	0.170942866315125	0.102573223834593	0.107059999999988
1.24409999999988	0.171187336312992	0.102801825502912	0.107309999999976
1.24609999999988	0.171431724645663	0.103030143297997	0.107549999999988
1.24809999999988	0.171676105904971	0.103258071869169	0.107789999999988
1.25009999999988	0.171920230487696	0.103485997947432	0.108029999999988
1.25209999999988	0.1721642783266	0.103713650298551	0.108279999999976
1.25409999999988	0.172408216168725	0.103941087225345	0.108519999999988
1.25609999999988	0.172652152749054	0.104168149144015	0.108759999999988
1.25809999999988	0.172895767382349	0.104395325989891	0.108999999999988
1.26009999999988	0.173139349505368	0.104622189582433	0.109239999999988
1.26209999999988	0.173382865282958	0.104848800652683	0.109489999999975
1.26409999999988	0.173625155654174	0.10507684182607	0.109729999999988
1.26609999999988	0.17386545436233	0.105307341802586	0.109969999999988
1.26809999999988	0.174105628046295	0.105537573876766	0.110209999999988
1.27009999999988	0.174345717495242	0.105767488230062	0.110449999999988
1.27209999999988	0.174585610346243	0.105997251340759	0.110689999999988
1.27409999999988	0.174825422038045	0.106226707135903	0.110939999999975
1.27609999999988	0.175065156241207	0.106455860119871	0.111179999999975
1.27809999999988	0.175304737515717	0.106684821159174	0.111419999999988
1.28009999999988	0.175544169584826	0.106913593185517	0.111659999999988
1.28209999999988	0.175783415754874	0.107142232509028	0.111899999999988
1.28409999999988	0.176022667154734	0.107370483212016	0.112139999999987
1.28609999999987	0.176261851815925	0.10759845504443	0.112379999999987
1.28809999999987	0.176500895376426	0.107826258278225	0.112619999999987
1.29009999999987	0.176739800504351	0.108053893924832	0.112859999999987
1.29209999999987	0.176978605655558	0.108281313626253	0.113099999999987
1.29409999999987	0.177217461505977	0.108508316699142	0.113349999999975
1.29609999999987	0.177456109388108	0.108735266541488	0.113589999999975
1.29809999999987	0.17769462549712	0.108962061833258	0.113829999999975
1.30009999999987	0.177931029715666	0.109191338612876	0.114069999999987
1.30209999999987	0.178166271927957	0.109421749541582	0.114309999999987
1.30409999999987	0.178401400857687	0.109651890520973	0.114549999999987
1.30609999999987	0.178636301861128	0.109881920337399	0.114789999999987
1.30809999999987	0.178871211442075	0.110111537663804	0.115029999999987
1.31009999999987	0.179106131837837	0.110340750112349	0.115269999999987
1.31209999999987	0.179340794138649	0.110569918937549	0.115509999999987
1.31409999999987	0.179575392503084	0.110798792627992	0.115749999999987
1.31609999999987	0.179809890966186	0.111027427061007	0.115989999999987
1.31809999999987	0.180044330695516	0.11125577545664	0.116229999999987
1.32009999999987	0.180278634325584	0.111483943323915	0.116469999999987
1.32209999999987	0.180512843476148	0.111711884444478	0.116709999999987
1.32409999999987	0.180746844455272	0.11193975178031	0.116949999999987
1.32609999999987	0.180980832462399	0.112167301979787	0.117189999999987
1.32809999999987	0.181214809394539	0.112394540960578	0.117429999999987
1.33009999999987	0.181447345819609	0.112623265545444	0.117669999999987
1.33209999999987	0.181677862402801	0.112854127667987	0.117909999999987
1.33409999999987	0.181908276716698	0.113084715783997	0.118149999999974
1.33609999999987	0.182138711001496	0.113314886867032	0.118389999999974
1.33809999999987	0.182368966761912	0.113544894730235	0.118629999999974
1.34009999999987	0.182599126142894	0.113774643686699	0.118859999999987
1.34209999999987	0.182829190988901	0.114004138400493	0.119099999999987
1.34409999999987	0.183059163130037	0.114233383234981	0.119339999999987
1.34609999999987	0.183289004384514	0.114462429641056	0.119579999999987
1.34809999999987	0.183518795145944	0.114691185390538	0.119819999999987
1.35009999999987	0.183748497857512	0.114919704003372	0.120059999999987
1.35209999999987	0.183978115377753	0.115147992322484	0.120299999999987
1.35409999999987	0.184207649313386	0.115376054484057	0.120539999999987
1.35609999999987	0.184437100980207	0.11560389364235	0.120779999999987
1.35809999999987	0.184666471372616	0.115831512493905	0.121019999999973
1.36009999999987	0.184895879995573	0.116058772905689	0.121259999999973
1.36209999999987	0.185125092285338	0.116285963341691	0.121489999999987
1.36409999999987	0.185354188488925	0.11651299061759	0.121729999999987
1.36609999999987	0.185583247653643	0.116739764944658	0.121969999999987
1.36809999999987	0.185812193666128	0.116966383265624	0.122209999999987
1.37009999999987	0.186041222533557	0.117192616352562	0.122449999999987
1.37209999999987	0.186270023546748	0.117418839769485	0.122689999999973
1.37409999999987	0.18649867520202	0.11764496237576	0.122929999999973
1.37609999999986	0.186727374932509	0.117870758303181	0.123159999999986
1.37809999999986	0.186955969112931	0.118096416983255	0.123399999999986
1.38009999999986	0.187184497432323	0.118321895746087	0.123639999999986
1.38209999999986	0.187413039194965	0.118547106319498	0.123879999999986
1.38409999999986	0.187641477472043	0.118772189397503	0.124119999999973
1.38609999999986	0.187869815266097	0.118997147641097	0.124349999999986
1.38809999999986	0.188098091773778	0.119221938125406	0.124589999999986
1.39009999999986	0.188326345936127	0.119446518121515	0.124829999999986
1.39209999999986	0.188554502402193	0.119670980179259	0.125069999999986
1.39409999999986	0.188782638645721	0.119895237953275	0.125309999999973
1.39609999999986	0.18901079479398	0.120119248818605	0.125539999999986
1.39809999999986	0.189238816159394	0.120343193200556	0.125779999999986
1.40009999999986	0.189466666125099	0.120567117267884	0.126019999999986
1.40209999999986	0.189694538590203	0.120790802294269	0.126259999999986
1.40409999999986	0.189922395769311	0.121014297836652	0.126499999999972
1.40609999999986	0.190150200720726	0.121237650707335	0.126729999999986
1.40809999999986	0.190377954264794	0.121460863000674	0.126969999999986
1.41009999999986	0.190605656958027	0.121683936452421	0.127209999999986
1.41209999999986	0.190833424137313	0.121906742481473	0.127449999999972
1.41409999999986	0.191061027543227	0.122129545427782	0.127679999999986
1.41609999999986	0.191288544471573	0.12235225841667	0.127919999999986
1.41809999999986	0.191516051081715	0.122574797382812	0.128159999999986
1.42009999999986	0.191741890007337	0.122798996574117	0.128399999999972
1.42209999999986	0.191966086512717	0.123024772859295	0.128629999999986
1.42409999999986	0.192190264312711	0.123250324029834	0.128869999999986
1.42609999999986	0.192414425615813	0.123475653104758	0.129109999999986
1.42809999999986	0.192638489894124	0.123700849935933	0.129339999999986
1.43009999999986	0.192862498906194	0.123925873825415	0.129579999999986
1.43209999999986	0.193086453655597	0.124150727896389	0.129819999999986
1.43409999999986	0.193310355180414	0.124375415071309	0.130059999999972
1.43609999999986	0.193534164950419	0.124599979654788	0.130289999999986
1.43809999999986	0.193757922885693	0.124824381565291	0.130529999999986
1.44009999999986	0.193981668918627	0.125048581630114	0.130769999999972
1.44209999999986	0.194205443669359	0.125272539261489	0.130999999999986
1.44409999999986	0.194429051350876	0.125496469877214	0.131239999999986
1.44609999999986	0.194652328828447	0.125720546218823	0.131479999999971
1.44809999999986	0.194872622607391	0.125947523577	0.131709999999986
1.45009999999986	0.195092819668074	0.126174338382289	0.131949999999986
1.45209999999986	0.19531300176356	0.126400909102109	0.132189999999971
1.45409999999986	0.195533129680997	0.126627281910188	0.132419999999986
1.45609999999986	0.195753203997092	0.126853459064085	0.132659999999986
1.45809999999986	0.195973225701337	0.127079443932191	0.132899999999971
1.46009999999986	0.196193277084911	0.127305155687457	0.133129999999986
1.46209999999986	0.196413195892604	0.127530764860516	0.133369999999986
1.46409999999986	0.196633064626057	0.127756190592378	0.133609999999971
1.46609999999985	0.196852844303141	0.1279814772237	0.133839999999985
1.46809999999985	0.197072615535669	0.128206545065168	0.134079999999985
1.47009999999985	0.197292339103687	0.128431437925005	0.134309999999985
1.47209999999985	0.197512015851956	0.128656158753498	0.134549999999985
1.47409999999985	0.197731526284755	0.128880833223152	0.134789999999985
1.47609999999985	0.197951072601554	0.129105260648791	0.135019999999985
1.47809999999985	0.198170614784073	0.129329486470152	0.135259999999985
1.48009999999985	0.198390114184566	0.129553554810172	0.135499999999971
1.48209999999985	0.198609531909075	0.129777507875302	0.135729999999985
1.48409999999985	0.198828908111569	0.130001307737146	0.135969999999985
1.48609999999985	0.199048243614141	0.13022495739448	0.136199999999985
1.48809999999985	0.199267658384522	0.130448339786235	0.136439999999985
1.49009999999985	0.199486914759904	0.130671697806647	0.13667999999997
1.49209999999985	0.199706132427901	0.130894912913471	0.136909999999985
1.49409999999985	0.1999253512786	0.131117948399558	0.137149999999985
1.49609999999985	0.20014449386857	0.13134088612401	0.137379999999985
1.49809999999985	0.200363599555734	0.131563687616602	0.137619999999985
1.50009999999985	0.200582668962659	0.131786355220925	0.137849999999985
1.50209999999985	0.200799090470877	0.132011431648308	0.138089999999985
1.50409999999985	0.201014858093029	0.132236927018075	0.13832999999997
1.50609999999985	0.20123058534784	0.132462243938484	0.138559999999985
1.50809999999985	0.201446232486211	0.132687424741814	0.138799999999985
1.51009999999985	0.201661881178629	0.13291239350591	0.139029999999985
1.51209999999985	0.20187749159677	0.133137192554745	0.139269999999985
1.51409999999985	0.202093064344773	0.133361824484729	0.139499999999985
1.51609999999985	0.202308721836696	0.133586174981745	0.139739999999985
1.51809999999985	0.202524220957948	0.133810480622814	0.139969999999985
1.52009999999985	0.202739684179279	0.134034626608171	0.140209999999985
1.52209999999985	0.202955112167943	0.134258615750384	0.14044999999997
1.52409999999985	0.203170505659526	0.134482450946784	0.140679999999985
1.52609999999985	0.203385864953195	0.134706133800815	0.14091999999997
1.52809999999985	0.203601190653179	0.134929666868901	0.141149999999985
1.53009999999985	0.203816483437629	0.135153052847769	0.14138999999997
1.53209999999985	0.204031703781585	0.135376330842346	0.141619999999985
1.53409999999985	0.204246892016486	0.135599465213196	0.14185999999997
1.53609999999985	0.204462088436926	0.135822421246246	0.142089999999985
1.53809999999985	0.204677214374142	0.136045276623127	0.142329999999969
1.54009999999985	0.204892349281962	0.136267957814748	0.142559999999985
1.54209999999985	0.20510741467363	0.136490542249627	0.142799999999969
1.54409999999985	0.205322450577496	0.136712994726246	0.143029999999985
1.54609999999985	0.20553745746872	0.136935317182047	0.143269999999969
1.54809999999985	0.205752475135913	0.137157474901729	0.143499999999985
1.55009999999985	0.20596746477809	0.137379507575196	0.143739999999969
1.55209999999985	0.206182426814698	0.137601417165612	0.143969999999985
1.55409999999985	0.206397322258813	0.137823241072841	0.144209999999969
1.55609999999985	0.206612190690022	0.138044944267616	0.144439999999985
1.55809999999984	0.206827150973364	0.138266419127354	0.144679999999969
1.56009999999984	0.207042005581111	0.13848785072937	0.144909999999984
1.56209999999984	0.20725671640621	0.138709277029738	0.145149999999969
1.56409999999984	0.207471519822952	0.138930480088888	0.145379999999984
1.56609999999984	0.207686376840444	0.139151498340273	0.145609999999984
1.56809999999984	0.207901130022491	0.139372479129048	0.145849999999984
1.57009999999984	0.208115858658071	0.139593351116223	0.146079999999984
1.57209999999984	0.208330563110767	0.139814116026269	0.146319999999984
1.57409999999984	0.208545243867117	0.140034775912461	0.146549999999984
1.57609999999984	0.208759862370821	0.140255367034946	0.146789999999984
1.57809999999984	0.208974496141216	0.140475819449571	0.147019999999984
1.58009999999984	0.209188749331163	0.140696495003807	0.147259999999968
1.58209999999984	0.209400117399423	0.140919618914365	0.147489999999984
1.58409999999984	0.209611460153956	0.141142600417923	0.147719999999984
1.58609999999984	0.209822738102363	0.141365477730865	0.147959999999984
1.58809999999984	0.210034031532969	0.141588181279428	0.148189999999984
1.59009999999984	0.210245260993847	0.141810784477896	0.148429999999984
1.59209999999984	0.210456466774806	0.14203325387887	0.148659999999984
1.59409999999984	0.210667689036177	0.142255556729942	0.148899999999968
1.59609999999984	0.210878888625863	0.142477731534514	0.149129999999984
1.59809999999984	0.211090026065528	0.142699814616242	0.149359999999984
1.60009999999984	0.211301180928528	0.142921737663974	0.149599999999984
1.60209999999984	0.211512274615716	0.14314357365976	0.149829999999984
1.60409999999984	0.211723386474757	0.143365254490911	0.150069999999984
1.60609999999984	0.211934477292895	0.143586816999405	0.150299999999984
1.60809999999984	0.212145508106453	0.143808298049432	0.150539999999968
1.61009999999984	0.212355986246106	0.144030123390494	0.150769999999984
1.61209999999984	0.212563739986916	0.144254137491379	0.150999999999984
1.61409999999984	0.212771432091441	0.144478027714217	0.151239999999984
1.61609999999984	0.21297914427733	0.144701726366649	0.151469999999984
1.61809999999984	0.213186836408037	0.144925271934475	0.151699999999984
1.62009999999984	0.213394508641827	0.145148665996405	0.151939999999984
1.62209999999984	0.213602161340023	0.145371911120474	0.152169999999984
1.62409999999984	0.213809754538475	0.145595044367057	0.152409999999967
1.62609999999984	0.214017328989506	0.145818033365379	0.152639999999984
1.62809999999984	0.214224925102998	0.146040845593631	0.152869999999984
1.63009999999984	0.214432462827409	0.146263552359326	0.153109999999984
1.63209999999984	0.214640022739919	0.146486087475434	0.153339999999984
1.63409999999984	0.21484756518254	0.146708488231026	0.153569999999984
1.63609999999984	0.21505509022867	0.146930755638755	0.153809999999984
1.63809999999984	0.215262598151706	0.147152891753064	0.154039999999984
1.64009999999984	0.21547008932181	0.147374898875566	0.154279999999967
1.64209999999984	0.215677524020096	0.147596811495163	0.154509999999984
1.64409999999984	0.215884982054044	0.147818564435793	0.154739999999984
1.64609999999984	0.216092303992151	0.148040294928699	0.154979999999967
1.64809999999983	0.216299810693148	0.148261736337709	0.155209999999984
1.65009999999983	0.216507181731911	0.148483158092299	0.155439999999983
1.65209999999983	0.216714457403217	0.148704528593551	0.155679999999983
1.65409999999983	0.216921837730051	0.148925683719362	0.155909999999983
1.65609999999983	0.217129322488919	0.149146626491029	0.156139999999983
1.65809999999983	0.217336554356755	0.149367656653011	0.156379999999983
1.66009999999983	0.217543851694789	0.149588510137213	0.156609999999983
1.66209999999983	0.217751174193018	0.149809222836411	0.156839999999983
1.66409999999983	0.21795844355884	0.150029861816335	0.157079999999983
1.66609999999983	0.218165699193661	0.150250395427954	0.157309999999983
1.66809999999983	0.218372941281903	0.150470825464338	0.157539999999983
1.67009999999983	0.218580170076228	0.150691153996844	0.157779999999983
1.67209999999983	0.218787385753107	0.150911382294753	0.158009999999983
1.67409999999983	0.21899462743248	0.151131479985657	0.158239999999983
1.67609999999983	0.219201817430996	0.151351513072077	0.158479999999966
1.67809999999983	0.21940899486451	0.151571450870567	0.158709999999983
1.68009999999983	0.219616198744835	0.151791263162446	0.158939999999983
1.68209999999983	0.219823390334595	0.152010983130591	0.159179999999966
1.68409999999983	0.220030531078507	0.15223064369747	0.159409999999983
1.68609999999983	0.220237698501586	0.152450182776576	0.159639999999983
1.68809999999983	0.220444854188507	0.152669634025114	0.159869999999983
1.69009999999983	0.220651998126971	0.152888997919548	0.160109999999983
1.69209999999983	0.220859092029372	0.153108307532681	0.160339999999983
1.69409999999983	0.221065215832773	0.153328299066779	0.160569999999983
1.69609999999983	0.221269245672029	0.153549844524699	0.160809999999983
1.69809999999983	0.22147314446764	0.153771363326148	0.161039999999983
1.70009999999983	0.221676912980384	0.153992856899718	0.161269999999983
1.70209999999983	0.221880911793652	0.154214040639182	0.161509999999966
1.70409999999983	0.222084660862344	0.154435297700571	0.161739999999983
1.70609999999983	0.222288520167482	0.154656344053377	0.161969999999983
1.70809999999983	0.222492369940958	0.15487727727285	0.162199999999983
1.71009999999983	0.222696210332796	0.155098099348188	0.162439999999966
1.71209999999983	0.22290000210805	0.155318842637663	0.162669999999983
1.71409999999983	0.223103784757913	0.155539477166786	0.162899999999983
1.71609999999983	0.22330759771211	0.155759974205963	0.163129999999983
1.71809999999983	0.223511362615519	0.155980397687278	0.163369999999983
1.72009999999983	0.223715118876154	0.15620071819125	0.163599999999983
1.72209999999983	0.223918866555206	0.15642093706505	0.163829999999983
1.72409999999983	0.224122644824105	0.156641025679735	0.164069999999965
1.72609999999983	0.224326493800315	0.156860955435303	0.164299999999983
1.72809999999983	0.224530216514203	0.157080879624367	0.164529999999983
1.73009999999983	0.224733969643857	0.157300674367495	0.164759999999983
1.73209999999983	0.224937597040843	0.15752046407112	0.164999999999965
1.73409999999983	0.225141373557685	0.157740036041129	0.165229999999983
1.73609999999983	0.2253449849367	0.157959635840754	0.165459999999983
1.73809999999983	0.225548666860148	0.158179081872222	0.165689999999983
1.74009999999982	0.225752340886678	0.158398436663925	0.165929999999965
1.74209999999982	0.225956007149273	0.158617702017199	0.166159999999982
1.74409999999982	0.226159704318325	0.158836849672841	0.166389999999982
1.74609999999982	0.226363393864231	0.159055910940893	0.166619999999982
1.74809999999982	0.226567037455261	0.159274916893843	0.166859999999965
1.75009999999982	0.226770712012361	0.159493809416003	0.167089999999982
1.75209999999982	0.226974379310372	0.159712620258917	0.167319999999982
1.75409999999982	0.227178039278949	0.159931349549428	0.167549999999982
1.75609999999982	0.227381576360637	0.160150087452327	0.167779999999982
1.75809999999982	0.227585261223758	0.160368627137498	0.168019999999965
1.76009999999982	0.227786363688983	0.160589025655203	0.168249999999982
1.76209999999982	0.227986826508088	0.160809790916028	0.168479999999982
1.76409999999982	0.228187285027347	0.161030443807482	0.168709999999982
1.76609999999982	0.228387739291412	0.161250985935291	0.168949999999964
1.76809999999982	0.228588189416335	0.161471418829641	0.169179999999982
1.77009999999982	0.22878863537796	0.161691743864367	0.169409999999982
1.77209999999982	0.228989077252619	0.161911963065237	0.169639999999982
1.77409999999982	0.22918951508258	0.162132078094065	0.169869999999982
1.77609999999982	0.229389909963775	0.162352119929404	0.170109999999964
1.77809999999982	0.229590339885588	0.162572030755101	0.170339999999982
1.78009999999982	0.229790648229623	0.162791929732728	0.170569999999982
1.78209999999982	0.229991070586085	0.163011643041845	0.170799999999982
1.78409999999982	0.2301914891267	0.163231260235414	0.171029999999982
1.78609999999982	0.230391865172014	0.163450811407879	0.171269999999964
1.78809999999982	0.230592237532744	0.163670269012231	0.171499999999982
1.79009999999982	0.230792644900072	0.163889606272885	0.171729999999982
1.79209999999982	0.230992167407318	0.164109495066499	0.171959999999982
1.79409999999982	0.231189327658315	0.164330990337833	0.172189999999982
1.79609999999982	0.231386489051044	0.164552361100428	0.172429999999964
1.79809999999982	0.231583651573396	0.164773609739561	0.172659999999982
1.80009999999982	0.231780854889132	0.164994710054986	0.172889999999982
1.80209999999982	0.231977939537491	0.165215779003294	0.173119999999982
1.80409999999982	0.2321751451245	0.165436645087831	0.173349999999982
1.80609999999982	0.232372312226239	0.165657425345035	0.173579999999982
1.80809999999982	0.232569480384809	0.165878093228856	0.173819999999982
1.81009999999982	0.232766688965236	0.166098622103665	0.174049999999982
1.81209999999982	0.232963898492334	0.166319041813524	0.174279999999982
1.81409999999982	0.233161108938887	0.166539354006022	0.174509999999982
1.81609999999982	0.233358320354331	0.166759560673592	0.174739999999982
1.81809999999982	0.23355565100181	0.166979576801766	0.174979999999963
1.82009999999982	0.233752746241921	0.16719965591744	0.175209999999982
1.82209999999982	0.233949960529045	0.16741954571541	0.175439999999982
1.82409999999982	0.234147175660125	0.167639332664034	0.175669999999982
1.82609999999982	0.234344391666022	0.167859017961952	0.175899999999982
1.82809999999982	0.234541608463376	0.168078602610928	0.176129999999982
1.83009999999981	0.234738826033854	0.168298088266297	0.176369999999963
1.83209999999981	0.23493604434092	0.168517476537362	0.176599999999981
1.83409999999981	0.235133224826907	0.168736796747633	0.176829999999981
1.83609999999981	0.235330328064534	0.168956077161155	0.177059999999981
1.83809999999981	0.235527510178218	0.169175209201534	0.177289999999981
1.84009999999981	0.235724731419684	0.169394222874767	0.177519999999981
1.84209999999981	0.235921953241823	0.169613147209894	0.177749999999981
1.84409999999981	0.23611913734366	0.169832010747844	0.177989999999963
1.84609999999981	0.236316322040174	0.170050787390391	0.178219999999981
1.84809999999981	0.236513545483864	0.170269451914445	0.178449999999981
1.85009999999981	0.236710731278955	0.170488060273918	0.178679999999981
1.85209999999981	0.236907917659762	0.170706584904494	0.178909999999981
1.85409999999981	0.237105142624656	0.170924998901431	0.179139999999981
1.85609999999981	0.237302329946063	0.171143357148418	0.179369999999981
1.85809999999981	0.237499517667543	0.171361634234723	0.179609999999962
1.86009999999981	0.237696705785666	0.171579831606136	0.179839999999981
1.86209999999981	0.237893894231124	0.171797950395908	0.180069999999981
1.86409999999981	0.238091082964648	0.172015992217423	0.180299999999981
1.86609999999981	0.238288195551502	0.172234012165962	0.180529999999981
1.86809999999981	0.238485422569824	0.172451878824541	0.180759999999981
1.87009999999981	0.238682649741496	0.172669673047921	0.180989999999981
1.87209999999981	0.238879876983833	0.172887395745547	0.181219999999981
1.87409999999981	0.23907710425958	0.173105048168175	0.181459999999962
1.87609999999981	0.239274294035332	0.173322657845858	0.181689999999981
1.87809999999981	0.239471521310767	0.173540173696709	0.181919999999981
1.88009999999981	0.23966863536196	0.17375770124198	0.182149999999981
1.88209999999981	0.239865862602769	0.173975084360914	0.182379999999981
1.88409999999981	0.240063052351474	0.174192428780595	0.182609999999981
1.88609999999981	0.240260392089061	0.174409605438161	0.182839999999981
1.88809999999981	0.240457618804529	0.174626795309539	0.183069999999981
1.89009999999981	0.240654845274598	0.174843920249126	0.183299999999981
1.89209999999981	0.24085207145578	0.175060981081013	0.183539999999962
1.89409999999981	0.241049297355668	0.175277979151858	0.183769999999962
1.89609999999981	0.241246410848005	0.175494991974907	0.183999999999981
1.89809999999981	0.24144363615452	0.175711865985941	0.184229999999981
1.90009999999981	0.241640861018514	0.175928679431598	0.184459999999981
1.90209999999981	0.241838085407193	0.176145433381818	0.184689999999981
1.90409999999981	0.24203527243325	0.176362154033332	0.184919999999981
1.90609999999981	0.242232458966894	0.176578816186882	0.185149999999981
1.90809999999981	0.242429570466327	0.176795472155945	0.185379999999981
1.91009999999981	0.242626792766007	0.177011996038127	0.185609999999981
1.91209999999981	0.242821198005477	0.177230355469967	0.185849999999961
1.91409999999981	0.243015378022156	0.17744878513105	0.186079999999961
1.91609999999981	0.24320956220816	0.177667131322894	0.186309999999981
1.91809999999981	0.243403750452027	0.177885395594486	0.186539999999981
1.9200999999998	0.243597904976483	0.178103604923969	0.186769999999981
1.9220999999998	0.243792063608085	0.178321733515062	0.18699999999998
1.9240999999998	0.243986226300639	0.17853978064506	0.18722999999998
1.9260999999998	0.244180392914605	0.178757747897544	0.18745999999998
1.9280999999998	0.244374600848167	0.178975611779235	0.18768999999998
1.9300999999998	0.244568774986035	0.179193424185969	0.18791999999998
1.9320999999998	0.24476295277029	0.179411160308204	0.18814999999998
1.9340999999998	0.244957058505598	0.179628871868323	0.18837999999998
1.9360999999998	0.245151280722287	0.179846434987934	0.18860999999998
1.9380999999998	0.245345468932652	0.180063951156092	0.188849999999961
1.9400999999998	0.245539697632414	0.180281371800363	0.189079999999961
1.9420999999998	0.245733929432111	0.180498722633962	0.18930999999998
1.9440999999998	0.24592805204458	0.180716079083796	0.18953999999998
1.9460999999998	0.246122364955489	0.180933243563819	0.18976999999998
1.9480999999998	0.24631656873539	0.181150415011559	0.18999999999998
1.9500999999998	0.246510775539383	0.181367517557223	0.19022999999998
1.9520999999998	0.246704985254146	0.181584552183219	0.19045999999998
1.9540999999998	0.246899197786552	0.181801520083173	0.19068999999998
1.9560999999998	0.247093449886037	0.18201839811681	0.19091999999998
1.9580999999998	0.247284962996499	0.182236985851231	0.19114999999998
1.9600999999998	0.247476179902754	0.182455678847857	0.19137999999998
1.9620999999998	0.247667405772454	0.182674279639529	0.19160999999998
1.9640999999998	0.247858640443179	0.182892789616652	0.19183999999998
1.9660999999998	0.248049883814315	0.183111210238832	0.19206999999998
1.9680999999998	0.248241135737682	0.183329542258002	0.19229999999998
1.9700999999998	0.248432282375768	0.183547860930235	0.19252999999998
1.9720999999998	0.248623551060075	0.183766020683683	0.19276999999996
1.9740999999998	0.248814827777637	0.183984096445192	0.19299999999996
1.9760999999998	0.249006112429068	0.184202089443116	0.19322999999996
1.9780999999998	0.2491973675039	0.184420024581562	0.19345999999996
1.9800999999998	0.249388554786599	0.184637927615355	0.19368999999998
1.9820999999998	0.249579862478749	0.184855679323579	0.19391999999998
1.9840999999998	0.249771252860867	0.185073304727176	0.19414999999998
1.9860999999998	0.249962575283909	0.185290899723539	0.19437999999998
1.9880999999998	0.250153904988497	0.185508416637596	0.19460999999998
1.9900999999998	0.250345129833949	0.185725928663154	0.19483999999998
1.9920999999998	0.250536473767177	0.185943293862682	0.19506999999998
1.9940999999998	0.250727787604289	0.186160608533439	0.19529999999998
1.9960999999998	0.250919145064406	0.186377826652786	0.19552999999998
1.9980999999998	0.251110509015102	0.186594973379606	0.19575999999998
