t	Sv
0	0	0
0.002	0	0
0.0041	2.50818615508013E-06	9.0844E-06
0.006	2.56811401591771E-06	9.08583E-06
0.00800000000000001	2.67864631794106E-06	9.08925E-06
0.0101	2.85155565638671E-06	9.09634E-06
0.0121	3.07611265423107E-06	9.107E-06
0.0141	3.36615631312624E-06	9.12286E-06
0.0161	3.7301417105911E-06	9.14522E-06
0.0180999999999999	4.16555074677372E-06	9.17543E-06
0.0200999999999999	4.6634141518463E-06	9.21496E-06
0.0220999999999999	5.22414485235378E-06	9.26538E-06
0.0240999999999999	5.84809729571552E-06	9.32834999999999E-06
0.0260999999999999	6.53558794597852E-06	9.40564999999999E-06
0.0280999999999999	7.28690988407572E-06	9.49918999999999E-06
0.0300999999999999	8.10234273424421E-06	9.61100999999999E-06
0.0320999999999999	8.98215913833342E-06	9.74329999999999E-06
0.0341	9.92662880104279E-06	9.89842999999999E-06
0.036	1.08840052126806E-05	1.00597E-05
0.0380000000000001	1.19553236066894E-05	1.02654E-05
0.0400000000000001	1.30920920754317E-05	1.05021E-05
0.0420000000000002	1.42945834312083E-05	1.07729000000001E-05
0.0440000000000002	1.55630719922301E-05	1.10814000000001E-05
0.0460000000000003	1.68978333725349E-05	1.14316000000001E-05
0.0480000000000003	1.82991441980758E-05	1.18278000000001E-05
0.0500000000000004	1.97672817949433E-05	1.22747000000002E-05
0.0520000000000005	2.13025238774344E-05	1.27777000000002E-05
0.0540000000000005	2.29051482518894E-05	1.33425000000003E-05
0.0560000000000006	2.45754325446965E-05	1.39755000000004E-05
0.0580000000000006	2.63136539581635E-05	1.46838000000005E-05
0.0600000000000007	2.8120089055085E-05	1.54752000000006E-05
0.0620000000000007	2.99950135711453E-05	1.63584000000007E-05
0.0640000000000008	3.19387022533702E-05	1.73430000000008E-05
0.0660000000000009	3.39514287223891E-05	1.8439500000001E-05
0.0680000000000009	3.60334653561117E-05	1.96596000000012E-05
0.070000000000001	3.81850831924424E-05	2.10162000000014E-05
0.072000000000001	4.04065518487793E-05	2.25234000000017E-05
0.0740000000000011	4.371570717664E-05	2.41969000000019E-05
0.0760000000000012	5.03012887667773E-05	2.60537000000022E-05
0.0780000000000012	5.72132231394041E-05	2.81128000000026E-05
0.0800000000000013	6.44664847337251E-05	3.25385000000031E-05
0.0820000000000013	7.20771541533963E-05	3.78749000000038E-05
0.0840000000000014	8.00624406505218E-05	4.39922000000045E-05
0.0860000000000014	8.84407185671224E-05	5.09876000000054E-05
0.0880000000000015	9.72315743853077E-05	5.89678000000064E-05
0.0900000000000016	0.000106455862441073	6.80501000000075E-05
0.0920000000000016	0.000116135768168952	7.83631000000089E-05
0.0940000000000017	0.000126294878237749	9.00475000000103E-05
0.0960000000000017	0.000136958257250584	0.000103257000000012
0.0980000000000018	0.000148152530889616	0.000118159000000014
0.100000000000002	0.000159905975527481	0.000134937000000016
0.102000000000002	0.000172248614424393	0.000153788000000019
0.104000000000002	0.000185212320690061	0.000174929000000022
0.106000000000002	0.000198830927212711	0.000198591000000025
0.108000000000002	0.00021314034373975	0.000225029000000029
0.110000000000002	0.000228178681245199	0.000254515000000033
0.112000000000002	0.000243986383704963	0.000287345000000038
0.114000000000002	0.000260771763277974	0.000323835000000043
0.116000000000002	0.00027891569574543	0.000364328000000049
0.118000000000002	0.000298528460758078	0.000409193000000056
0.120000000000002	0.000319721053688795	0.000458824000000063
0.122000000000002	0.000342611998912197	0.000513647000000071
0.124000000000003	0.000367327768390101	0.000574116000000081
0.126000000000002	0.000394003217374375	0.000640718000000085
0.128000000000002	0.00042278203769054	0.000713976000000085
0.130000000000002	0.000453817229073123	0.000794446000000084
0.132000000000002	0.000487271589031486	0.000882723000000083
0.134000000000002	0.000523318221732615	0.000979442000000079
0.136000000000001	0.000562141066395244	0.00109
0.138000000000001	0.000603935445697644	0.00120000000000011
0.140000000000001	0.000648908634709399	0.00133
0.142000000000001	0.000697280450865647	0.00146000000000007
0.144	0.000749283865510411	0.00161000000000005
0.146	0.000805165637543973	0.00178000000000003
0.148	0.000865186969717544	0.00196
0.1501	0.000932967137256333	0.00215999999999998
0.1521	0.00100235575932633	0.00236999999999995
0.154099999999999	0.00107677701047833	0.00259999999999987
0.156099999999999	0.00115655778979017	0.00283999999999991
0.158099999999999	0.00124204312056206	0.00310999999999978
0.160099999999999	0.00133359695570219	0.00339999999999974
0.162099999999998	0.00143160300983375	0.00370999999999969
0.164099999999998	0.00153646561873708	0.00403999999999964
0.166099999999998	0.00164861062674925	0.00439999999999961
0.168099999999998	0.00176848630275312	0.00478999999999956
0.170099999999998	0.00189656428539669	0.00520999999999952
0.172099999999997	0.00203334055819309	0.00565999999999921
0.174099999999997	0.00217933645516113	0.00613999999999943
0.176099999999997	0.0023350996976753	0.00665999999999908
0.178099999999997	0.00250120546320425	0.00721999999999901
0.180099999999996	0.00267825748662592	0.00780999999999895
0.182099999999996	0.00286688919481744	0.00844999999999888
0.184099999999996	0.00306776487522744	0.00912999999999881
0.186099999999996	0.00328158087914864	0.00985999999999875
0.188099999999996	0.0035090668604178	0.0106499999999982
0.190099999999995	0.00375098705028065	0.0114799999999982
0.192099999999995	0.00400814156916898	0.0123699999999981
0.194099999999995	0.00428136777614729	0.0133199999999975
0.196099999999995	0.00457154165679633	0.0143399999999974
0.198099999999995	0.00487957925031106	0.0154199999999967
0.200099999999994	0.00520643811660048	0.0165699999999966
0.202099999999994	0.00555311884418724	0.0177899999999964
0.204099999999994	0.00592066659971455	0.0190999999999957
0.206099999999994	0.00631017271987877	0.0204799999999955
0.208099999999993	0.00672277634661542	0.0219499999999954
0.210099999999993	0.00715966610637713	0.0235199999999945
0.212099999999993	0.00762208183435169	0.0251799999999937
0.214099999999993	0.0081113163444787	0.0269399999999935
0.216099999999993	0.00862871724613305	0.0287999999999933
0.218099999999992	0.0091756888083536	0.0307799999999923
0.220099999999992	0.00975369387250524	0.0328799999999913
0.222099999999992	0.0103642558142719	0.0350899999999911
0.224099999999992	0.0110089605558887	0.03743999999999
0.226099999999991	0.0116894586295283	0.0399299999999889
0.228099999999991	0.0124074672927705	0.0425499999999886
0.230099999999991	0.0131647726970875	0.0453299999999874
0.232099999999991	0.0139632321102909	0.0482599999999861
0.234099999999991	0.0148047761938915	0.0513599999999849
0.23609999999999	0.0156914113363349	0.0546199999999845
0.23809999999999	0.0166252220430795	0.0580699999999821
0.24009999999999	0.0176083733844961	0.0617099999999808
0.24209999999999	0.0186431135025706	0.0655399999999793
0.244099999999989	0.019731776177402	0.0695799999999778
0.246099999999989	0.0208767834544919	0.0738299999999762
0.248099999999989	0.0220806483338279	0.0783099999999747
0.250099999999989	0.0233459775217697	0.083019999999973
0.252099999999989	0.0246754742467485	0.0879799999999714
0.254099999999988	0.0260719411397972	0.0931999999999684
0.256099999999988	0.0275382831809289	0.0986799999999668
0.258099999999988	0.0290775107123852	0.104439999999965
0.260099999999988	0.030692742519776	0.110499999999962
0.262099999999987	0.0323872089821331	0.116859999999959
0.264099999999987	0.0341642552918971	0.123529999999957
0.266099999999987	0.0360273447458583	0.130539999999953
0.268099999999987	0.0379800621080632	0.137889999999951
0.270099999999987	0.0400261170456995	0.145599999999948
0.272099999999986	0.0421693476389581	0.153689999999943
0.274099999999986	0.0444137239658708	0.16215999999994
0.276099999999986	0.0467633517631027	0.171039999999935
0.278099999999986	0.0492224761636739	0.180339999999931
0.280099999999985	0.0517954855125656	0.190069999999929
0.282099999999985	0.0544869152611489	0.200269999999923
0.284099999999985	0.0586785774257974	0.210939999999918
0.286099999999985	0.0586785774257974	0.222099999999913
0.288099999999985	0.0586785774257974	0.233769999999909
0.290099999999984	0.0586785774257974	0.245979999999903
0.292099999999984	0.0586785774257974	0.258739999999897
0.294099999999984	0.0586785774257974	0.272069999999891
0.296099999999984	0.0586785774257974	0.285999999999884
0.298099999999983	0.0586785774257974	0.300559999999876
0.300099999999983	0.0586785774257974	0.31574999999987
0.302099999999983	0.23471430970319	0.331609999999863
0.304099999999983	0.23471430970319	0.348159999999856
0.306099999999983	0.23471430970319	0.365429999999847
0.308099999999982	0.23471430970319	0.383439999999838
0.310099999999982	0.23471430970319	0.402229999999828
0.312099999999982	0.23471430970319	0.42180999999982
0.314099999999982	0.23471430970319	0.44221999999981
0.316099999999982	0.23471430970319	0.4634899999998
0.318099999999981	0.23471430970319	0.485649999999788
0.320099999999981	0.23471430970319	0.508729999999777
0.322099999999981	0.23471430970319	0.532759999999765
0.324099999999981	0.23471430970319	0.557769999999754
0.32609999999998	0.23471430970319	0.583809999999739
0.32809999999998	0.23471430970319	0.610899999999726
0.33009999999998	0.528107196832177	0.639089999999712
0.33209999999998	0.528107196832177	0.668399999999697
0.33409999999998	0.528107196832177	0.698879999999683
0.336099999999979	0.528107196832177	0.730569999999664
0.338099999999979	0.528107196832177	0.76349999999965
0.340099999999979	0.528107196832177	0.79772999999963
0.342099999999979	0.528107196832177	0.833279999999614
0.344099999999978	0.528107196832177	0.870209999999594
0.346099999999978	0.528107196832177	0.908559999999574
0.348099999999978	0.528107196832177	0.948369999999555
0.350099999999978	0.528107196832177	0.989699999999533
0.352099999999978	0.528107196832177	1.03258999999951
0.354099999999977	0.528107196832177	1.07708999999949
0.356099999999977	0.528107196832177	1.12325999999946
0.358099999999977	0.528107196832177	1.17112999999944
0.360099999999977	0.528107196832177	1.22077999999941
0.362099999999976	0.528107196832177	1.27223999999938
0.364099999999976	0.528107196832177	1.32557999999936
0.366099999999976	0.938857238812759	1.38085999999933
0.368099999999976	0.938857238812759	1.43812999999929
0.370099999999976	0.938857238812759	1.49744999999926
0.372099999999975	0.938857238812759	1.55887999999923
0.374099999999975	0.938857238812759	1.62248999999919
0.376099999999975	1.46696443564494	1.68832999999916
0.378099999999975	1.46696443564494	1.75647999999912
0.380099999999974	1.46696443564494	1.82699999999909
0.382099999999974	1.46696443564494	1.89995999999904
0.384099999999974	1.46696443564494	1.975419999999
0.386099999999974	1.46696443564494	2.05345999999896
0.388099999999974	1.46696443564494	2.13413999999892
0.390099999999973	1.46696443564494	2.21754999999887
0.392099999999973	1.46696443564494	2.30373999999882
0.394099999999973	1.46696443564494	2.39279999999878
0.396099999999973	1.46696443564494	2.48480999999872
0.398099999999972	2.11242878732871	2.57983999999867
0.400099999999972	2.11242878732871	2.67795999999862
0.402099999999972	2.11242878732871	2.77926999999856
0.404099999999972	2.11242878732871	2.88382999999851
0.406099999999972	2.11242878732871	2.99172999999845
0.408099999999971	2.11242878732871	3.10305999999838
0.410099999999971	2.11242878732871	3.21788999999832
0.412099999999971	2.11242878732871	3.33631999999825
0.414099999999971	2.11242878732871	3.45841999999818
0.41609999999997	2.87525029386407	3.58427999999811
0.41809999999997	2.87525029386407	3.71397999999804
0.42009999999997	2.87525029386407	3.84761999999797
0.42209999999997	3.75542895525103	3.9852899999979
0.42409999999997	3.75542895525103	4.12705999999782
0.426099999999969	3.75542895525103	4.27301999999774
0.428099999999969	3.75542895525103	4.42327999999765
0.430099999999969	3.75542895525103	4.57789999999758
0.432099999999969	3.75542895525103	4.73698999999748
0.434099999999969	3.75542895525103	4.90061999999739
0.436099999999968	3.75542895525103	5.0688899999973
0.438099999999968	3.75542895525103	5.2418799999972
0.440099999999968	3.75542895525103	5.41967999999711
0.442099999999968	3.75542895525103	5.60237999999701
0.444099999999967	4.75296477148958	5.7900499999969
0.446099999999967	4.75296477148959	5.9827799999968
0.448099999999967	4.75296477148958	6.18065999999669
0.450099999999967	4.75296477148958	6.38375999999658
0.452099999999967	5.86785774257973	6.59215999999646
0.454099999999966	5.86785774257973	6.80593999999635
0.456099999999966	5.86785774257973	7.02516999999624
0.458099999999966	5.86785774257973	7.24992999999612
0.460099999999966	7.10010786852147	7.48028999999599
0.462099999999965	7.10010786852148	7.71629999999587
0.464099999999965	7.10010786852147	7.95804999999574
0.466099999999965	7.10010786852147	8.20557999999561
0.468099999999965	7.10010786852147	8.45894999999548
0.470099999999965	7.10010786852147	8.71821999999535
0.472099999999964	7.10010786852147	8.98344999999521
0.474099999999964	7.10010786852147	9.25465999999508
0.476099999999964	7.10010786852147	9.53191999999494
0.478099999999964	7.10010786852147	9.81524999999479
0.480099999999963	8.44971514931481	10.1046899999946
0.482099999999963	8.44971514931481	10.4002599999945
0.484099999999963	9.91667958495974	10.7019899999944
0.486099999999963	9.91667958495974	11.0098899999942
0.488099999999963	9.91667958495974	11.3239899999941
0.490099999999962	9.91667958495974	11.6442799999939
0.492099999999962	9.91667958495974	11.9707699999938
0.494099999999962	11.5010011754563	12.3034399999936
0.496099999999962	11.5010011754563	12.6423099999934
0.498099999999961	11.5010011754563	12.9873299999933
0.500099999999961	11.5010011754563	13.3384999999931
0.502099999999961	11.5010011754563	13.695779999993
0.504099999999961	11.5010011754563	14.0591399999928
0.506099999999961	11.5010011754563	14.4285399999927
0.50809999999996	13.2026799208044	14.8039299999925
0.51009999999996	13.2026799208044	15.1852599999923
0.51209999999996	13.2026799208044	15.5724699999922
0.51409999999996	15.0217158210041	15.965479999992
0.516099999999959	15.0217158210041	16.3642399999919
0.518099999999959	15.0217158210041	16.7686599999917
0.520099999999959	15.0217158210041	17.1786599999916
0.522099999999959	15.0217158210041	17.5941499999914
0.524099999999959	15.0217158210041	18.0150299999912
0.526099999999958	16.9581088760554	18.4412199999911
0.528099999999958	16.9581088760554	18.8725899999909
0.530099999999958	16.9581088760554	19.3090399999908
0.532099999999958	16.9581088760554	19.7504599999906
0.534099999999958	16.9581088760554	20.1967299999905
0.536099999999957	19.0118590859583	20.6477299999903
0.538099999999957	19.0118590859583	21.1033199999902
0.540099999999957	21.1829664507128	21.56337999999
0.542099999999957	21.1829664507128	22.0277799999899
0.544099999999956	21.1829664507128	22.4963799999897
0.546099999999956	21.1829664507128	22.9690299999896
0.548099999999956	21.1829664507128	23.4456099999895
0.550099999999956	21.1829664507128	23.9259599999893
0.552099999999956	21.1829664507128	24.4099499999892
0.554099999999955	21.1829664507128	24.8974199999891
0.556099999999955	21.1829664507128	25.3882199999889
0.558099999999955	23.4714309703189	25.8822199999888
0.560099999999955	23.4714309703189	26.3792599999887
0.562099999999954	23.4714309703189	26.8791999999886
0.564099999999954	25.8772526447766	27.3818799999884
0.566099999999954	25.8772526447766	27.8871599999883
0.568099999999954	25.8772526447766	28.3948899999882
0.570099999999954	28.4004314740859	28.9049299999881
0.572099999999953	28.4004314740859	29.417119999988
0.574099999999953	28.4004314740859	29.9313399999879
0.576099999999953	28.4004314740859	30.4474399999878
0.578099999999953	28.4004314740859	30.9652699999877
0.580099999999952	28.4004314740859	31.4847099999876
0.582099999999952	28.4004314740859	32.0056099999876
0.584099999999952	28.4004314740859	32.5278399999875
0.586099999999952	28.4004314740859	33.0512799999874
0.588099999999952	31.0409674582467	33.5757999999873
0.590099999999951	31.0409674582467	34.1012699999872
0.592099999999951	31.0409674582467	34.6275799999871
0.594099999999951	33.7988605972592	35.1545999999871
0.596099999999951	33.7988605972592	35.682219999987
0.59809999999995	33.7988605972592	36.2103299999869
0.60009999999995	33.7988605972592	36.7388199999868
0.60209999999995	33.7988605972592	37.2675899999868
0.60409999999995	36.6741108911233	37.7965299999867
0.60609999999995	36.6741108911233	38.3255499999867
0.608099999999949	36.6741108911233	38.8545499999866
0.610099999999949	36.6741108911233	39.3834399999865
0.612099999999949	36.6741108911233	39.9121299999865
0.614099999999949	36.6741108911233	40.4405499999864
0.616099999999948	36.6741108911233	40.9685999999864
0.618099999999948	36.6741108911233	41.4962099999863
0.620099999999948	39.6667183398389	42.0233099999863
0.622099999999948	39.666718339839	42.5498199999863
0.624099999999948	39.666718339839	43.0756799999862
0.626099999999947	42.7766829434062	43.6008199999862
0.628099999999947	42.7766829434062	44.1251699999861
0.630099999999947	42.7766829434062	44.6486899999861
0.632099999999947	42.7766829434062	45.1713199999861
0.634099999999946	42.7766829434062	45.6929999999861
0.636099999999946	42.7766829434062	46.213669999986
0.638099999999946	42.7766829434062	46.733309999986
0.640099999999946	42.7766829434062	47.251849999986
0.642099999999946	42.7766829434062	47.7692499999859
0.644099999999945	46.0040047018251	48.2854899999859
0.646099999999945	46.0040047018251	48.8005099999859
0.648099999999945	46.0040047018251	49.3142899999859
0.650099999999945	46.0040047018251	49.8267899999858
0.652099999999945	46.0040047018251	50.3379799999858
0.654099999999944	46.0040047018251	50.8478299999858
0.656099999999944	49.3486836150956	51.3563199999858
0.658099999999944	49.3486836150956	51.8634199999858
0.660099999999944	49.3486836150956	52.3691099999858
0.662099999999943	49.3486836150956	52.8733699999858
0.664099999999943	52.8107196832177	53.3761699999857
0.666099999999943	52.8107196832177	53.8774999999857
0.668099999999943	52.8107196832177	54.3773499999857
0.670099999999943	52.8107196832177	54.8756999999857
0.672099999999942	52.8107196832177	55.3725299999857
0.674099999999942	52.8107196832177	55.8678399999857
0.676099999999942	52.8107196832177	56.3616199999857
0.678099999999942	52.8107196832177	56.8538499999857
0.680099999999941	52.8107196832177	57.3445299999856
0.682099999999941	52.8107196832177	57.8336499999856
0.684099999999941	52.8107196832177	58.3212099999856
0.686099999999941	52.8107196832177	58.8071999999856
0.688099999999941	52.8107196832177	59.2916099999856
0.69009999999994	56.3901129061913	59.7744499999856
0.69209999999994	56.3901129061914	60.2557199999856
0.69409999999994	56.3901129061914	60.7354099999856
0.69609999999994	56.3901129061914	61.2135199999856
0.698099999999939	56.3901129061914	61.6900499999856
0.700099999999939	60.0868632840166	62.1650099999856
0.702099999999939	60.0868632840166	62.6383899999856
0.704099999999939	60.0868632840166	63.1101999999856
0.706099999999939	60.0868632840166	63.5804499999856
0.708099999999938	60.0868632840166	64.0491299999856
0.710099999999938	60.0868632840166	64.5162499999856
0.712099999999938	60.0868632840166	64.9818199999856
0.714099999999938	63.9009708166935	65.4458399999856
0.716099999999937	63.9009708166935	65.9083199999856
0.718099999999937	63.9009708166935	66.3692599999856
0.720099999999937	63.9009708166935	66.8286699999856
0.722099999999937	63.9009708166935	67.2865499999856
0.724099999999937	63.9009708166935	67.7429199999856
0.726099999999936	63.9009708166935	68.1977799999855
0.728099999999936	63.9009708166935	68.6511399999856
0.730099999999936	63.9009708166935	69.1030099999855
0.732099999999936	63.9009708166935	69.5533999999855
0.734099999999935	63.9009708166935	70.0022999999855
0.736099999999935	63.9009708166935	70.4497499999855
0.738099999999935	63.9009708166935	70.8957299999855
0.740099999999935	63.9009708166935	71.3402699999856
0.742099999999935	63.9009708166935	71.7833699999855
0.744099999999934	67.832435504222	72.2250399999855
0.746099999999934	67.832435504222	72.6652899999855
0.748099999999934	67.832435504222	73.1041299999855
0.750099999999934	67.832435504222	73.5415699999855
0.752099999999933	67.832435504222	73.9776199999855
0.754099999999933	71.881257346602	74.4122899999855
0.756099999999933	71.881257346602	74.8455899999855
0.758099999999933	71.881257346602	75.2775299999855
0.760099999999933	71.881257346602	75.7081199999855
0.762099999999932	71.881257346602	76.1373799999855
0.764099999999932	71.881257346602	76.5652999999855
0.766099999999932	71.881257346602	76.9919099999855
0.768099999999932	71.881257346602	77.4172099999855
0.770099999999932	71.881257346602	77.8412099999855
0.772099999999931	71.881257346602	78.2639299999855
0.774099999999931	71.881257346602	78.6853699999855
0.776099999999931	71.881257346602	79.1055499999855
0.778099999999931	76.0474363438337	79.5244599999855
0.78009999999993	76.0474363438337	79.9421399999855
0.78209999999993	76.0474363438337	80.3585799999855
0.78409999999993	76.0474363438337	80.7737899999855
0.78609999999993	76.0474363438337	81.1877899999855
0.78809999999993	76.0474363438337	81.6005899999855
0.790099999999929	76.0474363438337	82.0121899999855
0.792099999999929	76.0474363438337	82.4226099999855
0.794099999999929	76.0474363438337	82.8318499999855
0.796099999999929	76.0474363438337	83.2399399999855
0.798099999999928	76.0474363438337	83.6468699999855
0.800099999999928	76.0474363438337	84.0526499999855
0.802099999999928	76.0474363438337	84.4572999999855
0.804099999999928	76.0474363438337	84.8608299999855
0.806099999999928	80.3309724959169	85.2632499999854
0.808099999999927	80.3309724959169	85.6645599999854
0.810099999999927	80.3309724959169	86.0647799999854
0.812099999999927	80.3309724959169	86.4639099999854
0.814099999999927	80.3309724959169	86.8619599999854
0.816099999999926	80.3309724959169	87.2589499999854
0.818099999999926	84.7318658028518	87.6548899999854
0.820099999999926	84.7318658028518	88.0497799999854
0.822099999999926	84.7318658028518	88.4436299999854
0.824099999999926	84.7318658028518	88.8364499999854
0.826099999999925	84.7318658028518	89.2282499999854
0.828099999999925	84.7318658028518	89.6190399999854
0.830099999999925	84.7318658028518	90.0088299999854
0.832099999999925	84.7318658028518	90.3976199999854
0.834099999999924	84.7318658028518	90.7854299999854
0.836099999999924	84.7318658028518	91.1722699999854
0.838099999999924	84.7318658028518	91.5581399999853
0.840099999999924	84.7318658028518	91.9430499999853
0.842099999999924	84.7318658028518	92.3270099999854
0.844099999999923	84.7318658028518	92.7100299999854
0.846099999999923	84.7318658028518	93.0921099999853
0.848099999999923	84.7318658028518	93.4732699999853
0.850099999999923	84.7318658028518	93.8535199999853
0.852099999999922	84.7318658028518	94.2328499999853
0.854099999999922	84.7318658028518	94.6112899999853
0.856099999999922	89.2501162646382	94.9888299999853
0.858099999999922	89.2501162646382	95.3654799999853
0.860099999999922	89.2501162646382	95.7412599999853
0.862099999999921	89.2501162646382	96.1161699999853
0.864099999999921	89.2501162646382	96.4902099999853
0.866099999999921	89.2501162646382	96.8634099999853
0.868099999999921	89.2501162646382	97.2357499999852
0.87009999999992	89.2501162646382	97.6072499999852
0.87209999999992	89.2501162646382	97.9779299999853
0.87409999999992	89.2501162646382	98.3477699999852
0.87609999999992	89.2501162646382	98.7167999999852
0.87809999999992	89.2501162646382	99.0850199999852
0.880099999999919	93.8857238812763	99.4524299999852
0.882099999999919	93.8857238812763	99.8190399999852
0.884099999999919	93.8857238812763	100.184869999985
0.886099999999919	93.8857238812763	100.549909999985
0.888099999999919	93.8857238812763	100.914169999985
0.890099999999918	93.8857238812763	101.277659999985
0.892099999999918	93.8857238812763	101.640389999985
0.894099999999918	98.6386886527659	102.002359999985
0.896099999999918	98.6386886527659	102.363579999985
0.898099999999917	98.6386886527659	102.724049999985
0.900099999999917	98.6386886527659	103.083789999985
0.902099999999917	98.6386886527659	103.442789999985
0.904099999999917	98.6386886527659	103.801069999985
0.906099999999917	98.6386886527659	104.158629999985
0.908099999999916	98.6386886527659	104.515469999985
0.910099999999916	98.6386886527659	104.871609999985
0.912099999999916	98.6386886527659	105.227039999985
0.914099999999916	98.6386886527659	105.581769999985
0.916099999999915	98.6386886527659	105.935819999985
0.918099999999915	98.6386886527659	106.289179999985
0.920099999999915	98.6386886527659	106.641859999985
0.922099999999915	98.6386886527659	106.993869999985
0.924099999999915	98.6386886527659	107.345199999985
0.926099999999914	98.6386886527659	107.695879999985
0.928099999999914	98.6386886527659	108.045889999985
0.930099999999914	98.6386886527659	108.395259999985
0.932099999999914	98.6386886527659	108.743979999985
0.934099999999913	98.6386886527659	109.092049999985
0.936099999999913	98.6386886527659	109.439489999985
0.938099999999913	98.6386886527659	109.786299999985
0.940099999999913	98.6386886527659	110.132479999985
0.942099999999913	98.6386886527659	110.478029999985
0.944099999999912	98.6386886527659	110.822979999985
0.946099999999912	98.6386886527659	111.167309999985
0.948099999999912	98.6386886527659	111.511029999985
0.950099999999912	98.6386886527659	111.854149999985
0.952099999999911	103.509010579107	112.196669999985
0.954099999999911	103.509010579107	112.538599999985
0.956099999999911	103.509010579107	112.879939999985
0.958099999999911	103.509010579107	113.220699999985
0.960099999999911	103.509010579107	113.560879999985
0.96209999999991	103.509010579107	113.900479999985
0.96409999999991	103.509010579107	114.239519999985
0.96609999999991	103.509010579107	114.577979999985
0.96809999999991	108.4966896603	114.915889999985
0.970099999999909	108.4966896603	115.253239999985
0.972099999999909	108.4966896603	115.590029999985
0.974099999999909	108.4966896603	115.926279999985
0.976099999999909	108.4966896603	116.261979999985
0.978099999999909	108.4966896603	116.597139999985
0.980099999999908	108.4966896603	116.931759999985
0.982099999999908	108.4966896603	117.265849999985
0.984099999999908	108.4966896603	117.599419999985
0.986099999999908	108.4966896603	117.932449999985
0.988099999999908	108.4966896603	118.264969999985
0.990099999999907	108.4966896603	118.596969999985
0.992099999999907	108.4966896603	118.928459999985
0.994099999999907	108.4966896603	119.259429999985
0.996099999999907	108.4966896603	119.589909999985
0.998099999999906	113.601725896344	119.919869999985
1.00009999999991	113.601725896344	120.249339999985
1.00209999999991	113.601725896344	120.578319999985
1.00409999999991	113.601725896344	120.906799999985
1.00609999999991	113.601725896344	121.234799999985
1.00809999999991	113.601725896344	121.562309999985
1.01009999999991	113.601725896344	121.889339999985
1.0120999999999	113.601725896344	122.215899999984
1.0140999999999	113.601725896344	122.541979999984
1.0160999999999	113.601725896344	122.867589999984
1.0180999999999	113.601725896344	123.192729999984
1.0200999999999	113.601725896344	123.517409999984
1.0220999999999	113.601725896344	123.841629999984
1.0240999999999	113.601725896344	124.165379999984
1.0260999999999	113.601725896344	124.488689999984
1.0280999999999	113.601725896344	124.811539999984
1.0300999999999	113.601725896344	125.133949999984
1.0320999999999	113.601725896344	125.455909999984
1.0340999999999	113.601725896344	125.777429999984
1.0360999999999	113.601725896344	126.098509999984
1.0380999999999	113.601725896344	126.419149999984
1.0400999999999	113.601725896344	126.739359999984
1.0420999999999	113.601725896344	127.059139999984
1.0440999999999	113.601725896344	127.378499999984
1.0460999999999	113.601725896344	127.697429999984
1.0480999999999	113.601725896344	128.015929999984
1.0500999999999	113.601725896344	128.334019999984
1.0520999999999	118.82411928724	128.651689999984
1.0540999999999	118.82411928724	128.968949999984
1.0560999999999	118.82411928724	129.285799999984
1.0580999999999	118.82411928724	129.602249999984
1.0600999999999	118.82411928724	129.918279999984
1.0620999999999	118.82411928724	130.233919999984
1.0640999999999	118.82411928724	130.549149999984
1.0660999999999	118.82411928724	130.863989999984
1.0680999999999	118.82411928724	131.178429999984
1.0700999999999	118.82411928724	131.492479999984
1.0720999999999	124.163869832988	131.806139999984
1.0740999999999	124.163869832988	132.119419999984
1.0760999999999	124.163869832988	132.432309999984
1.0780999999999	124.163869832988	132.744809999984
1.0800999999999	124.163869832988	133.056939999984
1.0820999999999	124.163869832988	133.368689999984
1.0840999999999	124.163869832988	133.680069999984
1.0860999999999	124.163869832988	133.991069999984
1.0880999999999	124.163869832988	134.301709999984
1.0900999999999	124.163869832988	134.611969999984
1.0920999999999	124.163869832988	134.921869999984
1.0940999999999	124.163869832988	135.231409999984
1.0960999999999	124.163869832988	135.540579999984
1.0980999999999	124.163869832988	135.849399999984
1.1000999999999	124.163869832988	136.157859999984
1.1020999999999	124.163869832988	136.465969999984
1.10409999999989	124.163869832988	136.773719999984
1.10609999999989	124.163869832988	137.081119999984
1.10809999999989	124.163869832988	137.388179999984
1.11009999999989	124.163869832988	137.694889999984
1.11209999999989	124.163869832988	138.001249999984
1.11409999999989	124.163869832988	138.307279999984
1.11609999999989	124.163869832988	138.612959999984
1.11809999999989	124.163869832988	138.918309999984
1.12009999999989	124.163869832988	139.223319999984
1.12209999999989	129.620977533587	139.527999999984
1.12409999999989	129.620977533587	139.832339999984
1.12609999999989	129.620977533587	140.136359999984
1.12809999999989	129.620977533587	140.440039999984
1.13009999999989	129.620977533587	140.743409999984
1.13209999999989	129.620977533587	141.046439999984
1.13409999999989	129.620977533587	141.349159999984
1.13609999999989	129.620977533587	141.651549999984
1.13809999999989	129.620977533587	141.953629999984
1.14009999999989	129.620977533587	142.255389999984
1.14209999999989	129.620977533587	142.556839999984
1.14409999999989	129.620977533587	142.857969999984
1.14609999999989	129.620977533587	143.158789999984
1.14809999999989	129.620977533587	143.459299999984
1.15009999999989	129.620977533587	143.759509999983
1.15209999999989	129.620977533587	144.059399999983
1.15409999999989	129.620977533587	144.358999999983
1.15609999999989	129.620977533587	144.658289999983
1.15809999999989	129.620977533587	144.957279999983
1.16009999999989	129.620977533587	145.255969999983
1.16209999999989	129.620977533587	145.554359999983
1.16409999999989	129.620977533587	145.852459999983
1.16609999999989	129.620977533587	146.150269999983
1.16809999999989	135.195442389038	146.447779999983
1.17009999999989	135.195442389038	146.744999999983
1.17209999999989	135.195442389038	147.041929999983
1.17409999999989	135.195442389038	147.338569999983
1.17609999999989	135.195442389038	147.634929999983
1.17809999999989	135.195442389038	147.930999999983
1.18009999999989	135.195442389038	148.226789999983
1.18209999999989	135.195442389038	148.522289999983
1.18409999999989	135.195442389038	148.817519999983
1.18609999999989	135.195442389038	149.112469999983
1.18809999999989	135.195442389038	149.407139999983
1.19009999999989	140.887264399341	149.701529999983
1.19209999999989	140.887264399341	149.995649999983
1.19409999999988	140.887264399341	150.289499999983
1.19609999999988	140.887264399341	150.583069999983
1.19809999999988	140.887264399341	150.876379999983
1.20009999999988	140.887264399341	151.169419999983
1.20209999999988	140.887264399341	151.462189999983
1.20409999999988	140.887264399341	151.754689999983
1.20609999999988	140.887264399341	152.046929999983
1.20809999999988	140.887264399341	152.338909999983
1.21009999999988	140.887264399341	152.630619999983
1.21209999999988	140.887264399341	152.922079999983
1.21409999999988	140.887264399341	153.213269999983
1.21609999999988	140.887264399341	153.504209999983
1.21809999999988	140.887264399341	153.794889999983
1.22009999999988	140.887264399341	154.085319999983
1.22209999999988	140.887264399341	154.375489999983
1.22409999999988	140.887264399341	154.665409999983
1.22609999999988	140.887264399341	154.955079999983
1.22809999999988	140.88726439934	155.244499999983
1.23009999999988	140.887264399341	155.533669999983
1.23209999999988	140.887264399341	155.822589999983
1.23409999999988	140.887264399341	156.111269999983
1.23609999999988	140.887264399341	156.399699999983
1.23809999999988	140.887264399341	156.687879999983
1.24009999999988	140.887264399341	156.975829999983
1.24209999999988	140.887264399341	157.263529999983
1.24409999999988	140.887264399341	157.550989999983
1.24609999999988	140.887264399341	157.838209999983
1.24809999999988	140.887264399341	158.125199999983
1.25009999999988	140.887264399341	158.411939999983
1.25209999999988	140.887264399341	158.698449999983
1.25409999999988	140.88726439934	158.984729999983
1.25609999999988	140.887264399341	159.270769999983
1.25809999999988	140.887264399341	159.556579999983
1.26009999999988	140.887264399341	159.842159999983
1.26209999999988	140.88726439934	160.127509999983
1.26409999999988	146.696443564495	160.412629999982
1.26609999999988	146.696443564495	160.697519999982
1.26809999999988	146.696443564495	160.982189999982
1.27009999999988	146.696443564495	161.266629999982
1.27209999999988	146.696443564495	161.550839999982
1.27409999999988	146.696443564495	161.834829999982
1.27609999999988	146.696443564495	162.118599999982
1.27809999999988	146.696443564495	162.402139999982
1.28009999999988	146.696443564495	162.685469999982
1.28209999999988	146.696443564495	162.968569999982
1.28409999999988	146.696443564495	163.251459999982
1.28609999999987	146.696443564495	163.534129999982
1.28809999999987	146.696443564495	163.816579999982
1.29009999999987	146.696443564495	164.098809999982
1.29209999999987	146.696443564495	164.380829999982
1.29409999999987	146.696443564495	164.662639999982
1.29609999999987	146.696443564495	164.944229999982
1.29809999999987	146.696443564495	165.225619999982
1.30009999999987	152.6229798845	165.506789999982
1.30209999999987	152.6229798845	165.787749999982
1.30409999999987	152.6229798845	166.068499999982
1.30609999999987	152.6229798845	166.349039999982
1.30809999999987	152.6229798845	166.629379999982
1.31009999999987	152.6229798845	166.909509999982
1.31209999999987	152.6229798845	167.189429999982
1.31409999999987	152.6229798845	167.469149999982
1.31609999999987	152.6229798845	167.748669999982
1.31809999999987	152.6229798845	168.027979999982
1.32009999999987	152.6229798845	168.307089999982
1.32209999999987	152.6229798845	168.585999999982
1.32409999999987	152.6229798845	168.864709999982
1.32609999999987	152.6229798845	169.143219999982
1.32809999999987	152.6229798845	169.421529999982
1.33009999999987	158.666873359357	169.699649999982
1.33209999999987	158.666873359357	169.977559999982
1.33409999999987	158.666873359357	170.255289999982
1.33609999999987	158.666873359357	170.532809999982
1.33809999999987	158.666873359357	170.810139999982
1.34009999999987	158.666873359357	171.087279999982
1.34209999999987	158.666873359357	171.364229999982
1.34409999999987	158.666873359357	171.640979999982
1.34609999999987	158.666873359357	171.917539999982
1.34809999999987	158.666873359357	172.193919999982
1.35009999999987	158.666873359357	172.470099999982
1.35209999999987	158.666873359357	172.746089999982
1.35409999999987	158.666873359357	173.021899999982
1.35609999999987	158.666873359357	173.297519999982
1.35809999999987	158.666873359357	173.572949999982
1.36009999999987	158.666873359357	173.848199999982
1.36209999999987	158.666873359357	174.123259999982
1.36409999999987	158.666873359357	174.398139999982
1.36609999999987	158.666873359357	174.672829999982
1.36809999999987	158.666873359357	174.947339999982
1.37009999999987	158.666873359357	175.221669999982
1.37209999999987	158.666873359357	175.495819999982
1.37409999999987	158.666873359357	175.769789999981
1.37609999999986	158.666873359357	176.043569999982
1.37809999999986	158.666873359357	176.317179999981
1.38009999999986	158.666873359357	176.590609999981
1.38209999999986	158.666873359357	176.863869999981
1.38409999999986	158.666873359357	177.136939999981
1.38609999999986	158.666873359357	177.409839999981
1.38809999999986	158.666873359357	177.682569999981
1.39009999999986	158.666873359357	177.955119999981
1.39209999999986	158.666873359357	178.227489999981
1.39409999999986	158.666873359357	178.499689999981
1.39609999999986	158.666873359357	178.771719999981
1.39809999999986	158.666873359357	179.043579999981
1.40009999999986	158.666873359357	179.315259999981
1.40209999999986	158.666873359357	179.586779999981
1.40409999999986	158.666873359357	179.858119999981
1.40609999999986	158.666873359357	180.129289999981
1.40809999999986	158.666873359357	180.400299999981
1.41009999999986	158.666873359357	180.671139999981
1.41209999999986	158.666873359357	180.941809999981
1.41409999999986	158.666873359357	181.212309999981
1.41609999999986	158.666873359357	181.482639999981
1.41809999999986	158.666873359357	181.752809999981
1.42009999999986	164.828123989066	182.022819999981
1.42209999999986	164.828123989066	182.292659999981
1.42409999999986	164.828123989066	182.562339999981
1.42609999999986	164.828123989066	182.831849999981
1.42809999999986	164.828123989066	183.101199999981
1.43009999999986	164.828123989066	183.370389999981
1.43209999999986	164.828123989066	183.639419999981
1.43409999999986	164.828123989066	183.908279999981
1.43609999999986	164.828123989066	184.176989999981
1.43809999999986	164.828123989066	184.445529999981
1.44009999999986	164.828123989066	184.713919999981
1.44209999999986	164.828123989066	184.982149999981
1.44409999999986	164.828123989066	185.250219999981
1.44609999999986	171.106731773627	185.518129999981
1.44809999999986	171.106731773627	185.785889999981
1.45009999999986	171.106731773627	186.053489999981
1.45209999999986	171.106731773627	186.320929999981
1.45409999999986	171.106731773627	186.588219999981
1.45609999999986	171.106731773627	186.855349999981
1.45809999999986	171.106731773627	187.122329999981
1.46009999999986	171.106731773627	187.389159999981
1.46209999999986	171.106731773627	187.655829999981
1.46409999999986	171.106731773627	187.922349999981
1.46609999999985	171.106731773627	188.188719999981
1.46809999999985	171.106731773627	188.454939999981
1.47009999999985	171.106731773627	188.721009999981
1.47209999999985	171.106731773627	188.986919999981
1.47409999999985	171.106731773627	189.252689999981
1.47609999999985	171.106731773627	189.518299999981
1.47809999999985	171.106731773627	189.783769999981
1.48009999999985	171.106731773627	190.049089999981
1.48209999999985	171.106731773627	190.314259999981
1.48409999999985	171.106731773627	190.579289999981
1.48609999999985	171.106731773627	190.84416999998
1.48809999999985	171.106731773627	191.108899999981
1.49009999999985	171.106731773627	191.37348999998
1.49209999999985	171.106731773627	191.63792999998
1.49409999999985	171.106731773627	191.90221999998
1.49609999999985	171.106731773627	192.16636999998
1.49809999999985	171.106731773627	192.43037999998
1.50009999999985	171.106731773627	192.69424999998
1.50209999999985	177.502696713039	192.95796999998
1.50409999999985	177.502696713039	193.22154999998
1.50609999999985	177.502696713039	193.48497999998
1.50809999999985	177.502696713038	193.74827999998
1.51009999999985	177.502696713038	194.01142999998
1.51209999999985	177.502696713039	194.27444999998
1.51409999999985	177.502696713039	194.53731999998
1.51609999999985	177.502696713039	194.80005999998
1.51809999999985	177.502696713039	195.06264999998
1.52009999999985	177.502696713039	195.32510999998
1.52209999999985	177.502696713039	195.58742999998
1.52409999999985	177.502696713039	195.84960999998
1.52609999999985	177.502696713039	196.11164999998
1.52809999999985	177.502696713039	196.37355999998
1.53009999999985	177.502696713039	196.63532999998
1.53209999999985	177.502696713039	196.89695999998
1.53409999999985	177.502696713039	197.15845999998
1.53609999999985	177.502696713039	197.41981999998
1.53809999999985	177.502696713039	197.68104999998
1.54009999999985	177.502696713039	197.94214999998
1.54209999999985	177.502696713039	198.20310999998
1.54409999999985	177.502696713039	198.46392999998
1.54609999999985	177.502696713039	198.72462999998
1.54809999999985	177.502696713039	198.98518999998
1.55009999999985	177.502696713039	199.24561999998
1.55209999999985	177.502696713039	199.50591999998
1.55409999999985	177.502696713039	199.76607999998
1.55609999999985	177.502696713039	200.02611999998
1.55809999999984	177.502696713039	200.28601999998
1.56009999999984	177.502696713039	200.54578999998
1.56209999999984	177.502696713038	200.80543999998
1.56409999999984	177.502696713039	201.06494999998
1.56609999999984	177.502696713039	201.32433999998
1.56809999999984	177.502696713039	201.58359999998
1.57009999999984	177.502696713039	201.84272999998
1.57209999999984	177.502696713039	202.10172999998
1.57409999999984	177.502696713039	202.36059999998
1.57609999999984	177.502696713039	202.61934999998
1.57809999999984	177.502696713039	202.87796999998
1.58009999999984	184.016018807302	203.13645999998
1.58209999999984	184.016018807302	203.39482999998
1.58409999999984	184.016018807302	203.65306999998
1.58609999999984	184.016018807302	203.91118999998
1.58809999999984	184.016018807302	204.16917999998
1.59009999999984	184.016018807302	204.42704999998
1.59209999999984	184.016018807302	204.68479999998
1.59409999999984	184.016018807302	204.942419999979
1.59609999999984	184.016018807302	205.199919999979
1.59809999999984	184.016018807302	205.457289999979
1.60009999999984	184.016018807302	205.714539999979
1.60209999999984	184.016018807302	205.971669999979
1.60409999999984	184.016018807302	206.228679999979
1.60609999999984	184.016018807302	206.485569999979
1.60809999999984	184.016018807302	206.742329999979
1.61009999999984	190.646698056417	206.998979999979
1.61209999999984	190.646698056417	207.255499999979
1.61409999999984	190.646698056417	207.511899999979
1.61609999999984	190.646698056417	207.768189999979
1.61809999999984	190.646698056417	208.024349999979
1.62009999999984	190.646698056417	208.280399999979
1.62209999999984	190.646698056417	208.536319999979
1.62409999999984	190.646698056417	208.792129999979
1.62609999999984	190.646698056417	209.047819999979
1.62809999999984	190.646698056417	209.303399999979
1.63009999999984	190.646698056417	209.558849999979
1.63209999999984	190.646698056417	209.814189999979
1.63409999999984	190.646698056417	210.069409999979
1.63609999999984	190.646698056417	210.324519999979
1.63809999999984	190.646698056417	210.579499999979
1.64009999999984	190.646698056417	210.834379999979
1.64209999999984	190.646698056417	211.089139999979
1.64409999999984	190.646698056417	211.343779999979
1.64609999999984	190.646698056417	211.598309999979
1.64809999999983	190.646698056417	211.852719999979
1.65009999999983	190.646698056417	212.107019999979
1.65209999999983	190.646698056417	212.361199999979
1.65409999999983	190.646698056417	212.615269999979
1.65609999999983	190.646698056417	212.869229999979
1.65809999999983	190.646698056417	213.123079999979
1.66009999999983	190.646698056417	213.376809999979
1.66209999999983	190.646698056417	213.630429999979
1.66409999999983	190.646698056417	213.883939999979
1.66609999999983	190.646698056417	214.137329999979
1.66809999999983	190.646698056417	214.390619999979
1.67009999999983	190.646698056417	214.643789999979
1.67209999999983	190.646698056417	214.896859999979
1.67409999999983	190.646698056417	215.149809999979
1.67609999999983	190.646698056417	215.402649999979
1.67809999999983	190.646698056417	215.655379999979
1.68009999999983	190.646698056417	215.907999999979
1.68209999999983	190.646698056417	216.160519999979
1.68409999999983	190.646698056417	216.412919999979
1.68609999999983	190.646698056417	216.665219999979
1.68809999999983	190.646698056417	216.917399999979
1.69009999999983	190.646698056417	217.169479999979
1.69209999999983	190.646698056417	217.421449999979
1.69409999999983	197.394734460384	217.673309999979
1.69609999999983	197.394734460384	217.925069999979
1.69809999999983	197.394734460384	218.176719999979
1.70009999999983	197.394734460384	218.428259999979
1.70209999999983	197.394734460384	218.679689999979
1.70409999999983	197.394734460384	218.931019999978
1.70609999999983	197.394734460384	219.182239999978
1.70809999999983	197.394734460384	219.433359999978
1.71009999999983	197.394734460384	219.684369999978
1.71209999999983	197.394734460384	219.935269999978
1.71409999999983	197.394734460384	220.186069999978
1.71609999999983	197.394734460384	220.436769999978
1.71809999999983	197.394734460384	220.687359999978
1.72009999999983	197.394734460384	220.937849999978
1.72209999999983	197.394734460384	221.188229999978
1.72409999999983	197.394734460384	221.438509999978
1.72609999999983	197.394734460384	221.688679999978
1.72809999999983	197.394734460384	221.938759999978
1.73009999999983	197.394734460384	222.188719999978
1.73209999999983	197.394734460384	222.438589999978
1.73409999999983	197.394734460384	222.688359999978
1.73609999999983	197.394734460384	222.938019999978
1.73809999999983	197.394734460384	223.187579999978
1.74009999999982	197.394734460384	223.437039999978
1.74209999999982	197.394734460384	223.686389999978
1.74409999999982	197.394734460384	223.935649999978
1.74609999999982	197.394734460384	224.184799999978
1.74809999999982	197.394734460384	224.433859999978
1.75009999999982	197.394734460384	224.682809999978
1.75209999999982	197.394734460384	224.931659999978
1.75409999999982	197.394734460384	225.180419999978
1.75609999999982	197.394734460384	225.429069999978
1.75809999999982	197.394734460384	225.677619999978
1.76009999999982	204.260128019203	225.926079999978
1.76209999999982	204.260128019203	226.174429999978
1.76409999999982	204.260128019203	226.422689999978
1.76609999999982	204.260128019203	226.670849999978
1.76809999999982	204.260128019203	226.918899999978
1.77009999999982	204.260128019203	227.166869999978
1.77209999999982	204.260128019203	227.414729999978
1.77409999999982	204.260128019203	227.662489999978
1.77609999999982	204.260128019203	227.910159999978
1.77809999999982	204.260128019203	228.157729999978
1.78009999999982	204.260128019203	228.405209999978
1.78209999999982	204.260128019203	228.652579999978
1.78409999999982	204.260128019203	228.899859999978
1.78609999999982	204.260128019203	229.147049999978
1.78809999999982	204.260128019203	229.394129999978
1.79009999999982	204.260128019203	229.641119999978
1.79209999999982	211.242878732872	229.888019999978
1.79409999999982	211.242878732872	230.134819999978
1.79609999999982	211.242878732872	230.381519999978
1.79809999999982	211.242878732872	230.628129999978
1.80009999999982	211.242878732872	230.874649999978
1.80209999999982	211.242878732872	231.121069999978
1.80409999999982	211.242878732872	231.367389999978
1.80609999999982	211.242878732872	231.613619999978
1.80809999999982	211.242878732872	231.859759999978
1.81009999999982	211.242878732872	232.105799999977
1.81209999999982	211.242878732872	232.351749999978
1.81409999999982	211.242878732872	232.597609999977
1.81609999999982	211.242878732872	232.843369999977
1.81809999999982	211.242878732872	233.089039999977
1.82009999999982	211.242878732872	233.334619999977
1.82209999999982	211.242878732872	233.580099999977
1.82409999999982	211.242878732872	233.825489999977
1.82609999999982	211.242878732872	234.070789999977
1.82809999999982	211.242878732872	234.315999999977
1.83009999999981	211.242878732872	234.561109999977
1.83209999999981	211.242878732872	234.806139999977
1.83409999999981	211.242878732872	235.051069999977
1.83609999999981	211.242878732872	235.295909999977
1.83809999999981	211.242878732872	235.540659999977
1.84009999999981	211.242878732872	235.785309999977
1.84209999999981	211.242878732872	236.029879999977
1.84409999999981	211.242878732872	236.274359999977
1.84609999999981	211.242878732872	236.518739999977
1.84809999999981	211.242878732872	236.763039999977
1.85009999999981	211.242878732872	237.007239999977
1.85209999999981	211.242878732872	237.251359999977
1.85409999999981	211.242878732872	237.495379999977
1.85609999999981	211.242878732872	237.739319999977
1.85809999999981	211.242878732872	237.983169999977
1.86009999999981	211.242878732872	238.226919999977
1.86209999999981	211.242878732872	238.470589999977
1.86409999999981	211.242878732872	238.714169999977
1.86609999999981	211.242878732872	238.957659999977
1.86809999999981	211.242878732872	239.201069999977
1.87009999999981	211.242878732872	239.444379999977
1.87209999999981	211.242878732872	239.687609999977
1.87409999999981	211.242878732872	239.930739999977
1.87609999999981	211.242878732872	240.173789999977
1.87809999999981	211.242878732872	240.416759999977
1.88009999999981	211.242878732872	240.659629999977
1.88209999999981	211.242878732872	240.902419999977
1.88409999999981	211.242878732872	241.145119999977
1.88609999999981	211.242878732872	241.387729999977
1.88809999999981	211.242878732872	241.630259999977
1.89009999999981	211.242878732872	241.872699999977
1.89209999999981	211.242878732872	242.115049999977
1.89409999999981	211.242878732872	242.357319999977
1.89609999999981	211.242878732872	242.599499999977
1.89809999999981	211.242878732872	242.841589999977
1.90009999999981	211.242878732872	243.083599999977
1.90209999999981	211.242878732872	243.325519999977
1.90409999999981	211.242878732872	243.567359999977
1.90609999999981	211.242878732872	243.809109999977
1.90809999999981	211.242878732872	244.050779999977
1.91009999999981	211.242878732872	244.292359999977
1.91209999999981	218.342986601394	244.533849999977
1.91409999999981	218.342986601394	244.775259999977
1.91609999999981	218.342986601394	245.016589999977
1.91809999999981	218.342986601394	245.257829999977
1.9200999999998	218.342986601394	245.498979999977
1.9220999999998	218.342986601394	245.740059999976
1.9240999999998	218.342986601394	245.981039999977
1.9260999999998	218.342986601394	246.221949999976
1.9280999999998	218.342986601394	246.462769999976
1.9300999999998	218.342986601394	246.703499999976
1.9320999999998	218.342986601394	246.944159999976
1.9340999999998	218.342986601394	247.184729999976
1.9360999999998	218.342986601394	247.425209999976
1.9380999999998	218.342986601394	247.665609999976
1.9400999999998	218.342986601394	247.905929999976
1.9420999999998	218.342986601394	248.146169999976
1.9440999999998	218.342986601394	248.386319999976
1.9460999999998	218.342986601394	248.626389999976
1.9480999999998	218.342986601394	248.866379999976
1.9500999999998	218.342986601394	249.106279999976
1.9520999999998	218.342986601394	249.346109999976
1.9540999999998	218.342986601394	249.585849999976
1.9560999999998	218.342986601394	249.825499999976
1.9580999999998	225.560451624767	250.065079999976
1.9600999999998	225.560451624767	250.304569999976
1.9620999999998	225.560451624767	250.543989999976
1.9640999999998	225.560451624767	250.783319999976
1.9660999999998	225.560451624767	251.022569999976
1.9680999999998	225.560451624767	251.261729999976
1.9700999999998	225.560451624767	251.500819999976
1.9720999999998	225.560451624767	251.739819999976
1.9740999999998	225.560451624767	251.978749999976
1.9760999999998	225.560451624767	252.217589999976
1.9780999999998	225.560451624767	252.456349999976
1.9800999999998	225.560451624767	252.695029999976
1.9820999999998	225.560451624767	252.933629999976
1.9840999999998	225.560451624767	253.172149999976
1.9860999999998	225.560451624767	253.410589999976
1.9880999999998	225.560451624767	253.648949999976
1.9900999999998	225.560451624767	253.887229999976
1.9920999999998	225.560451624767	254.125419999976
1.9940999999998	225.560451624767	254.363539999976
1.9960999999998	225.560451624767	254.601579999976
1.9980999999998	225.560451624767	254.839529999976
