0	0
1E-4	0
2E-4	0
3E-4	0
4E-4	0
5E-4	0
6E-4	0
7E-4	0
8E-4	0
9E-4	0
1E-3	0
0.0011	0
0.0012	0
0.0013	0
0.0014	0
0.0015	0
0.0016	0
0.0017	0
0.0018	0
0.0019	0
0.002	0
0.0021	0
0.0022	0
0.0023	0
0.0024	0
0.0025	0
0.0026	0
0.0027	0
0.0028	0
0.0029	0
0.003	0
0.0031	0
0.0032	0
0.0033	0
0.0034	0
0.0035	0
0.0036	0
0.0037	0
0.0038	0
0.0039	0
0.004	0
0.0041	0
0.0042	0
0.0043	0
0.0044	0
0.0045	0
0.0046	0
0.0047	0
0.0048	0
0.0049	0
0.005	0
0.0051	0
0.0052	0
0.0053	0
0.0054	0
0.0055	0
0.0056	0
0.0057	0
0.0058	0
0.0059	0
0.006	0
0.0061	0
0.0062	0
0.0063	0
0.0064	0
0.0065	0
0.0066	0
0.0067	0
0.0068	0
0.0069	0
0.007	0
0.0071	0
0.0072	0
0.0073	0
0.0074	0
0.0075	0
0.0076	0
0.0077	0
0.0078	0
0.0079	0
0.008	0
0.0081	0
0.0082	0
0.0083	7.3E10
0.0084	7.3E10
0.0085	7.3E10
0.0086	7.3E10
0.0087	7.3E10
0.0088	7.3E10
0.0089	7.3E10
0.009	7.3E10
0.0091	7.3E10
0.0092	7.3E10
0.0093	7.3E10
0.0094	7.3E10
0.0095	7.3E10
0.0096	7.3E10
0.0097	7.3E10
0.0098	7.3E10
0.0099	7.3E10
0.01	7.3E10
0.0101	7.3E10
0.0102	7.3E10
0.0103	7.3E10
0.0104	7.3E10
0.0105	7.3E10
0.0106	7.3E10
0.0107	7.3E10
0.0108	7.3E10
0.0109	7.3E10
0.011	7.3E10
0.0111	7.3E10
0.0112	7.3E10
0.0113	7.3E10
0.0114	7.3E10
0.0115	7.3E10
0.0116	7.3E10
0.0117	7.3E10
0.0118	7.3E10
0.0119	7.3E10
0.012	7.3E10
0.0121	7.3E10
0.0122	7.3E10
0.0123	7.3E10
0.0124	7.3E10
0.0125	7.3E10
0.0126	7.3E10
0.0127	7.3E10
0.0128	7.3E10
0.0129	7.3E10
0.013	7.3E10
0.0131	7.3E10
0.0132	7.3E10
0.0133	7.3E10
0.0134	7.3E10
0.0135	7.3E10
0.0136	7.3E10
0.0137	7.3E10
0.0138	7.3E10
0.0139	7.3E10
0.014	7.3E10
0.0141	7.3E10
0.0142	7.3E10
0.0143	7.3E10
0.0144	7.3E10
0.0145	7.3E10
0.0146	7.3E10
0.0147	7.3E10
0.0148	7.3E10
0.0149	7.3E10
0.015	7.3E10
0.0151	7.3E10
0.0152	7.3E10
0.0153	7.3E10
0.0154	7.3E10
0.0155	7.3E10
0.0156	7.3E10
0.0157	7.3E10
0.0158	7.3E10
0.0159	7.3E10
0.016	7.3E10
0.0161	7.3E10
0.0162	7.3E10
0.0163	7.3E10
0.0164	7.3E10
0.0165	7.3E10
0.0166	7.3E10
0.0167	7.3E10
0.0168	7.3E10
0.0169	7.3E10
0.017	7.3E10
0.0171	7.3E10
0.0172	7.3E10
0.0173	7.3E10
0.0174	7.3E10
0.0175	7.3E10
0.0176	7.3E10
0.0177	7.3E10
0.0178	7.3E10
0.0179	7.3E10
0.018	7.3E10
0.0181	7.3E10
0.0182	7.3E10
0.0183	7.3E10
0.0184	7.3E10
0.0185	7.3E10
0.0186	7.3E10
0.0187	7.3E10
0.0188	7.3E10
0.0189	7.3E10
0.019	7.3E10
0.0191	7.3E10
0.0192	7.3E10
0.0193	7.3E10
0.0194	7.3E10
0.0195	7.3E10
0.0196	7.3E10
0.0197	7.3E10
0.0198	7.3E10
0.0199	7.3E10
0.02	7.3E10
0.0201	7.3E10
0.0202	7.3E10
0.0203	7.3E10
0.0204	7.3E10
0.0205	7.3E10
0.0206	7.3E10
0.0207	7.3E10
0.0208	7.3E10
0.0209	7.3E10
0.021	7.3E10
0.0211	7.3E10
0.0212	7.3E10
0.0213	7.3E10
0.0214	7.3E10
0.0215	7.3E10
0.0216	7.3E10
0.0217	7.3E10
0.0218	7.3E10
0.0219	7.3E10
0.022	7.3E10
0.0221	7.3E10
0.0222	7.3E10
0.0223	7.3E10
0.0224	7.3E10
0.0225	7.3E10
0.0226	7.3E10
0.0227	7.3E10
0.0228	7.3E10
0.0229	7.3E10
0.023	7.3E10
0.0231	7.3E10
0.0232	7.3E10
0.0233	7.3E10
0.0234	7.3E10
0.0235	7.3E10
0.0236	7.3E10
0.0237	7.3E10
0.0238	7.3E10
0.0239	7.3E10
0.024	7.3E10
0.0241	7.3E10
0.0242	7.3E10
0.0243	7.3E10
0.0244	7.3E10
0.0245	7.3E10
0.0246	7.3E10
0.0247	7.3E10
0.0248	7.3E10
0.0249	7.3E10
0.025	7.3E10
0.0251	7.3E10
0.0252	7.3E10
0.0253	7.3E10
0.0254	7.3E10
0.0255	7.3E10
0.0256	7.3E10
0.0257	7.3E10
0.0258	7.3E10
0.0259	7.3E10
0.026	7.3E10
0.0261	7.3E10
0.0262	7.3E10
0.0263	7.3E10
0.0264	7.3E10
0.0265	7.3E10
0.0266	7.3E10
0.0267	7.3E10
0.0268	7.3E10
0.0269	7.3E10
0.027	7.3E10
0.0271	7.3E10
0.0272	7.3E10
0.0273	7.3E10
0.0274	7.3E10
0.0275	7.3E10
0.0276	7.3E10
0.0277	7.3E10
0.0278	7.3E10
0.0279	7.3E10
0.028	7.3E10
0.0281	7.3E10
0.0282	7.3E10
0.0283	7.3E10
0.0284	7.3E10
0.0285	7.3E10
0.0286	7.3E10
0.0287	7.3E10
0.0288	7.3E10
0.0289	7.3E10
0.029	7.3E10
0.0291	7.3E10
0.0292	7.3E10
0.0293	7.3E10
0.0294	7.3E10
0.0295	7.3E10
0.0296	7.3E10
0.0297	7.3E10
0.0298	7.3E10
0.0299	7.3E10
0.03	7.3E10
0.0301	7.3E10
0.0302	7.3E10
0.0303	7.3E10
0.0304	7.3E10
0.0305	7.3E10
0.0306	7.3E10
0.0307	7.3E10
0.0308	7.3E10
0.0309	7.3E10
0.031	7.3E10
0.0311	7.3E10
0.0312	7.3E10
0.0313	7.3E10
0.0314	7.3E10
0.0315	7.3E10
0.0316	7.3E10
0.0317	7.3E10
0.0318	7.3E10
0.0319	7.3E10
0.032	7.3E10
0.0321	7.3E10
0.0322	7.3E10
0.0323	7.3E10
0.0324	7.3E10
0.0325	7.3E10
0.0326	7.3E10
0.0327	7.3E10
0.0328	7.3E10
0.0329	7.3E10
0.033	7.3E10
0.0331	7.3E10
0.0332	7.3E10
0.0333	7.3E10
0.0334	7.3E10
0.0335	7.3E10
0.0336	7.3E10
0.0337	7.3E10
0.0338	7.3E10
0.0339	7.3E10
0.034	7.3E10
0.0341	7.3E10
0.0342	7.3E10
0.0343	7.3E10
0.0344	7.3E10
0.0345	7.3E10
0.0346	7.3E10
0.0347	7.3E10
0.0348	7.3E10
0.0349	7.3E10
0.035	7.3E10
0.0351	7.3E10
0.0352	7.3E10
0.0353	7.3E10
0.0354	7.3E10
0.0355	7.3E10
0.0356	7.3E10
0.0357	7.3E10
0.0358	7.3E10
0.0359	7.3E10
0.036	7.3E10
0.0361	7.3E10
0.0362	7.3E10
0.0363	7.3E10
0.0364	7.3E10
0.0365	7.3E10
0.0366	7.3E10
0.0367	7.3E10
0.0368	7.3E10
0.0369	7.3E10
0.037	7.3E10
0.0371	7.3E10
0.0372	7.3E10
0.0373	7.3E10
0.0374	7.3E10
0.0375	7.3E10
0.0376	7.3E10
0.0377	7.3E10
0.0378	7.3E10
0.0379	7.3E10
0.038	7.3E10
0.0381	7.3E10
0.0382	7.3E10
0.0383	7.3E10
0.0384	7.3E10
0.0385	7.3E10
0.0386	7.3E10
0.0387	7.3E10
0.0388	7.3E10
0.0389	7.3E10
0.039	7.3E10
0.0391	7.3E10
0.0392	7.3E10
0.0393	7.3E10
0.0394	7.3E10
0.0395	7.3E10
0.0396	7.3E10
0.0397	7.3E10
0.0398	7.3E10
0.0399	7.3E10
0.04	7.3E10
0.0401	7.3E10
0.0402	7.3E10
0.0403	7.3E10
0.0404	7.3E10
0.0405	7.3E10
0.0406	7.3E10
0.0407	7.3E10
0.0408	7.3E10
0.0409	7.3E10
0.041	7.3E10
0.0411	7.3E10
0.0412	7.3E10
0.0413	7.3E10
0.0414	7.3E10
0.0415	7.3E10
0.0416	7.3E10
0.0417	7.3E10
0.0418	7.3E10
0.0419	7.3E10
0.042	7.3E10
0.0421	7.3E10
0.0422	7.3E10
0.0423	7.3E10
0.0424	7.3E10
0.0425	7.3E10
0.0426	7.3E10
0.0427	7.3E10
0.0428	7.3E10
0.0429	7.3E10
0.043	7.3E10
0.0431	7.3E10
0.0432	7.3E10
0.0433	7.3E10
0.0434	7.3E10
0.0435	7.3E10
0.0436	7.3E10
0.0437	7.3E10
0.0438	7.3E10
0.0439	7.3E10
0.044	7.3E10
0.0441	7.3E10
0.0442	7.3E10
0.0443	7.3E10
0.0444	7.3E10
0.0445	7.3E10
0.0446	7.3E10
0.0447	7.3E10
0.0448	7.3E10
0.0449	7.3E10
0.045	7.3E10
0.0451	7.3E10
0.0452	7.3E10
0.0453	7.3E10
0.0454	7.3E10
0.0455	7.3E10
0.0456	7.3E10
0.0457	7.3E10
0.0458	7.3E10
0.0459	7.3E10
0.046	7.3E10
0.0461	7.3E10
0.0462	7.3E10
0.0463	7.3E10
0.0464	7.3E10
0.0465	7.3E10
0.0466	7.3E10
0.0467	7.3E10
0.0468	7.3E10
0.0469	7.3E10
0.047	7.3E10
0.0471	7.3E10
0.0472	7.3E10
0.0473	7.3E10
0.0474	7.3E10
0.0475	7.3E10
0.0476	7.3E10
0.0477	7.3E10
0.0478	7.3E10
0.0479	7.3E10
0.048	7.3E10
0.0481	7.3E10
0.0482	7.3E10
0.0483	7.3E10
0.0484	7.3E10
0.0485	7.3E10
0.0486	7.3E10
0.0487	7.3E10
0.0488	7.3E10
0.0489	7.3E10
0.049	7.3E10
0.0491	7.3E10
0.0492	7.3E10
0.0493	7.3E10
0.0494	7.3E10
0.0495	7.3E10
0.0496	7.3E10
0.0497	7.3E10
0.0498	7.3E10
0.0499	7.3E10
0.05	7.3E10
0.0501	7.3E10
0.0502	7.3E10
0.0503	7.3E10
0.0504	7.3E10
0.0505	7.3E10
0.0506	7.3E10
0.0507	7.3E10
0.0508	7.3E10
0.0509	7.3E10
0.051	7.3E10
0.0511	7.3E10
0.0512	7.3E10
0.0513	7.3E10
0.0514	7.3E10
0.0515	7.3E10
0.0516	7.3E10
0.0517	7.3E10
0.0518	7.3E10
0.0519	7.3E10
0.052	7.3E10
0.0521	7.3E10
0.0522	7.3E10
0.0523	7.3E10
0.0524	7.3E10
0.0525	7.3E10
0.0526	7.3E10
0.0527	7.3E10
0.0528	7.3E10
0.0529	7.3E10
0.053	7.3E10
0.0531	7.3E10
0.0532	7.3E10
0.0533	7.3E10
0.0534	7.3E10
0.0535	7.3E10
0.0536	7.3E10
0.0537	7.3E10
0.0538	7.3E10
0.0539	7.3E10
0.054	7.3E10
0.0541	7.3E10
0.0542	7.3E10
0.0543	7.3E10
0.0544	7.3E10
0.0545	7.3E10
0.0546	7.3E10
0.0547	7.3E10
0.0548	7.3E10
0.0549	7.3E10
0.055	7.3E10
0.0551	7.3E10
0.0552	7.3E10
0.0553	7.3E10
0.0554	7.3E10
0.0555	7.3E10
0.0556	7.3E10
0.0557	7.3E10
0.0558	7.3E10
0.0559	7.3E10
0.056	7.3E10
0.0561	7.3E10
0.0562	7.3E10
0.0563	7.3E10
0.0564	7.3E10
0.0565	7.3E10
0.0566	7.3E10
0.0567	7.3E10
0.0568	7.3E10
0.0569	7.3E10
0.057	7.3E10
0.0571	7.3E10
0.0572	7.3E10
0.0573	7.3E10
0.0574	7.3E10
0.0575	7.3E10
0.0576	7.3E10
0.0577	7.3E10
0.0578	7.3E10
0.0579	7.3E10
0.058	7.3E10
0.0581	7.3E10
0.0582	7.3E10
0.0583	7.3E10
0.0584	7.3E10
0.0585	7.3E10
0.0586	7.3E10
0.0587	7.3E10
0.0588	7.3E10
0.0589	7.3E10
0.059	7.3E10
0.0591	7.3E10
0.0592	7.3E10
0.0593	7.3E10
0.0594	7.3E10
0.0595	7.3E10
0.0596	7.3E10
0.0597	7.3E10
0.0598	7.3E10
0.0599	7.3E10
0.06	7.3E10
0.0601	7.3E10
0.0602	7.3E10
0.0603	7.3E10
0.0604	7.3E10
0.0605	7.3E10
0.0606	7.3E10
0.0607	7.3E10
0.0608	7.3E10
0.0609	7.3E10
0.061	7.3E10
0.0611	7.3E10
0.0612	7.3E10
0.0613	7.3E10
0.0614	7.3E10
0.0615	7.3E10
0.0616	7.3E10
0.0617	7.3E10
0.0618	7.3E10
0.0619	7.3E10
0.062	7.3E10
0.0621	7.3E10
0.0622	7.3E10
0.0623	7.3E10
0.0624	7.3E10
0.0625	7.3E10
0.0626	7.3E10
0.0627	7.3E10
0.0628	7.3E10
0.0629	7.3E10
0.063	7.3E10
0.0631	7.3E10
0.0632	7.3E10
0.0633	7.3E10
0.0634	7.3E10
0.0635	7.3E10
0.0636	7.3E10
0.0637	7.3E10
0.0638	7.3E10
0.0639	7.3E10
0.064	7.3E10
0.0641	7.3E10
0.0642	7.3E10
0.0643	7.3E10
0.0644	7.3E10
0.0645	7.3E10
0.0646	7.3E10
0.0647	7.3E10
0.0648	7.3E10
0.0649	7.3E10
0.065	7.3E10
0.0651	7.3E10
0.0652	7.3E10
0.0653	7.3E10
0.0654	7.3E10
0.0655	7.3E10
0.0656	7.3E10
0.0657	7.3E10
0.0658	7.3E10
0.0659	7.3E10
0.066	7.3E10
0.0661	7.3E10
0.0662	7.3E10
0.0663	7.3E10
0.0664	7.3E10
0.0665	7.3E10
0.0666	7.3E10
0.0667	7.3E10
0.0668	7.3E10
0.0669	7.3E10
0.067	7.3E10
0.0671	7.3E10
0.0672	7.3E10
0.0673	7.3E10
0.0674	7.3E10
0.0675	7.3E10
0.0676	7.3E10
0.0677	7.3E10
0.0678	7.3E10
0.0679	7.3E10
0.068	7.3E10
0.0681	7.3E10
0.0682	7.3E10
0.0683	7.3E10
0.0684	7.3E10
0.0685	7.3E10
0.0686	7.3E10
0.0687	7.3E10
0.0688	7.3E10
0.0689	7.3E10
0.069	7.3E10
0.0691	7.3E10
0.0692	7.3E10
0.0693	7.3E10
0.0694	7.3E10
0.0695	7.3E10
0.0696	7.3E10
0.0697	7.3E10
0.0698	7.3E10
0.0699	7.3E10
0.07	7.3E10
0.0701	7.3E10
0.0702	7.3E10
0.0703	7.3E10
0.0704	7.3E10
0.0705	7.3E10
0.0706	7.3E10
0.0707	7.3E10
0.0708	7.3E10
0.0709	7.3E10
0.071	7.3E10
0.0711	7.3E10
0.0712	7.3E10
0.0713	7.3E10
0.0714	7.3E10
0.0715	7.3E10
0.0716	7.3E10
0.0717	7.3E10
0.0718	7.3E10
0.0719	7.3E10
0.072	7.3E10
0.0721	7.3E10
0.0722	7.3E10
0.0723	7.3E10
0.0724	7.3E10
0.0725	7.3E10
0.0726	7.3E10
0.0727	7.3E10
0.0728	7.3E10
0.0729	7.3E10
0.073	7.3E10
0.0731	7.3E10
0.0732	7.3E10
0.0733	7.3E10
0.0734	7.3E10
0.0735	7.3E10
0.0736	7.3E10
0.0737	7.3E10
0.0738	7.3E10
0.0739	7.3E10
0.074	7.3E10
0.0741	7.3E10
0.0742	7.3E10
0.0743	7.3E10
0.0744	7.3E10
0.0745	7.3E10
0.0746	7.3E10
0.0747	7.3E10
0.0748	7.3E10
0.0749	7.3E10
0.075	7.3E10
0.0751	7.3E10
0.0752	7.3E10
0.0753	7.3E10
0.0754	7.3E10
0.0755	7.3E10
0.0756	7.3E10
0.0757	7.3E10
0.0758	7.3E10
0.0759	7.3E10
0.076	7.3E10
0.0761	7.3E10
0.0762	7.3E10
0.0763	7.3E10
0.0764	7.3E10
0.0765	7.3E10
0.0766	7.3E10
0.0767	7.3E10
0.0768	7.3E10
0.0769	7.3E10
0.077	7.3E10
0.0771	7.3E10
0.0772	7.3E10
0.0773	7.3E10
0.0774	7.3E10
0.0775	7.3E10
0.0776	7.3E10
0.0777	7.3E10
0.0778	7.3E10
0.0779	7.3E10
0.078	7.3E10
0.0781	7.3E10
0.0782	7.3E10
0.0783	7.3E10
0.0784	7.3E10
0.0785	7.3E10
0.0786	7.3E10
0.0787	7.3E10
0.0788	7.3E10
0.0789	7.3E10
0.079	7.3E10
0.0791	7.3E10
0.0792	7.3E10
0.0793	7.3E10
0.0794	7.3E10
0.0795	7.3E10
0.0796	7.3E10
0.0797	7.3E10
0.0798	7.3E10
0.0799	7.3E10
0.08	7.3E10
0.0801	7.3E10
0.0802	7.3E10
0.0803	7.3E10
0.0804	7.3E10
0.0805	7.3E10
0.0806	7.3E10
0.0807	7.3E10
0.0808	7.3E10
0.0809	7.3E10
0.081	7.3E10
0.0811	7.3E10
0.0812	7.3E10
0.0813	7.3E10
0.0814	7.3E10
0.0815	7.3E10
0.0816	7.3E10
0.0817	7.3E10
0.0818	7.3E10
0.0819	7.3E10
0.082	7.3E10
0.0821	7.3E10
0.0822	7.3E10
0.0823	7.3E10
0.0824	7.3E10
0.0825	7.3E10
0.0826	7.3E10
0.0827	7.3E10
0.0828	7.3E10
0.0829	7.3E10
0.083	7.3E10
0.0831	7.3E10
0.0832	7.3E10
0.0833	7.3E10
0.0834	7.3E10
0.0835	7.3E10
0.0836	7.3E10
0.0837	7.3E10
0.0838	7.3E10
0.0839	7.3E10
0.084	7.3E10
0.0841	7.3E10
0.0842	7.3E10
0.0843	7.3E10
0.0844	7.3E10
0.0845	7.3E10
0.0846	7.3E10
0.0847	7.3E10
0.0848	7.3E10
0.0849	7.3E10
0.085	7.3E10
0.0851	7.3E10
0.0852	7.3E10
0.0853	7.3E10
0.0854	7.3E10
0.0855	7.3E10
0.0856	7.3E10
0.0857	7.3E10
0.0858	7.3E10
0.0859	7.3E10
0.086	7.3E10
0.0861	7.3E10
0.0862	7.3E10
0.0863	7.3E10
0.0864	7.3E10
0.0865	7.3E10
0.0866	7.3E10
0.0867	7.3E10
0.0868	7.3E10
0.0869	7.3E10
0.087	7.3E10
0.0871	7.3E10
0.0872	7.3E10
0.0873	7.3E10
0.0874	7.3E10
0.0875	7.3E10
0.0876	7.3E10
0.0877	7.3E10
0.0878	7.3E10
0.0879	7.3E10
0.088	7.3E10
0.0881	7.3E10
0.0882	7.3E10
0.0883	7.3E10
0.0884	7.3E10
0.0885	7.3E10
0.0886	7.3E10
0.0887	7.3E10
0.0888	7.3E10
0.0889	7.3E10
0.089	7.3E10
0.0891	7.3E10
0.0892	7.3E10
0.0893	7.3E10
0.0894	7.3E10
0.0895	7.3E10
0.0896	7.3E10
0.0897	7.3E10
0.0898	7.3E10
0.0899	7.3E10
0.09	7.3E10
0.0901	7.3E10
0.0902	7.3E10
0.0903	7.3E10
0.0904	7.3E10
0.0905	7.3E10
0.0906	7.3E10
0.0907	7.3E10
0.0908	7.3E10
0.0909	7.3E10
0.091	7.3E10
0.0911	7.3E10
0.0912	7.3E10
0.0913	7.3E10
0.0914	7.3E10
0.0915	7.3E10
0.0916	7.3E10
0.0917	7.3E10
0.0918	7.3E10
0.0919	7.3E10
0.092	7.3E10
0.0921	7.3E10
0.0922	7.3E10
0.0923	7.3E10
0.0924	7.3E10
0.0925	7.3E10
0.0926	7.3E10
0.0927	7.3E10
0.0928	7.3E10
0.0929	7.3E10
0.093	7.3E10
0.0931	7.3E10
0.0932	7.3E10
0.0933	7.3E10
0.0934	7.3E10
0.0935	7.3E10
0.0936	7.3E10
0.0937	7.3E10
0.0938	7.3E10
0.0939	7.3E10
0.094	7.3E10
0.0941	7.3E10
0.0942	7.3E10
0.0943	7.3E10
0.0944	7.3E10
0.0945	7.3E10
0.0946	7.3E10
0.0947	7.3E10
0.0948	7.3E10
0.0949	7.3E10
0.095	7.3E10
0.0951	7.3E10
0.0952	7.3E10
0.0953	7.3E10
0.0954	7.3E10
0.0955	7.3E10
0.0956	7.3E10
0.0957	7.3E10
0.0958	7.3E10
0.0959	7.3E10
0.096	7.3E10
0.0961	7.3E10
0.0962	7.3E10
0.0963	7.3E10
0.0964	7.3E10
0.0965	7.3E10
0.0966	7.3E10
0.0967	7.3E10
0.0968	7.3E10
0.0969	7.3E10
0.097	7.3E10
0.0971	7.3E10
0.0972	7.3E10
0.0973	7.3E10
0.0974	7.3E10
0.0975	7.3E10
0.0976	7.3E10
0.0977	7.3E10
0.0978	7.3E10
0.0979	7.3E10
0.098	7.3E10
0.0981	7.3E10
0.0982	7.3E10
0.0983	7.3E10
0.0984	7.3E10
0.0985	7.3E10
0.0986	7.3E10
0.0987	7.3E10
0.0988	7.3E10
0.0989	7.3E10
0.099	7.3E10
0.0991	7.3E10
0.0992	7.3E10
0.0993	7.3E10
0.0994	7.3E10
0.0995	7.3E10
0.0996	7.3E10
0.0997	7.3E10
0.0998	7.3E10
0.0999	7.3E10
0.1	7.3E10
0.1001	7.3E10
0.1002	7.3E10
0.1003	7.3E10
0.1004	7.3E10
0.1005	7.3E10
0.1006	7.3E10
0.1007	7.3E10
0.1008	7.3E10
0.1009	7.3E10
0.101	7.3E10
0.1011	7.3E10
0.1012	7.3E10
0.1013	7.3E10
0.1014	7.3E10
0.1015	7.3E10
0.1016	7.3E10
0.1017	7.3E10
0.1018	7.3E10
0.1019	7.3E10
0.102	7.3E10
0.1021	7.3E10
0.1022	7.3E10
0.1023	7.3E10
0.1024	7.3E10
0.1025	7.3E10
0.1026	7.3E10
0.1027	7.3E10
0.1028	7.3E10
0.1029	7.3E10
0.103	7.3E10
0.1031	7.3E10
0.1032	7.3E10
0.1033	7.3E10
0.1034	7.3E10
0.1035	7.3E10
0.1036	7.3E10
0.1037	7.3E10
0.1038	7.3E10
0.1039	7.3E10
0.104	7.3E10
0.1041	7.3E10
0.1042	7.3E10
0.1043	7.3E10
0.1044	7.3E10
0.1045	7.3E10
0.1046	7.3E10
0.1047	7.3E10
0.1048	7.3E10
0.1049	7.3E10
0.105	7.3E10
0.1051	7.3E10
0.1052	7.3E10
0.1053	7.3E10
0.1054	7.3E10
0.1055	7.3E10
0.1056	7.3E10
0.1057	7.3E10
0.1058	7.3E10
0.1059	7.3E10
0.106	7.3E10
0.1061	7.3E10
0.1062	7.3E10
0.1063	7.3E10
0.1064	7.3E10
0.1065	7.3E10
0.1066	7.3E10
0.1067	7.3E10
0.1068	7.3E10
0.1069	7.3E10
0.107	7.3E10
0.1071	7.3E10
0.1072	7.3E10
0.1073	7.3E10
0.1074	7.3E10
0.1075	7.3E10
0.1076	7.3E10
0.1077	7.3E10
0.1078	7.3E10
0.1079	7.3E10
0.108	7.3E10
0.1081	7.3E10
0.1082	7.3E10
0.1083	7.3E10
0.1084	7.3E10
0.1085	7.3E10
0.1086	7.3E10
0.1087	7.3E10
0.1088	7.3E10
0.1089	7.3E10
0.109	7.3E10
0.1091	7.3E10
0.1092	7.3E10
0.1093	7.3E10
0.1094	7.3E10
0.1095	7.3E10
0.1096	7.3E10
0.1097	7.3E10
0.1098	7.3E10
0.1099	7.3E10
0.11	7.3E10
0.1101	7.3E10
0.1102	7.3E10
0.1103	7.3E10
0.1104	7.3E10
0.1105	7.3E10
0.1106	7.3E10
0.1107	7.3E10
0.1108	7.3E10
0.1109	7.3E10
0.111	7.3E10
0.1111	7.3E10
0.1112	7.3E10
0.1113	7.3E10
0.1114	7.3E10
0.1115	7.3E10
0.1116	7.3E10
0.1117	7.3E10
0.1118	7.3E10
0.1119	7.3E10
0.112	7.3E10
0.1121	7.3E10
0.1122	7.3E10
0.1123	7.3E10
0.1124	7.3E10
0.1125	7.3E10
0.1126	7.3E10
0.1127	7.3E10
0.1128	7.3E10
0.1129	7.3E10
0.113	7.3E10
0.1131	7.3E10
0.1132	7.3E10
0.1133	7.3E10
0.1134	7.3E10
0.1135	7.3E10
0.1136	7.3E10
0.1137	7.3E10
0.1138	7.3E10
0.1139	7.3E10
0.114	7.3E10
0.1141	7.3E10
0.1142	7.3E10
0.1143	7.3E10
0.1144	7.3E10
0.1145	7.3E10
0.1146	7.3E10
0.1147	7.3E10
0.1148	7.3E10
0.1149	7.3E10
0.115	7.3E10
0.1151	7.3E10
0.1152	7.3E10
0.1153	7.3E10
0.1154	7.3E10
0.1155	7.3E10
0.1156	7.3E10
0.1157	7.3E10
0.1158	7.3E10
0.1159	7.3E10
0.116	7.3E10
0.1161	7.3E10
0.1162	7.3E10
0.1163	7.3E10
0.1164	7.3E10
0.1165	7.3E10
0.1166	7.3E10
0.1167	7.3E10
0.1168	7.3E10
0.1169	7.3E10
0.117	7.3E10
0.1171	7.3E10
0.1172	7.3E10
0.1173	7.3E10
0.1174	7.3E10
0.1175	7.3E10
0.1176	7.3E10
0.1177	7.3E10
0.1178	7.3E10
0.1179	7.3E10
0.118	7.3E10
0.1181	7.3E10
0.1182	7.3E10
0.1183	7.3E10
0.1184	7.3E10
0.1185	7.3E10
0.1186	7.3E10
0.1187	7.3E10
0.1188	7.3E10
0.1189	7.3E10
0.119	7.3E10
0.1191	7.3E10
0.1192	7.3E10
0.1193	7.3E10
0.1194	7.3E10
0.1195	7.3E10
0.1196	7.3E10
0.1197	7.3E10
0.1198	7.3E10
0.1199	7.3E10
0.12	7.3E10
0.1201	7.3E10
0.1202	7.3E10
0.1203	7.3E10
0.1204	7.3E10
0.1205	7.3E10
0.1206	7.3E10
0.1207	7.3E10
0.1208	7.3E10
0.1209	7.3E10
0.121	7.3E10
0.1211	7.3E10
0.1212	7.3E10
0.1213	7.3E10
0.1214	7.3E10
0.1215	7.3E10
0.1216	7.3E10
0.1217	7.3E10
0.1218	7.3E10
0.1219	7.3E10
0.122	7.3E10
0.1221	7.3E10
0.1222	7.3E10
0.1223	7.3E10
0.1224	7.3E10
0.1225	7.3E10
0.1226	7.3E10
0.1227	7.3E10
0.1228	7.3E10
0.1229	7.3E10
0.123	7.3E10
0.1231	7.3E10
0.1232	7.3E10
0.1233	7.3E10
0.1234	7.3E10
0.1235	7.3E10
0.1236	7.3E10
0.1237	7.3E10
0.1238	7.3E10
0.1239	7.3E10
0.124	7.3E10
0.1241	7.3E10
0.1242	7.3E10
0.1243	7.3E10
0.1244	7.3E10
0.1245	7.3E10
0.1246	7.3E10
0.1247	7.3E10
0.1248	7.3E10
0.1249	7.3E10
0.125	7.3E10
0.1251	7.3E10
0.1252	7.3E10
0.1253	7.3E10
0.1254	7.3E10
0.1255	7.3E10
0.1256	7.3E10
0.1257	7.3E10
0.1258	7.3E10
0.1259	7.3E10
0.126	7.3E10
0.1261	7.3E10
0.1262	7.3E10
0.1263	7.3E10
0.1264	7.3E10
0.1265	7.3E10
0.1266	7.3E10
0.1267	7.3E10
0.1268	7.3E10
0.1269	7.3E10
0.127	7.3E10
0.1271	7.3E10
0.1272	7.3E10
0.1273	7.3E10
0.1274	7.3E10
0.1275	7.3E10
0.1276	7.3E10
0.1277	7.3E10
0.1278	7.3E10
0.1279	7.3E10
0.128	7.3E10
0.1281	7.3E10
0.1282	7.3E10
0.1283	7.3E10
0.1284	7.3E10
0.1285	7.3E10
0.1286	7.3E10
0.1287	7.3E10
0.1288	7.3E10
0.1289	7.3E10
0.129	7.3E10
0.1291	7.3E10
0.1292	7.3E10
0.1293	7.3E10
0.1294	7.3E10
0.1295	7.3E10
0.1296	7.3E10
0.1297	7.3E10
0.1298	7.3E10
0.1299	7.3E10
0.13	7.3E10
0.1301	7.3E10
0.1302	7.3E10
0.1303	7.3E10
0.1304	7.3E10
0.1305	7.3E10
0.1306	7.3E10
0.1307	7.3E10
0.1308	7.3E10
0.1309	7.3E10
0.131	7.3E10
0.1311	7.3E10
0.1312	7.3E10
0.1313	7.3E10
0.1314	7.3E10
0.1315	7.3E10
0.1316	7.3E10
0.1317	7.3E10
0.1318	7.3E10
0.1319	7.3E10
0.132	7.3E10
0.1321	7.3E10
0.1322	7.3E10
0.1323	7.3E10
0.1324	7.3E10
0.1325	7.3E10
0.1326	7.3E10
0.1327	7.3E10
0.1328	7.3E10
0.1329	7.3E10
0.133	7.3E10
0.1331	7.3E10
0.1332	7.3E10
0.1333	7.3E10
0.1334	7.3E10
0.1335	7.3E10
0.1336	7.3E10
0.1337	7.3E10
0.1338	7.3E10
0.1339	7.3E10
0.134	7.3E10
0.1341	7.3E10
0.1342	7.3E10
0.1343	7.3E10
0.1344	7.3E10
0.1345	7.3E10
0.1346	7.3E10
0.1347	7.3E10
0.1348	7.3E10
0.1349	7.3E10
0.135	7.3E10
0.1351	7.3E10
0.1352	7.3E10
0.1353	7.3E10
0.1354	7.3E10
0.1355	7.3E10
0.1356	7.3E10
0.1357	7.3E10
0.1358	7.3E10
0.1359	7.3E10
0.136	7.3E10
0.1361	7.3E10
0.1362	7.3E10
0.1363	7.3E10
0.1364	7.3E10
0.1365	7.3E10
0.1366	7.3E10
0.1367	7.3E10
0.1368	7.3E10
0.1369	7.3E10
0.137	7.3E10
0.1371	7.3E10
0.1372	7.3E10
0.1373	7.3E10
0.1374	7.3E10
0.1375	7.3E10
0.1376	7.3E10
0.1377	7.3E10
0.1378	7.3E10
0.1379	7.3E10
0.138	7.3E10
0.1381	7.3E10
0.1382	7.3E10
0.1383	7.3E10
0.1384	7.3E10
0.1385	7.3E10
0.1386	7.3E10
0.1387	7.3E10
0.1388	7.3E10
0.1389	7.3E10
0.139	7.3E10
0.1391	7.3E10
0.1392	7.3E10
0.1393	7.3E10
0.1394	7.3E10
0.1395	7.3E10
0.1396	7.3E10
0.1397	7.3E10
0.1398	7.3E10
0.1399	7.3E10
0.14	7.3E10
0.1401	7.3E10
0.1402	7.3E10
0.1403	7.3E10
0.1404	7.3E10
0.1405	7.3E10
0.1406	7.3E10
0.1407	7.3E10
0.1408	7.3E10
0.1409	7.3E10
0.141	7.3E10
0.1411	7.3E10
0.1412	7.3E10
0.1413	7.3E10
0.1414	7.3E10
0.1415	7.3E10
0.1416	7.3E10
0.1417	7.3E10
0.1418	7.3E10
0.1419	7.3E10
0.142	7.3E10
0.1421	7.3E10
0.1422	7.3E10
0.1423	7.3E10
0.1424	7.3E10
0.1425	7.3E10
0.1426	7.3E10
0.1427	7.3E10
0.1428	7.3E10
0.1429	7.3E10
0.143	7.3E10
0.1431	7.3E10
0.1432	7.3E10
0.1433	7.3E10
0.1434	7.3E10
0.1435	7.3E10
0.1436	7.3E10
0.1437	7.3E10
0.1438	7.3E10
0.1439	7.3E10
0.144	7.3E10
0.1441	7.3E10
0.1442	7.3E10
0.1443	7.3E10
0.1444	7.3E10
0.1445	7.3E10
0.1446	7.3E10
0.1447	7.3E10
0.1448	7.3E10
0.1449	7.3E10
0.145	7.3E10
0.1451	7.3E10
0.1452	7.3E10
0.1453	7.3E10
0.1454	7.3E10
0.1455	7.3E10
0.1456	7.3E10
0.1457	7.3E10
0.1458	7.3E10
0.1459	7.3E10
0.146	7.3E10
0.1461	7.3E10
0.1462	7.3E10
0.1463	7.3E10
0.1464	7.3E10
0.1465	7.3E10
0.1466	7.3E10
0.1467	7.3E10
0.1468	7.3E10
0.1469	7.3E10
0.147	7.3E10
0.1471	7.3E10
0.1472	7.3E10
0.1473	7.3E10
0.1474	7.3E10
0.1475	7.3E10
0.1476	7.3E10
0.1477	7.3E10
0.1478	7.3E10
0.1479	7.3E10
0.148	7.3E10
0.1481	7.3E10
0.1482	7.3E10
0.1483	7.3E10
0.1484	7.3E10
0.1485	7.3E10
0.1486	7.3E10
0.1487	7.3E10
0.1488	7.3E10
0.1489	7.3E10
0.149	7.3E10
0.1491	7.3E10
0.1492	7.3E10
0.1493	7.3E10
0.1494	7.3E10
0.1495	7.3E10
0.1496	7.3E10
0.1497	7.3E10
0.1498	7.3E10
0.1499	7.3E10
0.15	7.3E10
0.1501	7.3E10
0.1502	7.3E10
0.1503	7.3E10
0.1504	7.3E10
0.1505	7.3E10
0.1506	7.3E10
0.1507	7.3E10
0.1508	7.3E10
0.1509	7.3E10
0.151	7.3E10
0.1511	7.3E10
0.1512	7.3E10
0.1513	7.3E10
0.1514	7.3E10
0.1515	7.3E10
0.1516	7.3E10
0.1517	7.3E10
0.1518	7.3E10
0.1519	7.3E10
0.152	7.3E10
0.1521	7.3E10
0.1522	7.3E10
0.1523	7.3E10
0.1524	7.3E10
0.1525	7.3E10
0.1526	7.3E10
0.1527	7.3E10
0.1528	7.3E10
0.1529	7.3E10
0.153	7.3E10
0.1531	7.3E10
0.1532	7.3E10
0.1533	7.3E10
0.1534	7.3E10
0.1535	7.3E10
0.1536	7.3E10
0.1537	7.3E10
0.1538	7.3E10
0.1539	7.3E10
0.154	7.3E10
0.1541	7.3E10
0.1542	7.3E10
0.1543	7.3E10
0.1544	7.3E10
0.1545	7.3E10
0.1546	7.3E10
0.1547	7.3E10
0.1548	7.3E10
0.1549	7.3E10
0.155	7.3E10
0.1551	7.3E10
0.1552	7.3E10
0.1553	7.3E10
0.1554	7.3E10
0.1555	7.3E10
0.1556	7.3E10
0.1557	7.3E10
0.1558	7.3E10
0.1559	7.3E10
0.156	7.3E10
0.1561	7.3E10
0.1562	7.3E10
0.1563	7.3E10
0.1564	7.3E10
0.1565	7.3E10
0.1566	7.3E10
0.1567	7.3E10
0.1568	7.3E10
0.1569	7.3E10
0.157	7.3E10
0.1571	7.3E10
0.1572	7.3E10
0.1573	7.3E10
0.1574	7.3E10
0.1575	7.3E10
0.1576	7.3E10
0.1577	7.3E10
0.1578	7.3E10
0.1579	7.3E10
0.158	7.3E10
0.1581	7.3E10
0.1582	7.3E10
0.1583	7.3E10
0.1584	7.3E10
0.1585	7.3E10
0.1586	7.3E10
0.1587	7.3E10
0.1588	7.3E10
0.1589	7.3E10
0.159	7.3E10
0.1591	7.3E10
0.1592	7.3E10
0.1593	7.3E10
0.1594	7.3E10
0.1595	7.3E10
0.1596	7.3E10
0.1597	7.3E10
0.1598	7.3E10
0.1599	7.3E10
0.16	7.3E10
0.1601	7.3E10
0.1602	7.3E10
0.1603	7.3E10
0.1604	7.3E10
0.1605	7.3E10
0.1606	7.3E10
0.1607	7.3E10
0.1608	7.3E10
0.1609	7.3E10
0.161	7.3E10
0.1611	7.3E10
0.1612	7.3E10
0.1613	7.3E10
0.1614	7.3E10
0.1615	7.3E10
0.1616	7.3E10
0.1617	7.3E10
0.1618	7.3E10
0.1619	7.3E10
0.162	7.3E10
0.1621	7.3E10
0.1622	7.3E10
0.1623	7.3E10
0.1624	7.3E10
0.1625	7.3E10
0.1626	7.3E10
0.1627	7.3E10
0.1628	7.3E10
0.1629	7.3E10
0.163	7.3E10
0.1631	7.3E10
0.1632	7.3E10
0.1633	7.3E10
0.1634	7.3E10
0.1635	7.3E10
0.1636	7.3E10
0.1637	7.3E10
0.1638	7.3E10
0.1639	7.3E10
0.164	7.3E10
0.1641	7.3E10
0.1642	7.3E10
0.1643	7.3E10
0.1644	7.3E10
0.1645	7.3E10
0.1646	7.3E10
0.1647	7.3E10
0.1648	7.3E10
0.1649	7.3E10
0.165	7.3E10
0.1651	7.3E10
0.1652	7.3E10
0.1653	7.3E10
0.1654	7.3E10
0.1655	7.3E10
0.1656	7.3E10
0.1657	7.3E10
0.1658	7.3E10
0.1659	7.3E10
0.166	7.3E10
0.1661	7.3E10
0.1662	7.3E10
0.1663	7.3E10
0.1664	7.3E10
0.1665	7.3E10
0.1666	7.3E10
0.1667	7.3E10
0.1668	7.3E10
0.1669	7.3E10
0.167	7.3E10
0.1671	7.3E10
0.1672	7.3E10
0.1673	7.3E10
0.1674	7.3E10
0.1675	7.3E10
0.1676	7.3E10
0.1677	7.3E10
0.1678	7.3E10
0.1679	7.3E10
0.168	7.3E10
0.1681	7.3E10
0.1682	7.3E10
0.1683	7.3E10
0.1684	7.3E10
0.1685	7.3E10
0.1686	7.3E10
0.1687	7.3E10
0.1688	7.3E10
0.1689	7.3E10
0.169	7.3E10
0.1691	7.3E10
0.1692	7.3E10
0.1693	7.3E10
0.1694	7.3E10
0.1695	7.3E10
0.1696	7.3E10
0.1697	7.3E10
0.1698	7.3E10
0.1699	7.3E10
0.17	7.3E10
0.1701	7.3E10
0.1702	7.3E10
0.1703	7.3E10
0.1704	7.3E10
0.1705	7.3E10
0.1706	7.3E10
0.1707	7.3E10
0.1708	7.3E10
0.1709	7.3E10
0.171	7.3E10
0.1711	7.3E10
0.1712	7.3E10
0.1713	7.3E10
0.1714	7.3E10
0.1715	7.3E10
0.1716	7.3E10
0.1717	7.3E10
0.1718	7.3E10
0.1719	7.3E10
0.172	7.3E10
0.1721	7.3E10
0.1722	7.3E10
0.1723	7.3E10
0.1724	7.3E10
0.1725	7.3E10
0.1726	7.3E10
0.1727	7.3E10
0.1728	7.3E10
0.1729	7.3E10
0.173	7.3E10
0.1731	7.3E10
0.1732	7.3E10
0.1733	7.3E10
0.1734	7.3E10
0.1735	7.3E10
0.1736	7.3E10
0.1737	7.3E10
0.1738	7.3E10
0.1739	7.3E10
0.174	7.3E10
0.1741	7.3E10
0.1742	7.3E10
0.1743	7.3E10
0.1744	7.3E10
0.1745	7.3E10
0.1746	7.3E10
0.1747	7.3E10
0.1748	7.3E10
0.1749	7.3E10
0.175	7.3E10
0.1751	7.3E10
0.1752	7.3E10
0.1753	7.3E10
0.1754	7.3E10
0.1755	7.3E10
0.1756	7.3E10
0.1757	7.3E10
0.1758	7.3E10
0.1759	7.3E10
0.176	7.3E10
0.1761	7.3E10
0.1762	7.3E10
0.1763	7.3E10
0.1764	7.3E10
0.1765	7.3E10
0.1766	7.3E10
0.1767	7.3E10
0.1768	7.3E10
0.1769	7.3E10
0.177	7.3E10
0.1771	7.3E10
0.1772	7.3E10
0.1773	7.3E10
0.1774	7.3E10
0.1775	7.3E10
0.1776	7.3E10
0.1777	7.3E10
0.1778	7.3E10
0.1779	7.3E10
0.178	7.3E10
0.1781	7.3E10
0.1782	7.3E10
0.1783	7.3E10
0.1784	7.3E10
0.1785	7.3E10
0.1786	7.3E10
0.1787	7.3E10
0.1788	7.3E10
0.1789	7.3E10
0.179	7.3E10
0.1791	7.3E10
0.1792	7.3E10
0.1793	7.3E10
0.1794	7.3E10
0.1795	7.3E10
0.1796	7.3E10
0.1797	7.3E10
0.1798	7.3E10
0.1799	7.3E10
0.18	7.3E10
0.1801	7.3E10
0.1802	7.3E10
0.1803	7.3E10
0.1804	7.3E10
0.1805	7.3E10
0.1806	7.3E10
0.1807	7.3E10
0.1808	7.3E10
0.1809	7.3E10
0.181	7.3E10
0.1811	7.3E10
0.1812	7.3E10
0.1813	7.3E10
0.1814	7.3E10
0.1815	7.3E10
0.1816	7.3E10
0.1817	7.3E10
0.1818	7.3E10
0.1819	7.3E10
0.182	7.3E10
0.1821	7.3E10
0.1822	7.3E10
0.1823	7.3E10
0.1824	7.3E10
0.1825	7.3E10
0.1826	7.3E10
0.1827	7.3E10
0.1828	7.3E10
0.1829	7.3E10
0.183	7.3E10
0.1831	7.3E10
0.1832	7.3E10
0.1833	7.3E10
0.1834	7.3E10
0.1835	7.3E10
0.1836	7.3E10
0.1837	7.3E10
0.1838	7.3E10
0.1839	7.3E10
0.184	7.3E10
0.1841	7.3E10
0.1842	7.3E10
0.1843	7.3E10
0.1844	7.3E10
0.1845	7.3E10
0.1846	7.3E10
0.1847	7.3E10
0.1848	7.3E10
0.1849	7.3E10
0.185	7.3E10
0.1851	7.3E10
0.1852	7.3E10
0.1853	7.3E10
0.1854	7.3E10
0.1855	7.3E10
0.1856	7.3E10
0.1857	7.3E10
0.1858	7.3E10
0.1859	7.3E10
0.186	7.3E10
0.1861	7.3E10
0.1862	7.3E10
0.1863	7.3E10
0.1864	7.3E10
0.1865	7.3E10
0.1866	7.3E10
0.1867	7.3E10
0.1868	7.3E10
0.1869	7.3E10
0.187	7.3E10
0.1871	7.3E10
0.1872	7.3E10
0.1873	7.3E10
0.1874	7.3E10
0.1875	7.3E10
0.1876	7.3E10
0.1877	7.3E10
0.1878	7.3E10
0.1879	7.3E10
0.188	7.3E10
0.1881	7.3E10
0.1882	7.3E10
0.1883	7.3E10
0.1884	7.3E10
0.1885	7.3E10
0.1886	7.3E10
0.1887	7.3E10
0.1888	7.3E10
0.1889	7.3E10
0.189	7.3E10
0.1891	7.3E10
0.1892	7.3E10
0.1893	7.3E10
0.1894	7.3E10
0.1895	7.3E10
0.1896	7.3E10
0.1897	7.3E10
0.1898	7.3E10
0.1899	7.3E10
0.19	7.3E10
0.1901	7.3E10
0.1902	7.3E10
0.1903	7.3E10
0.1904	7.3E10
0.1905	7.3E10
0.1906	7.3E10
0.1907	7.3E10
0.1908	7.3E10
0.1909	7.3E10
0.191	7.3E10
0.1911	7.3E10
0.1912	7.3E10
0.1913	7.3E10
0.1914	7.3E10
0.1915	7.3E10
0.1916	7.3E10
0.1917	7.3E10
0.1918	7.3E10
0.1919	7.3E10
0.192	7.3E10
0.1921	7.3E10
0.1922	7.3E10
0.1923	7.3E10
0.1924	7.3E10
0.1925	7.3E10
0.1926	7.3E10
0.1927	7.3E10
0.1928	7.3E10
0.1929	7.3E10
0.193	7.3E10
0.1931	7.3E10
0.1932	7.3E10
0.1933	7.3E10
0.1934	7.3E10
0.1935	7.3E10
0.1936	7.3E10
0.1937	7.3E10
0.1938	7.3E10
0.1939	7.3E10
0.194	7.3E10
0.1941	7.3E10
0.1942	7.3E10
0.1943	7.3E10
0.1944	7.3E10
0.1945	7.3E10
0.1946	7.3E10
0.1947	7.3E10
0.1948	7.3E10
0.1949	7.3E10
0.195	7.3E10
0.1951	7.3E10
0.1952	7.3E10
0.1953	7.3E10
0.1954	7.3E10
0.1955	7.3E10
0.1956	7.3E10
0.1957	7.3E10
0.1958	7.3E10
0.1959	7.3E10
0.196	7.3E10
0.1961	7.3E10
0.1962	7.3E10
0.1963	7.3E10
0.1964	7.3E10
0.1965	7.3E10
0.1966	7.3E10
0.1967	7.3E10
0.1968	7.3E10
0.1969	7.3E10
0.197	7.3E10
0.1971	7.3E10
0.1972	7.3E10
0.1973	7.3E10
0.1974	7.3E10
0.1975	7.3E10
0.1976	7.3E10
0.1977	7.3E10
0.1978	7.3E10
0.1979	7.3E10
0.198	7.3E10
0.1981	7.3E10
0.1982	7.3E10
0.1983	7.3E10
0.1984	7.3E10
0.1985	7.3E10
0.1986	7.3E10
0.1987	7.3E10
0.1988	7.3E10
0.1989	7.3E10
0.199	7.3E10
0.1991	7.3E10
0.1992	7.3E10
0.1993	7.3E10
0.1994	7.3E10
0.1995	7.3E10
0.1996	7.3E10
0.1997	7.3E10
0.1998	7.3E10
0.1999	7.3E10
0.2	7.3E10
0.2001	7.3E10
