0	0
1E-4	0
2E-4	0
3E-4	0
4E-4	0
5E-4	0
6E-4	0
7E-4	0
8E-4	0
9E-4	0
1E-3	0
0.0011	0
0.0012	0
0.0013	0
0.0014	0
0.0015	0
0.0016	0
0.0017	0
0.0018	0
0.0019	0
0.002	0
0.0021	0
0.0022	0
0.0023	0
0.0024	0
0.0025	0
0.0026	0
0.0027	0
0.0028	0
0.0029	0
0.003	0
0.0031	0
0.0032	0
0.0033	0
0.0034	0
0.0035	0
0.0036	0
0.0037	0
0.0038	0
0.0039	0
0.004	0
0.0041	0
0.0042	0
0.0043	0
0.0044	0
0.0045	0
0.0046	0
0.0047	0
0.0048	0
0.0049	0
0.005	0
0.0051	0
0.0052	0
0.0053	0
0.0054	0
0.0055	0
0.0056	0
0.0057	0
0.0058	0
0.0059	0
0.006	0
0.0061	0
0.0062	0
0.0063	0
0.0064	0
0.0065	0
0.0066	0
0.0067	0
0.0068	0
0.0069	0
0.007	0
0.0071	0
0.0072	0
0.0073	0
0.0074	0
0.0075	0
0.0076	0
0.0077	0
0.0078	0
0.0079	0
0.008	0
0.0081	0
0.0082	0
0.0083	3.257E-8
0.0084	7.331E-8
0.0085	1.14388E-7
0.0086	1.55757E-7
0.0087	1.97393E-7
0.0088	2.39278E-7
0.0089	2.81402E-7
0.009	3.23756E-7
0.0091	3.66332E-7
0.0092	4.09126E-7
0.0093	4.52132E-7
0.0094	4.95348E-7
0.0095	5.38769E-7
0.0096	5.82394E-7
0.0097	6.26219E-7
0.0098	6.70243E-7
0.0099	7.14463E-7
0.01	7.58879E-7
0.0101	8.03489E-7
0.0102	8.48291E-7
0.0103	8.93285E-7
0.0104	9.38469E-7
0.0105	9.83843E-7
0.0106	1.02941E-6
0.0107	1.07516E-6
0.0108	1.1211E-6
0.0109	1.16722E-6
0.011	1.21353E-6
0.0111	1.26003E-6
0.0112	1.30672E-6
0.0113	1.35359E-6
0.0114	1.40064E-6
0.0115	1.44788E-6
0.0116	1.49531E-6
0.0117	1.54292E-6
0.0118	1.59072E-6
0.0119	1.63869E-6
0.012	1.68686E-6
0.0121	1.73521E-6
0.0122	1.78374E-6
0.0123	1.83246E-6
0.0124	1.88136E-6
0.0125	1.93045E-6
0.0126	1.97972E-6
0.0127	2.02918E-6
0.0128	2.07882E-6
0.0129	2.12864E-6
0.013	2.17866E-6
0.0131	2.22885E-6
0.0132	2.27924E-6
0.0133	2.3298E-6
0.0134	2.38056E-6
0.0135	2.4315E-6
0.0136	2.48263E-6
0.0137	2.53394E-6
0.0138	2.58544E-6
0.0139	2.63713E-6
0.014	2.689E-6
0.0141	2.74106E-6
0.0142	2.79331E-6
0.0143	2.84575E-6
0.0144	2.89838E-6
0.0145	2.9512E-6
0.0146	3.0042E-6
0.0147	3.0574E-6
0.0148	3.11078E-6
0.0149	3.16435E-6
0.015	3.21812E-6
0.0151	3.27208E-6
0.0152	3.32622E-6
0.0153	3.38056E-6
0.0154	3.4351E-6
0.0155	3.48982E-6
0.0156	3.54473E-6
0.0157	3.59984E-6
0.0158	3.65515E-6
0.0159	3.71064E-6
0.016	3.76633E-6
0.0161	3.82222E-6
0.0162	3.8783E-6
0.0163	3.93458E-6
0.0164	3.99105E-6
0.0165	4.04772E-6
0.0166	4.10459E-6
0.0167	4.16165E-6
0.0168	4.21891E-6
0.0169	4.27637E-6
0.017	4.33403E-6
0.0171	4.39188E-6
0.0172	4.44994E-6
0.0173	4.5082E-6
0.0174	4.56665E-6
0.0175	4.62531E-6
0.0176	4.68417E-6
0.0177	4.74323E-6
0.0178	4.80249E-6
0.0179	4.86196E-6
0.018	4.92163E-6
0.0181	4.9815E-6
0.0182	5.04158E-6
0.0183	5.10186E-6
0.0184	5.16235E-6
0.0185	5.22304E-6
0.0186	5.28394E-6
0.0187	5.34505E-6
0.0188	5.40636E-6
0.0189	5.46788E-6
0.019	5.52961E-6
0.0191	5.59155E-6
0.0192	5.65369E-6
0.0193	5.71605E-6
0.0194	5.77862E-6
0.0195	5.8414E-6
0.0196	5.90439E-6
0.0197	5.96759E-6
0.0198	6.031E-6
0.0199	6.09463E-6
0.02	6.15847E-6
0.0201	6.22252E-6
0.0202	6.28679E-6
0.0203	6.35127E-6
0.0204	6.41597E-6
0.0205	6.48089E-6
0.0206	6.54602E-6
0.0207	6.61137E-6
0.0208	6.67693E-6
0.0209	6.74272E-6
0.021	6.80872E-6
0.0211	6.87495E-6
0.0212	6.94139E-6
0.0213	7.00805E-6
0.0214	7.07494E-6
0.0215	7.14204E-6
0.0216	7.20937E-6
0.0217	7.27692E-6
0.0218	7.34469E-6
0.0219	7.41269E-6
0.022	7.48091E-6
0.0221	7.54936E-6
0.0222	7.61803E-6
0.0223	7.68693E-6
0.0224	7.75606E-6
0.0225	7.82541E-6
0.0226	7.89499E-6
0.0227	7.9648E-6
0.0228	8.03483E-6
0.0229	8.1051E-6
0.023	8.17559E-6
0.0231	8.24632E-6
0.0232	8.31728E-6
0.0233	8.38847E-6
0.0234	8.45989E-6
0.0235	8.53154E-6
0.0236	8.60343E-6
0.0237	8.67555E-6
0.0238	8.74791E-6
0.0239	8.8205E-6
0.024	8.89333E-6
0.0241	8.96639E-6
0.0242	9.03969E-6
0.0243	9.11323E-6
0.0244	9.187E-6
0.0245	9.26102E-6
0.0246	9.33527E-6
0.0247	9.40976E-6
0.0248	9.48449E-6
0.0249	9.55946E-6
0.025	9.63468E-6
0.0251	9.71014E-6
0.0252	9.78583E-6
0.0253	9.86178E-6
0.0254	9.93796E-6
0.0255	1.00144E-5
0.0256	1.00911E-5
0.0257	1.0168E-5
0.0258	1.02452E-5
0.0259	1.03226E-5
0.026	1.04002E-5
0.0261	1.04781E-5
0.0262	1.05563E-5
0.0263	1.06347E-5
0.0264	1.07133E-5
0.0265	1.07922E-5
0.0266	1.08714E-5
0.0267	1.09508E-5
0.0268	1.10304E-5
0.0269	1.11104E-5
0.027	1.11905E-5
0.0271	1.12709E-5
0.0272	1.13516E-5
0.0273	1.14325E-5
0.0274	1.15137E-5
0.0275	1.15951E-5
0.0276	1.16768E-5
0.0277	1.17587E-5
0.0278	1.18409E-5
0.0279	1.19234E-5
0.028	1.20061E-5
0.0281	1.20891E-5
0.0282	1.21723E-5
0.0283	1.22558E-5
0.0284	1.23396E-5
0.0285	1.24236E-5
0.0286	1.25078E-5
0.0287	1.25924E-5
0.0288	1.26772E-5
0.0289	1.27622E-5
0.029	1.28476E-5
0.0291	1.29331E-5
0.0292	1.3019E-5
0.0293	1.31051E-5
0.0294	1.31915E-5
0.0295	1.32781E-5
0.0296	1.33651E-5
0.0297	1.34522E-5
0.0298	1.35397E-5
0.0299	1.36274E-5
0.03	1.37154E-5
0.0301	1.38036E-5
0.0302	1.38922E-5
0.0303	1.39809E-5
0.0304	1.407E-5
0.0305	1.41593E-5
0.0306	1.42489E-5
0.0307	1.43388E-5
0.0308	1.4429E-5
0.0309	1.45194E-5
0.031	1.46101E-5
0.0311	1.4701E-5
0.0312	1.47923E-5
0.0313	1.48838E-5
0.0314	1.49756E-5
0.0315	1.50676E-5
0.0316	1.516E-5
0.0317	1.52526E-5
0.0318	1.53455E-5
0.0319	1.54386E-5
0.032	1.55321E-5
0.0321	1.56258E-5
0.0322	1.57198E-5
0.0323	1.58141E-5
0.0324	1.59086E-5
0.0325	1.60034E-5
0.0326	1.60986E-5
0.0327	1.6194E-5
0.0328	1.62896E-5
0.0329	1.63856E-5
0.033	1.64818E-5
0.0331	1.65783E-5
0.0332	1.66751E-5
0.0333	1.67722E-5
0.0334	1.68696E-5
0.0335	1.69672E-5
0.0336	1.70651E-5
0.0337	1.71633E-5
0.0338	1.72618E-5
0.0339	1.73606E-5
0.034	1.74596E-5
0.0341	1.7559E-5
0.0342	1.76586E-5
0.0343	1.77585E-5
0.0344	1.78587E-5
0.0345	1.79592E-5
0.0346	1.806E-5
0.0347	1.8161E-5
0.0348	1.82623E-5
0.0349	1.83639E-5
0.035	1.84659E-5
0.0351	1.8568E-5
0.0352	1.86705E-5
0.0353	1.87733E-5
0.0354	1.88764E-5
0.0355	1.89797E-5
0.0356	1.90833E-5
0.0357	1.91872E-5
0.0358	1.92914E-5
0.0359	1.93959E-5
0.036	1.95007E-5
0.0361	1.96058E-5
0.0362	1.97111E-5
0.0363	1.98167E-5
0.0364	1.99227E-5
0.0365	2.00289E-5
0.0366	2.01354E-5
0.0367	2.02422E-5
0.0368	2.03492E-5
0.0369	2.04566E-5
0.037	2.05643E-5
0.0371	2.06722E-5
0.0372	2.07804E-5
0.0373	2.08889E-5
0.0374	2.09977E-5
0.0375	2.11068E-5
0.0376	2.12162E-5
0.0377	2.13259E-5
0.0378	2.14358E-5
0.0379	2.15461E-5
0.038	2.16566E-5
0.0381	2.17674E-5
0.0382	2.18785E-5
0.0383	2.19899E-5
0.0384	2.21016E-5
0.0385	2.22135E-5
0.0386	2.23258E-5
0.0387	2.24383E-5
0.0388	2.25511E-5
0.0389	2.26642E-5
0.039	2.27776E-5
0.0391	2.28913E-5
0.0392	2.30052E-5
0.0393	2.31195E-5
0.0394	2.3234E-5
0.0395	2.33488E-5
0.0396	2.34639E-5
0.0397	2.35793E-5
0.0398	2.36949E-5
0.0399	2.38108E-5
0.04	2.39271E-5
0.0401	2.40436E-5
0.0402	2.41603E-5
0.0403	2.42774E-5
0.0404	2.43947E-5
0.0405	2.45124E-5
0.0406	2.46302E-5
0.0407	2.47484E-5
0.0408	2.48669E-5
0.0409	2.49856E-5
0.041	2.51046E-5
0.0411	2.52239E-5
0.0412	2.53434E-5
0.0413	2.54633E-5
0.0414	2.55834E-5
0.0415	2.57037E-5
0.0416	2.58244E-5
0.0417	2.59453E-5
0.0418	2.60665E-5
0.0419	2.61879E-5
0.042	2.63096E-5
0.0421	2.64316E-5
0.0422	2.65539E-5
0.0423	2.66764E-5
0.0424	2.67992E-5
0.0425	2.69223E-5
0.0426	2.70456E-5
0.0427	2.71692E-5
0.0428	2.7293E-5
0.0429	2.74171E-5
0.043	2.75415E-5
0.0431	2.76661E-5
0.0432	2.7791E-5
0.0433	2.79161E-5
0.0434	2.80415E-5
0.0435	2.81672E-5
0.0436	2.82931E-5
0.0437	2.84192E-5
0.0438	2.85456E-5
0.0439	2.86723E-5
0.044	2.87992E-5
0.0441	2.89263E-5
0.0442	2.90537E-5
0.0443	2.91814E-5
0.0444	2.93093E-5
0.0445	2.94374E-5
0.0446	2.95657E-5
0.0447	2.96943E-5
0.0448	2.98232E-5
0.0449	2.99523E-5
0.045	3.00816E-5
0.0451	3.02111E-5
0.0452	3.03409E-5
0.0453	3.04709E-5
0.0454	3.06011E-5
0.0455	3.07316E-5
0.0456	3.08623E-5
0.0457	3.09932E-5
0.0458	3.11243E-5
0.0459	3.12556E-5
0.046	3.13872E-5
0.0461	3.1519E-5
0.0462	3.1651E-5
0.0463	3.17832E-5
0.0464	3.19156E-5
0.0465	3.20482E-5
0.0466	3.2181E-5
0.0467	3.23141E-5
0.0468	3.24473E-5
0.0469	3.25808E-5
0.047	3.27144E-5
0.0471	3.28482E-5
0.0472	3.29823E-5
0.0473	3.31165E-5
0.0474	3.32509E-5
0.0475	3.33855E-5
0.0476	3.35203E-5
0.0477	3.36553E-5
0.0478	3.37904E-5
0.0479	3.39257E-5
0.048	3.40612E-5
0.0481	3.41969E-5
0.0482	3.43328E-5
0.0483	3.44688E-5
0.0484	3.4605E-5
0.0485	3.47413E-5
0.0486	3.48778E-5
0.0487	3.50145E-5
0.0488	3.51513E-5
0.0489	3.52883E-5
0.049	3.54254E-5
0.0491	3.55627E-5
0.0492	3.57001E-5
0.0493	3.58377E-5
0.0494	3.59754E-5
0.0495	3.61132E-5
0.0496	3.62512E-5
0.0497	3.63893E-5
0.0498	3.65276E-5
0.0499	3.66659E-5
0.05	3.68044E-5
0.0501	3.6943E-5
0.0502	3.70817E-5
0.0503	3.72205E-5
0.0504	3.73595E-5
0.0505	3.74985E-5
0.0506	3.76377E-5
0.0507	3.77769E-5
0.0508	3.79163E-5
0.0509	3.80557E-5
0.051	3.81953E-5
0.0511	3.83349E-5
0.0512	3.84746E-5
0.0513	3.86144E-5
0.0514	3.87542E-5
0.0515	3.88942E-5
0.0516	3.90342E-5
0.0517	3.91742E-5
0.0518	3.93144E-5
0.0519	3.94546E-5
0.052	3.95948E-5
0.0521	3.97351E-5
0.0522	3.98754E-5
0.0523	4.00158E-5
0.0524	4.01563E-5
0.0525	4.02967E-5
0.0526	4.04372E-5
0.0527	4.05778E-5
0.0528	4.07183E-5
0.0529	4.08589E-5
0.053	4.09995E-5
0.0531	4.11401E-5
0.0532	4.12807E-5
0.0533	4.14213E-5
0.0534	4.1562E-5
0.0535	4.17026E-5
0.0536	4.18432E-5
0.0537	4.19838E-5
0.0538	4.21244E-5
0.0539	4.2265E-5
0.054	4.24055E-5
0.0541	4.2546E-5
0.0542	4.26865E-5
0.0543	4.28269E-5
0.0544	4.29673E-5
0.0545	4.31077E-5
0.0546	4.3248E-5
0.0547	4.33882E-5
0.0548	4.35284E-5
0.0549	4.36686E-5
0.055	4.38086E-5
0.0551	4.39486E-5
0.0552	4.40885E-5
0.0553	4.42284E-5
0.0554	4.43681E-5
0.0555	4.45078E-5
0.0556	4.46473E-5
0.0557	4.47868E-5
0.0558	4.49261E-5
0.0559	4.50654E-5
0.056	4.52045E-5
0.0561	4.53435E-5
0.0562	4.54824E-5
0.0563	4.56212E-5
0.0564	4.57598E-5
0.0565	4.58983E-5
0.0566	4.60366E-5
0.0567	4.61748E-5
0.0568	4.63129E-5
0.0569	4.64507E-5
0.057	4.65885E-5
0.0571	4.6726E-5
0.0572	4.68634E-5
0.0573	4.70006E-5
0.0574	4.71376E-5
0.0575	4.72744E-5
0.0576	4.74111E-5
0.0577	4.75475E-5
0.0578	4.76838E-5
0.0579	4.78198E-5
0.058	4.79556E-5
0.0581	4.80912E-5
0.0582	4.82266E-5
0.0583	4.83617E-5
0.0584	4.84966E-5
0.0585	4.86313E-5
0.0586	4.87657E-5
0.0587	4.88999E-5
0.0588	4.90339E-5
0.0589	4.91675E-5
0.059	4.93009E-5
0.0591	4.94341E-5
0.0592	4.95669E-5
0.0593	4.96995E-5
0.0594	4.98318E-5
0.0595	4.99638E-5
0.0596	5.00955E-5
0.0597	5.02269E-5
0.0598	5.0358E-5
0.0599	5.04888E-5
0.06	5.06193E-5
0.0601	5.07494E-5
0.0602	5.08793E-5
0.0603	5.10088E-5
0.0604	5.11379E-5
0.0605	5.12667E-5
0.0606	5.13952E-5
0.0607	5.15233E-5
0.0608	5.16511E-5
0.0609	5.17785E-5
0.061	5.19055E-5
0.0611	5.20322E-5
0.0612	5.21585E-5
0.0613	5.22844E-5
0.0614	5.24099E-5
0.0615	5.2535E-5
0.0616	5.26597E-5
0.0617	5.2784E-5
0.0618	5.2908E-5
0.0619	5.30315E-5
0.062	5.31545E-5
0.0621	5.32772E-5
0.0622	5.33994E-5
0.0623	5.35212E-5
0.0624	5.36426E-5
0.0625	5.37635E-5
0.0626	5.3884E-5
0.0627	5.4004E-5
0.0628	5.41236E-5
0.0629	5.42427E-5
0.063	5.43613E-5
0.0631	5.44795E-5
0.0632	5.45972E-5
0.0633	5.47144E-5
0.0634	5.48311E-5
0.0635	5.49473E-5
0.0636	5.50631E-5
0.0637	5.51783E-5
0.0638	5.52931E-5
0.0639	5.54073E-5
0.064	5.5521E-5
0.0641	5.56342E-5
0.0642	5.57469E-5
0.0643	5.58591E-5
0.0644	5.59707E-5
0.0645	5.60818E-5
0.0646	5.61924E-5
0.0647	5.63024E-5
0.0648	5.64118E-5
0.0649	5.65208E-5
0.065	5.66291E-5
0.0651	5.67369E-5
0.0652	5.68442E-5
0.0653	5.69508E-5
0.0654	5.70569E-5
0.0655	5.71625E-5
0.0656	5.72674E-5
0.0657	5.73718E-5
0.0658	5.74756E-5
0.0659	5.75788E-5
0.066	5.76814E-5
0.0661	5.77834E-5
0.0662	5.78848E-5
0.0663	5.79856E-5
0.0664	5.80858E-5
0.0665	5.81854E-5
0.0666	5.82843E-5
0.0667	5.83827E-5
0.0668	5.84804E-5
0.0669	5.85775E-5
0.067	5.8674E-5
0.0671	5.87699E-5
0.0672	5.88651E-5
0.0673	5.89597E-5
0.0674	5.90536E-5
0.0675	5.91469E-5
0.0676	5.92396E-5
0.0677	5.93316E-5
0.0678	5.9423E-5
0.0679	5.95137E-5
0.068	5.96037E-5
0.0681	5.96931E-5
0.0682	5.97818E-5
0.0683	5.98699E-5
0.0684	5.99573E-5
0.0685	6.00441E-5
0.0686	6.01301E-5
0.0687	6.02155E-5
0.0688	6.03002E-5
0.0689	6.03843E-5
0.069	6.04677E-5
0.0691	6.05503E-5
0.0692	6.06323E-5
0.0693	6.07137E-5
0.0694	6.07943E-5
0.0695	6.08742E-5
0.0696	6.09535E-5
0.0697	6.10321E-5
0.0698	6.11099E-5
0.0699	6.11871E-5
0.07	6.12636E-5
0.0701	6.13394E-5
0.0702	6.14145E-5
0.0703	6.14889E-5
0.0704	6.15626E-5
0.0705	6.16356E-5
0.0706	6.17079E-5
0.0707	6.17794E-5
0.0708	6.18503E-5
0.0709	6.19205E-5
0.071	6.199E-5
0.0711	6.20587E-5
0.0712	6.21268E-5
0.0713	6.21941E-5
0.0714	6.22607E-5
0.0715	6.23267E-5
0.0716	6.23919E-5
0.0717	6.24564E-5
0.0718	6.25202E-5
0.0719	6.25833E-5
0.072	6.26456E-5
0.0721	6.27073E-5
0.0722	6.27682E-5
0.0723	6.28285E-5
0.0724	6.2888E-5
0.0725	6.29468E-5
0.0726	6.30049E-5
0.0727	6.30623E-5
0.0728	6.3119E-5
0.0729	6.31749E-5
0.073	6.32302E-5
0.0731	6.32847E-5
0.0732	6.33386E-5
0.0733	6.33917E-5
0.0734	6.34441E-5
0.0735	6.34958E-5
0.0736	6.35469E-5
0.0737	6.35971E-5
0.0738	6.36468E-5
0.0739	6.36956E-5
0.074	6.37438E-5
0.0741	6.37913E-5
0.0742	6.38381E-5
0.0743	6.38842E-5
0.0744	6.39296E-5
0.0745	6.39742E-5
0.0746	6.40182E-5
0.0747	6.40615E-5
0.0748	6.41041E-5
0.0749	6.4146E-5
0.075	6.41873E-5
0.0751	6.42278E-5
0.0752	6.42676E-5
0.0753	6.43068E-5
0.0754	6.43452E-5
0.0755	6.4383E-5
0.0756	6.44201E-5
0.0757	6.44565E-5
0.0758	6.44923E-5
0.0759	6.45273E-5
0.076	6.45617E-5
0.0761	6.45954E-5
0.0762	6.46285E-5
0.0763	6.46608E-5
0.0764	6.46926E-5
0.0765	6.47236E-5
0.0766	6.4754E-5
0.0767	6.47837E-5
0.0768	6.48128E-5
0.0769	6.48412E-5
0.077	6.48689E-5
0.0771	6.4896E-5
0.0772	6.49225E-5
0.0773	6.49483E-5
0.0774	6.49735E-5
0.0775	6.4998E-5
0.0776	6.50219E-5
0.0777	6.50451E-5
0.0778	6.50677E-5
0.0779	6.50897E-5
0.078	6.51111E-5
0.0781	6.51318E-5
0.0782	6.51519E-5
0.0783	6.51714E-5
0.0784	6.51902E-5
0.0785	6.52085E-5
0.0786	6.52261E-5
0.0787	6.52431E-5
0.0788	6.52596E-5
0.0789	6.52754E-5
0.079	6.52906E-5
0.0791	6.53052E-5
0.0792	6.53192E-5
0.0793	6.53327E-5
0.0794	6.53455E-5
0.0795	6.53578E-5
0.0796	6.53695E-5
0.0797	6.53805E-5
0.0798	6.53911E-5
0.0799	6.5401E-5
0.08	6.54104E-5
0.0801	6.54192E-5
0.0802	6.54274E-5
0.0803	6.54351E-5
0.0804	6.54422E-5
0.0805	6.54488E-5
0.0806	6.54548E-5
0.0807	6.54603E-5
0.0808	6.54652E-5
0.0809	6.54696E-5
0.081	6.54735E-5
0.0811	6.54768E-5
0.0812	6.54796E-5
0.0813	6.54818E-5
0.0814	6.54835E-5
0.0815	6.54847E-5
0.0816	6.54854E-5
0.0817	6.54856E-5
0.0818	6.54853E-5
0.0819	6.54844E-5
0.082	6.54831E-5
0.0821	6.54812E-5
0.0822	6.54789E-5
0.0823	6.54761E-5
0.0824	6.54727E-5
0.0825	6.54689E-5
0.0826	6.54646E-5
0.0827	6.54598E-5
0.0828	6.54545E-5
0.0829	6.54488E-5
0.083	6.54426E-5
0.0831	6.54359E-5
0.0832	6.54288E-5
0.0833	6.54212E-5
0.0834	6.54132E-5
0.0835	6.54047E-5
0.0836	6.53957E-5
0.0837	6.53863E-5
0.0838	6.53765E-5
0.0839	6.53662E-5
0.084	6.53555E-5
0.0841	6.53444E-5
0.0842	6.53328E-5
0.0843	6.53208E-5
0.0844	6.53084E-5
0.0845	6.52955E-5
0.0846	6.52823E-5
0.0847	6.52686E-5
0.0848	6.52545E-5
0.0849	6.52401E-5
0.085	6.52252E-5
0.0851	6.52099E-5
0.0852	6.51942E-5
0.0853	6.51782E-5
0.0854	6.51617E-5
0.0855	6.51449E-5
0.0856	6.51277E-5
0.0857	6.51101E-5
0.0858	6.50921E-5
0.0859	6.50738E-5
0.086	6.50551E-5
0.0861	6.50361E-5
0.0862	6.50166E-5
0.0863	6.49968E-5
0.0864	6.49767E-5
0.0865	6.49562E-5
0.0866	6.49354E-5
0.0867	6.49142E-5
0.0868	6.48927E-5
0.0869	6.48709E-5
0.087	6.48487E-5
0.0871	6.48262E-5
0.0872	6.48033E-5
0.0873	6.47802E-5
0.0874	6.47567E-5
0.0875	6.47329E-5
0.0876	6.47088E-5
0.0877	6.46843E-5
0.0878	6.46596E-5
0.0879	6.46345E-5
0.088	6.46092E-5
0.0881	6.45835E-5
0.0882	6.45576E-5
0.0883	6.45314E-5
0.0884	6.45048E-5
0.0885	6.4478E-5
0.0886	6.44509E-5
0.0887	6.44236E-5
0.0888	6.43959E-5
0.0889	6.4368E-5
0.089	6.43398E-5
0.0891	6.43113E-5
0.0892	6.42826E-5
0.0893	6.42536E-5
0.0894	6.42244E-5
0.0895	6.41949E-5
0.0896	6.41651E-5
0.0897	6.41351E-5
0.0898	6.41048E-5
0.0899	6.40743E-5
0.09	6.40436E-5
0.0901	6.40126E-5
0.0902	6.39814E-5
0.0903	6.39499E-5
0.0904	6.39182E-5
0.0905	6.38863E-5
0.0906	6.38542E-5
0.0907	6.38218E-5
0.0908	6.37892E-5
0.0909	6.37564E-5
0.091	6.37234E-5
0.0911	6.36902E-5
0.0912	6.36568E-5
0.0913	6.36231E-5
0.0914	6.35893E-5
0.0915	6.35552E-5
0.0916	6.3521E-5
0.0917	6.34865E-5
0.0918	6.34519E-5
0.0919	6.34171E-5
0.092	6.33821E-5
0.0921	6.33469E-5
0.0922	6.33115E-5
0.0923	6.32759E-5
0.0924	6.32402E-5
0.0925	6.32042E-5
0.0926	6.31681E-5
0.0927	6.31319E-5
0.0928	6.30954E-5
0.0929	6.30588E-5
0.093	6.30221E-5
0.0931	6.29851E-5
0.0932	6.29481E-5
0.0933	6.29108E-5
0.0934	6.28734E-5
0.0935	6.28359E-5
0.0936	6.27982E-5
0.0937	6.27603E-5
0.0938	6.27223E-5
0.0939	6.26841E-5
0.094	6.26459E-5
0.0941	6.26074E-5
0.0942	6.25689E-5
0.0943	6.25302E-5
0.0944	6.24913E-5
0.0945	6.24524E-5
0.0946	6.24133E-5
0.0947	6.23741E-5
0.0948	6.23347E-5
0.0949	6.22953E-5
0.095	6.22557E-5
0.0951	6.2216E-5
0.0952	6.21762E-5
0.0953	6.21362E-5
0.0954	6.20962E-5
0.0955	6.2056E-5
0.0956	6.20157E-5
0.0957	6.19753E-5
0.0958	6.19349E-5
0.0959	6.18943E-5
0.096	6.18536E-5
0.0961	6.18128E-5
0.0962	6.17719E-5
0.0963	6.17309E-5
0.0964	6.16898E-5
0.0965	6.16487E-5
0.0966	6.16074E-5
0.0967	6.15661E-5
0.0968	6.15246E-5
0.0969	6.14831E-5
0.097	6.14415E-5
0.0971	6.13998E-5
0.0972	6.1358E-5
0.0973	6.13161E-5
0.0974	6.12742E-5
0.0975	6.12322E-5
0.0976	6.11901E-5
0.0977	6.1148E-5
0.0978	6.11057E-5
0.0979	6.10635E-5
0.098	6.10211E-5
0.0981	6.09787E-5
0.0982	6.09362E-5
0.0983	6.08936E-5
0.0984	6.0851E-5
0.0985	6.08083E-5
0.0986	6.07656E-5
0.0987	6.07228E-5
0.0988	6.06799E-5
0.0989	6.0637E-5
0.099	6.0594E-5
0.0991	6.0551E-5
0.0992	6.0508E-5
0.0993	6.04649E-5
0.0994	6.04217E-5
0.0995	6.03785E-5
0.0996	6.03352E-5
0.0997	6.02919E-5
0.0998	6.02486E-5
0.0999	6.02052E-5
0.1	6.01618E-5
0.1001	6.01183E-5
0.1002	6.00748E-5
0.1003	6.00313E-5
0.1004	5.99877E-5
0.1005	5.99441E-5
0.1006	5.99005E-5
0.1007	5.98568E-5
0.1008	5.98131E-5
0.1009	5.97694E-5
0.101	5.97256E-5
0.1011	5.96818E-5
0.1012	5.9638E-5
0.1013	5.95942E-5
0.1014	5.95503E-5
0.1015	5.95064E-5
0.1016	5.94625E-5
0.1017	5.94186E-5
0.1018	5.93747E-5
0.1019	5.93307E-5
0.102	5.92867E-5
0.1021	5.92427E-5
0.1022	5.91987E-5
0.1023	5.91547E-5
0.1024	5.91106E-5
0.1025	5.90666E-5
0.1026	5.90225E-5
0.1027	5.89784E-5
0.1028	5.89344E-5
0.1029	5.88903E-5
0.103	5.88462E-5
0.1031	5.88021E-5
0.1032	5.8758E-5
0.1033	5.87138E-5
0.1034	5.86697E-5
0.1035	5.86256E-5
0.1036	5.85815E-5
0.1037	5.85373E-5
0.1038	5.84932E-5
0.1039	5.84491E-5
0.104	5.8405E-5
0.1041	5.83608E-5
0.1042	5.83167E-5
0.1043	5.82726E-5
0.1044	5.82285E-5
0.1045	5.81844E-5
0.1046	5.81402E-5
0.1047	5.80961E-5
0.1048	5.8052E-5
0.1049	5.8008E-5
0.105	5.79639E-5
0.1051	5.79198E-5
0.1052	5.78758E-5
0.1053	5.78317E-5
0.1054	5.77877E-5
0.1055	5.77437E-5
0.1056	5.76997E-5
0.1057	5.76557E-5
0.1058	5.76117E-5
0.1059	5.75677E-5
0.106	5.75238E-5
0.1061	5.74798E-5
0.1062	5.74359E-5
0.1063	5.7392E-5
0.1064	5.73481E-5
0.1065	5.73042E-5
0.1066	5.72604E-5
0.1067	5.72166E-5
0.1068	5.71728E-5
0.1069	5.7129E-5
0.107	5.70852E-5
0.1071	5.70415E-5
0.1072	5.69977E-5
0.1073	5.6954E-5
0.1074	5.69104E-5
0.1075	5.68667E-5
0.1076	5.68231E-5
0.1077	5.67795E-5
0.1078	5.67359E-5
0.1079	5.66924E-5
0.108	5.66489E-5
0.1081	5.66054E-5
0.1082	5.65619E-5
0.1083	5.65185E-5
0.1084	5.64751E-5
0.1085	5.64317E-5
0.1086	5.63883E-5
0.1087	5.6345E-5
0.1088	5.63017E-5
0.1089	5.62585E-5
0.109	5.62152E-5
0.1091	5.6172E-5
0.1092	5.61289E-5
0.1093	5.60857E-5
0.1094	5.60426E-5
0.1095	5.59996E-5
0.1096	5.59565E-5
0.1097	5.59135E-5
0.1098	5.58706E-5
0.1099	5.58277E-5
0.11	5.57848E-5
0.1101	5.57419E-5
0.1102	5.56991E-5
0.1103	5.56563E-5
0.1104	5.56136E-5
0.1105	5.55708E-5
0.1106	5.55282E-5
0.1107	5.54855E-5
0.1108	5.54429E-5
0.1109	5.54004E-5
0.111	5.53579E-5
0.1111	5.53154E-5
0.1112	5.52729E-5
0.1113	5.52305E-5
0.1114	5.51882E-5
0.1115	5.51459E-5
0.1116	5.51036E-5
0.1117	5.50613E-5
0.1118	5.50191E-5
0.1119	5.4977E-5
0.112	5.49349E-5
0.1121	5.48928E-5
0.1122	5.48508E-5
0.1123	5.48088E-5
0.1124	5.47668E-5
0.1125	5.47249E-5
0.1126	5.46831E-5
0.1127	5.46413E-5
0.1128	5.45995E-5
0.1129	5.45578E-5
0.113	5.45161E-5
0.1131	5.44744E-5
0.1132	5.44329E-5
0.1133	5.43913E-5
0.1134	5.43498E-5
0.1135	5.43083E-5
0.1136	5.42669E-5
0.1137	5.42256E-5
0.1138	5.41842E-5
0.1139	5.4143E-5
0.114	5.41017E-5
0.1141	5.40606E-5
0.1142	5.40194E-5
0.1143	5.39783E-5
0.1144	5.39373E-5
0.1145	5.38963E-5
0.1146	5.38554E-5
0.1147	5.38145E-5
0.1148	5.37736E-5
0.1149	5.37328E-5
0.115	5.3692E-5
0.1151	5.36514E-5
0.1152	5.36107E-5
0.1153	5.35701E-5
0.1154	5.35295E-5
0.1155	5.3489E-5
0.1156	5.34485E-5
0.1157	5.34081E-5
0.1158	5.33678E-5
0.1159	5.33275E-5
0.116	5.32872E-5
0.1161	5.3247E-5
0.1162	5.32068E-5
0.1163	5.31667E-5
0.1164	5.31266E-5
0.1165	5.30866E-5
0.1166	5.30467E-5
0.1167	5.30067E-5
0.1168	5.29669E-5
0.1169	5.29271E-5
0.117	5.28873E-5
0.1171	5.28476E-5
0.1172	5.28079E-5
0.1173	5.27683E-5
0.1174	5.27288E-5
0.1175	5.26893E-5
0.1176	5.26498E-5
0.1177	5.26104E-5
0.1178	5.2571E-5
0.1179	5.25318E-5
0.118	5.24925E-5
0.1181	5.24533E-5
0.1182	5.24142E-5
0.1183	5.23751E-5
0.1184	5.2336E-5
0.1185	5.2297E-5
0.1186	5.22581E-5
0.1187	5.22192E-5
0.1188	5.21804E-5
0.1189	5.21416E-5
0.119	5.21029E-5
0.1191	5.20642E-5
0.1192	5.20256E-5
0.1193	5.1987E-5
0.1194	5.19485E-5
0.1195	5.191E-5
0.1196	5.18716E-5
0.1197	5.18332E-5
0.1198	5.17949E-5
0.1199	5.17566E-5
0.12	5.17184E-5
0.1201	5.16803E-5
0.1202	5.16422E-5
0.1203	5.16042E-5
0.1204	5.15662E-5
0.1205	5.15282E-5
0.1206	5.14903E-5
0.1207	5.14525E-5
0.1208	5.14147E-5
0.1209	5.1377E-5
0.121	5.13393E-5
0.1211	5.13017E-5
0.1212	5.12641E-5
0.1213	5.12266E-5
0.1214	5.11891E-5
0.1215	5.11517E-5
0.1216	5.11144E-5
0.1217	5.10771E-5
0.1218	5.10398E-5
0.1219	5.10026E-5
0.122	5.09655E-5
0.1221	5.09284E-5
0.1222	5.08914E-5
0.1223	5.08544E-5
0.1224	5.08174E-5
0.1225	5.07805E-5
0.1226	5.07437E-5
0.1227	5.07069E-5
0.1228	5.06702E-5
0.1229	5.06336E-5
0.123	5.0597E-5
0.1231	5.05604E-5
0.1232	5.05239E-5
0.1233	5.04874E-5
0.1234	5.0451E-5
0.1235	5.04147E-5
0.1236	5.03784E-5
0.1237	5.03421E-5
0.1238	5.03059E-5
0.1239	5.02698E-5
0.124	5.02337E-5
0.1241	5.01977E-5
0.1242	5.01617E-5
0.1243	5.01258E-5
0.1244	5.00899E-5
0.1245	5.00541E-5
0.1246	5.00183E-5
0.1247	4.99826E-5
0.1248	4.9947E-5
0.1249	4.99114E-5
0.125	4.98758E-5
0.1251	4.98403E-5
0.1252	4.98049E-5
0.1253	4.97695E-5
0.1254	4.97341E-5
0.1255	4.96988E-5
0.1256	4.96636E-5
0.1257	4.96284E-5
0.1258	4.95933E-5
0.1259	4.95582E-5
0.126	4.95231E-5
0.1261	4.94882E-5
0.1262	4.94532E-5
0.1263	4.94184E-5
0.1264	4.93835E-5
0.1265	4.93488E-5
0.1266	4.93141E-5
0.1267	4.92794E-5
0.1268	4.92448E-5
0.1269	4.92102E-5
0.127	4.91757E-5
0.1271	4.91413E-5
0.1272	4.91068E-5
0.1273	4.90725E-5
0.1274	4.90382E-5
0.1275	4.90039E-5
0.1276	4.89697E-5
0.1277	4.89356E-5
0.1278	4.89015E-5
0.1279	4.88674E-5
0.128	4.88334E-5
0.1281	4.87995E-5
0.1282	4.87656E-5
0.1283	4.87318E-5
0.1284	4.8698E-5
0.1285	4.86643E-5
0.1286	4.86306E-5
0.1287	4.85969E-5
0.1288	4.85634E-5
0.1289	4.85298E-5
0.129	4.84963E-5
0.1291	4.84629E-5
0.1292	4.84295E-5
0.1293	4.83962E-5
0.1294	4.83629E-5
0.1295	4.83297E-5
0.1296	4.82965E-5
0.1297	4.82634E-5
0.1298	4.82303E-5
0.1299	4.81973E-5
0.13	4.81643E-5
0.1301	4.81314E-5
0.1302	4.80985E-5
0.1303	4.80656E-5
0.1304	4.80329E-5
0.1305	4.80001E-5
0.1306	4.79675E-5
0.1307	4.79348E-5
0.1308	4.79023E-5
0.1309	4.78697E-5
0.131	4.78373E-5
0.1311	4.78048E-5
0.1312	4.77724E-5
0.1313	4.77401E-5
0.1314	4.77078E-5
0.1315	4.76756E-5
0.1316	4.76434E-5
0.1317	4.76113E-5
0.1318	4.75792E-5
0.1319	4.75472E-5
0.132	4.75152E-5
0.1321	4.74832E-5
0.1322	4.74514E-5
0.1323	4.74195E-5
0.1324	4.73877E-5
0.1325	4.7356E-5
0.1326	4.73243E-5
0.1327	4.72926E-5
0.1328	4.7261E-5
0.1329	4.72295E-5
0.133	4.7198E-5
0.1331	4.71665E-5
0.1332	4.71351E-5
0.1333	4.71038E-5
0.1334	4.70724E-5
0.1335	4.70412E-5
0.1336	4.701E-5
0.1337	4.69788E-5
0.1338	4.69477E-5
0.1339	4.69166E-5
0.134	4.68856E-5
0.1341	4.68546E-5
0.1342	4.68237E-5
0.1343	4.67928E-5
0.1344	4.6762E-5
0.1345	4.67312E-5
0.1346	4.67004E-5
0.1347	4.66697E-5
0.1348	4.66391E-5
0.1349	4.66085E-5
0.135	4.65779E-5
0.1351	4.65474E-5
0.1352	4.6517E-5
0.1353	4.64866E-5
0.1354	4.64562E-5
0.1355	4.64259E-5
0.1356	4.63956E-5
0.1357	4.63654E-5
0.1358	4.63352E-5
0.1359	4.6305E-5
0.136	4.62749E-5
0.1361	4.62449E-5
0.1362	4.62149E-5
0.1363	4.61849E-5
0.1364	4.6155E-5
0.1365	4.61252E-5
0.1366	4.60953E-5
0.1367	4.60656E-5
0.1368	4.60358E-5
0.1369	4.60062E-5
0.137	4.59765E-5
0.1371	4.59469E-5
0.1372	4.59174E-5
0.1373	4.58879E-5
0.1374	4.58584E-5
0.1375	4.5829E-5
0.1376	4.57996E-5
0.1377	4.57703E-5
0.1378	4.5741E-5
0.1379	4.57118E-5
0.138	4.56826E-5
0.1381	4.56535E-5
0.1382	4.56244E-5
0.1383	4.55953E-5
0.1384	4.55663E-5
0.1385	4.55373E-5
0.1386	4.55084E-5
0.1387	4.54795E-5
0.1388	4.54507E-5
0.1389	4.54219E-5
0.139	4.53931E-5
0.1391	4.53644E-5
0.1392	4.53357E-5
0.1393	4.53071E-5
0.1394	4.52785E-5
0.1395	4.525E-5
0.1396	4.52215E-5
0.1397	4.51931E-5
0.1398	4.51646E-5
0.1399	4.51363E-5
0.14	4.5108E-5
0.1401	4.50797E-5
0.1402	4.50514E-5
0.1403	4.50233E-5
0.1404	4.49951E-5
0.1405	4.4967E-5
0.1406	4.49389E-5
0.1407	4.49109E-5
0.1408	4.48829E-5
0.1409	4.4855E-5
0.141	4.48271E-5
0.1411	4.47992E-5
0.1412	4.47714E-5
0.1413	4.47436E-5
0.1414	4.47159E-5
0.1415	4.46882E-5
0.1416	4.46606E-5
0.1417	4.46329E-5
0.1418	4.46054E-5
0.1419	4.45779E-5
0.142	4.45504E-5
0.1421	4.45229E-5
0.1422	4.44955E-5
0.1423	4.44682E-5
0.1424	4.44408E-5
0.1425	4.44136E-5
0.1426	4.43863E-5
0.1427	4.43591E-5
0.1428	4.4332E-5
0.1429	4.43048E-5
0.143	4.42778E-5
0.1431	4.42507E-5
0.1432	4.42237E-5
0.1433	4.41968E-5
0.1434	4.41699E-5
0.1435	4.4143E-5
0.1436	4.41161E-5
0.1437	4.40893E-5
0.1438	4.40626E-5
0.1439	4.40359E-5
0.144	4.40092E-5
0.1441	4.39825E-5
0.1442	4.3956E-5
0.1443	4.39294E-5
0.1444	4.39029E-5
0.1445	4.38764E-5
0.1446	4.38499E-5
0.1447	4.38235E-5
0.1448	4.37972E-5
0.1449	4.37708E-5
0.145	4.37446E-5
0.1451	4.37183E-5
0.1452	4.36921E-5
0.1453	4.36659E-5
0.1454	4.36398E-5
0.1455	4.36137E-5
0.1456	4.35876E-5
0.1457	4.35616E-5
0.1458	4.35356E-5
0.1459	4.35097E-5
0.146	4.34838E-5
0.1461	4.34579E-5
0.1462	4.34321E-5
0.1463	4.34063E-5
0.1464	4.33806E-5
0.1465	4.33549E-5
0.1466	4.33292E-5
0.1467	4.33035E-5
0.1468	4.32779E-5
0.1469	4.32524E-5
0.147	4.32268E-5
0.1471	4.32013E-5
0.1472	4.31759E-5
0.1473	4.31505E-5
0.1474	4.31251E-5
0.1475	4.30998E-5
0.1476	4.30744E-5
0.1477	4.30492E-5
0.1478	4.3024E-5
0.1479	4.29988E-5
0.148	4.29736E-5
0.1481	4.29485E-5
0.1482	4.29234E-5
0.1483	4.28983E-5
0.1484	4.28733E-5
0.1485	4.28483E-5
0.1486	4.28234E-5
0.1487	4.27985E-5
0.1488	4.27736E-5
0.1489	4.27488E-5
0.149	4.2724E-5
0.1491	4.26992E-5
0.1492	4.26745E-5
0.1493	4.26498E-5
0.1494	4.26252E-5
0.1495	4.26005E-5
0.1496	4.25759E-5
0.1497	4.25514E-5
0.1498	4.25269E-5
0.1499	4.25024E-5
0.15	4.2478E-5
0.1501	4.24536E-5
0.1502	4.24292E-5
0.1503	4.24048E-5
0.1504	4.23805E-5
0.1505	4.23563E-5
0.1506	4.2332E-5
0.1507	4.23078E-5
0.1508	4.22837E-5
0.1509	4.22595E-5
0.151	4.22354E-5
0.1511	4.22114E-5
0.1512	4.21873E-5
0.1513	4.21634E-5
0.1514	4.21394E-5
0.1515	4.21155E-5
0.1516	4.20916E-5
0.1517	4.20677E-5
0.1518	4.20439E-5
0.1519	4.20201E-5
0.152	4.19963E-5
0.1521	4.19726E-5
0.1522	4.19489E-5
0.1523	4.19253E-5
0.1524	4.19016E-5
0.1525	4.1878E-5
0.1526	4.18545E-5
0.1527	4.1831E-5
0.1528	4.18075E-5
0.1529	4.1784E-5
0.153	4.17606E-5
0.1531	4.17372E-5
0.1532	4.17138E-5
0.1533	4.16905E-5
0.1534	4.16672E-5
0.1535	4.1644E-5
0.1536	4.16207E-5
0.1537	4.15976E-5
0.1538	4.15744E-5
0.1539	4.15513E-5
0.154	4.15281E-5
0.1541	4.15051E-5
0.1542	4.1482E-5
0.1543	4.14591E-5
0.1544	4.14361E-5
0.1545	4.14131E-5
0.1546	4.13902E-5
0.1547	4.13674E-5
0.1548	4.13445E-5
0.1549	4.13217E-5
0.155	4.12989E-5
0.1551	4.12762E-5
0.1552	4.12535E-5
0.1553	4.12308E-5
0.1554	4.12081E-5
0.1555	4.11855E-5
0.1556	4.11629E-5
0.1557	4.11404E-5
0.1558	4.11178E-5
0.1559	4.10953E-5
0.156	4.10729E-5
0.1561	4.10504E-5
0.1562	4.1028E-5
0.1563	4.10057E-5
0.1564	4.09833E-5
0.1565	4.0961E-5
0.1566	4.09387E-5
0.1567	4.09165E-5
0.1568	4.08943E-5
0.1569	4.08721E-5
0.157	4.08499E-5
0.1571	4.08278E-5
0.1572	4.08057E-5
0.1573	4.07836E-5
0.1574	4.07616E-5
0.1575	4.07396E-5
0.1576	4.07176E-5
0.1577	4.06956E-5
0.1578	4.06737E-5
0.1579	4.06518E-5
0.158	4.063E-5
0.1581	4.06081E-5
0.1582	4.05863E-5
0.1583	4.05646E-5
0.1584	4.05428E-5
0.1585	4.05211E-5
0.1586	4.04995E-5
0.1587	4.04778E-5
0.1588	4.04562E-5
0.1589	4.04346E-5
0.159	4.0413E-5
0.1591	4.03915E-5
0.1592	4.037E-5
0.1593	4.03485E-5
0.1594	4.03271E-5
0.1595	4.03056E-5
0.1596	4.02842E-5
0.1597	4.02629E-5
0.1598	4.02416E-5
0.1599	4.02203E-5
0.16	4.0199E-5
0.1601	4.01777E-5
0.1602	4.01565E-5
0.1603	4.01353E-5
0.1604	4.01142E-5
0.1605	4.0093E-5
0.1606	4.00719E-5
0.1607	4.00508E-5
0.1608	4.00298E-5
0.1609	4.00088E-5
0.161	3.99878E-5
0.1611	3.99668E-5
0.1612	3.99459E-5
0.1613	3.9925E-5
0.1614	3.99041E-5
0.1615	3.98832E-5
0.1616	3.98624E-5
0.1617	3.98416E-5
0.1618	3.98208E-5
0.1619	3.98001E-5
0.162	3.97794E-5
0.1621	3.97587E-5
0.1622	3.9738E-5
0.1623	3.97174E-5
0.1624	3.96968E-5
0.1625	3.96762E-5
0.1626	3.96557E-5
0.1627	3.96351E-5
0.1628	3.96146E-5
0.1629	3.95942E-5
0.163	3.95737E-5
0.1631	3.95533E-5
0.1632	3.95329E-5
0.1633	3.95126E-5
0.1634	3.94922E-5
0.1635	3.94719E-5
0.1636	3.94516E-5
0.1637	3.94314E-5
0.1638	3.94111E-5
0.1639	3.93909E-5
0.164	3.93708E-5
0.1641	3.93506E-5
0.1642	3.93305E-5
0.1643	3.93104E-5
0.1644	3.92903E-5
0.1645	3.92703E-5
0.1646	3.92502E-5
0.1647	3.92302E-5
0.1648	3.92103E-5
0.1649	3.91903E-5
0.165	3.91704E-5
0.1651	3.91505E-5
0.1652	3.91307E-5
0.1653	3.91108E-5
0.1654	3.9091E-5
0.1655	3.90712E-5
0.1656	3.90515E-5
0.1657	3.90317E-5
0.1658	3.9012E-5
0.1659	3.89923E-5
0.166	3.89727E-5
0.1661	3.8953E-5
0.1662	3.89334E-5
0.1663	3.89138E-5
0.1664	3.88943E-5
0.1665	3.88747E-5
0.1666	3.88552E-5
0.1667	3.88357E-5
0.1668	3.88163E-5
0.1669	3.87968E-5
0.167	3.87774E-5
0.1671	3.8758E-5
0.1672	3.87387E-5
0.1673	3.87193E-5
0.1674	3.87E-5
0.1675	3.86808E-5
0.1676	3.86615E-5
0.1677	3.86422E-5
0.1678	3.8623E-5
0.1679	3.86039E-5
0.168	3.85847E-5
0.1681	3.85655E-5
0.1682	3.85464E-5
0.1683	3.85273E-5
0.1684	3.85083E-5
0.1685	3.84892E-5
0.1686	3.84702E-5
0.1687	3.84512E-5
0.1688	3.84322E-5
0.1689	3.84133E-5
0.169	3.83944E-5
0.1691	3.83755E-5
0.1692	3.83566E-5
0.1693	3.83377E-5
0.1694	3.83189E-5
0.1695	3.83001E-5
0.1696	3.82813E-5
0.1697	3.82626E-5
0.1698	3.82438E-5
0.1699	3.82251E-5
0.17	3.82064E-5
0.1701	3.81878E-5
0.1702	3.81691E-5
0.1703	3.81505E-5
0.1704	3.81319E-5
0.1705	3.81133E-5
0.1706	3.80948E-5
0.1707	3.80763E-5
0.1708	3.80578E-5
0.1709	3.80393E-5
0.171	3.80208E-5
0.1711	3.80024E-5
0.1712	3.7984E-5
0.1713	3.79656E-5
0.1714	3.79472E-5
0.1715	3.79289E-5
0.1716	3.79106E-5
0.1717	3.78923E-5
0.1718	3.7874E-5
0.1719	3.78557E-5
0.172	3.78375E-5
0.1721	3.78193E-5
0.1722	3.78011E-5
0.1723	3.7783E-5
0.1724	3.77648E-5
0.1725	3.77467E-5
0.1726	3.77286E-5
0.1727	3.77105E-5
0.1728	3.76925E-5
0.1729	3.76745E-5
0.173	3.76565E-5
0.1731	3.76385E-5
0.1732	3.76205E-5
0.1733	3.76026E-5
0.1734	3.75847E-5
0.1735	3.75668E-5
0.1736	3.75489E-5
0.1737	3.7531E-5
0.1738	3.75132E-5
0.1739	3.74954E-5
0.174	3.74776E-5
0.1741	3.74599E-5
0.1742	3.74421E-5
0.1743	3.74244E-5
0.1744	3.74067E-5
0.1745	3.7389E-5
0.1746	3.73713E-5
0.1747	3.73537E-5
0.1748	3.73361E-5
0.1749	3.73185E-5
0.175	3.73009E-5
0.1751	3.72834E-5
0.1752	3.72658E-5
0.1753	3.72483E-5
0.1754	3.72308E-5
0.1755	3.72134E-5
0.1756	3.71959E-5
0.1757	3.71785E-5
0.1758	3.71611E-5
0.1759	3.71437E-5
0.176	3.71264E-5
0.1761	3.7109E-5
0.1762	3.70917E-5
0.1763	3.70744E-5
0.1764	3.70571E-5
0.1765	3.70398E-5
0.1766	3.70226E-5
0.1767	3.70054E-5
0.1768	3.69882E-5
0.1769	3.6971E-5
0.177	3.69539E-5
0.1771	3.69367E-5
0.1772	3.69196E-5
0.1773	3.69025E-5
0.1774	3.68854E-5
0.1775	3.68684E-5
0.1776	3.68514E-5
0.1777	3.68343E-5
0.1778	3.68173E-5
0.1779	3.68004E-5
0.178	3.67834E-5
0.1781	3.67665E-5
0.1782	3.67496E-5
0.1783	3.67327E-5
0.1784	3.67158E-5
0.1785	3.66989E-5
0.1786	3.66821E-5
0.1787	3.66653E-5
0.1788	3.66485E-5
0.1789	3.66317E-5
0.179	3.6615E-5
0.1791	3.65982E-5
0.1792	3.65815E-5
0.1793	3.65648E-5
0.1794	3.65481E-5
0.1795	3.65315E-5
0.1796	3.65149E-5
0.1797	3.64982E-5
0.1798	3.64816E-5
0.1799	3.64651E-5
0.18	3.64485E-5
0.1801	3.6432E-5
0.1802	3.64154E-5
0.1803	3.63989E-5
0.1804	3.63824E-5
0.1805	3.6366E-5
0.1806	3.63495E-5
0.1807	3.63331E-5
0.1808	3.63167E-5
0.1809	3.63003E-5
0.181	3.62839E-5
0.1811	3.62676E-5
0.1812	3.62513E-5
0.1813	3.6235E-5
0.1814	3.62187E-5
0.1815	3.62024E-5
0.1816	3.61861E-5
0.1817	3.61699E-5
0.1818	3.61537E-5
0.1819	3.61375E-5
0.182	3.61213E-5
0.1821	3.61051E-5
0.1822	3.6089E-5
0.1823	3.60729E-5
0.1824	3.60568E-5
0.1825	3.60407E-5
0.1826	3.60246E-5
0.1827	3.60086E-5
0.1828	3.59925E-5
0.1829	3.59765E-5
0.183	3.59605E-5
0.1831	3.59445E-5
0.1832	3.59286E-5
0.1833	3.59126E-5
0.1834	3.58967E-5
0.1835	3.58808E-5
0.1836	3.58649E-5
0.1837	3.5849E-5
0.1838	3.58332E-5
0.1839	3.58174E-5
0.184	3.58016E-5
0.1841	3.57858E-5
0.1842	3.577E-5
0.1843	3.57542E-5
0.1844	3.57385E-5
0.1845	3.57227E-5
0.1846	3.5707E-5
0.1847	3.56914E-5
0.1848	3.56757E-5
0.1849	3.566E-5
0.185	3.56444E-5
0.1851	3.56288E-5
0.1852	3.56132E-5
0.1853	3.55976E-5
0.1854	3.5582E-5
0.1855	3.55665E-5
0.1856	3.55509E-5
0.1857	3.55354E-5
0.1858	3.55199E-5
0.1859	3.55044E-5
0.186	3.5489E-5
0.1861	3.54735E-5
0.1862	3.54581E-5
0.1863	3.54427E-5
0.1864	3.54273E-5
0.1865	3.54119E-5
0.1866	3.53966E-5
0.1867	3.53812E-5
0.1868	3.53659E-5
0.1869	3.53506E-5
0.187	3.53353E-5
0.1871	3.532E-5
0.1872	3.53048E-5
0.1873	3.52895E-5
0.1874	3.52743E-5
0.1875	3.52591E-5
0.1876	3.52439E-5
0.1877	3.52287E-5
0.1878	3.52136E-5
0.1879	3.51985E-5
0.188	3.51833E-5
0.1881	3.51682E-5
0.1882	3.51531E-5
0.1883	3.51381E-5
0.1884	3.5123E-5
0.1885	3.5108E-5
0.1886	3.50929E-5
0.1887	3.50779E-5
0.1888	3.5063E-5
0.1889	3.5048E-5
0.189	3.5033E-5
0.1891	3.50181E-5
0.1892	3.50032E-5
0.1893	3.49882E-5
0.1894	3.49734E-5
0.1895	3.49585E-5
0.1896	3.49436E-5
0.1897	3.49288E-5
0.1898	3.4914E-5
0.1899	3.48991E-5
0.19	3.48843E-5
0.1901	3.48696E-5
0.1902	3.48548E-5
0.1903	3.48401E-5
0.1904	3.48253E-5
0.1905	3.48106E-5
0.1906	3.47959E-5
0.1907	3.47812E-5
0.1908	3.47666E-5
0.1909	3.47519E-5
0.191	3.47373E-5
0.1911	3.47227E-5
0.1912	3.47081E-5
0.1913	3.46935E-5
0.1914	3.46789E-5
0.1915	3.46644E-5
0.1916	3.46498E-5
0.1917	3.46353E-5
0.1918	3.46208E-5
0.1919	3.46063E-5
0.192	3.45918E-5
0.1921	3.45774E-5
0.1922	3.45629E-5
0.1923	3.45485E-5
0.1924	3.45341E-5
0.1925	3.45197E-5
0.1926	3.45053E-5
0.1927	3.44909E-5
0.1928	3.44766E-5
0.1929	3.44622E-5
0.193	3.44479E-5
0.1931	3.44336E-5
0.1932	3.44193E-5
0.1933	3.4405E-5
0.1934	3.43908E-5
0.1935	3.43765E-5
0.1936	3.43623E-5
0.1937	3.43481E-5
0.1938	3.43339E-5
0.1939	3.43197E-5
0.194	3.43055E-5
0.1941	3.42914E-5
0.1942	3.42772E-5
0.1943	3.42631E-5
0.1944	3.4249E-5
0.1945	3.42349E-5
0.1946	3.42208E-5
0.1947	3.42067E-5
0.1948	3.41927E-5
0.1949	3.41787E-5
0.195	3.41646E-5
0.1951	3.41506E-5
0.1952	3.41366E-5
0.1953	3.41227E-5
0.1954	3.41087E-5
0.1955	3.40948E-5
0.1956	3.40808E-5
0.1957	3.40669E-5
0.1958	3.4053E-5
0.1959	3.40391E-5
0.196	3.40252E-5
0.1961	3.40114E-5
0.1962	3.39975E-5
0.1963	3.39837E-5
0.1964	3.39699E-5
0.1965	3.39561E-5
0.1966	3.39423E-5
0.1967	3.39285E-5
0.1968	3.39148E-5
0.1969	3.3901E-5
0.197	3.38873E-5
0.1971	3.38736E-5
0.1972	3.38599E-5
0.1973	3.38462E-5
0.1974	3.38325E-5
0.1975	3.38188E-5
0.1976	3.38052E-5
0.1977	3.37916E-5
0.1978	3.37779E-5
0.1979	3.37643E-5
0.198	3.37507E-5
0.1981	3.37372E-5
0.1982	3.37236E-5
0.1983	3.37101E-5
0.1984	3.36965E-5
0.1985	3.3683E-5
0.1986	3.36695E-5
0.1987	3.3656E-5
0.1988	3.36425E-5
0.1989	3.36291E-5
0.199	3.36156E-5
0.1991	3.36022E-5
0.1992	3.35888E-5
0.1993	3.35754E-5
0.1994	3.3562E-5
0.1995	3.35486E-5
0.1996	3.35352E-5
0.1997	3.35219E-5
0.1998	3.35085E-5
0.1999	3.34952E-5
0.2	3.34819E-5
0.2001	3.34686E-5
