t	Cd
0	0	0
0.002	0	0
0.0041	0	5.02338
0.006	0	5.02104
0.00800000000000001	0	5.03273
0.0101	0	5.05844
0.0121	0	5.07013
0.0141	0	5.08182
0.0161	0	5.09349999999999
0.0180999999999999	0	5.10518999999999
0.0200999999999999	0	5.11687999999999
0.0220999999999999	0	5.12855999999999
0.0240999999999999	0	5.14024999999999
0.0260999999999999	0	5.15192999999999
0.0280999999999999	0	5.16361999999998
0.0300999999999999	0	5.17529999999998
0.0320999999999999	0	5.18697999999999
0.0341	0	5.19865999999999
0.036	0	5.19698
0.0380000000000001	0	5.20879000000001
0.0400000000000001	0	5.22061000000001
0.0420000000000002	0	5.23244000000002
0.0440000000000002	0	5.24429000000003
0.0460000000000003	0	5.25614000000004
0.0480000000000003	0	5.26801000000004
0.0500000000000004	0	5.27990000000005
0.0520000000000005	0	5.29179000000005
0.0540000000000005	0	5.30369000000006
0.0560000000000006	0	5.31559000000007
0.0580000000000006	0	5.32750000000007
0.0600000000000007	0	5.33942000000008
0.0620000000000007	0	5.35133000000008
0.0640000000000008	0	5.36325000000008
0.0660000000000009	5.38102058388458	5.37516000000009
0.0680000000000009	5.39217367221804	5.38707000000009
0.070000000000001	5.40328474772848	5.39896000000009
0.072000000000001	5.41435138375438	5.4108400000001
0.0740000000000011	5.4253687162107	5.4227100000001
0.0760000000000012	5.43633097393728	5.4345600000001
0.0780000000000012	5.44723464935615	5.4463800000001
0.0800000000000013	5.45807571896817	5.46544000000001
0.0820000000000013	5.46884399684726	5.47671000000001
0.0840000000000014	5.4795335322702	5.48793000000001
0.0860000000000014	5.49013742653712	5.49909000000001
0.0880000000000015	5.50064462743374	5.51018000000001
0.0900000000000016	5.5110481618328	5.52119000000001
0.0920000000000016	5.52133457211554	5.53211000000001
0.0940000000000017	5.53125980373885	5.54294000000001
0.0960000000000017	5.54137617257238	5.55365000000001
0.0980000000000018	5.55137478601969	5.56424000000001
0.100000000000002	5.56106726667872	5.57469000000001
0.102000000000002	5.57057276090347	5.58499000000001
0.104000000000002	5.57981613151462	5.59510000000001
0.106000000000002	5.58895520845553	5.60502000000001
0.108000000000002	5.59779237086442	5.61472000000001
0.110000000000002	5.60636657728092	5.62418000000001
0.112000000000002	5.61465676291343	5.63338000000001
0.114000000000002	5.62263777315784	5.64227000000001
0.116000000000002	5.63028324313781	5.65084000000001
0.118000000000002	5.63754303199146	5.65905000000001
0.120000000000002	5.6444599556312	5.66687000000001
0.122000000000002	5.65084455737006	5.67427000000001
0.124000000000003	5.6570554120529	5.68122000000001
0.126000000000002	5.66265057557863	5.68768000000001
0.128000000000002	5.66780713915263	5.69361000000001
0.130000000000002	5.67247406413436	5.69900000000001
0.132000000000002	5.67653938453708	5.7038
0.134000000000002	5.68020423927396	5.708
0.136000000000001	5.6833216929389	5.71158
0.138000000000001	5.68587443587662	5.71451
0.140000000000001	5.68788713405659	5.7168
0.142000000000001	5.68931502400343	5.71843
0.144	5.69028428907331	5.7194
0.146	5.69067258779873	5.71974
0.148	5.69061217919786	5.71945
0.1501	5.68997803527962	5.71849
0.1521	5.68892880422399	5.71698
0.154099999999999	5.68741598046034	5.71493
0.156099999999999	5.68546005135149	5.71237
0.158099999999999	5.68314505642248	5.70935
0.160099999999999	5.68049429301747	5.7059
0.162099999999998	5.67754440985576	5.70206
0.164099999999998	5.67428748066061	5.69789
0.166099999999998	5.67077167173191	5.69342
0.168099999999998	5.6670263999447	5.68870000000001
0.170099999999998	5.66307633588517	5.68377000000001
0.172099999999997	5.65899544519185	5.67866000000001
0.174099999999997	5.65476226288044	5.67341000000001
0.176099999999997	5.65040816586316	5.66806000000001
0.178099999999997	5.64598049591105	5.66263000000001
0.180099999999996	5.64147797975524	5.65716000000001
0.182099999999996	5.63694242567546	5.65166000000001
0.184099999999996	5.63237144346982	5.64615000000001
0.186099999999996	5.62779030980146	5.64067000000001
0.188099999999996	5.62321343822146	5.63521000000001
0.190099999999995	5.61864020942637	5.62981000000001
0.192099999999995	5.61410845286119	5.62446000000001
0.194099999999995	5.60961701564384	5.61918000000001
0.196099999999995	5.60515876182778	5.61398000000001
0.198099999999995	5.60076307962383	5.60887000000001
0.200099999999994	5.59641589112568	5.60384000000001
0.202099999999994	5.59213962703894	5.59891000000001
0.204099999999994	5.58792793499396	5.59407000000002
0.206099999999994	5.5837821835504	5.58934000000002
0.208099999999993	5.57972172341734	5.58471000000002
0.210099999999993	5.57572317708717	5.58018000000002
0.212099999999993	5.57181439100434	5.57575000000002
0.214099999999993	5.56797981741644	5.57142000000002
0.216099999999993	5.56422314625302	5.56720000000001
0.218099999999992	5.56053998643102	5.56307000000002
0.220099999999992	5.55694288202841	5.55905000000002
0.222099999999992	5.55342059654421	5.55512000000002
0.224099999999992	5.54997597367289	5.55130000000002
0.226099999999991	5.54660948257656	5.54756000000002
0.228099999999991	5.54331593281167	5.54392000000002
0.230099999999991	5.54010128516283	5.54037000000002
0.232099999999991	5.53695783174142	5.53691000000002
0.234099999999991	5.53388277469586	5.53353000000002
0.23609999999999	5.53088843822582	5.53024000000002
0.23809999999999	5.52795971787395	5.52704000000002
0.24009999999999	5.52509984803311	5.52391000000002
0.24209999999999	5.52230563639204	5.52086000000002
0.244099999999989	5.51957896092182	5.51789000000002
0.246099999999989	5.51691664740787	5.51500000000001
0.248099999999989	5.51431712876255	5.51217000000002
0.250099999999989	5.51177822886877	5.50942000000002
0.252099999999989	5.50929647255801	5.50674000000001
0.254099999999988	5.50687837264445	5.50412000000002
0.256099999999988	5.504515856068	5.50157000000002
0.258099999999988	5.50221053186701	5.49908000000001
0.260099999999988	5.49995878853355	5.49666000000002
0.262099999999987	5.49775964740283	5.49429000000002
0.264099999999987	5.49561533734802	5.49198000000002
0.266099999999987	5.49352019248887	5.48973000000001
0.268099999999987	5.49147472970806	5.48754000000002
0.270099999999987	5.48947842925181	5.48540000000001
0.272099999999986	5.48752907119524	5.48331000000001
0.274099999999986	5.48562737940666	5.48127000000001
0.276099999999986	5.48377031116584	5.47929000000001
0.278099999999986	5.4819563155045	5.47735000000001
0.280099999999985	5.48018749710169	5.47546000000001
0.282099999999985	5.47845895919233	5.47362000000001
0.284099999999985	5.47677173463403	5.47182000000001
0.286099999999985	5.4751249481973	5.47006000000001
0.288099999999985	5.47351689602467	5.46835000000001
0.290099999999984	5.4719481091095	5.46668000000001
0.292099999999984	5.47041740831798	5.46506000000001
0.294099999999984	5.46892410200709	5.46347000000001
0.296099999999984	5.46746647708467	5.46192000000001
0.298099999999983	5.46604469266051	5.46041000000001
0.300099999999983	5.46465644798375	5.45894000000001
0.302099999999983	5.46330153420718	5.45750000000001
0.304099999999983	5.46198173966975	5.45610000000001
0.306099999999983	5.46069236131983	5.45474000000001
0.308099999999982	5.45943586577528	5.45341000000001
0.310099999999982	5.45821054996023	5.45211000000001
0.312099999999982	5.45701566647848	5.45085000000001
0.314099999999982	5.45585164816184	5.44962000000001
0.316099999999982	5.45471659139907	5.44842000000001
0.318099999999981	5.45360849172282	5.44725000000001
0.320099999999981	5.45253036302746	5.44611000000001
0.322099999999981	5.45148045643529	5.44500000000001
0.324099999999981	5.45045702459394	5.44392000000001
0.32609999999998	5.44945965022191	5.44286000000001
0.32809999999998	5.44848794200038	5.44184000000001
0.33009999999998	5.44754188203129	5.44084000000001
0.33209999999998	5.44662142879517	5.43987000000001
0.33409999999998	5.44572625255552	5.43893000000001
0.336099999999979	5.44485571075679	5.43801000000001
0.338099999999979	5.44400933032938	5.43712000000001
0.340099999999979	5.44318621492648	5.43626000000001
0.342099999999979	5.44238569904411	5.43541000000001
0.344099999999978	5.44160759976648	5.43459000000001
0.346099999999978	5.44085193633916	5.43380000000001
0.348099999999978	5.44011799503038	5.43303000000001
0.350099999999978	5.43940508768632	5.43228000000001
0.352099999999978	5.43871288879433	5.43155000000001
0.354099999999977	5.43804145719988	5.43085000000001
0.356099999999977	5.43739088241551	5.43017000000001
0.358099999999977	5.43676044619391	5.42951000000001
0.360099999999977	5.43614994340758	5.42887000000001
0.362099999999976	5.43555901016739	5.42825000000001
0.364099999999976	5.43498648468048	5.42765000000001
0.366099999999976	5.43443351583892	5.42707000000001
0.368099999999976	5.43389777858438	5.42651000000001
0.370099999999976	5.43338183094625	5.42597000000001
0.372099999999975	5.4328821956498	5.42545000000001
0.374099999999975	5.43240228896388	5.42495
0.376099999999975	5.43193855735098	5.42447
0.378099999999975	5.43149229122788	5.424
0.380099999999974	5.43106292622017	5.42355
0.382099999999974	5.43065032437663	5.42312
0.384099999999974	5.43025426217638	5.42271000000001
0.386099999999974	5.42987491545613	5.42232000000001
0.388099999999974	5.42951173006723	5.42194000000001
0.390099999999973	5.42916484224267	5.42158
0.392099999999973	5.42883354099306	5.42123000000001
0.394099999999973	5.42851716280572	5.4209
0.396099999999973	5.4282164849365	5.42059
0.398099999999972	5.42793040048537	5.42029
0.400099999999972	5.42765911952441	5.42001
0.402099999999972	5.42740228583803	5.41974000000001
0.404099999999972	5.42715963002126	5.41949
0.406099999999972	5.42693061858544	5.41925000000001
0.408099999999971	5.42671579716201	5.41903
0.410099999999971	5.42651366539287	5.41882
0.412099999999971	5.42632456850998	5.41863
0.414099999999971	5.42614884395151	5.41845
0.41609999999997	5.4259859879041	5.41829
0.41809999999997	5.42583618006782	5.41813
0.42009999999997	5.42569951848449	5.41799
0.42209999999997	5.42557564652094	5.41787
0.42409999999997	5.42546447099806	5.41776
0.426099999999969	5.42536594496627	5.41766
0.428099999999969	5.42527983277334	5.41757
0.430099999999969	5.42520573080169	5.4175
0.432099999999969	5.42514341780182	5.41744
0.434099999999969	5.42509255174501	5.41739
0.436099999999968	5.42505323535574	5.41735
0.438099999999968	5.42502563346635	5.41733
0.440099999999968	5.42500941133775	5.41731
0.442099999999968	5.42500449416686	5.41731
0.444099999999967	5.42501042520154	5.41732
0.446099999999967	5.42502726993729	5.41734
0.448099999999967	5.42505472300027	5.41738
0.450099999999967	5.42509266159073	5.41742
0.452099999999967	5.42514096395805	5.41747
0.454099999999966	5.42519951827586	5.41754
0.456099999999966	5.42526844028034	5.41762
0.458099999999966	5.42534753152975	5.4177
0.460099999999966	5.42543672117241	5.4178
0.462099999999965	5.42553583604871	5.41791
0.464099999999965	5.42564488957405	5.41803
0.466099999999965	5.42576370395527	5.41815
0.468099999999965	5.42589216877258	5.41829
0.470099999999965	5.42603015112433	5.41844
0.472099999999964	5.42617753066992	5.41859
0.474099999999964	5.4263340536951	5.41876
0.476099999999964	5.42649978167943	5.41894
0.478099999999964	5.4266745365427	5.41912
0.480099999999963	5.42685739205607	5.41932
0.482099999999963	5.42704894147231	5.41952
0.484099999999963	5.42724937576188	5.41973
0.486099999999963	5.42745845877757	5.41995
0.488099999999963	5.42767573989263	5.42018
0.490099999999962	5.427901492733	5.42042
0.492099999999962	5.4281357605582	5.42067
0.494099999999962	5.42837831977215	5.42092
0.496099999999962	5.42862896580166	5.42118999999999
0.498099999999961	5.42888757691345	5.42146
0.500099999999961	5.42915402875641	5.42174
0.502099999999961	5.42942777140708	5.42202999999999
0.504099999999961	5.42970870832066	5.42232
0.506099999999961	5.4299974471721	5.42262999999999
0.50809999999996	5.43029380244126	5.42293999999999
0.51009999999996	5.43059769738364	5.42325999999999
0.51209999999996	5.43090910590542	5.42358999999999
0.51409999999996	5.43122793556404	5.42391999999999
0.516099999999959	5.43155410338985	5.42426
0.518099999999959	5.43188745142886	5.42460999999999
0.520099999999959	5.4322280188397	5.42496999999999
0.522099999999959	5.43257553404699	5.42532999999999
0.524099999999959	5.43292993249382	5.42569999999999
0.526099999999958	5.43329114052916	5.42607999999999
0.528099999999958	5.43365883829828	5.42646
0.530099999999958	5.43403345367072	5.42685999999999
0.532099999999958	5.43441462446629	5.42724999999999
0.534099999999958	5.43480202545004	5.42765999999999
0.536099999999957	5.43519633859418	5.42806999999999
0.538099999999957	5.43559649713094	5.42848999999999
0.540099999999957	5.43600269754588	5.42890999999999
0.542099999999957	5.43641515707242	5.42933999999999
0.544099999999956	5.43683427884477	5.42977999999999
0.546099999999956	5.43725951027927	5.43021999999999
0.548099999999956	5.43769082296155	5.43066999999999
0.550099999999956	5.43812819676062	5.43112999999999
0.552099999999956	5.43857166323054	5.43158999999999
0.554099999999955	5.43902109024399	5.43204999999999
0.556099999999955	5.43947632081214	5.43252999999999
0.558099999999955	5.43993739129536	5.43299999999999
0.560099999999955	5.44040401941415	5.43348999999999
0.562099999999954	5.44087634978255	5.43397999999999
0.564099999999954	5.44135411048498	5.43446999999999
0.566099999999954	5.4418369330709	5.43497999999999
0.568099999999954	5.44232469688577	5.43547999999999
0.570099999999954	5.44281759887211	5.43598999999999
0.572099999999953	5.44331616550035	5.43650999999999
0.574099999999953	5.4438194752292	5.43702999999999
0.576099999999953	5.44432782707599	5.43755999999999
0.578099999999953	5.44484124472762	5.43808999999999
0.580099999999952	5.44535966391703	5.43862999999999
0.582099999999952	5.445883275287	5.43916999999999
0.584099999999952	5.44641189050993	5.43971999999999
0.586099999999952	5.44694539673385	5.44026999999999
0.588099999999952	5.44748374784394	5.44082999999999
0.590099999999951	5.44802630957362	5.44138999999999
0.592099999999951	5.44857364859147	5.44195999999999
0.594099999999951	5.44912573875604	5.44252999999999
0.596099999999951	5.44968253835509	5.44310999999998
0.59809999999995	5.45024378006037	5.44368999999999
0.60009999999995	5.45080943279031	5.44427999999998
0.60209999999995	5.45137951921398	5.44486999999999
0.60409999999995	5.45195393557288	5.44545999999998
0.60609999999995	5.45253276819858	5.44605999999999
0.608099999999949	5.45311593618292	5.44665999999998
0.610099999999949	5.45370340416244	5.44726999999998
0.612099999999949	5.4542948726939	5.44787999999998
0.614099999999949	5.45489027562568	5.44849999999999
0.616099999999948	5.45548990733953	5.44911999999998
0.618099999999948	5.45609384570101	5.44973999999998
0.620099999999948	5.45670202136189	5.45036999999999
0.622099999999948	5.45731437709507	5.45099999999998
0.624099999999948	5.45793086894454	5.45163999999999
0.626099999999947	5.45855147184955	5.45227999999998
0.628099999999947	5.45917611184963	5.45291999999998
0.630099999999947	5.45980457718785	5.45356999999998
0.632099999999947	5.46043703889768	5.45421999999999
0.634099999999946	5.46107342293732	5.45487999999998
0.636099999999946	5.46171368405814	5.45553999999998
0.638099999999946	5.46235770994107	5.45619999999998
0.640099999999946	5.46300532894042	5.45685999999998
0.642099999999946	5.46365673812323	5.45752999999998
0.644099999999945	5.4643117737223	5.45820999999998
0.646099999999945	5.46497040047816	5.45887999999998
0.648099999999945	5.46563206361919	5.45956999999998
0.650099999999945	5.4662968904514	5.46024999999998
0.652099999999945	5.46696525817508	5.46093999999998
0.654099999999944	5.46763691617026	5.46162999999998
0.656099999999944	5.46831204260959	5.46231999999998
0.658099999999944	5.46899028413848	5.46301999999998
0.660099999999944	5.46967165917015	5.46371999999998
0.662099999999943	5.47035607980137	5.46441999999998
0.664099999999943	5.47104377511297	5.46512999999998
0.666099999999943	5.47173462365666	5.46583999999998
0.668099999999943	5.47242877634856	5.46654999999998
0.670099999999943	5.4731262561079	5.46726999999998
0.672099999999942	5.47382701129145	5.46798999999998
0.674099999999942	5.47453075302293	5.46870999999998
0.676099999999942	5.47523758169902	5.46943999999998
0.678099999999942	5.47594742682894	5.47015999999998
0.680099999999941	5.47666040169512	5.47089999999998
0.682099999999941	5.4773764358212	5.47162999999998
0.684099999999941	5.4780955210724	5.47236999999998
0.686099999999941	5.47881764678356	5.47310999999998
0.688099999999941	5.47954272978722	5.47384999999998
0.69009999999994	5.4802707468202	5.47458999999998
0.69209999999994	5.48100153494818	5.47533999999998
0.69409999999994	5.48173512046215	5.47608999999998
0.69609999999994	5.48247136277919	5.47684999999998
0.698099999999939	5.48321047166135	5.47759999999997
0.700099999999939	5.48395237518103	5.47835999999998
0.702099999999939	5.48469700264197	5.47911999999998
0.704099999999939	5.48544410152951	5.47988999999998
0.706099999999939	5.4861938159913	5.48064999999998
0.708099999999938	5.4869457235024	5.48141999999998
0.710099999999938	5.48770012674493	5.48218999999998
0.712099999999938	5.4884570079309	5.48296999999998
0.714099999999938	5.48921669078105	5.48374999999997
0.716099999999937	5.48997890495845	5.48451999999998
0.718099999999937	5.49074368109337	5.48530999999997
0.720099999999937	5.49151104287192	5.48608999999997
0.722099999999937	5.49228104007918	5.48687999999997
0.724099999999937	5.49305362377791	5.48765999999997
0.726099999999936	5.49382859702026	5.48845999999997
0.728099999999936	5.49460585264116	5.48924999999997
0.730099999999936	5.49538556303813	5.49003999999997
0.732099999999936	5.49616757049184	5.49083999999997
0.734099999999935	5.49695192036423	5.49163999999997
0.736099999999935	5.49773865530041	5.49243999999997
0.738099999999935	5.49852772178039	5.49324999999997
0.740099999999935	5.49931860597536	5.49404999999997
0.742099999999935	5.50011111346328	5.49485999999997
0.744099999999934	5.50090559455764	5.49566999999997
0.746099999999934	5.50170238661116	5.49648999999997
0.748099999999934	5.50250138555488	5.49729999999997
0.750099999999934	5.50330246633237	5.49811999999997
0.752099999999933	5.50410556429371	5.49893999999997
0.754099999999933	5.50491027293198	5.49975999999997
0.756099999999933	5.50571715527669	5.50057999999997
0.758099999999933	5.50652612814505	5.50140999999997
0.760099999999933	5.50733700764938	5.50222999999997
0.762099999999932	5.50814981941197	5.50305999999997
0.764099999999932	5.50896474910488	5.50388999999997
0.766099999999932	5.50978131695556	5.50472999999997
0.768099999999932	5.51059973816585	5.50555999999997
0.770099999999932	5.51141989725391	5.50639999999997
0.772099999999931	5.51224205267757	5.50723999999997
0.774099999999931	5.51306607528941	5.50807999999997
0.776099999999931	5.51389219965899	5.50891999999997
0.778099999999931	5.51472044818016	5.50975999999997
0.78009999999993	5.5155507591474	5.51060999999997
0.78209999999993	5.51638311738541	5.51145999999997
0.78409999999993	5.51721744518638	5.51230999999996
0.78609999999993	5.51805354849767	5.51315999999997
0.78809999999993	5.51889145673704	5.51400999999997
0.790099999999929	5.51973129509572	5.51486999999996
0.792099999999929	5.52057302003611	5.51571999999997
0.794099999999929	5.52141663512594	5.51657999999997
0.796099999999929	5.52226215374653	5.51743999999997
0.798099999999928	5.52310943395443	5.51829999999997
0.800099999999928	5.52395840055302	5.51916999999996
0.802099999999928	5.52480919235782	5.52002999999997
0.804099999999928	5.52566159621308	5.52089999999996
0.806099999999928	5.5265156310237	5.52175999999997
0.808099999999927	5.52737151548866	5.52262999999997
0.810099999999927	5.52822917348664	5.52350999999996
0.812099999999927	5.52908829873693	5.52437999999997
0.814099999999927	5.5299491997138	5.52524999999997
0.816099999999926	5.53081181739038	5.52612999999997
0.818099999999926	5.5316760901835	5.52700999999996
0.820099999999926	5.53254197985807	5.52788999999996
0.822099999999926	5.53340945612535	5.52876999999996
0.824099999999926	5.53427831300348	5.52964999999996
0.826099999999925	5.53514829278999	5.53052999999997
0.828099999999925	5.53601902842033	5.53141999999996
0.830099999999925	5.53689141468348	5.53229999999997
0.832099999999925	5.53776535795913	5.53318999999997
0.834099999999924	5.53864080425675	5.53407999999997
0.836099999999924	5.53951774647814	5.53496999999997
0.838099999999924	5.54039629610899	5.53585999999997
0.840099999999924	5.54127643586055	5.53675999999996
0.842099999999924	5.54215769242319	5.53764999999997
0.844099999999923	5.54304060209149	5.53854999999997
0.846099999999923	5.54392512500387	5.53944999999996
0.848099999999923	5.54481121681709	5.54034999999996
0.850099999999923	5.54569886581126	5.54124999999996
0.852099999999922	5.5465880747022	5.54214999999997
0.854099999999922	5.54747871663613	5.54304999999997
0.856099999999922	5.54837085057823	5.54395999999996
0.858099999999922	5.54926444314714	5.54485999999997
0.860099999999922	5.55015949488464	5.54576999999997
0.862099999999921	5.55105605829123	5.54667999999997
0.864099999999921	5.55195408760035	5.54758999999997
0.866099999999921	5.55285353398113	5.54849999999997
0.868099999999921	5.55375423983665	5.54941999999996
0.87009999999992	5.55465605669388	5.55032999999996
0.87209999999992	5.55555908963472	5.55123999999997
0.87409999999992	5.55646350286766	5.55215999999997
0.87609999999992	5.55736932850477	5.55307999999996
0.87809999999992	5.5582765681105	5.55399999999996
0.880099999999919	5.55918492661354	5.55491999999996
0.882099999999919	5.56009456353119	5.55583999999996
0.884099999999919	5.56100528359494	5.55675999999997
0.886099999999919	5.56191700659592	5.55768999999996
0.888099999999919	5.56283015316516	5.55860999999996
0.890099999999918	5.56374458029949	5.55953999999996
0.892099999999918	5.56466053368107	5.56045999999997
0.894099999999918	5.56557745462741	5.56138999999997
0.896099999999918	5.5664957191845	5.56231999999997
0.898099999999917	5.5674152754237	5.56324999999997
0.900099999999917	5.56833568213376	5.56418999999996
0.902099999999917	5.56925733154627	5.56511999999996
0.904099999999917	5.57018006669252	5.56604999999997
0.906099999999917	5.57110397197342	5.56698999999996
0.908099999999916	5.5720291308168	5.56792999999996
0.910099999999916	5.57295533975823	5.56885999999997
0.912099999999916	5.57388273480398	5.56979999999997
0.914099999999916	5.5748113872406	5.57073999999997
0.916099999999915	5.57574130780179	5.57168999999996
0.918099999999915	5.5766724769295	5.57262999999996
0.920099999999915	5.57760488017318	5.57356999999996
0.922099999999915	5.57853843239205	5.57451999999996
0.924099999999915	5.57947331740498	5.57545999999996
0.926099999999914	5.58040931119972	5.57640999999996
0.928099999999914	5.58134634079914	5.57735999999996
0.930099999999914	5.58228459955936	5.57829999999997
0.932099999999914	5.58322408522525	5.57924999999997
0.934099999999913	5.58416470830415	5.58020999999996
0.936099999999913	5.5851064982643	5.58115999999996
0.938099999999913	5.58604948586928	5.58210999999996
0.940099999999913	5.58699356943799	5.58306999999996
0.942099999999913	5.58793902274384	5.58401999999996
0.944099999999912	5.58888553360989	5.58497999999996
0.946099999999912	5.58983309397015	5.58592999999996
0.948099999999912	5.59078157019578	5.58688999999996
0.950099999999912	5.59173116956241	5.58784999999996
0.952099999999911	5.59268186078345	5.58880999999996
0.954099999999911	5.59363361608991	5.58976999999996
0.956099999999911	5.59458627286983	5.59073999999996
0.958099999999911	5.59553973995289	5.59169999999996
0.960099999999911	5.59649425813148	5.59265999999996
0.96209999999991	5.59744984616683	5.59362999999995
0.96409999999991	5.59840657158226	5.59458999999996
0.96609999999991	5.59936410954566	5.59555999999995
0.96809999999991	5.60032270903238	5.59652999999995
0.970099999999909	5.60128235632118	5.59749999999995
0.972099999999909	5.60224269491945	5.59846999999995
0.974099999999909	5.60320396526415	5.59943999999996
0.976099999999909	5.60416611727937	5.60040999999995
0.978099999999909	5.6051289616465	5.60138999999995
0.980099999999908	5.60609287358904	5.60235999999995
0.982099999999908	5.60705777554802	5.60332999999996
0.984099999999908	5.60802350348695	5.60430999999995
0.986099999999908	5.60899023396694	5.60528999999995
0.988099999999908	5.60995800493504	5.60625999999996
0.990099999999907	5.61092648318145	5.60723999999995
0.992099999999907	5.61189601036498	5.60821999999995
0.994099999999907	5.61286655929484	5.60919999999995
0.996099999999907	5.6138380708474	5.61017999999996
0.998099999999906	5.61481062260889	5.61116999999995
1.00009999999991	5.61578419748281	5.61214999999995
1.00209999999991	5.61675880162872	5.61312999999995
1.00409999999991	5.61773442812939	5.61411999999995
1.00609999999991	5.61871104311586	5.61510999999995
1.00809999999991	5.61968870261905	5.61608999999995
1.01009999999991	5.62066738275784	5.61707999999995
1.0120999999999	5.62164689806099	5.61806999999995
1.0140999999999	5.62262737143479	5.61905999999995
1.0160999999999	5.62360885503558	5.62004999999995
1.0180999999999	5.62459133164933	5.62103999999995
1.0200999999999	5.62557477080996	5.62202999999995
1.0220999999999	5.62655884408009	5.62301999999995
1.0240999999999	5.62754368746653	5.62401999999995
1.0260999999999	5.62852949116583	5.62500999999995
1.0280999999999	5.62951623613253	5.62600999999995
1.0300999999999	5.63050396117749	5.62700999999995
1.0320999999999	5.63149262406035	5.62799999999995
1.0340999999999	5.63248223788002	5.62899999999995
1.0360999999999	5.6334727236607	5.62999999999995
1.0380999999999	5.63446408175993	5.63099999999995
1.0400999999999	5.63545606726587	5.63199999999995
1.0420999999999	5.63644889337245	5.63299999999995
1.0440999999999	5.63744255023437	5.63399999999995
1.0460999999999	5.63843698826089	5.63500999999995
1.0480999999999	5.63943207975316	5.63600999999995
1.0500999999999	5.64042788696684	5.63701999999995
1.0520999999999	5.64142447105507	5.63801999999995
1.0540999999999	5.64242190027922	5.63902999999995
1.0560999999999	5.64342022861335	5.64003999999995
1.0580999999999	5.64441927942172	5.64103999999995
1.0600999999999	5.64541898612778	5.64204999999995
1.0620999999999	5.64641925714087	5.64305999999995
1.0640999999999	5.64742042283603	5.64406999999995
1.0660999999999	5.64842245253047	5.64507999999995
1.0680999999999	5.64942507532275	5.64609999999995
1.0700999999999	5.65042825684853	5.64710999999995
1.0720999999999	5.65143211651005	5.64811999999995
1.0740999999999	5.65243689052238	5.64913999999995
1.0760999999999	5.65344255478228	5.65014999999995
1.0780999999999	5.65444901110668	5.65116999999995
1.0800999999999	5.65545621931614	5.65218999999995
1.0820999999999	5.65646433921876	5.65320999999994
1.0840999999999	5.6574733343741	5.65421999999995
1.0860999999999	5.65848319496853	5.65523999999995
1.0880999999999	5.65949383616762	5.65625999999995
1.0900999999999	5.66050520620207	5.65727999999995
1.0920999999999	5.66151744249941	5.65830999999994
1.0940999999999	5.66253050759175	5.65932999999995
1.0960999999999	5.66354440101691	5.66034999999995
1.0980999999999	5.66455903059753	5.66137999999994
1.1000999999999	5.66557382347565	5.66239999999995
1.1020999999999	5.66658943188961	5.66342999999995
1.10409999999989	5.66760591216821	5.66444999999995
1.10609999999989	5.66862327903511	5.66547999999995
1.10809999999989	5.66964151592821	5.66650999999995
1.11009999999989	5.67066048458424	5.66753999999995
1.11209999999989	5.6716801391207	5.66856999999994
1.11409999999989	5.672700238539	5.66959999999994
1.11609999999989	5.67372107095692	5.67062999999995
1.11809999999989	5.67474278295053	5.67165999999995
1.12009999999989	5.6757653059806	5.67268999999995
1.12209999999989	5.67678866273083	5.67371999999995
1.12409999999989	5.67781285380136	5.67475999999995
1.12609999999989	5.6788378463198	5.67578999999995
1.12809999999989	5.67986350273131	5.67682999999995
1.13009999999989	5.68089001242072	5.67786999999994
1.13209999999989	5.6819172860316	5.67889999999995
1.13409999999989	5.68294502434905	5.67993999999995
1.13609999999989	5.68397355989087	5.68097999999995
1.13809999999989	5.68500288870345	5.68201999999995
1.14009999999989	5.68603298863547	5.68305999999995
1.14209999999989	5.68706379224866	5.68409999999994
1.14409999999989	5.68809511957125	5.68513999999994
1.14609999999989	5.6891269707663	5.68617999999995
1.14809999999989	5.69015952315888	5.68721999999994
1.15009999999989	5.69119274861927	5.68826999999995
1.15209999999989	5.6922267863451	5.68930999999994
1.15409999999989	5.69326143816829	5.69035999999993
1.15609999999989	5.6942968456492	5.69139999999994
1.15809999999989	5.69533299142385	5.69244999999994
1.16009999999989	5.6963698062986	5.69349999999993
1.16209999999989	5.69740709255198	5.69453999999994
1.16409999999989	5.69844517533335	5.69558999999994
1.16609999999989	5.69948403750115	5.69663999999994
1.16809999999989	5.70052366442681	5.69768999999994
1.17009999999989	5.70156395497478	5.69873999999994
1.17209999999989	5.70260507017058	5.69979999999993
1.17409999999989	5.7036469376405	5.70084999999993
1.17609999999989	5.70468959914353	5.70189999999994
1.17809999999989	5.70573288488383	5.70294999999994
1.18009999999989	5.70677684478297	5.70400999999994
1.18209999999989	5.70782132636059	5.70505999999994
1.18409999999989	5.70886655549991	5.70611999999994
1.18609999999989	5.70991227846125	5.70717999999993
1.18809999999989	5.71095882267849	5.70822999999994
1.19009999999989	5.71200616056427	5.70928999999994
1.19209999999989	5.71305425457301	5.71034999999994
1.19409999999988	5.71410308854674	5.71140999999994
1.19609999999988	5.71515238068675	5.71246999999994
1.19809999999988	5.7162024684739	5.71352999999994
1.20009999999988	5.71725317865124	5.71458999999994
1.20209999999988	5.71830444348301	5.71564999999994
1.20409999999988	5.7193562870031	5.71671999999993
1.20609999999988	5.72040853853784	5.71777999999994
1.20809999999988	5.72146144124927	5.71883999999994
1.21009999999988	5.72251509317091	5.71990999999993
1.21209999999988	5.72356943337611	5.72096999999994
1.21409999999988	5.72462439851795	5.72203999999994
1.21609999999988	5.72568002265853	5.72310999999993
1.21809999999988	5.72673637371337	5.72416999999994
1.22009999999988	5.72779327777044	5.72523999999994
1.22209999999988	5.72885093434531	5.72630999999994
1.22409999999988	5.72990930618132	5.72737999999994
1.22609999999988	5.73096842392692	5.72844999999994
1.22809999999988	5.73202798926002	5.72951999999994
1.23009999999988	5.73308807302049	5.73058999999994
1.23209999999988	5.7341489405502	5.73166999999993
1.23409999999988	5.73521054057546	5.73273999999994
1.23609999999988	5.73627288970631	5.73380999999994
1.23809999999988	5.73733578948687	5.73488999999993
1.24009999999988	5.7383992429065	5.73595999999994
1.24209999999988	5.73946331329087	5.73703999999993
1.24409999999988	5.74052813878668	5.73810999999994
1.24609999999988	5.74159364127664	5.73918999999994
1.24809999999988	5.74265934397022	5.74026999999994
1.25009999999988	5.74372532152726	5.74134999999993
1.25209999999988	5.7447920493882	5.74242999999993
1.25409999999988	5.74585933533782	5.74350999999993
1.25609999999988	5.74692726665315	5.74458999999993
1.25809999999988	5.74799591964323	5.74566999999993
1.26009999999988	5.74906534402535	5.74674999999994
1.26209999999988	5.75013525775435	5.74782999999994
1.26409999999988	5.75120571596462	5.74890999999994
1.26609999999988	5.75227670566626	5.74999999999993
1.26809999999988	5.75334834760475	5.75107999999994
1.27009999999988	5.75442075124431	5.75216999999993
1.27209999999988	5.75549382117575	5.75324999999994
1.27409999999988	5.75656759729894	5.75433999999994
1.27609999999988	5.75764211219996	5.75542999999993
1.27809999999988	5.75871737300698	5.75651999999993
1.28009999999988	5.75979336448229	5.75759999999994
1.28209999999988	5.76087008392095	5.75868999999994
1.28409999999988	5.76194739076581	5.75977999999994
1.28609999999987	5.7630253403046	5.76086999999994
1.28809999999987	5.76410401576754	5.76195999999994
1.29009999999987	5.76518341991952	5.76305999999992
1.29209999999987	5.76626353241242	5.76414999999992
1.29409999999987	5.7673440943851	5.76523999999994
1.29609999999987	5.7684253668813	5.76632999999994
1.29809999999987	5.76973621000359	5.76742999999992
1.30009999999987	5.77080923925427	5.76851999999994
1.30209999999987	5.77188292977729	5.76961999999992
1.30409999999987	5.77318533496571	5.77071999999992
1.30609999999987	5.77425197677901	5.77180999999994
1.30809999999987	5.77555614454169	5.77290999999992
1.31009999999987	5.77661585095806	5.77400999999992
1.31209999999987	5.77767696718179	5.77510999999992
1.31409999999987	5.77897165516388	5.77620999999992
1.31609999999987	5.78002633243767	5.77730999999992
1.31809999999987	5.7813210626992	5.77840999999992
1.32009999999987	5.78236947589445	5.77950999999992
1.32209999999987	5.78341972488055	5.78060999999994
1.32409999999987	5.78470303898244	5.78170999999994
1.32609999999987	5.78574743676124	5.78281999999992
1.32809999999987	5.78702666784326	5.78391999999992
1.33009999999987	5.78806555060283	5.78501999999993
1.33209999999987	5.78934626523555	5.78612999999992
1.33409999999987	5.79038006598143	5.78723999999992
1.33609999999987	5.79165765299665	5.78833999999993
1.33809999999987	5.79268650243899	5.78944999999992
1.34009999999987	5.79395661765555	5.79055999999992
1.34209999999987	5.79498095893791	5.79166999999992
1.34409999999987	5.79621813285509	5.79276999999993
1.34609999999987	5.79700052897248	5.79387999999993
1.34809999999987	5.79849998684249	5.79498999999993
1.35009999999987	5.79950560699904	5.79610999999992
1.35209999999987	5.80077397890414	5.79721999999992
1.35409999999987	5.80201271265936	5.79832999999992
1.35609999999987	5.80301982025592	5.79943999999993
1.35809999999987	5.80428380495061	5.80055999999992
1.36009999999987	5.8050958929357	5.80166999999992
1.36209999999987	5.80653534410462	5.80278999999992
1.36409999999987	5.80778030375003	5.80389999999992
1.36609999999987	5.8087751837	5.80501999999992
1.36809999999987	5.8100125204376	5.80612999999993
1.37009999999987	5.81124943595704	5.80724999999992
1.37209999999987	5.81223637479903	5.80836999999992
1.37409999999987	5.81346265564371	5.80948999999992
1.37609999999986	5.81469485081994	5.81060999999992
1.37809999999986	5.81567465490048	5.81172999999992
1.38009999999986	5.81690185759476	5.81284999999992
1.38209999999986	5.81812663049467	5.81396999999992
1.38409999999986	5.81882699882179	5.81508999999992
1.38609999999986	5.82036707375742	5.81620999999993
1.38809999999986	5.82163366800892	5.81732999999993
1.39009999999986	5.82259676625064	5.81845999999992
1.39209999999986	5.82385771410791	5.81957999999993
1.39409999999986	5.82474627212591	5.82070999999992
1.39609999999986	5.82606679445702	5.82182999999993
1.39809999999986	5.82731568898819	5.82295999999992
1.40009999999986	5.82821640584647	5.82408999999992
1.40209999999986	5.8295166459789	5.82520999999993
1.40409999999986	5.83076368273992	5.82633999999992
1.40609999999986	5.83172388083431	5.82746999999992
1.40809999999986	5.83294967431058	5.82859999999992
1.41009999999986	5.8341880676374	5.82972999999992
1.41209999999986	5.8354289157334	5.83085999999992
1.41409999999986	5.836361132131	5.83198999999992
1.41609999999986	5.83759349615664	5.83311999999993
1.41809999999986	5.83883282852531	5.83424999999993
1.42009999999986	5.83971820687021	5.83538999999992
1.42209999999986	5.84098166779847	5.83651999999992
1.42409999999986	5.84220548812944	5.83764999999993
1.42609999999986	5.84342558529218	5.83878999999992
1.42809999999986	5.84430045679137	5.83992999999992
1.43009999999986	5.84554924693784	5.84105999999992
1.43209999999986	5.84670521823826	5.84219999999991
1.43409999999986	5.84786096680245	5.84333999999992
1.43609999999986	5.84901699360315	5.84446999999993
1.43809999999986	5.8501708188513	5.84560999999991
1.44009999999986	5.85137526081081	5.84674999999991
1.44209999999986	5.85259072278669	5.84788999999991
1.44409999999986	5.85350861561498	5.84902999999991
1.44609999999986	5.85449866825309	5.85016999999992
1.44809999999986	5.85588381568841	5.85130999999993
1.45009999999986	5.85708004872904	5.85245999999991
1.45209999999986	5.85827440416437	5.85359999999991
1.45409999999986	5.85946379797025	5.85473999999991
1.45609999999986	5.86059859537727	5.85588999999991
1.45809999999986	5.8617273847528	5.85702999999991
1.46009999999986	5.86285458748536	5.85817999999991
1.46209999999986	5.86403562602262	5.85931999999991
1.46409999999986	5.86521849520332	5.86046999999991
1.46609999999985	5.86633892496561	5.86161999999991
1.46809999999985	5.86747951472928	5.86275999999993
1.47009999999985	5.86859699876044	5.86390999999991
1.47209999999985	5.86977078023164	5.86505999999991
1.47409999999985	5.87094428071717	5.86620999999991
1.47609999999985	5.87211499769452	5.86735999999991
1.47809999999985	5.87301074926662	5.86850999999991
1.48009999999985	5.87411219792355	5.86965999999991
1.48209999999985	5.87519487229519	5.87080999999993
1.48409999999985	5.87630392816482	5.87196999999991
1.48609999999985	5.87740152919514	5.87311999999991
1.48809999999985	5.87849591657237	5.87426999999993
1.49009999999985	5.87965242878743	5.87542999999991
1.49209999999985	5.88079551758654	5.87657999999993
1.49409999999985	5.88194557029094	5.87773999999991
1.49609999999985	5.88309345221173	5.87889999999991
1.49809999999985	5.884235827467	5.88004999999991
1.50009999999985	5.88538299269099	5.88120999999991
1.50209999999985	5.88651731182497	5.88236999999991
1.50409999999985	5.88770159684931	5.88352999999991
1.50609999999985	5.88886354154933	5.88468999999991
1.50809999999985	5.88999755746875	5.88584999999991
1.51009999999985	5.89114288470805	5.88700999999991
1.51209999999985	5.89238962522722	5.88816999999991
1.51409999999985	5.89356213680507	5.88932999999991
1.51609999999985	5.8947247305105	5.89048999999991
1.51809999999985	5.89613361353516	5.89164999999992
1.52009999999985	5.89724749804069	5.89281999999991
1.52209999999985	5.89836075901974	5.89397999999991
1.52409999999985	5.89952269138106	5.89514999999991
1.52609999999985	5.90062624719054	5.89630999999991
1.52809999999985	5.90179147096105	5.89747999999991
1.53009999999985	5.90294910346799	5.89863999999992
1.53209999999985	5.90410029567993	5.89980999999991
1.53409999999985	5.90522809519971	5.90097999999991
1.53609999999985	5.9063751136666	5.90214999999991
1.53809999999985	5.90751789322934	5.90331999999991
1.54009999999985	5.90865881048723	5.90448999999991
1.54209999999985	5.90979317452777	5.90565999999991
1.54409999999985	5.91092804907902	5.90682999999991
1.54609999999985	5.91205932418353	5.90799999999991
1.54809999999985	5.91318817475996	5.90916999999991
1.55009999999985	5.91432094160747	5.91033999999991
1.55209999999985	5.91545427416134	5.91151999999991
1.55409999999985	5.91636432119192	5.91268999999991
1.55609999999985	5.9174916451113	5.91385999999992
1.55809999999984	5.91867328133358	5.91503999999991
1.56009999999984	5.91984770313397	5.91621999999991
1.56209999999984	5.92132747821995	5.91738999999991
1.56409999999984	5.92244043987453	5.91856999999991
1.56609999999984	5.92354763759789	5.91974999999991
1.56809999999984	5.92465161190132	5.92091999999992
1.57009999999984	5.9257546516508	5.92209999999991
1.57209999999984	5.9268544289565	5.92327999999991
1.57409999999984	5.92795139970869	5.92445999999991
1.57609999999984	5.92879537289965	5.92563999999991
1.57809999999984	5.93001292535284	5.92681999999991
1.58009999999984	5.93122591643509	5.92799999999992
1.58209999999984	5.93242773255918	5.92918999999991
1.58409999999984	5.93383083697446	5.9303699999999
1.58609999999984	5.93491329206775	5.9315499999999
1.58809999999984	5.93599134427861	5.9327399999999
1.59009999999984	5.93706984571482	5.9339199999999
1.59209999999984	5.93793501545805	5.9351099999999
1.59409999999984	5.93920622581553	5.9362899999999
1.59609999999984	5.94069193946117	5.9374799999999
1.59809999999984	5.9417570550558	5.9386699999999
1.60009999999984	5.9428242813048	5.93984999999992
1.60209999999984	5.94389040457814	5.9410399999999
1.60409999999984	5.94483484690311	5.9422299999999
1.60609999999984	5.94606125257193	5.9434199999999
1.60809999999984	5.94746029457762	5.9446099999999
1.61009999999984	5.94850736529675	5.9457999999999
1.61209999999984	5.94931725062952	5.9469899999999
1.61409999999984	5.95059094942725	5.94817999999992
1.61609999999984	5.95200775848551	5.9493799999999
1.61809999999984	5.95304553382916	5.9505699999999
1.62009999999984	5.95383059623941	5.9517599999999
1.62209999999984	5.95510889419899	5.9529599999999
1.62409999999984	5.95654747791727	5.9541499999999
1.62609999999984	5.95757277809659	5.9553499999999
1.62809999999984	5.95841069074981	5.9565399999999
1.63009999999984	5.95968004310199	5.9577399999999
1.63209999999984	5.96111787475112	5.9589399999999
1.63409999999984	5.9621433960287	5.9601399999999
1.63609999999984	5.96298000173069	5.9613299999999
1.63809999999984	5.96424511189064	5.9625299999999
1.64009999999984	5.96568388220564	5.9637299999999
1.64209999999984	5.96670429941831	5.9649299999999
1.64409999999984	5.96758764099818	5.9661299999999
1.64609999999984	5.96884945410257	5.9673399999999
1.64809999999983	5.97021856795847	5.9685399999999
1.65009999999983	5.97130485406777	5.9697399999999
1.65209999999983	5.97237098909942	5.9709399999999
1.65409999999983	5.97321268432085	5.9721499999999
1.65609999999983	5.97447182018245	5.9733499999999
1.65809999999983	5.97572627050873	5.9745599999999
1.66009999999983	5.97709124396173	5.9757599999999
1.66209999999983	5.9781941955721	5.9769699999999
1.66409999999983	5.9792867591563	5.9781799999999
1.66609999999983	5.98040932240541	5.9793799999999
1.66809999999983	5.98156015626189	5.9805899999999
1.67009999999983	5.98270399218412	5.9817999999999
1.67209999999983	5.98345276091926	5.9830099999999
1.67409999999983	5.98458312698462	5.9842199999999
1.67609999999983	5.98577370110868	5.9854299999999
1.67809999999983	5.98695837339898	5.9866399999999
1.68009999999983	5.98813523644641	5.9878499999999
1.68209999999983	5.98932191220777	5.9890599999999
1.68409999999983	5.99050199087691	5.9902799999999
1.68609999999983	5.99167542682838	5.9914899999999
1.68809999999983	5.99283681414209	5.9926999999999
1.69009999999983	5.99402895783695	5.9939199999999
1.69209999999983	5.99514403474042	5.9951299999999
1.69409999999983	5.99630542917889	5.9963499999999
1.69609999999983	5.99745666015732	5.99756999999988
1.69809999999983	5.99860417272669	5.9987799999999
1.70009999999983	5.9997305165748	5.9999999999999
1.70209999999983	6.00086889771988	6.0012199999999
1.70409999999983	6.00199565890236	6.0024399999999
1.70609999999983	6.00312510122409	6.0036599999999
1.70809999999983	6.00428938375607	6.00487999999988
1.71009999999983	6.00551332779045	6.0060999999999
1.71209999999983	6.00685963054242	6.0073199999999
1.71409999999983	6.00794923311353	6.0085399999999
1.71609999999983	6.00896412962533	6.0097599999999
1.71809999999983	6.00980040108131	6.0109799999999
1.72009999999983	6.01098035176214	6.0122099999999
1.72209999999983	6.01218360096257	6.0134299999999
1.72409999999983	6.01338331925672	6.0146599999999
1.72609999999983	6.01456824873624	6.0158799999999
1.72809999999983	6.01591251149349	6.01710999999989
1.73009999999983	6.01698456433761	6.01832999999989
1.73209999999983	6.01805096144855	6.0195599999999
1.73409999999983	6.01882191285484	6.0207899999999
1.73609999999983	6.02004677452065	6.0220199999999
1.73809999999983	6.02129989447749	6.0232499999999
1.74009999999982	6.02273635584053	6.02447999999988
1.74209999999982	6.02371806996362	6.02570999999988
1.74409999999982	6.02447837420742	6.02693999999989
1.74609999999982	6.02571202529946	6.02816999999989
1.74809999999982	6.02688875723367	6.02939999999989
1.75009999999982	6.02813422838894	6.03062999999989
1.75209999999982	6.02948333374785	6.03186999999988
1.75409999999982	6.03045642673792	6.03309999999989
1.75609999999982	6.0313429041599	6.03432999999989
1.75809999999982	6.03258387027999	6.03556999999989
1.76009999999982	6.03407384660356	6.03679999999989
1.76209999999982	6.035038179509	6.03803999999989
1.76409999999982	6.03579315611429	6.03927999999988
1.76609999999982	6.03701984520679	6.04050999999989
1.76809999999982	6.03824785432175	6.04174999999989
1.77009999999982	6.03946145049888	6.04298999999989
1.77209999999982	6.04080018764145	6.04422999999989
1.77409999999982	6.04181780095473	6.04546999999989
1.77609999999982	6.04260623133433	6.04670999999989
1.77809999999982	6.04382060465941	6.04794999999989
1.78009999999982	6.04504388625551	6.04918999999989
1.78209999999982	6.04624974585637	6.05042999999989
1.78409999999982	6.04764661700901	6.05167999999987
1.78609999999982	6.04871486611429	6.05291999999989
1.78809999999982	6.04977635926459	6.05415999999989
1.79009999999982	6.05052172478091	6.05540999999987
1.79209999999982	6.0517132864061	6.05664999999989
1.79409999999982	6.05290008946121	6.05789999999989
1.79609999999982	6.05407734214031	6.05913999999989
1.79809999999982	6.05531228293433	6.06038999999989
1.80009999999982	6.05649060533854	6.06163999999989
1.80209999999982	6.05778877465309	6.06288999999987
1.80409999999982	6.05889359060669	6.06412999999989
1.80609999999982	6.05964176996578	6.06537999999989
1.80809999999982	6.06086838177132	6.06662999999989
1.81009999999982	6.0620860794909	6.06787999999989
1.81209999999982	6.06325611363355	6.06912999999989
1.81409999999982	6.06466293381145	6.07038999999987
1.81609999999982	6.06560380960308	6.07163999999989
1.81809999999982	6.06646603192321	6.07288999999989
1.82009999999982	6.06767549909531	6.07413999999989
1.82209999999982	6.0688119724935	6.07539999999989
1.82409999999982	6.07000309927698	6.07664999999989
1.82609999999982	6.07115423687164	6.07790999999989
1.82809999999982	6.07256634593589	6.07915999999989
1.83009999999981	6.07363081481683	6.08041999999989
1.83209999999981	6.07311299919826	6.08167999999987
1.83409999999981	6.07476946639394	6.08293999999987
1.83609999999981	6.07668044108046	6.08418999999989
1.83809999999981	6.07747269710923	6.08544999999989
1.84009999999981	6.07854838860395	6.08670999999989
1.84209999999981	6.07965569496598	6.08796999999989
1.84409999999981	6.08076626902181	6.08922999999989
1.84609999999981	6.08187775397453	6.09048999999989
1.84809999999981	6.08303252584279	6.09174999999989
1.85009999999981	6.08420929754981	6.09301999999987
1.85209999999981	6.08536791044664	6.09427999999989
1.85409999999981	6.08653279523702	6.09553999999989
1.85609999999981	6.08769560643174	6.09680999999987
1.85809999999981	6.08912902045893	6.09806999999989
1.86009999999981	6.09027817436217	6.09933999999987
1.86209999999981	6.09135555721556	6.10059999999989
1.86409999999981	6.09243036155434	6.10186999999989
1.86609999999981	6.09356605732592	6.10313999999987
1.86809999999981	6.09409530542243	6.10440999999987
1.87009999999981	6.09523822019581	6.10566999999989
1.87209999999981	6.09636185789163	6.10693999999989
1.87409999999981	6.09748156686414	6.10820999999989
1.87609999999981	6.09858058637949	6.10947999999989
1.87809999999981	6.10008209770418	6.11074999999989
1.88009999999981	6.10119369435076	6.11201999999989
1.88209999999981	6.10236944467337	6.11329999999987
1.88409999999981	6.10353686293533	6.11456999999989
1.88609999999981	6.10470304509319	6.11583999999989
1.88809999999981	6.10594121780097	6.11711999999987
1.89009999999981	6.10673929843584	6.11838999999989
1.89209999999981	6.10784164199884	6.11966999999987
1.89409999999981	6.10891505905955	6.12093999999988
1.89609999999981	6.10999049201902	6.12221999999987
1.89809999999981	6.11048583744236	6.12348999999988
1.90009999999981	6.11197365120926	6.12476999999988
1.90209999999981	6.1130955341647	6.12604999999988
1.90409999999981	6.11425131898266	6.12732999999986
1.90609999999981	6.11540949887355	6.12860999999987
1.90809999999981	6.11679013639707	6.12988999999986
1.91009999999981	6.11785945820976	6.13116999999986
1.91209999999981	6.11894331101365	6.13244999999986
1.91409999999981	6.12001109308965	6.13372999999988
1.91609999999981	6.12108843958203	6.13500999999988
1.91809999999981	6.12216891413598	6.13628999999988
1.9200999999998	6.12339970890666	6.13757999999986
1.9220999999998	6.12447307438552	6.13885999999988
1.9240999999998	6.12524395068025	6.14014999999986
1.9260999999998	6.12676707080049	6.14142999999988
1.9280999999998	6.12805431088488	6.14271999999986
1.9300999999998	6.12917716125882	6.14399999999988
1.9320999999998	6.13036488343784	6.14528999999988
1.9340999999998	6.13148231992509	6.14657999999986
1.9360999999998	6.13260576435898	6.14786999999986
1.9380999999998	6.13369795057469	6.14915999999986
1.9400999999998	6.13458761904122	6.15044999999986
1.9420999999998	6.13568479866959	6.15173999999986
1.9440999999998	6.13678454326869	6.15302999999986
1.9460999999998	6.13790151734602	6.15431999999986
1.9480999999998	6.13902257733596	6.15560999999986
1.9500999999998	6.14013674238404	6.15689999999988
1.9520999999998	6.14125831145226	6.15818999999988
1.9540999999998	6.1423562452481	6.15948999999986
1.9560999999998	6.14344582380159	6.16077999999988
1.9580999999998	6.14452627029252	6.16207999999986
1.9600999999998	6.14601599624929	6.16336999999988
1.9620999999998	6.14732357699916	6.16466999999986
1.9640999999998	6.14816698270975	6.16596999999986
1.9660999999998	6.149168007719	6.16725999999988
1.9680999999998	6.15020381662219	6.16855999999988
1.9700999999998	6.15163094112143	6.16985999999986
1.9720999999998	6.15257625509365	6.17115999999986
1.9740999999998	6.15393638528119	6.17245999999986
1.9760999999998	6.15489336702333	6.17375999999986
1.9780999999998	6.15625877799433	6.17505999999986
1.9800999999998	6.15714450594991	6.17635999999988
1.9820999999998	6.15851511214978	6.17765999999988
1.9840999999998	6.15983310346352	6.17896999999986
1.9860999999998	6.16075106365756	6.18026999999986
1.9880999999998	6.16216041189989	6.18156999999988
1.9900999999998	6.16314600292557	6.18287999999986
1.9920999999998	6.16475768745388	6.18417999999988
1.9940999999998	6.16551170180145	6.18548999999986
1.9960999999998	6.16648516946739	6.18678999999988
1.9980999999998	6.16685533685811	6.18809999999988
