t	fg_V
0	0	0
0.002	0	0
0.0041	1.25404364253219E-07	5.27485E-06
0.006	1.4872340268365E-07	5.2679E-06
0.00800000000000001	1.692651751552E-07	5.27108E-06
0.0101	2.18656018519585E-07	5.2972E-06
0.0121	2.98531735938947E-07	5.31025E-06
0.0141	4.17189835707438E-07	5.32774999999999E-06
0.0161	5.83505348622185E-07	5.35080999999999E-06
0.0180999999999999	8.55425994553494E-07	5.38063999999998E-06
0.0200999999999999	1.36564516521084E-06	5.41856999999997E-06
0.0220999999999999	2.0124556064529E-06	5.46601999999997E-06
0.0240999999999999	2.81094532269926E-06	5.52452999999996E-06
0.0260999999999999	3.62053037883161E-06	5.59578999999995E-06
0.0280999999999999	4.47481558364202E-06	5.68163999999994E-06
0.0300999999999999	5.92208620365919E-06	5.78411999999993E-06
0.0320999999999999	7.2352678473423E-06	5.90546999999994E-06
0.0341	8.77949008248631E-06	6.04818999999997E-06
0.036	1.0478361364711E-05	6.15298E-06
0.0380000000000001	1.25294553163379E-05	6.34469000000004E-06
0.0400000000000001	1.51356954085122E-05	6.56743000000008E-06
0.0420000000000002	1.8089989443849E-05	6.82528000000012E-06
0.0440000000000002	2.0890524800806E-05	7.12288000000017E-06
0.0460000000000003	2.37382672175465E-05	7.46558000000022E-06
0.0480000000000003	2.69505999735615E-05	7.85948000000026E-06
0.0500000000000004	3.07438383458809E-05	8.3116300000003E-06
0.0520000000000005	3.56527767192077E-05	8.83015000000036E-06
0.0540000000000005	4.05525432272793E-05	9.42440000000041E-06
0.0560000000000006	4.56673353413687E-05	1.01052000000005E-05
0.0580000000000006	5.06700106030892E-05	1.08851000000005E-05
0.0600000000000007	5.63161492065411E-05	1.17786000000005E-05
0.0620000000000007	6.3184425090092E-05	1.28025000000006E-05
0.0640000000000008	7.00303246465806E-05	1.39761000000006E-05
0.0660000000000009	7.8379599113272E-05	1.53219000000006E-05
0.0680000000000009	8.77656566960814E-05	1.68660000000006E-05
0.070000000000001	9.97514813571436E-05	1.86384000000006E-05
0.072000000000001	0.000111840238346772	2.06737000000005E-05
0.0740000000000011	0.000124848909534398	2.30121000000004E-05
0.0760000000000012	0.00013994698383768	2.56997000000003E-05
0.0780000000000012	0.000160549296859444	2.87897000000001E-05
0.0800000000000013	0.000180575302138318	3.4615200000005E-05
0.0820000000000013	0.000203073271736889	4.34452000000064E-05
0.0840000000000014	0.000231203731427802	5.43300000000084E-05
0.0860000000000014	0.00026411986399594	6.76935000000107E-05
0.0880000000000015	0.000300610165592284	8.40343000000135E-05
0.0900000000000016	0.000344144461164212	0.000103936000000017
0.0920000000000016	0.000391172623862034	0.000128078000000021
0.0940000000000017	0.000448392360376599	0.000157250000000027
0.0960000000000017	0.00050977891623216	0.000192359000000033
0.0980000000000018	0.000586219804055087	0.000234450000000041
0.100000000000002	0.000668300888811894	0.00028471300000005
0.102000000000002	0.000763069212199224	0.000344499000000062
0.104000000000002	0.000869387454648323	0.000415335000000076
0.106000000000002	0.000995549221700583	0.000498933000000092
0.108000000000002	0.00113679737855881	0.00059720000000011
0.110000000000002	0.0012908067346295	0.000712248000000132
0.112000000000002	0.00147544042179326	0.000846397000000158
0.114000000000002	0.00167278778666678	0.00100000000000022
0.116000000000002	0.00189903569182056	0.00118000000000023
0.118000000000002	0.00214950737093785	0.00139000000000024
0.120000000000002	0.0024382693145701	0.00163000000000024
0.122000000000002	0.00275468208748471	0.00190000000000025
0.124000000000003	0.00310142862659121	0.00221000000000025
0.126000000000002	0.0034891364001251	0.00256000000000049
0.128000000000002	0.00390825064790352	0.00295000000000045
0.130000000000002	0.00437311607378783	0.0033900000000004
0.132000000000002	0.00487333701917462	0.00388000000000054
0.134000000000002	0.00543690241268039	0.00443000000000031
0.136000000000001	0.00605123807702385	0.0050300000000004
0.138000000000001	0.00668398097389124	0.00569000000000033
0.140000000000001	0.00739422754895149	0.00641000000000036
0.142000000000001	0.0081465410814106	0.00719000000000035
0.144	0.00894038609588565	0.00804000000000024
0.146	0.00978413132237971	0.00896000000000012
0.148	0.0106935685871359	0.00994000000000002
0.1501	0.011711058963841	0.0110299999999999
0.1521	0.0127254898926739	0.0121399999999998
0.154099999999999	0.0137928785881476	0.0133199999999996
0.156099999999999	0.0149043644637269	0.0145499999999995
0.158099999999999	0.0160490086000305	0.0158399999999992
0.160099999999999	0.0172432702918681	0.0171799999999991
0.162099999999998	0.0184839969770689	0.0185699999999989
0.164099999999998	0.0197338391895688	0.0200199999999986
0.166099999999998	0.0210597044161669	0.0214999999999986
0.168099999999998	0.0224238514903474	0.0230299999999982
0.170099999999998	0.0237972643129829	0.0245899999999981
0.172099999999997	0.0251921487963705	0.0261899999999979
0.174099999999997	0.0265969376133039	0.0278199999999977
0.176099999999997	0.0280896924604921	0.0294699999999976
0.178099999999997	0.0295574433890742	0.031149999999997
0.180099999999996	0.0310530115241485	0.0328399999999972
0.182099999999996	0.0325523577115454	0.034549999999997
0.184099999999996	0.0340859429073978	0.0362799999999964
0.186099999999996	0.0356245197354432	0.0380199999999963
0.188099999999996	0.0371365725577527	0.039759999999996
0.190099999999995	0.0387336998984	0.0415099999999963
0.192099999999995	0.0402987916607089	0.0432699999999956
0.194099999999995	0.0418330976529801	0.0450299999999955
0.196099999999995	0.0434050868323104	0.0467899999999953
0.198099999999995	0.0449487265480973	0.0485399999999956
0.200099999999994	0.0465241438459707	0.0502999999999948
0.202099999999994	0.048068528140303	0.0520499999999947
0.204099999999994	0.0496228179149095	0.0537999999999945
0.206099999999994	0.0512378128916237	0.0555399999999943
0.208099999999993	0.0527757564738378	0.057269999999994
0.210099999999993	0.0543501646462531	0.0589899999999945
0.212099999999993	0.0558581893839892	0.0607099999999944
0.214099999999993	0.0574104523990318	0.0624199999999935
0.216099999999993	0.0589404735132191	0.064109999999994
0.218099999999992	0.0604830779987186	0.0657999999999939
0.220099999999992	0.0619822536079677	0.0674799999999929
0.222099999999992	0.0635259364101954	0.0691399999999935
0.224099999999992	0.0650102659090992	0.0707899999999933
0.226099999999991	0.0665210494845328	0.0724299999999931
0.228099999999991	0.0680145621246313	0.074059999999993
0.230099999999991	0.0694754410080019	0.0756699999999928
0.232099999999991	0.0709405814267889	0.0772799999999926
0.234099999999991	0.0724015374105179	0.0788599999999924
0.23609999999999	0.0738642643497498	0.0804399999999923
0.23809999999999	0.0753073158863361	0.0819999999999921
0.24009999999999	0.0767309497788373	0.0835499999999919
0.24209999999999	0.0781578000239562	0.0850899999999917
0.244099999999989	0.0795632908884967	0.0866099999999915
0.246099999999989	0.0809172101944268	0.0881199999999914
0.248099999999989	0.0823386152304836	0.0896099999999923
0.250099999999989	0.0837195532953719	0.0910899999999922
0.252099999999989	0.0851049128830042	0.0925599999999909
0.254099999999988	0.0864484400478054	0.0940099999999919
0.256099999999988	0.0877818957669803	0.0954499999999917
0.258099999999988	0.0890968654050989	0.0968799999999915
0.260099999999988	0.0904449190164005	0.0982899999999914
0.262099999999987	0.091739983147458	0.0996899999999912
0.264099999999987	0.0930366379933623	0.101079999999991
0.266099999999987	0.0943232682758677	0.102449999999991
0.268099999999987	0.0956138367680818	0.103809999999991
0.270099999999987	0.0968760982970041	0.105159999999991
0.272099999999986	0.0981501116161213	0.10648999999999
0.274099999999986	0.099372161959159	0.107809999999992
0.276099999999986	0.100604753535378	0.10911999999999
0.278099999999986	0.101829056032051	0.110409999999991
0.280099999999985	0.103063376980592	0.11169999999999
0.282099999999985	0.104273136734645	0.11296999999999
0.284099999999985	0.105428678632535	0.114219999999991
0.286099999999985	0.106613811580899	0.115469999999989
0.288099999999985	0.107823068525724	0.116699999999991
0.290099999999984	0.108978750401591	0.117919999999991
0.292099999999984	0.110134768473367	0.11912999999999
0.294099999999984	0.111265744643264	0.12031999999999
0.296099999999984	0.112393369021404	0.12150999999999
0.298099999999983	0.113533712832812	0.12267999999999
0.300099999999983	0.114639061147698	0.12383999999999
0.302099999999983	0.115705829506922	0.12498999999999
0.304099999999983	0.116807840214298	0.12612999999999
0.306099999999983	0.117931202817852	0.127249999999991
0.308099999999982	0.118984816831215	0.128369999999989
0.310099999999982	0.120027273006127	0.129469999999991
0.312099999999982	0.121061144628875	0.130569999999989
0.314099999999982	0.122125219950139	0.131649999999989
0.316099999999982	0.123181457339357	0.132719999999991
0.318099999999981	0.124220917035033	0.133779999999991
0.320099999999981	0.125202149925334	0.134829999999991
0.322099999999981	0.126166408397269	0.13586999999999
0.324099999999981	0.127161668790106	0.13689999999999
0.32609999999998	0.128210480266812	0.13791999999999
0.32809999999998	0.129202858813016	0.13892999999999
0.33009999999998	0.130162538719911	0.13992999999999
0.33209999999998	0.131089491870974	0.14091999999999
0.33409999999998	0.132036930680199	0.14189999999999
0.336099999999979	0.132972425490293	0.14286999999999
0.338099999999979	0.133909877344752	0.14382999999999
0.340099999999979	0.134852315038786	0.144779999999989
0.342099999999979	0.135755010970292	0.145719999999991
0.344099999999978	0.136645316844	0.146659999999989
0.346099999999978	0.137549280104328	0.147579999999989
0.348099999999978	0.138447266596558	0.148489999999991
0.350099999999978	0.139375424522904	0.149399999999989
0.352099999999978	0.140265641666073	0.150299999999989
0.354099999999977	0.141148983884367	0.151189999999989
0.356099999999977	0.142012103054878	0.152059999999991
0.358099999999977	0.142839772154597	0.152939999999988
0.360099999999977	0.143696136973602	0.153799999999991
0.362099999999976	0.144552783504623	0.154649999999991
0.364099999999976	0.145425633599381	0.15549999999999
0.366099999999976	0.146259257750521	0.15633999999999
0.368099999999976	0.147081321033391	0.15716999999999
0.370099999999976	0.147874158774243	0.15798999999999
0.372099999999975	0.148659382970437	0.15880999999999
0.374099999999975	0.149474849756529	0.15961999999999
0.376099999999975	0.150294761627354	0.16041999999999
0.378099999999975	0.151062265311083	0.16120999999999
0.380099999999974	0.151846155505092	0.16198999999999
0.382099999999974	0.152623730814946	0.16276999999999
0.384099999999974	0.153372005905226	0.16353999999999
0.386099999999974	0.154101708068731	0.164299999999992
0.388099999999974	0.154833934050771	0.165059999999989
0.390099999999973	0.155551724774511	0.165809999999989
0.392099999999973	0.156313673586165	0.166549999999989
0.394099999999973	0.157044310878042	0.167289999999989
0.396099999999973	0.157795332561759	0.168019999999989
0.398099999999972	0.158493802018468	0.168739999999989
0.400099999999972	0.159214892506434	0.169459999999989
0.402099999999972	0.159911487587968	0.170159999999992
0.404099999999972	0.160614049381312	0.170869999999989
0.406099999999972	0.161329070993761	0.171569999999989
0.408099999999971	0.162037120148674	0.172259999999989
0.410099999999971	0.162781563679659	0.172939999999991
0.412099999999971	0.163467439431033	0.173619999999991
0.414099999999971	0.164144458835332	0.174289999999991
0.41609999999997	0.164842460002597	0.174959999999991
0.41809999999997	0.165497420650339	0.175619999999991
0.42009999999997	0.166134001856975	0.176279999999988
0.42209999999997	0.166770389972978	0.176929999999988
0.42409999999997	0.167399891413861	0.177569999999991
0.426099999999969	0.168038691221209	0.178209999999991
0.428099999999969	0.168687250104085	0.178839999999991
0.430099999999969	0.169306008882978	0.179469999999991
0.432099999999969	0.169963093875857	0.180089999999991
0.434099999999969	0.170600620835776	0.180709999999991
0.436099999999968	0.171205357300355	0.18131999999999
0.438099999999968	0.171802994190724	0.18192999999999
0.440099999999968	0.172427836968918	0.18252999999999
0.442099999999968	0.173004843874526	0.18312999999999
0.444099999999967	0.173608423199631	0.18371999999999
0.446099999999967	0.17422123673419	0.18430999999999
0.448099999999967	0.174791753054541	0.18488999999999
0.450099999999967	0.175419623623398	0.18546999999999
0.452099999999967	0.176002980552917	0.18603999999999
0.454099999999966	0.176566381405338	0.18660999999999
0.456099999999966	0.177140096667573	0.18717999999999
0.458099999999966	0.177722521661647	0.18773999999999
0.460099999999966	0.178265179550632	0.18828999999999
0.462099999999965	0.178831807647966	0.188839999999993
0.464099999999965	0.179372667175345	0.18938999999999
0.466099999999965	0.179912869471266	0.189929999999993
0.468099999999965	0.180448214008101	0.190469999999993
0.470099999999965	0.181004255955498	0.191009999999989
0.472099999999964	0.181523049982554	0.191539999999989
0.474099999999964	0.182074119432769	0.192059999999993
0.476099999999964	0.182593871762481	0.192589999999989
0.478099999999964	0.183144311646471	0.193099999999993
0.480099999999963	0.183727520934618	0.193619999999989
0.482099999999963	0.184232038757406	0.194129999999993
0.484099999999963	0.184737572940882	0.194639999999989
0.486099999999963	0.185258996982671	0.195139999999993
0.488099999999963	0.185770089072661	0.195639999999993
0.490099999999962	0.186278430338033	0.196139999999989
0.492099999999962	0.186770276807279	0.196629999999992
0.494099999999962	0.187256277010022	0.197119999999992
0.496099999999962	0.187770379898638	0.197609999999989
0.498099999999961	0.18825003874873	0.198089999999988
0.500099999999961	0.18876508154099	0.198569999999988
0.502099999999961	0.189300478130228	0.199039999999992
0.504099999999961	0.189800679686007	0.199519999999988
0.506099999999961	0.190267936207974	0.199979999999992
0.50809999999996	0.190752356278351	0.200449999999992
0.51009999999996	0.191210859423273	0.200909999999992
0.51209999999996	0.191684070428989	0.201369999999992
0.51409999999996	0.192130546945349	0.201829999999992
0.516099999999959	0.192593225326565	0.202279999999992
0.518099999999959	0.193047854707059	0.202729999999992
0.520099999999959	0.193496184410069	0.203179999999992
0.522099999999959	0.19395970367421	0.203629999999988
0.524099999999959	0.194400407870311	0.204069999999992
0.526099999999958	0.194879121504688	0.204509999999988
0.528099999999958	0.19530632124664	0.204939999999992
0.530099999999958	0.195754658682767	0.205379999999987
0.532099999999958	0.19619369068791	0.205809999999987
0.534099999999958	0.196631909466567	0.206229999999992
0.536099999999957	0.197066486398775	0.206659999999991
0.538099999999957	0.197564791251113	0.207079999999991
0.540099999999957	0.197982337237618	0.207499999999991
0.542099999999957	0.198396937091637	0.207919999999991
0.544099999999956	0.198815039441955	0.208329999999991
0.546099999999956	0.19924031517193	0.208749999999991
0.548099999999956	0.199653112141679	0.209159999999991
0.550099999999956	0.20006906078084	0.209559999999991
0.552099999999956	0.20047059195814	0.209969999999991
0.554099999999955	0.200878040013086	0.210369999999991
0.556099999999955	0.201278260712883	0.210769999999991
0.558099999999955	0.201699206323021	0.211169999999991
0.560099999999955	0.202097126928855	0.211569999999991
0.562099999999954	0.202492310387691	0.211959999999991
0.564099999999954	0.202915452893215	0.212349999999991
0.566099999999954	0.203346163401299	0.212739999999991
0.568099999999954	0.203771814974858	0.213129999999991
0.570099999999954	0.204157477245308	0.213509999999991
0.572099999999953	0.204540899079862	0.213889999999991
0.574099999999953	0.204978498190399	0.214269999999991
0.576099999999953	0.205364414253784	0.214649999999991
0.578099999999953	0.205761536196118	0.215029999999991
0.580099999999952	0.206131033968659	0.215399999999991
0.582099999999952	0.206500535932921	0.215769999999995
0.584099999999952	0.206881477263791	0.216139999999995
0.586099999999952	0.207266899174205	0.21650999999999
0.588099999999952	0.207666965769142	0.21687999999999
0.590099999999951	0.20805061696221	0.217239999999995
0.592099999999951	0.208420512824422	0.21760999999999
0.594099999999951	0.20878347836413	0.21796999999999
0.596099999999951	0.209154517908959	0.21832999999999
0.59809999999995	0.209544731292509	0.21867999999999
0.60009999999995	0.209905613606009	0.21903999999999
0.60209999999995	0.210288971076731	0.21938999999999
0.60409999999995	0.210648245444925	0.219739999999995
0.60609999999995	0.211009586728339	0.220089999999995
0.608099999999949	0.211371237377596	0.22043999999999
0.610099999999949	0.2117372577173	0.22078999999999
0.612099999999949	0.212143871748449	0.221129999999995
0.614099999999949	0.2125073313185	0.22147999999999
0.616099999999948	0.212849776510455	0.22181999999999
0.618099999999948	0.213195348487609	0.22215999999999
0.620099999999948	0.213531767757639	0.22249999999999
0.622099999999948	0.213868076694398	0.222829999999995
0.624099999999948	0.214204660779894	0.22316999999999
0.626099999999947	0.214539739383971	0.223499999999989
0.628099999999947	0.214890213213563	0.223829999999995
0.630099999999947	0.215216799668877	0.224159999999995
0.632099999999947	0.215543213512632	0.224489999999995
0.634099999999946	0.215869185092846	0.224819999999989
0.636099999999946	0.216194844172181	0.225149999999989
0.638099999999946	0.216546062788742	0.225469999999989
0.640099999999946	0.216866180511458	0.225789999999995
0.642099999999946	0.217185019289674	0.226119999999989
0.644099999999945	0.217507213432355	0.226439999999989
0.646099999999945	0.217864509063061	0.226759999999989
0.648099999999945	0.218230860835028	0.227069999999994
0.650099999999945	0.21855533634887	0.227389999999989
0.652099999999945	0.21888844402677	0.227709999999989
0.654099999999944	0.219202114871515	0.228019999999989
0.656099999999944	0.219516466219452	0.228329999999994
0.658099999999944	0.219885997800819	0.228639999999994
0.660099999999944	0.220209388930828	0.228949999999994
0.662099999999943	0.220527275878329	0.229259999999994
0.664099999999943	0.220853512155202	0.229569999999989
0.666099999999943	0.221158597543435	0.229869999999994
0.668099999999943	0.221463819089176	0.230179999999989
0.670099999999943	0.221765395552997	0.230479999999994
0.672099999999942	0.222066002530114	0.230789999999988
0.674099999999942	0.222392732522721	0.231089999999988
0.676099999999942	0.222692213353824	0.231389999999988
0.678099999999942	0.223004306211705	0.231689999999988
0.680099999999941	0.223300807180683	0.231979999999994
0.682099999999941	0.223598920059708	0.232279999999994
0.684099999999941	0.223896200222897	0.232579999999988
0.686099999999941	0.224198076252104	0.232869999999994
0.688099999999941	0.22449938490523	0.233159999999994
0.69009999999994	0.224795311376525	0.233459999999988
0.69209999999994	0.225101237430335	0.233749999999988
0.69409999999994	0.225414405694458	0.234039999999988
0.69609999999994	0.22570711526706	0.234329999999988
0.698099999999939	0.225999726293251	0.234609999999994
0.700099999999939	0.226291097622838	0.234899999999994
0.702099999999939	0.226583240669118	0.235189999999988
0.704099999999939	0.226886701757319	0.235469999999994
0.706099999999939	0.227223747520863	0.235749999999994
0.708099999999938	0.227519570809011	0.236039999999988
0.710099999999938	0.227819557045093	0.236319999999994
0.712099999999938	0.228100385361572	0.236599999999994
0.714099999999938	0.22838250757976	0.236879999999994
0.716099999999937	0.228663384842962	0.237159999999994
0.718099999999937	0.228942183744732	0.237439999999987
0.720099999999937	0.229216690786726	0.237709999999994
0.722099999999937	0.229489699898884	0.237989999999994
0.724099999999937	0.229773460558576	0.238269999999987
0.726099999999936	0.230045374490059	0.238539999999994
0.728099999999936	0.230335662134387	0.238809999999994
0.730099999999936	0.230606170284965	0.239089999999987
0.732099999999936	0.230892717208244	0.239359999999987
0.734099999999935	0.231162906517005	0.239629999999987
0.736099999999935	0.231432444918266	0.239899999999987
0.738099999999935	0.231702549326789	0.240169999999987
0.740099999999935	0.232046828254905	0.240429999999994
0.742099999999935	0.232353189524867	0.240699999999993
0.744099999999934	0.232616584922453	0.240969999999993
0.746099999999934	0.232880963872752	0.241229999999993
0.748099999999934	0.23314664291851	0.241499999999993
0.750099999999934	0.233435352634164	0.241759999999993
0.752099999999933	0.233746769396272	0.242029999999987
0.754099999999933	0.234013368500826	0.242289999999993
0.756099999999933	0.234281535756465	0.242549999999993
0.758099999999933	0.234546758996346	0.242809999999993
0.760099999999933	0.234837616458694	0.243069999999993
0.762099999999932	0.235098722226662	0.243329999999993
0.764099999999932	0.235380554083216	0.243589999999986
0.766099999999932	0.235674564515275	0.243849999999986
0.768099999999932	0.235949884987382	0.244099999999993
0.770099999999932	0.236213914786843	0.244359999999993
0.772099999999931	0.236470793157813	0.244609999999993
0.774099999999931	0.236747843308948	0.244869999999993
0.776099999999931	0.236999010636453	0.245119999999993
0.778099999999931	0.237248624031541	0.245379999999986
0.78009999999993	0.237497951056058	0.245629999999993
0.78209999999993	0.23774699804407	0.245879999999993
0.78409999999993	0.237998547611502	0.246129999999993
0.78609999999993	0.238269342049813	0.246379999999993
0.78809999999993	0.23851835345725	0.246629999999993
0.790099999999929	0.238766967508757	0.246879999999993
0.792099999999929	0.239016123199953	0.247129999999993
0.794099999999929	0.239264326351609	0.247379999999986
0.796099999999929	0.239509314326678	0.247619999999993
0.798099999999928	0.239765605567572	0.247869999999993
0.800099999999928	0.240021911823699	0.248109999999993
0.802099999999928	0.24026480140303	0.248359999999993
0.804099999999928	0.240529601798823	0.248599999999993
0.806099999999928	0.240772550623392	0.248849999999993
0.808099999999927	0.241015803501376	0.249089999999993
0.810099999999927	0.241281483389503	0.249329999999993
0.812099999999927	0.241524747291714	0.249569999999993
0.814099999999927	0.241765840190888	0.249819999999985
0.816099999999926	0.242008835770392	0.250059999999985
0.818099999999926	0.24225244363337	0.250299999999985
0.820099999999926	0.242496963634951	0.250539999999985
0.822099999999926	0.242753839356838	0.250769999999993
0.824099999999926	0.24301764286855	0.251009999999993
0.826099999999925	0.243337477276993	0.251249999999993
0.828099999999925	0.243588011639156	0.251489999999985
0.830099999999925	0.243821562367194	0.251719999999993
0.832099999999925	0.244074865884116	0.251959999999993
0.834099999999924	0.244321929585709	0.252189999999992
0.836099999999924	0.244555958921643	0.252429999999992
0.838099999999924	0.244792801029385	0.252659999999992
0.840099999999924	0.24506094640151	0.252899999999985
0.842099999999924	0.245289888845887	0.253129999999992
0.844099999999923	0.245518318116511	0.253359999999992
0.846099999999923	0.245747520469564	0.253589999999992
0.848099999999923	0.245976994880763	0.253819999999992
0.850099999999923	0.246206475041765	0.254049999999992
0.852099999999922	0.246434955893017	0.254279999999992
0.854099999999922	0.246675466023167	0.254509999999992
0.856099999999922	0.246902925689656	0.254739999999992
0.858099999999922	0.247142926075595	0.254969999999992
0.860099999999922	0.247368289555448	0.255199999999992
0.862099999999921	0.24759334708802	0.255429999999984
0.864099999999921	0.247823918028973	0.255649999999992
0.866099999999921	0.24804864637928	0.255879999999992
0.868099999999921	0.248311104440552	0.256099999999992
0.87009999999992	0.248542698922246	0.256329999999992
0.87209999999992	0.248786036286263	0.256559999999984
0.87409999999992	0.249008718359345	0.256779999999992
0.87609999999992	0.249232210855208	0.256999999999992
0.87809999999992	0.24945571093757	0.257229999999992
0.880099999999919	0.249705340315761	0.257449999999992
0.882099999999919	0.249931369273949	0.257669999999992
0.884099999999919	0.250205720692964	0.257889999999992
0.886099999999919	0.250428874154647	0.258109999999992
0.888099999999919	0.250651414809561	0.258339999999984
0.890099999999918	0.250873298785516	0.258559999999992
0.892099999999918	0.251113584892245	0.258779999999992
0.894099999999918	0.251334572352123	0.258999999999984
0.896099999999918	0.251554791376755	0.259209999999992
0.898099999999917	0.251777123425256	0.259429999999992
0.900099999999917	0.252037125985869	0.259649999999992
0.902099999999917	0.252259036499894	0.259869999999992
0.904099999999917	0.252499620515154	0.260089999999992
0.906099999999917	0.252720943141067	0.260299999999992
0.908099999999916	0.252936792978097	0.260519999999992
0.910099999999916	0.253178630835404	0.260729999999992
0.912099999999916	0.253392473973442	0.260949999999992
0.914099999999916	0.253607062519719	0.261159999999992
0.916099999999915	0.253821340988134	0.261379999999992
0.918099999999915	0.254035666419695	0.261589999999992
0.920099999999915	0.254250507766157	0.261809999999991
0.922099999999915	0.254463923016031	0.262019999999991
0.924099999999915	0.254675724773251	0.262229999999991
0.926099999999914	0.254906632168295	0.262449999999983
0.928099999999914	0.25511883134162	0.262659999999991
0.930099999999914	0.255332665380737	0.262869999999991
0.932099999999914	0.255542198808142	0.263079999999991
0.934099999999913	0.255758157740187	0.263289999999991
0.936099999999913	0.255967391000618	0.263499999999991
0.938099999999913	0.256176550380948	0.263709999999991
0.940099999999913	0.256385145044107	0.263919999999991
0.942099999999913	0.256593382326818	0.264129999999991
0.944099999999912	0.256808160226159	0.264339999999991
0.946099999999912	0.257038739097543	0.264549999999982
0.948099999999912	0.257245941404359	0.264749999999991
0.950099999999912	0.257453860466694	0.264959999999991
0.952099999999911	0.257666036642719	0.265169999999991
0.954099999999911	0.257875137764796	0.265369999999991
0.956099999999911	0.258113251466645	0.265579999999991
0.958099999999911	0.258326692636892	0.265789999999991
0.960099999999911	0.258533384099671	0.265989999999991
0.96209999999991	0.258752318126797	0.266199999999991
0.96409999999991	0.258957881651591	0.266399999999991
0.96609999999991	0.259178246516851	0.266609999999991
0.96809999999991	0.259381639187767	0.266809999999991
0.970099999999909	0.259605290951894	0.267009999999991
0.972099999999909	0.259829319179971	0.267219999999991
0.974099999999909	0.260033772373101	0.267419999999991
0.976099999999909	0.260284517561499	0.267619999999991
0.978099999999909	0.260486477871167	0.267819999999991
0.980099999999908	0.260688723119358	0.268019999999991
0.982099999999908	0.260906558056086	0.268229999999991
0.984099999999908	0.26112594620375	0.268429999999991
0.986099999999908	0.261326974561749	0.268629999999991
0.988099999999908	0.261551206112268	0.268829999999991
0.990099999999907	0.261755519100044	0.269029999999991
0.992099999999907	0.261955343112299	0.269229999999991
0.994099999999907	0.26216490454342	0.269429999999991
0.996099999999907	0.262364291793353	0.26962
0.998099999999906	0.262563936271526	0.269819999999991
1.00009999999991	0.262763472960196	0.270019999999991
1.00209999999991	0.262962131246791	0.270219999999991
1.00409999999991	0.263160671044925	0.270419999999991
1.00609999999991	0.263359537948793	0.270609999999991
1.00809999999991	0.263557290320241	0.270809999999991
1.01009999999991	0.263761217227545	0.27100999999999
1.0120999999999	0.26397218782897	0.271199999999991
1.0140999999999	0.264167897724786	0.27139999999999
1.0160999999999	0.26436396601236	0.27158999999999
1.0180999999999	0.264559789241452	0.27178999999999
1.0200999999999	0.264756022660008	0.27197999999999
1.0220999999999	0.264982813913205	0.27217999999999
1.0240999999999	0.265180139343363	0.27236999999999
1.0260999999999	0.265376259449902	0.27256999999999
1.0280999999999	0.265572270608192	0.27275999999999
1.0300999999999	0.265769418884377	0.27294999999999
1.0320999999999	0.265964699497746	0.27314999999999
1.0340999999999	0.266161930543855	0.27333999999999
1.0360999999999	0.2663595712817	0.27352999999999
1.0380999999999	0.266579469208877	0.27371999999999
1.0400999999999	0.266779557110721	0.27390999999999
1.0420999999999	0.266978077640035	0.27409999999999
1.0440999999999	0.267174133661965	0.27429999999999
1.0460999999999	0.267392772786871	0.27448999999999
1.0480999999999	0.267588216158474	0.27467999999999
1.0500999999999	0.267803058805947	0.27486999999999
1.0520999999999	0.268004351744711	0.27505999999999
1.0540999999999	0.268196670150672	0.27524999999999
1.0560999999999	0.268388967605289	0.27542999999999
1.0580999999999	0.268610117446661	0.27561999999999
1.0600999999999	0.268824661889239	0.27580999999999
1.0620999999999	0.269015676546644	0.27599999999999
1.0640999999999	0.269206779562887	0.27618999999999
1.0660999999999	0.269419500099503	0.27637
1.0680999999999	0.269610067180346	0.27655999999999
1.0700999999999	0.269839300098635	0.27674999999999
1.0720999999999	0.270027047281801	0.27693999999999
1.0740999999999	0.270215030055191	0.27711999999999
1.0760999999999	0.27040307438448	0.27730999999999
1.0780999999999	0.270611796858016	0.27748999999999
1.0800999999999	0.270798215183549	0.27767999999999
1.0820999999999	0.270984588389715	0.27786
1.0840999999999	0.271171352519164	0.27804999999999
1.0860999999999	0.271358499606826	0.27823
1.0880999999999	0.271556917617267	0.27841999999999
1.0900999999999	0.271743893617258	0.27859999999999
1.0920999999999	0.271931428635096	0.27878999999999
1.0940999999999	0.27211811297902	0.27896999999999
1.0960999999999	0.272306809228743	0.27914999999999
1.0980999999999	0.272522938222037	0.27933999999999
1.1000999999999	0.272727648905889	0.27951999999999
1.1020999999999	0.272912224413022	0.27969999999999
1.10409999999989	0.273098463647311	0.27987999999999
1.10609999999989	0.273282419049229	0.280069999999989
1.10809999999989	0.273467022993614	0.280249999999989
1.11009999999989	0.273665409795521	0.280429999999989
1.11209999999989	0.273854916213314	0.280609999999989
1.11409999999989	0.274075354687648	0.280789999999989
1.11609999999989	0.274259349025283	0.280969999999989
1.11809999999989	0.27444313187709	0.281149999999989
1.12009999999989	0.274628682836583	0.281329999999989
1.12209999999989	0.274813317470512	0.281509999999989
1.12409999999989	0.274999265548976	0.281689999999989
1.12609999999989	0.275198458749043	0.281869999999989
1.12809999999989	0.275384061461104	0.282049999999989
1.13009999999989	0.275569213438076	0.282229999999989
1.13209999999989	0.275781422988604	0.282409999999989
1.13409999999989	0.275966853607097	0.28258
1.13609999999989	0.276152435604907	0.282759999999989
1.13809999999989	0.27633814938874	0.282939999999989
1.14009999999989	0.276537183512035	0.283119999999989
1.14209999999989	0.276721138309183	0.283299999999989
1.14409999999989	0.276941019891663	0.283469999999989
1.14609999999989	0.27712570085652	0.283649999999989
1.14809999999989	0.277332243565866	0.283829999999989
1.15009999999989	0.277515469133659	0.283999999999989
1.15209999999989	0.277698095799523	0.284179999999989
1.15409999999989	0.277895345339568	0.284349999999989
1.15609999999989	0.278076076593301	0.284529999999989
1.15809999999989	0.278287497461112	0.2847
1.16009999999989	0.278488701811332	0.284879999999989
1.16209999999989	0.278668170855321	0.285049999999989
1.16409999999989	0.278847700629081	0.285229999999989
1.16609999999989	0.279028563841552	0.285399999999989
1.16809999999989	0.279221569412696	0.285579999999989
1.17009999999989	0.279400767873919	0.285749999999989
1.17209999999989	0.279579975992006	0.28592
1.17409999999989	0.279759550358769	0.286099999999989
1.17609999999989	0.279939059256315	0.286269999999989
1.17809999999989	0.280127319236518	0.286439999999989
1.18009999999989	0.280323012600771	0.286619999999989
1.18209999999989	0.280502547653493	0.286789999999989
1.18409999999989	0.280695803385136	0.286959999999989
1.18609999999989	0.280874141834701	0.287129999999989
1.18809999999989	0.28105217460201	0.2873
1.19009999999989	0.281230024739152	0.287479999999989
1.19209999999989	0.281408097642129	0.287649999999989
1.19409999999988	0.281586118212033	0.287819999999989
1.19609999999988	0.281782502759956	0.287989999999989
1.19809999999988	0.281959180536235	0.288159999999988
1.20009999999988	0.282135761253925	0.288329999999988
1.20209999999988	0.282347649703832	0.288499999999988
1.20409999999988	0.282523814675874	0.288669999999988
1.20609999999988	0.282730426121559	0.288839999999988
1.20809999999988	0.282907892885043	0.289009999999988
1.21009999999988	0.283086615481116	0.289179999999988
1.21209999999988	0.283284926447739	0.289349999999988
1.21409999999988	0.283461282596442	0.289519999999988
1.21609999999988	0.283638432817463	0.28968
1.21809999999988	0.283824392730387	0.289849999999988
1.22009999999988	0.283999607101274	0.290019999999988
1.22209999999988	0.284175193041453	0.290189999999988
1.22409999999988	0.284350486304408	0.290359999999988
1.22609999999988	0.284525303181569	0.29052
1.22809999999988	0.284744518642009	0.290689999999988
1.23009999999988	0.284918580470481	0.290859999999988
1.23209999999988	0.285093537527809	0.291029999999988
1.23409999999988	0.285268809082774	0.291189999999988
1.23609999999988	0.285455335527469	0.291359999999988
1.23809999999988	0.285629906884764	0.29152
1.24009999999988	0.285829236291727	0.291689999999988
1.24209999999988	0.286002225534795	0.291859999999988
1.24409999999988	0.286175454885426	0.292019999999988
1.24609999999988	0.286366673297815	0.292189999999988
1.24809999999988	0.286583781514707	0.292349999999988
1.25009999999988	0.286757895252709	0.292519999999988
1.25209999999988	0.286949283685858	0.292679999999988
1.25409999999988	0.287121283985409	0.292849999999988
1.25609999999988	0.28730103435026	0.293009999999988
1.25809999999988	0.287473220654833	0.293179999999988
1.26009999999988	0.287645713058105	0.293339999999988
1.26209999999988	0.287839403418293	0.2935
1.26409999999988	0.288033244078134	0.293669999999988
1.26609999999988	0.288219292359142	0.293829999999988
1.26809999999988	0.288390722065319	0.29399
1.27009999999988	0.288562565670143	0.294159999999988
1.27209999999988	0.288740522014027	0.294319999999988
1.27409999999988	0.28891546202746	0.294479999999988
1.27609999999988	0.289088492246735	0.294649999999988
1.27809999999988	0.289260632833652	0.294809999999988
1.28009999999988	0.28943306675816	0.294969999999988
1.28209999999988	0.289605327357313	0.295129999999988
1.28409999999988	0.289794566121504	0.295289999999988
1.28609999999987	0.289966260534205	0.29545
1.28809999999987	0.290138195780108	0.295619999999987
1.29009999999987	0.29030997043286	0.295779999999987
1.29209999999987	0.290503578529043	0.295939999999987
1.29409999999987	0.290675237163895	0.296099999999987
1.29609999999987	0.290847190206931	0.296259999999987
1.29809999999987	0.29105067682671	0.296419999999987
1.30009999999987	0.291222224882455	0.296579999999987
1.30209999999987	0.291420266687564	0.296739999999987
1.30409999999987	0.291589319587026	0.296899999999987
1.30609999999987	0.291761588480698	0.297059999999987
1.30809999999987	0.291934482888743	0.297219999999987
1.31009999999987	0.292112927092937	0.297379999999987
1.31209999999987	0.29228751532558	0.297539999999987
1.31409999999987	0.292459905019498	0.29769
1.31609999999987	0.292658085033569	0.29785
1.31809999999987	0.292831364506845	0.298009999999987
1.32009999999987	0.293007900203412	0.298169999999987
1.32209999999987	0.293184228810856	0.298329999999987
1.32409999999987	0.293379472102075	0.298489999999987
1.32609999999987	0.293556754652588	0.29864
1.32809999999987	0.293739471037991	0.298799999999987
1.33009999999987	0.293932857993075	0.298959999999987
1.33209999999987	0.29410412172685	0.299119999999987
1.33409999999987	0.294278890717395	0.29927
1.33609999999987	0.294452891586615	0.299429999999987
1.33809999999987	0.29462835157985	0.299589999999987
1.34009999999987	0.294818895813641	0.29974
1.34209999999987	0.294994200334842	0.299899999999987
1.34409999999987	0.29516727561046	0.300059999999987
1.34609999999987	0.295342514723367	0.300209999999987
1.34809999999987	0.295544444552688	0.300369999999987
1.35009999999987	0.295725778588921	0.30052
1.35209999999987	0.295912825020102	0.300679999999987
1.35409999999987	0.296127628151195	0.30083
1.35609999999987	0.29630374865659	0.300989999999987
1.35809999999987	0.296481263291353	0.30114
1.36009999999987	0.296655606556469	0.301299999999987
1.36209999999987	0.296829798939129	0.30145
1.36409999999987	0.297002467195591	0.301609999999987
1.36609999999987	0.297179450049497	0.301759999999987
1.36809999999987	0.297352893804067	0.301919999999987
1.37009999999987	0.297534170257462	0.302069999999987
1.37209999999987	0.297711787070574	0.30222
1.37409999999987	0.297886332740676	0.302379999999986
1.37609999999986	0.298060973011829	0.302529999999987
1.37809999999986	0.298262293477203	0.30268
1.38009999999986	0.298456391294445	0.302839999999986
1.38209999999986	0.298631961160648	0.302989999999986
1.38409999999986	0.298810615742145	0.30314
1.38609999999986	0.298985812190816	0.303299999999986
1.38809999999986	0.299174997020624	0.303449999999986
1.39009999999986	0.299372066914479	0.303599999999986
1.39209999999986	0.299554541722108	0.30375
1.39409999999986	0.299736498840233	0.3039
1.39609999999986	0.299913873749653	0.304059999999986
1.39809999999986	0.300087969724162	0.304209999999986
1.40009999999986	0.30026322346759	0.304359999999986
1.40209999999986	0.30048049144122	0.304509999999986
1.40409999999986	0.300671957661469	0.304659999999986
1.40609999999986	0.300881209694822	0.30481
1.40809999999986	0.301062596179284	0.30496
1.41009999999986	0.301242247413696	0.30511
1.41209999999986	0.301418310716562	0.305269999999986
1.41409999999986	0.301597835156797	0.305419999999986
1.41609999999986	0.301784775638316	0.305569999999986
1.41809999999986	0.301961380232308	0.305719999999986
1.42009999999986	0.302138961860332	0.305869999999986
1.42209999999986	0.302382439080589	0.306019999999986
1.42409999999986	0.302559548480542	0.306169999999986
1.42609999999986	0.302737120992916	0.30631
1.42809999999986	0.302918579900403	0.30646
1.43009999999986	0.30313922637687	0.30661
1.43209999999986	0.303330371477112	0.306759999999986
1.43409999999986	0.303523553151388	0.306909999999986
1.43609999999986	0.30372862933989	0.307059999999986
1.43809999999986	0.303907053805284	0.307209999999986
1.44009999999986	0.304084974131008	0.307359999999986
1.44209999999986	0.304263137410276	0.307509999999986
1.44409999999986	0.304441180814974	0.30765
1.44609999999986	0.304653019248971	0.307799999999986
1.44809999999986	0.304833046954064	0.307949999999986
1.45009999999986	0.305018438041947	0.308099999999986
1.45209999999986	0.305197121565658	0.30824
1.45409999999986	0.305397777077949	0.308389999999986
1.45609999999986	0.305577712610562	0.308539999999986
1.45809999999986	0.305804981027144	0.308689999999986
1.46009999999986	0.305985386704687	0.30883
1.46209999999986	0.30616540468159	0.308979999999985
1.46409999999986	0.306352831823878	0.309129999999986
1.46609999999985	0.306533906000408	0.30927
1.46809999999985	0.306715522035758	0.309419999999985
1.47009999999985	0.306897314848405	0.309569999999985
1.47209999999985	0.3070781383512	0.309709999999985
1.47409999999985	0.30725931917045	0.309859999999985
1.47609999999985	0.307441090392747	0.31
1.47809999999985	0.307623061905592	0.310149999999985
1.48009999999985	0.307819169489542	0.31029
1.48209999999985	0.308001705358265	0.310439999999985
1.48409999999985	0.308184191656802	0.31058
1.48609999999985	0.308367272301904	0.310729999999985
1.48809999999985	0.30856657321501	0.31087
1.49009999999985	0.308749583271202	0.311019999999985
1.49209999999985	0.308933223707842	0.31116
1.49409999999985	0.309117499144339	0.311309999999985
1.49609999999985	0.309302011354075	0.31145
1.49809999999985	0.309486262811918	0.311599999999985
1.50009999999985	0.309702772995651	0.311739999999985
1.50209999999985	0.309886894436801	0.311889999999985
1.50409999999985	0.310073473116099	0.312029999999985
1.50609999999985	0.31026019080432	0.31217
1.50809999999985	0.310444347802116	0.312319999999985
1.51009999999985	0.310638232956276	0.312459999999985
1.51209999999985	0.310856168420584	0.3126
1.51409999999985	0.311042061753022	0.312749999999985
1.51609999999985	0.311228389180592	0.312889999999985
1.51809999999985	0.311430063458042	0.31303
1.52009999999985	0.311660250214462	0.313179999999985
1.52209999999985	0.31184561063485	0.313319999999985
1.52409999999985	0.31203009396205	0.313459999999985
1.52609999999985	0.312215265306775	0.3136
1.52809999999985	0.312422647598065	0.31374
1.53009999999985	0.312622667069678	0.313889999999985
1.53209999999985	0.312807018928639	0.314029999999985
1.53409999999985	0.312992211554142	0.314169999999985
1.53609999999985	0.313177100541598	0.31431
1.53809999999985	0.313362715102478	0.31445
1.54009999999985	0.313556871392194	0.314599999999985
1.54209999999985	0.313742354344719	0.314739999999985
1.54409999999985	0.313928160665357	0.314879999999985
1.54609999999985	0.314114505356065	0.315019999999985
1.54809999999985	0.31430198779744	0.315159999999985
1.55009999999985	0.314487149919351	0.315299999999985
1.55209999999985	0.31467065229548	0.315439999999985
1.55409999999985	0.314854976368877	0.315579999999985
1.55609999999985	0.315073699674917	0.315719999999985
1.55809999999984	0.315259002670311	0.31586
1.56009999999984	0.315500817903973	0.316
1.56209999999984	0.315683693017065	0.31614
1.56409999999984	0.315867865756617	0.31628
1.56609999999984	0.316067917368098	0.31642
1.56809999999984	0.316274645197461	0.316559999999984
1.57009999999984	0.316459912487175	0.316699999999984
1.57209999999984	0.316645589857952	0.316839999999984
1.57409999999984	0.316831787900822	0.316979999999984
1.57609999999984	0.317018081510583	0.317119999999984
1.57809999999984	0.317203263983947	0.317259999999984
1.58009999999984	0.317392811068647	0.317399999999984
1.58209999999984	0.317577900401536	0.317539999999984
1.58409999999984	0.31778423404683	0.31767
1.58609999999984	0.31797117398006	0.31781
1.58809999999984	0.318158524864856	0.317949999999984
1.59009999999984	0.318346221153717	0.318089999999984
1.59209999999984	0.318532536867355	0.318229999999984
1.59409999999984	0.318718469687264	0.318369999999984
1.59609999999984	0.318905819942203	0.3185
1.59809999999984	0.319094981916298	0.318639999999984
1.60009999999984	0.319284017612487	0.318779999999984
1.60209999999984	0.319474027988471	0.318919999999984
1.60409999999984	0.319686327627788	0.31905
1.60609999999984	0.319891198938693	0.319189999999984
1.60809999999984	0.32008310609412	0.319329999999984
1.61009999999984	0.320275828437351	0.319469999999984
1.61209999999984	0.320469157546087	0.3196
1.61409999999984	0.320686842914428	0.319739999999984
1.61609999999984	0.320905267519858	0.319879999999984
1.61809999999984	0.321098739743506	0.32001
1.62009999999984	0.321292180693766	0.320149999999984
1.62209999999984	0.321510598998068	0.320289999999984
1.62409999999984	0.321729305445056	0.32042
1.62609999999984	0.321922512474833	0.320559999999984
1.62809999999984	0.32211435838513	0.32069
1.63009999999984	0.322347833021063	0.320829999999984
1.63209999999984	0.322543292886301	0.320969999999984
1.63409999999984	0.322734916744419	0.3211
1.63609999999984	0.322924936005252	0.321239999999984
1.63809999999984	0.323150349589589	0.32137
1.64009999999984	0.323341159111183	0.321509999999984
1.64209999999984	0.32353392377926	0.32164
1.64409999999984	0.323724858053527	0.321779999999984
1.64609999999984	0.323916984471078	0.32191
1.64809999999983	0.324113540799487	0.322049999999984
1.65009999999983	0.324304820734917	0.32218
1.65209999999983	0.324495691235747	0.322319999999983
1.65409999999983	0.324685426637329	0.32245
1.65609999999983	0.3249017480185	0.322589999999983
1.65809999999983	0.325091864262957	0.322719999999983
1.66009999999983	0.325323873917475	0.322859999999983
1.66209999999983	0.325515368172975	0.322989999999983
1.66409999999983	0.325709585336257	0.32312
1.66609999999983	0.325907303401497	0.323259999999983
1.66809999999983	0.326097763694227	0.323389999999983
1.67009999999983	0.326294038527821	0.323529999999983
1.67209999999983	0.326484694725586	0.323659999999983
1.67409999999983	0.326675826807387	0.32379
1.67609999999983	0.326865702918595	0.323929999999983
1.67809999999983	0.327055282493767	0.324059999999983
1.68009999999983	0.327244757759303	0.32419
1.68209999999983	0.32744000102625	0.32432
1.68409999999983	0.327630409770453	0.324459999999983
1.68609999999983	0.32782145219164	0.324589999999983
1.68809999999983	0.328012454070386	0.32472
1.69009999999983	0.328203404253766	0.324859999999983
1.69209999999983	0.328396081247173	0.324989999999983
1.69409999999983	0.328588552764821	0.325119999999983
1.69609999999983	0.328781414421427	0.32525
1.69809999999983	0.328974631981024	0.325389999999983
1.70009999999983	0.329173796293667	0.325519999999983
1.70209999999983	0.329367080154767	0.325649999999983
1.70409999999983	0.329560543993632	0.325779999999983
1.70609999999983	0.329753965095994	0.32591
1.70809999999983	0.330000145845834	0.32604
1.71009999999983	0.330197002016485	0.326179999999983
1.71209999999983	0.33039518495397	0.326309999999983
1.71409999999983	0.330631651026971	0.326439999999983
1.71609999999983	0.330830259141875	0.326569999999983
1.71809999999983	0.331027254528908	0.326699999999983
1.72009999999983	0.331254174501937	0.32683
1.72209999999983	0.33146359563817	0.32696
1.72409999999983	0.331659446233391	0.32709
1.72609999999983	0.331855334626518	0.32722
1.72809999999983	0.332090713788284	0.327359999999983
1.73009999999983	0.332292195143745	0.327489999999983
1.73209999999983	0.332488784181246	0.327619999999983
1.73409999999983	0.332699939938817	0.327749999999983
1.73609999999983	0.332926010575299	0.327879999999983
1.73809999999983	0.333121878014347	0.328009999999983
1.74009999999982	0.333320230562488	0.328139999999982
1.74209999999982	0.333519933819592	0.328269999999982
1.74409999999982	0.33371836973847	0.328399999999982
1.74609999999982	0.333916284732976	0.328529999999982
1.74809999999982	0.334114956619272	0.328659999999982
1.75009999999982	0.334313426928749	0.328789999999982
1.75209999999982	0.334533963252038	0.32891
1.75409999999982	0.334769243067426	0.32904
1.75609999999982	0.33496796777872	0.32917
1.75809999999982	0.335165689097093	0.3293
1.76009999999982	0.33539265241524	0.32943
1.76209999999982	0.335594439412287	0.329559999999982
1.76409999999982	0.335798756640818	0.329689999999982
1.76609999999982	0.336013110865302	0.329819999999982
1.76809999999982	0.336211894610836	0.329949999999982
1.77009999999982	0.336419989930795	0.330079999999982
1.77209999999982	0.336621946711113	0.3302
1.77409999999982	0.336823496016096	0.33033
1.77609999999982	0.337024121313472	0.330459999999982
1.77809999999982	0.337224629543368	0.330589999999982
1.78009999999982	0.337424743944298	0.330719999999982
1.78209999999982	0.337627276630361	0.33084
1.78409999999982	0.3378290210057	0.33097
1.78609999999982	0.33803134599506	0.331099999999982
1.78809999999982	0.338233793738257	0.331229999999982
1.79009999999982	0.338434796493289	0.331359999999982
1.79209999999982	0.338635711191727	0.33148
1.79409999999982	0.338836314227718	0.331609999999982
1.79609999999982	0.339037906932094	0.331739999999982
1.79809999999982	0.339243617354873	0.33186
1.80009999999982	0.339447714684883	0.33199
1.80209999999982	0.339684236795097	0.332119999999982
1.80409999999982	0.339889490861296	0.332249999999982
1.80609999999982	0.340095622553727	0.33237
1.80809999999982	0.340300941142156	0.332499999999982
1.81009999999982	0.340555264885169	0.332629999999982
1.81209999999982	0.340758910321824	0.33275
1.81409999999982	0.340963906232273	0.332879999999982
1.81609999999982	0.34117930234784	0.333009999999982
1.81809999999982	0.341384646901615	0.33313
1.82009999999982	0.34159067614038	0.333259999999982
1.82209999999982	0.341807479617333	0.33338
1.82409999999982	0.34204600222983	0.333509999999982
1.82609999999982	0.342251271719048	0.333639999999982
1.82809999999982	0.342466347270437	0.33376
1.83009999999981	0.342692278871763	0.333889999999981
1.83209999999981	0.342922535356185	0.33401
1.83409999999981	0.343120820432048	0.334139999999981
1.83609999999981	0.34332134981863	0.33426
1.83809999999981	0.343528110118951	0.334389999999981
1.84009999999981	0.343742260756728	0.33451
1.84209999999981	0.343958804175702	0.334639999999981
1.84409999999981	0.34416222349251	0.33476
1.84609999999981	0.344366554599055	0.334889999999981
1.84809999999981	0.344570328315331	0.33501
1.85009999999981	0.344773601431644	0.335139999999981
1.85209999999981	0.344977566047814	0.33526
1.85409999999981	0.345182654122562	0.335389999999981
1.85609999999981	0.345420627575935	0.33551
1.85809999999981	0.345640607233019	0.335639999999981
1.86009999999981	0.34586363387449	0.33576
1.86209999999981	0.346070568660075	0.335889999999981
1.86409999999981	0.346281321055895	0.336009999999981
1.86609999999981	0.346507149461026	0.336139999999981
1.86809999999981	0.346761614831875	0.336259999999981
1.87009999999981	0.346967127262265	0.33638
1.87209999999981	0.347173129977238	0.336509999999981
1.87409999999981	0.347379705210012	0.336629999999981
1.87609999999981	0.347586501250639	0.33675
1.87809999999981	0.347794258991052	0.336879999999981
1.88009999999981	0.348026302138404	0.337
1.88209999999981	0.348234654430539	0.33712
1.88409999999981	0.348443812220133	0.337249999999981
1.88609999999981	0.348652266884771	0.33737
1.88809999999981	0.348860227916954	0.33749
1.89009999999981	0.349068726369585	0.337619999999981
1.89209999999981	0.349278649839155	0.337739999999981
1.89409999999981	0.349488764083581	0.33786
1.89609999999981	0.349720814456373	0.337989999999981
1.89809999999981	0.349944229884987	0.338109999999981
1.90009999999981	0.35015004814985	0.33823
1.90209999999981	0.350362549511956	0.33835
1.90409999999981	0.350601564789834	0.338479999999981
1.90609999999981	0.350815081052092	0.338599999999981
1.90809999999981	0.351030354414821	0.33872
1.91009999999981	0.351284977673248	0.33884
1.91209999999981	0.351519258492528	0.338969999999981
1.91409999999981	0.351763098581854	0.339089999999981
1.91609999999981	0.351975025957948	0.339209999999981
1.91809999999981	0.352187051025058	0.33933
1.9200999999998	0.352397540031989	0.33945
1.9220999999998	0.352653798242128	0.33957999999998
1.9240999999998	0.352866387699497	0.33969999999998
1.9260999999998	0.353105188923071	0.33981999999998
1.9280999999998	0.353316790062583	0.33994
1.9300999999998	0.353544078735801	0.34006
1.9320999999998	0.353758424320645	0.34018
1.9340999999998	0.35397454966603	0.34030999999998
1.9360999999998	0.354187272664547	0.34042999999998
1.9380999999998	0.35440070790707	0.34054999999998
1.9400999999998	0.35461440981746	0.34066999999998
1.9420999999998	0.354830028951585	0.34078999999998
1.9440999999998	0.355044704354688	0.34090999999998
1.9460999999998	0.355257261088459	0.34103
1.9480999999998	0.355470491861588	0.34115
1.9500999999998	0.355683888670414	0.34127
1.9520999999998	0.355898178218389	0.34139
1.9540999999998	0.35611416459647	0.34151
1.9560999999998	0.356330013537033	0.34163
1.9580999999998	0.356544510554664	0.34175
1.9600999999998	0.356758587053818	0.34187
1.9620999999998	0.357025577305021	0.34199999999998
1.9640999999998	0.357247724394366	0.34211999999998
1.9660999999998	0.357493598301212	0.34223999999998
1.9680999999998	0.357707173353661	0.34235999999998
1.9700999999998	0.357915154580901	0.34247999999998
1.9720999999998	0.358130257026314	0.34259
1.9740999999998	0.358338232651447	0.34271
1.9760999999998	0.358552346218942	0.34283
1.9780999999998	0.358761447288677	0.34295
1.9800999999998	0.35897705253626	0.34307
1.9820999999998	0.35918684470402	0.34319
1.9840999999998	0.359397999901553	0.34331
1.9860999999998	0.359613791799184	0.34343
1.9880999999998	0.359824210765652	0.34354999999998
1.9900999999998	0.360041307675407	0.34366999999998
1.9920999999998	0.360256195251182	0.34378999999998
1.9940999999998	0.360472335609449	0.34390999999998
1.9960999999998	0.360722099184946	0.34402999999998
1.9980999999998	0.360955289728974	0.34414999999998
