t	Sv
0	0	0
0.002	0	0
0.0041	2.36118307558203	9.0844
0.006	2.64549799403481	9.08582
0.00800000000000001	2.88380774845319	9.08923
0.0101	3.34137403971789	9.09632
0.0121	3.97804366048055	9.10696
0.0141	4.80603841080478	9.12281
0.0161	5.8200793276878	9.14514
0.0180999999999999	6.74334544964258	9.17531
0.0200999999999999	8.01947824631687	9.2148
0.0220999999999999	9.39047280360113	9.26515
0.0240999999999999	10.8622446804551	9.32803999999999
0.0260999999999999	12.4381378224284	9.40522999999999
0.0280999999999999	14.1612251353854	9.49862999999999
0.0300999999999999	15.8775682679204	9.61026999999999
0.0320999999999999	17.8208533603596	9.74232999999998
0.0341	19.8920546343404	9.89717999999999
0.036	21.9754999565686	10.05811
0.0380000000000001	24.2882629621087	10.26343
0.0400000000000001	26.584199340421	10.49953
0.0420000000000002	29.1093585358389	10.76966
0.0440000000000002	31.5115618187996	11.0773700000001
0.0460000000000003	34.2739501764368	11.4265600000001
0.0480000000000003	37.1721176648846	11.8215200000001
0.0500000000000004	40.1645187803808	12.2669600000002
0.0520000000000005	43.1470224203743	12.7680700000002
0.0540000000000005	46.3849115262243	13.3305700000003
0.0560000000000006	49.7447682171163	13.9607900000004
0.0580000000000006	53.0263803274243	14.6657100000005
0.0600000000000007	56.5961333801455	15.4530200000006
0.0620000000000007	60.3265958434992	16.3312100000007
0.0640000000000008	64.0258443208108	17.3096700000008
0.0660000000000009	68.7140170055128	18.398700000001
0.0680000000000009	73.661289004868	19.6096900000012
0.070000000000001	79.0302917453769	20.9551400000014
0.072000000000001	84.8518639534566	22.4487600000016
0.0740000000000011	90.9838126812324	24.1056100000019
0.0760000000000012	97.8938782619444	25.9421900000022
0.0780000000000012	105.346044427809	27.9764900000026
0.0800000000000013	113.592937348177	31.8758400000031
0.0820000000000013	122.644370145725	37.0889800000037
0.0840000000000014	132.541261462204	43.0503400000044
0.0860000000000014	143.727840575107	49.8480300000053
0.0880000000000015	155.945457869686	57.5777100000062
0.0900000000000016	169.107220182603	66.3428400000073
0.0920000000000016	183.77755055197	76.2548700000085
0.0940000000000017	199.287252511907	87.4333300000099
0.0960000000000017	217.140884918601	100.005880000012
0.0980000000000018	236.143290384428	114.108180000013
0.100000000000002	257.082995946958	129.883650000015
0.102000000000002	279.339743118024	147.483060000018
0.104000000000002	303.826396398173	167.06393000002
0.106000000000002	330.514293035092	188.789670000023
0.108000000000002	359.339411712036	212.828530000026
0.110000000000002	390.326796593422	239.35222000003
0.112000000000002	423.813737504917	268.534200000033
0.114000000000002	459.867016700742	300.547770000038
0.116000000000002	499.12892061703	335.563700000042
0.118000000000002	540.348763417721	373.747620000047
0.120000000000002	585.035844083337	415.257050000052
0.122000000000002	632.419910916317	460.238270000058
0.124000000000003	683.115449523377	508.822870000064
0.126000000000002	737.020215719017	561.124250000066
0.128000000000002	793.584646606475	617.234170000065
0.130000000000002	853.898834326537	677.219330000062
0.132000000000002	916.718430572865	741.118320000058
0.134000000000002	983.075263412855	808.938970000055
0.136000000000001	1052.35241696635	880.656340000049
0.138000000000001	1123.68544277715	956.211390000044
0.140000000000001	1199.66964505229	1035.51059000004
0.142000000000001	1277.85186716904	1118.42644000003
0.144	1357.73956862685	1204.79895000002
0.146	1441.07180900439	1294.43807000001
0.148	1526.28538120681	1387.12701
0.1501	1618.92866410875	1487.47036999999
0.1521	1708.65382099597	1585.64264999998
0.154099999999999	1800.94559363963	1686.08250999997
0.156099999999999	1893.64172259441	1788.51024999996
0.158099999999999	1988.15371845466	1892.64300999994
0.160099999999999	2083.87977245156	1998.19932999993
0.162099999999998	2180.02270015895	2104.90338999992
0.164099999999998	2276.50921273548	2212.48858999991
0.166099999999998	2374.41314176203	2320.70055999989
0.168099999999998	2472.55023408207	2429.29954999988
0.170099999999998	2571.87563040053	2538.06212999987
0.172099999999997	2670.08531176862	2646.78230999986
0.174099999999997	2767.95414136295	2755.27217999985
0.176099999999997	2867.00016108462	2863.36197999983
0.178099999999997	2964.28170294179	2970.89986999982
0.180099999999996	3062.13282520633	3077.75132999981
0.182099999999996	3159.18568463855	3183.7983799998
0.184099999999996	3254.69856478976	3288.93855999979
0.186099999999996	3349.9152868256	3393.08389999978
0.188099999999996	3444.84227714935	3496.15970999977
0.190099999999995	3538.40865296016	3598.10342999977
0.192099999999995	3631.39844481474	3698.86352999976
0.194099999999995	3723.81148342643	3798.39828999975
0.196099999999995	3813.73730777055	3896.67484999974
0.198099999999995	3904.21288138824	3993.66810999974
0.200099999999994	3993.28435217202	4089.35987999973
0.202099999999994	4080.83880878395	4183.73796999972
0.204099999999994	4167.44042908306	4276.79547999972
0.206099999999994	4252.62732022789	4368.53000999971
0.208099999999993	4337.52512877938	4458.9431399997
0.210099999999993	4421.73359166326	4548.0397599997
0.212099999999993	4503.55717898262	4635.82764999969
0.214099999999993	4584.53613235086	4722.31699999969
0.216099999999993	4665.78659576701	4807.52002999968
0.218099999999992	4744.53344932819	4891.45063999968
0.220099999999992	4822.7329673212	4974.12412999968
0.222099999999992	4900.02455341548	5055.55690999967
0.224099999999992	4975.56336859981	5135.76630999967
0.226099999999991	5051.1331732518	5214.77034999966
0.228099999999991	5125.01389553936	5292.58758999966
0.230099999999991	5198.44049356934	5369.23698999966
0.232099999999991	5270.93260626551	5444.73776999965
0.234099999999991	5341.23200442184	5519.10928999965
0.23609999999999	5411.26387438097	5592.37101999965
0.23809999999999	5480.75062810287	5664.54236999965
0.24009999999999	5549.47942067661	5735.64272999964
0.24209999999999	5616.40729142184	5805.69130999964
0.244099999999989	5682.58986966145	5874.70719999964
0.246099999999989	5748.11007886243	5942.70924999964
0.248099999999989	5813.3101587731	6009.71606999963
0.250099999999989	5877.37233601698	6075.74600999963
0.252099999999989	5940.79224132277	6140.81714999963
0.254099999999988	6002.14837019997	6204.94724999963
0.256099999999988	6063.32560590169	6268.15377999963
0.258099999999988	6123.50659727623	6330.45386999963
0.260099999999988	6183.69857625315	6391.86434999962
0.262099999999987	6242.82089801355	6452.40169999962
0.264099999999987	6301.06432974881	6512.08207999962
0.266099999999987	6358.74240229269	6570.92132999962
0.268099999999987	6415.35134348037	6628.93495999962
0.270099999999987	6470.58387793486	6686.13812999962
0.272099999999986	6525.7261572571	6742.54571999962
0.274099999999986	6580.33099635441	6798.17225999962
0.276099999999986	6634.33210647409	6853.03197999962
0.278099999999986	6687.51351441173	6907.13881999962
0.280099999999985	6740.72605194787	6960.50637999961
0.282099999999985	6792.28501364913	7013.14800999961
0.284099999999985	6843.79738182665	7065.07672999961
0.286099999999985	6894.24359030308	7116.30530999961
0.288099999999985	6944.69489560161	7166.84623999961
0.290099999999984	6993.12872246269	7216.71171999961
0.292099999999984	7041.15691158851	7265.91370999961
0.294099999999984	7089.07761301454	7314.46390999961
0.296099999999984	7136.79457724517	7362.37374999961
0.298099999999983	7183.7693252816	7409.65444999961
0.300099999999983	7230.49944566124	7456.31696999961
0.302099999999983	7276.3074517832	7502.37203999961
0.304099999999983	7321.52802347899	7547.83017999961
0.306099999999983	7365.94433213967	7592.70166999961
0.308099999999982	7409.85124128985	7636.99660999961
0.310099999999982	7453.10146362036	7680.72484999961
0.312099999999982	7496.37552475263	7723.89606999961
0.314099999999982	7538.4032962491	7766.51974999961
0.316099999999982	7580.42031718269	7808.60514999961
0.318099999999981	7622.28492482414	7850.16138999961
0.320099999999981	7663.48679927967	7891.19735999961
0.322099999999981	7704.08808560748	7931.72180999961
0.324099999999981	7744.35105998664	7971.74329999962
0.32609999999998	7784.31335714145	8011.27022999962
0.32809999999998	7823.6299766695	8050.31081999962
0.33009999999998	7862.28407048156	8088.87313999962
0.33209999999998	7900.13310295085	8126.96511999962
0.33409999999998	7937.51976597947	8164.59450999962
0.336099999999979	7974.73482021965	8201.76892999962
0.338099999999979	8011.37140763581	8238.49584999962
0.340099999999979	8048.30388501925	8274.78260999962
0.342099999999979	8084.94857534729	8310.63637999962
0.344099999999978	8121.03107833876	8346.06422999962
0.346099999999978	8156.80872354917	8381.07308999962
0.348099999999978	8191.55016622686	8415.66974999962
0.350099999999978	8226.61139481652	8449.86087999962
0.352099999999978	8260.75083806759	8483.65302999962
0.354099999999977	8294.51158353677	8517.05263999962
0.356099999999977	8327.63940085183	8550.06601999962
0.358099999999977	8360.90519389068	8582.69935999963
0.360099999999977	8393.35251457997	8614.95875999963
0.362099999999976	8425.60222858169	8646.85017999963
0.364099999999976	8457.60425052087	8678.37949999963
0.366099999999976	8489.573650178	8709.55248999963
0.368099999999976	8520.92933314609	8740.37479999963
0.370099999999976	8552.38541115536	8770.85199999963
0.372099999999975	8583.50104839584	8800.98955999963
0.374099999999975	8613.96355703022	8830.79283999963
0.376099999999975	8644.16018890237	8860.26711999963
0.378099999999975	8673.68661217458	8889.41756999963
0.380099999999974	8703.1597275504	8918.24929999963
0.382099999999974	8732.23343822013	8946.76728999964
0.384099999999974	8760.68192547542	8974.97647999963
0.386099999999974	8789.55808899118	9002.88167999964
0.388099999999974	8817.55991984604	9030.48764999964
0.390099999999973	8845.43660920222	9057.79904999964
0.392099999999973	8873.38589381363	9084.82046999964
0.394099999999973	8900.56647302069	9111.55640999964
0.396099999999973	8927.69320811635	9138.01129999964
0.398099999999972	8954.71432463384	9164.18949999964
0.400099999999972	8981.12377503753	9190.09528999964
0.402099999999972	9007.89134316371	9215.73286999964
0.404099999999972	9034.44271411407	9241.10636999964
0.406099999999972	9060.4184786789	9266.21986999965
0.408099999999971	9086.30537896114	9291.07735999965
0.410099999999971	9112.19326647431	9315.68275999965
0.412099999999971	9137.35295541984	9340.03993999965
0.414099999999971	9162.34612715868	9364.15269999965
0.41609999999997	9187.20025152647	9388.02475999965
0.41809999999997	9211.64307905735	9411.65979999965
0.42009999999997	9235.68525082209	9435.06142999965
0.42209999999997	9260.04139057868	9458.23319999965
0.42409999999997	9283.92100320697	9481.17857999965
0.426099999999969	9307.19536684553	9503.90101999965
0.428099999999969	9330.42956895727	9526.40388999966
0.430099999999969	9353.52596278968	9548.69049999966
0.432099999999969	9376.41978420845	9570.76410999966
0.434099999999969	9399.30008559644	9592.62792999966
0.436099999999968	9421.90851259263	9614.28510999966
0.438099999999968	9444.02927661811	9635.73874999966
0.440099999999968	9465.84775922524	9656.99190999966
0.442099999999968	9487.91561824635	9678.04756999966
0.444099999999967	9510.24756109713	9698.90869999966
0.446099999999967	9531.80247392219	9719.57817999966
0.448099999999967	9553.19997363024	9740.05886999966
0.450099999999967	9574.65637053149	9760.35357999966
0.452099999999967	9595.81879093546	9780.46504999966
0.454099999999966	9616.3934675254	9800.39600999967
0.456099999999966	9637.014946467	9820.14911999967
0.458099999999966	9657.23140322222	9839.72700999967
0.460099999999966	9677.3709196564	9859.13224999967
0.462099999999965	9697.60215341387	9878.36737999967
0.464099999999965	9717.493476126	9897.43489999967
0.466099999999965	9737.48544391739	9916.33725999967
0.468099999999965	9757.04354838295	9935.07687999967
0.470099999999965	9776.28379997689	9953.65612999967
0.472099999999964	9795.68913661136	9972.07733999967
0.474099999999964	9814.63321502992	9990.34280999967
0.476099999999964	9833.71395156473	10008.4548099997
0.478099999999964	9852.46290423412	10026.4155499997
0.480099999999963	9871.11649453905	10044.2272199997
0.482099999999963	9889.53674803093	10061.8919599997
0.484099999999963	9908.06295925306	10079.4118999997
0.486099999999963	9926.54779990038	10096.7891199997
0.488099999999963	9944.69020445047	10114.0256499997
0.490099999999962	9962.31114529308	10131.1235099997
0.492099999999962	9980.2367513571	10148.0846899997
0.494099999999962	9997.76127195247	10164.9111199997
0.496099999999962	10015.3166465871	10181.6047199997
0.498099999999961	10032.8253761879	10198.1673799997
0.500099999999961	10050.1524564098	10214.6009599997
0.502099999999961	10067.4089626507	10230.9072599997
0.504099999999961	10084.4695384759	10247.0880899997
0.506099999999961	10101.3697505327	10263.1452099997
0.50809999999996	10118.0407550573	10279.0803599997
0.51009999999996	10134.4789502692	10294.8952399997
0.51209999999996	10151.1346383453	10310.5915399997
0.51409999999996	10167.6483179834	10326.1708999997
0.516099999999959	10184.0022377385	10341.6349499997
0.518099999999959	10200.1390507626	10356.9852899997
0.520099999999959	10216.2316812055	10372.2234899997
0.522099999999959	10232.3897202697	10387.3510999997
0.524099999999959	10248.2899956692	10402.3696499997
0.526099999999958	10264.137138955	10417.2806299997
0.528099999999958	10279.7119382263	10432.0855099997
0.530099999999958	10295.1670670465	10446.7857499997
0.532099999999958	10310.5511151304	10461.3827599997
0.534099999999958	10326.189874823	10475.8779699997
0.536099999999957	10341.1980129232	10490.2727399997
0.538099999999957	10356.0938796472	10504.5684399997
0.540099999999957	10371.1370182455	10518.7663899997
0.542099999999957	10386.0003502857	10532.8679299997
0.544099999999956	10400.8824625563	10546.8743399997
0.546099999999956	10415.1478645517	10560.7868899997
0.548099999999956	10429.861106235	10574.6068399997
0.550099999999956	10444.1549942055	10588.3354199997
0.552099999999956	10458.3708283348	10601.9738499997
0.554099999999955	10472.9638022862	10615.5233099997
0.556099999999955	10487.0178052317	10628.9849999997
0.558099999999955	10501.2400045677	10642.3600499997
0.560099999999955	10515.0468840324	10655.6495999997
0.562099999999954	10529.2013050201	10668.8547899997
0.564099999999954	10543.1965337893	10681.9766999997
0.566099999999954	10557.0768073697	10695.0164299997
0.568099999999954	10570.8219145526	10707.9750299997
0.570099999999954	10584.5801210141	10720.8535699997
0.572099999999953	10598.2248380264	10733.6530699997
0.574099999999953	10611.5077609136	10746.3745499997
0.576099999999953	10624.8991145386	10759.0190199997
0.578099999999953	10638.4758952617	10771.5874499997
0.580099999999952	10651.7914891329	10784.0808099997
0.582099999999952	10664.9855964719	10796.5000699997
0.584099999999952	10677.9281062639	10808.8461599997
0.586099999999952	10691.0655904366	10821.1199999997
0.588099999999952	10704.3319948327	10833.3225099997
0.590099999999951	10717.4136768403	10845.4545799997
0.592099999999951	10730.1718033729	10857.5170799997
0.594099999999951	10743.0324032401	10869.5108999997
0.596099999999951	10755.3851894336	10881.4368899997
0.59809999999995	10768.2355497059	10893.2958699997
0.60009999999995	10780.8013683336	10905.0886899997
0.60209999999995	10793.3034030307	10916.8161599997
0.60409999999995	10805.6729433394	10928.4790799997
0.60609999999995	10818.0312660591	10940.0782299997
0.608099999999949	10830.2723745949	10951.6143999997
0.610099999999949	10842.1734996158	10963.0883599997
0.612099999999949	10854.1457790975	10974.5008499997
0.614099999999949	10865.8191395685	10985.8526199997
0.616099999999948	10877.8342243682	10997.1443899997
0.618099999999948	10889.4838146822	11008.3768999997
0.620099999999948	10901.4101336771	11019.5508299997
0.622099999999948	10913.2217182464	11030.6668999997
0.624099999999948	10924.9260797289	11041.7257899997
0.626099999999947	10936.3358096219	11052.7281699997
0.628099999999947	10948.1411368717	11063.6747199997
0.630099999999947	10959.7228458192	11074.5660699997
0.632099999999947	10971.2914136819	11085.4028899997
0.634099999999946	10982.8279846552	11096.1857999997
0.636099999999946	10994.0795225699	11106.9154399997
0.638099999999946	11005.5632214758	11117.5924099997
0.640099999999946	11016.6944671465	11128.2173299997
0.642099999999946	11028.0361609409	11138.7907899997
0.644099999999945	11039.1728157921	11149.3133799997
0.646099999999945	11050.2238693164	11159.7856799997
0.648099999999945	11061.6854235102	11170.2082699997
0.650099999999945	11072.5043265575	11180.5816999997
0.652099999999945	11083.4793594298	11190.9065199997
0.654099999999944	11094.522394682	11201.1832899997
0.656099999999944	11105.4495984746	11211.4125399997
0.658099999999944	11115.952707051	11221.5947999997
0.660099999999944	11126.9075738074	11231.7305899997
0.662099999999943	11137.7710919349	11241.8204299997
0.664099999999943	11148.5487315193	11251.8648199997
0.666099999999943	11159.2754707948	11261.8642599997
0.668099999999943	11169.784269005	11271.8192299997
0.670099999999943	11180.2955072825	11281.7302399997
0.672099999999942	11190.7660627181	11291.5977399997
0.674099999999942	11201.2352872808	11301.4222099997
0.676099999999942	11211.7016928766	11311.2041199997
0.678099999999942	11221.8764236515	11320.9439099997
0.680099999999941	11232.2757944563	11330.6420399997
0.682099999999941	11242.6302573738	11340.2989499997
0.684099999999941	11252.6297333231	11349.9150799997
0.686099999999941	11262.4925631043	11359.4908499997
0.688099999999941	11272.6059122061	11369.0266899997
0.69009999999994	11282.5288072007	11378.5230199997
0.69209999999994	11292.3542816439	11387.9802499997
0.69409999999994	11302.333899397	11397.3987699997
0.69609999999994	11312.0541888032	11406.7789999997
0.698099999999939	11321.9141243353	11416.1213299997
0.700099999999939	11331.7256966534	11425.4261299997
0.702099999999939	11341.6574992253	11434.6937999997
0.704099999999939	11351.2455758287	11443.9247099997
0.706099999999939	11360.9562518388	11453.1192399997
0.708099999999938	11370.6808656196	11462.2777399997
0.710099999999938	11380.132864225	11471.4005899997
0.712099999999938	11389.8394300224	11480.4881299997
0.714099999999938	11399.3509912487	11489.5407099997
0.716099999999937	11408.8670841661	11498.5586899997
0.718099999999937	11418.5435008854	11507.5423999997
0.720099999999937	11427.9413789153	11516.4921699997
0.722099999999937	11437.2307724069	11525.4083499997
0.724099999999937	11446.5375447879	11534.2912499997
0.726099999999936	11455.9404409733	11543.1411899997
0.728099999999936	11465.2750874832	11551.9585099997
0.730099999999936	11474.5988955287	11560.7434999997
0.732099999999936	11483.8347160885	11569.4964699997
0.734099999999935	11493.1106495517	11578.2177399997
0.736099999999935	11502.331687183	11586.9075999997
0.738099999999935	11511.6009323155	11595.5663399997
0.740099999999935	11521.1775630271	11604.1942599997
0.742099999999935	11529.986743071	11612.7916399997
0.744099999999934	11539.114512507	11621.3587799997
0.746099999999934	11548.2535381024	11629.8959399997
0.748099999999934	11557.2671988344	11638.4034099997
0.750099999999934	11566.374746087	11646.8814599997
0.752099999999933	11575.4623215501	11655.3303599997
0.754099999999933	11584.3599156488	11663.7503599997
0.756099999999933	11593.1870053129	11672.1417399997
0.758099999999933	11601.9017201047	11680.5047399997
0.760099999999933	11611.1585002066	11688.8396399997
0.762099999999932	11619.9696929907	11697.1466599997
0.764099999999932	11628.6669073166	11705.4260699997
0.766099999999932	11637.3325427977	11713.6781099997
0.768099999999932	11646.3766281525	11721.9030099997
0.770099999999932	11655.2049221368	11730.1010199997
0.772099999999931	11663.8699818458	11738.2723699997
0.774099999999931	11672.2884484667	11746.4172899997
0.776099999999931	11680.4976223451	11754.5360099997
0.778099999999931	11689.0235778506	11762.6287499997
0.78009999999993	11697.5634886828	11770.6957399997
0.78209999999993	11706.0627269348	11778.7371999997
0.78409999999993	11714.7008521457	11786.7533399997
0.78609999999993	11723.1930788064	11794.7443799997
0.78809999999993	11731.643940824	11802.7105199997
0.790099999999929	11740.1004416705	11810.6519899997
0.792099999999929	11748.5227718808	11818.5689699997
0.794099999999929	11756.7312865207	11826.4616799997
0.796099999999929	11765.0407548266	11834.3303099997
0.798099999999928	11773.555959831	11842.1750599997
0.800099999999928	11781.601234505	11849.9961399997
0.802099999999928	11789.8978098428	11857.7937199997
0.804099999999928	11798.2559980141	11865.5679999997
0.806099999999928	11806.4978489298	11873.3191699997
0.808099999999927	11814.6385642654	11881.0474099997
0.810099999999927	11822.6237257915	11888.7529099997
0.812099999999927	11830.6425725196	11896.4358499997
0.814099999999927	11838.6546492304	11904.0963999997
0.816099999999926	11846.7766112214	11911.7347499997
0.818099999999926	11854.9046844762	11919.3510599997
0.820099999999926	11862.975151853	11926.9455099997
0.822099999999926	11870.9433583433	11934.5182599997
0.824099999999926	11878.7285822126	11942.0694899997
0.826099999999925	11887.0504571356	11949.5993599997
0.828099999999925	11894.8401688283	11957.1080399997
0.830099999999925	11902.7252304954	11964.5956799997
0.832099999999925	11910.3701579163	11972.0624399997
0.834099999999924	11918.3068063482	11979.5084899997
0.836099999999924	11926.3974643289	11986.9339799997
0.838099999999924	11934.1745636962	11994.3390599997
0.840099999999924	11942.1335910503	12001.7238799997
0.842099999999924	11949.9929006798	12009.0885999997
0.844099999999923	11957.6914400935	12016.4333599997
0.846099999999923	11965.5044797019	12023.7583099997
0.848099999999923	11973.3019226164	12031.0635999997
0.850099999999923	11980.9437320053	12038.3493599997
0.852099999999922	11988.6779285018	12045.6157399997
0.854099999999922	11996.2290017012	12052.8628799997
0.856099999999922	12003.8297619164	12060.0909099997
0.858099999999922	12011.2733956072	12067.2999799997
0.860099999999922	12018.916863421	12074.4902099997
0.862099999999921	12026.4508769391	12081.6617399997
0.864099999999921	12034.1198091038	12088.8147099997
0.866099999999921	12041.5573483572	12095.9492399997
0.868099999999921	12048.9766343748	12103.0654599997
0.87009999999992	12056.5048132163	12110.1634999997
0.87209999999992	12063.9307894978	12117.2434899997
0.87409999999992	12071.4495828574	12124.3055399997
0.87609999999992	12078.7882940829	12131.3497899997
0.87809999999992	12086.2286898823	12138.3763399997
0.880099999999919	12093.6916860308	12145.3853399997
0.882099999999919	12100.9646537761	12152.3768799997
0.884099999999919	12108.2136147661	12159.3510899997
0.886099999999919	12115.4816264437	12166.3080899997
0.888099999999919	12122.384051163	12173.2479899997
0.890099999999918	12129.7187629625	12180.1709099997
0.892099999999918	12137.0658016342	12187.0769499997
0.894099999999918	12144.2808531421	12193.9662199997
0.896099999999918	12151.5280744538	12200.8388499997
0.898099999999917	12158.7939462439	12207.6949299997
0.900099999999917	12165.8118119293	12214.5345799997
0.902099999999917	12172.8494524388	12221.3578899997
0.904099999999917	12180.1668521546	12228.1649799997
0.906099999999917	12187.2930235882	12234.9559499997
0.908099999999916	12194.512703379	12241.7308999997
0.910099999999916	12201.6462846389	12248.4899399997
0.912099999999916	12208.8518418063	12255.2331599997
0.914099999999916	12215.9961109911	12261.9606599997
0.916099999999915	12223.115254429	12268.6725499997
0.918099999999915	12230.1831768772	12275.3689199997
0.920099999999915	12237.4418656658	12282.0498599997
0.922099999999915	12244.3995770158	12288.7154799997
0.924099999999915	12251.4967168676	12295.3658599997
0.926099999999914	12258.6130970732	12302.0010999997
0.928099999999914	12265.4603624971	12308.6212999997
0.930099999999914	12272.2999949317	12315.2265399997
0.932099999999914	12279.2432173262	12321.8169099997
0.934099999999913	12286.2486518725	12328.3925199997
0.936099999999913	12293.1453565248	12334.9534299997
0.938099999999913	12300.0504355407	12341.4997399997
0.940099999999913	12306.8786051435	12348.0315499997
0.942099999999913	12313.8083577189	12354.5489299997
0.944099999999912	12320.3747414422	12361.0519699997
0.946099999999912	12327.3011949691	12367.5407499997
0.948099999999912	12334.2053440084	12374.0153599997
0.950099999999912	12341.0734422787	12380.4758799997
0.952099999999911	12347.9011811352	12386.9223999997
0.954099999999911	12354.6072009782	12393.3549899997
0.956099999999911	12361.6843721109	12399.7737299997
0.958099999999911	12368.3885869302	12406.1786999997
0.960099999999911	12374.9652327614	12412.5699899997
0.96209999999991	12381.5700693443	12418.9476699997
0.96409999999991	12388.3204421235	12425.3118199997
0.96609999999991	12394.9997881571	12431.6625099997
0.96809999999991	12401.7669137972	12437.9998199997
0.970099999999909	12408.4677620971	12444.3238199997
0.972099999999909	12415.1837649302	12450.6345899997
0.974099999999909	12421.8834041831	12456.9322099997
0.976099999999909	12428.2925616293	12463.2167399997
0.978099999999909	12434.9882691007	12469.4882599997
0.980099999999908	12441.6673875862	12475.7468399997
0.982099999999908	12447.9369574276	12481.9925499997
0.984099999999908	12454.621430644	12488.2254499997
0.986099999999908	12461.1843928229	12494.4456299997
0.988099999999908	12467.8893617463	12500.6531499997
0.990099999999907	12474.3782415706	12506.8480699997
0.992099999999907	12480.9692219034	12513.0304699997
0.994099999999907	12487.5023166961	12519.2004099997
0.996099999999907	12493.9463567319	12525.3579599997
0.998099999999906	12500.4432935531	12531.5031899997
1.00009999999991	12506.9123948842	12537.6361499997
1.00209999999991	12513.3589709985	12543.7569099997
1.00409999999991	12519.8878978427	12549.8655499997
1.00609999999991	12526.4064647845	12555.9621099997
1.00809999999991	12532.5200442489	12562.0466699997
1.01009999999991	12538.7133795	12568.1192899997
1.0120999999999	12545.1005018798	12574.1800199997
1.0140999999999	12551.479152264	12580.2289299997
1.0160999999999	12557.8030001097	12586.2660899997
1.0180999999999	12564.2109405864	12592.2915399997
1.0200999999999	12570.636010419	12598.3053599997
1.0220999999999	12577.3047262838	12604.3075899997
1.0240999999999	12583.6881422053	12610.2983099997
1.0260999999999	12589.988794929	12616.2775499997
1.0280999999999	12596.2083341816	12622.2453999997
1.0300999999999	12602.4952785868	12628.2018899997
1.0320999999999	12608.522792024	12634.1470899997
1.0340999999999	12614.9038704802	12640.0810499997
1.0360999999999	12621.2238122162	12646.0038399997
1.0380999999999	12627.074468696	12651.9154999997
1.0400999999999	12633.4676266297	12657.8160799997
1.0420999999999	12639.8724866239	12663.7056599997
1.0440999999999	12646.1515512819	12669.5842699997
1.0460999999999	12652.385053661	12675.4519699997
1.0480999999999	12658.7113850089	12681.3088099997
1.0500999999999	12664.7489674455	12687.1548499997
1.0520999999999	12670.9009123963	12692.9901399997
1.0540999999999	12677.1365068815	12698.8147299997
1.0560999999999	12683.3306865942	12704.6286799997
1.0580999999999	12689.5908422476	12710.4320199997
1.0600999999999	12695.9102445134	12716.2248199997
1.0620999999999	12702.0597338292	12722.0071199997
1.0640999999999	12708.3159829326	12727.7789699997
1.0660999999999	12714.5333814637	12733.5404299997
1.0680999999999	12720.7698680904	12739.2915299997
1.0700999999999	12726.9788076162	12745.0323399997
1.0720999999999	12733.1451572814	12750.7628899997
1.0740999999999	12739.4331808878	12756.4832399997
1.0760999999999	12745.6295410949	12762.1934299997
1.0780999999999	12751.6926224756	12767.8935099997
1.0800999999999	12757.7254915935	12773.5835199997
1.0820999999999	12763.9549889067	12779.2635199997
1.0840999999999	12770.1607754878	12784.9335499997
1.0860999999999	12776.343018342	12790.5936499997
1.0880999999999	12782.6422794084	12796.2438599997
1.0900999999999	12788.7549201647	12801.8842399997
1.0920999999999	12794.9766771755	12807.5148299997
1.0940999999999	12801.0895349502	12813.1356799997
1.0960999999999	12807.3435076763	12818.7468099997
1.0980999999999	12813.7312331781	12824.3482899997
1.1000999999999	12820.0100838704	12829.9401499997
1.1020999999999	12826.0770043731	12835.5224399997
1.10409999999989	12832.1483352706	12841.0951899997
1.10609999999989	12837.9850174116	12846.6584499997
1.10809999999989	12844.0151445348	12852.2122699997
1.11009999999989	12850.1630704548	12857.7566799997
1.11209999999989	12856.1545854723	12863.2917199997
1.11409999999989	12862.2301044368	12868.8174499997
1.11609999999989	12868.0964116251	12874.3338799997
1.11809999999989	12874.0424932734	12879.8410799997
1.12009999999989	12880.0712753745	12885.3390699997
1.12209999999989	12886.0316685992	12890.8278999997
1.12409999999989	12891.8546568723	12896.3076099997
1.12609999999989	12897.6639295376	12901.7782299997
1.12809999999989	12903.2869210934	12907.2398099997
1.13009999999989	12909.214807521	12912.6923799997
1.13209999999989	12914.9803526584	12918.1359799997
1.13409999999989	12920.8256640869	12923.5706499997
1.13609999999989	12926.7374876093	12928.9964299997
1.13809999999989	12932.4742100676	12934.4133599997
1.14009999999989	12937.8958279473	12939.8214699997
1.14209999999989	12943.8396951554	12945.2207899997
1.14409999999989	12949.6878856782	12950.6113799997
1.14609999999989	12955.6071101042	12955.9932599997
1.14809999999989	12960.9196442985	12961.3664699997
1.15009999999989	12966.773983044	12966.7310399997
1.15209999999989	12972.3198588041	12972.0870199997
1.15409999999989	12978.418976817	12977.4344299997
1.15609999999989	12984.3095406865	12982.7733199997
1.15809999999989	12989.4119840644	12988.1037099997
1.16009999999989	12995.1455733295	12993.4256499997
1.16209999999989	13000.9556695817	12998.7391599997
1.16409999999989	13006.8029953531	13004.0442899997
1.16609999999989	13012.6943224228	13009.3410599997
1.16809999999989	13018.4123132069	13014.6295099997
1.17009999999989	13023.9584314667	13019.9096699997
1.17209999999989	13029.8145785447	13025.1815799997
1.17409999999989	13035.62662611	13030.4452699997
1.17609999999989	13041.4523241761	13035.7007799997
1.17809999999989	13047.3206271717	13040.9481299997
1.18009999999989	13053.3879186861	13046.1873499997
1.18209999999989	13059.2008891075	13051.4184899997
1.18409999999989	13065.3395399196	13056.6415799997
1.18609999999989	13070.9958304412	13061.8566299997
1.18809999999989	13076.5429022773	13067.0636999997
1.19009999999989	13082.2711939682	13072.2627999997
1.19209999999989	13088.0620886899	13077.4539799997
1.19409999999988	13093.8420268906	13082.6372499997
1.19609999999988	13099.999136413	13087.8126599997
1.19809999999988	13105.7294940832	13092.9802299997
1.20009999999988	13111.3836033948	13098.1399899997
1.20209999999988	13116.8787133541	13103.2919799997
1.20409999999988	13122.5897917637	13108.4362199997
1.20609999999988	13128.4861835091	13113.5727499997
1.20809999999988	13134.1585229019	13118.7015899997
1.21009999999988	13139.814670616	13123.8227699997
1.21209999999988	13145.2723492562	13128.9363199997
1.21409999999988	13150.9854512373	13134.0422799997
1.21609999999988	13156.8480311192	13139.1406699997
1.21809999999988	13162.7196631882	13144.2315199997
1.22009999999988	13168.4046955585	13149.3148599997
1.22209999999988	13174.1171241679	13154.3907199997
1.22409999999988	13179.8990921432	13159.4591199997
1.22609999999988	13185.5256657064	13164.5200899997
1.22809999999988	13190.8044814476	13169.5736699997
1.23009999999988	13196.3831010933	13174.6198799997
1.23209999999988	13202.0653104347	13179.6587499997
1.23409999999988	13207.542405737	13184.6902999997
1.23609999999988	13213.3357262387	13189.7145599997
1.23809999999988	13218.8856689364	13194.7315599997
1.24009999999988	13224.4879301239	13199.7413299997
1.24209999999988	13229.9935904963	13204.7438999997
1.24409999999988	13235.5974931222	13209.7392799997
1.24609999999988	13241.3477740213	13214.7275099997
1.24809999999988	13247.5002259731	13219.7086199997
1.25009999999988	13253.2647192779	13224.6826199997
1.25209999999988	13258.6899431141	13229.6495499997
1.25409999999988	13264.2506712268	13234.6094399997
1.25609999999988	13270.0329912139	13239.5622999997
1.25809999999988	13275.585134211	13244.5081599997
1.26009999999988	13280.9153782732	13249.4470499997
1.26209999999988	13286.7838318801	13254.3789899997
1.26409999999988	13291.845621	13259.3040199997
1.26609999999988	13297.7620393571	13264.2221499997
1.26809999999988	13303.3015450272	13269.1333999997
1.27009999999988	13308.826776113	13274.0378099997
1.27209999999988	13314.5716227264	13278.9353999997
1.27409999999988	13319.97517019	13283.8261899997
1.27609999999988	13325.3045900471	13288.7102099997
1.27809999999988	13330.7984888081	13293.5874799997
1.28009999999988	13336.2765277491	13298.4580299997
1.28209999999988	13341.7296815277	13303.3218799997
1.28409999999988	13347.0967961306	13308.1790499997
1.28609999999987	13352.5733496766	13313.0295599997
1.28809999999987	13357.9800136656	13317.8734499997
1.29009999999987	13363.3975911555	13322.7107299997
1.29209999999987	13368.701729736	13327.5414199997
1.29409999999987	13374.112514102	13332.3655599997
1.29609999999987	13379.5442526075	13337.1831599997
1.29809999999987	13385.1643828658	13341.9942499997
1.30009999999987	13390.7032587231	13346.7988399997
1.30209999999987	13396.0695524437	13351.5969699997
1.30409999999987	13401.4289244657	13356.3886499997
1.30609999999987	13406.8245209759	13361.1739099997
1.30809999999987	13412.2090402036	13365.9527599997
1.31009999999987	13417.7502773274	13370.7252399997
1.31209999999987	13423.1899532924	13375.4913599997
1.31409999999987	13428.5387393156	13380.2511399997
1.31609999999987	13433.680569709	13385.0046099997
1.31809999999987	13438.8484533473	13389.7517899997
1.32009999999987	13444.277123402	13394.4926999997
1.32209999999987	13449.7308295163	13399.2273599997
1.32409999999987	13454.9210831471	13403.9557899997
1.32609999999987	13460.366987278	13408.6780099997
1.32809999999987	13465.7289653714	13413.3940499997
1.33009999999987	13471.0471824998	13418.1039299997
1.33209999999987	13476.4166750297	13422.8076599997
1.33409999999987	13482.0015152948	13427.5052699997
1.33609999999987	13487.6736304356	13432.1967699997
1.33809999999987	13493.2342959031	13436.8821999997
1.34009999999987	13498.2809244997	13441.5615599997
1.34209999999987	13503.7433055975	13446.2348799997
1.34409999999987	13508.8792492816	13450.9021899997
1.34609999999987	13514.4133015083	13455.5634899997
1.34809999999987	13519.9822098646	13460.2188099997
1.35009999999987	13525.0558627184	13464.8681699997
1.35209999999987	13530.6738447984	13469.5115899997
1.35409999999987	13536.0318181863	13474.1490899997
1.35609999999987	13541.6147945218	13478.7806899997
1.35809999999987	13547.2633442999	13483.4063999997
1.36009999999987	13552.6337462941	13488.0262499997
1.36209999999987	13558.1767760011	13492.6402599997
1.36409999999987	13563.6423566859	13497.2484499997
1.36609999999987	13569.3289939164	13501.8508299997
1.36809999999987	13574.8417448152	13506.4474199997
1.37009999999987	13580.5381337678	13511.0382499997
1.37209999999987	13586.2433624671	13515.6233299997
1.37409999999987	13591.8014428577	13520.2026699997
1.37609999999986	13597.2616899535	13524.7763099997
1.37809999999986	13603.0290206771	13529.3442599997
1.38009999999986	13608.6700347909	13533.9065299997
1.38209999999986	13614.215885797	13538.4631399997
1.38409999999986	13619.7463948636	13543.0141199997
1.38609999999986	13625.3224893162	13547.5594699997
1.38809999999986	13631.1025460261	13552.0992299997
1.39009999999986	13636.7005779156	13556.6333999997
1.39209999999986	13642.591677349	13561.1620099997
1.39409999999986	13648.4638291695	13565.6850699997
1.39609999999986	13654.1003343921	13570.2025999997
1.39809999999986	13659.618686099	13574.7146199997
1.40009999999986	13665.1493762184	13579.2211399997
1.40209999999986	13671.1714023597	13583.7221899997
1.40409999999986	13676.9003456563	13588.2177699997
1.40609999999986	13682.5410758915	13592.7079099997
1.40809999999986	13687.8107020663	13597.1926299997
1.41009999999986	13693.4692038981	13601.6719399997
1.41209999999986	13698.8624048127	13606.1458499997
1.41409999999986	13704.3985812607	13610.6143899997
1.41609999999986	13710.0815116916	13615.0775799997
1.41809999999986	13715.581072415	13619.5354199997
1.42009999999986	13721.0855344732	13623.9879399997
1.42209999999986	13726.7794572868	13628.4351499997
1.42409999999986	13732.2610724857	13632.8770699997
1.42609999999986	13737.768516528	13637.3137199997
1.42809999999986	13743.5633804752	13641.7451099997
1.43009999999986	13749.0589079673	13646.1712499997
1.43209999999986	13754.269029896	13650.5921699997
1.43409999999986	13759.4149999944	13655.0078799997
1.43609999999986	13764.9913381184	13659.4183999997
1.43809999999986	13770.534605409	13663.8237399997
1.44009999999986	13775.8363131447	13668.2239199997
1.44209999999986	13781.4106453194	13672.6189499997
1.44409999999986	13786.8867171645	13677.0088499997
1.44609999999986	13792.6543071466	13681.3936399997
1.44809999999986	13798.4128817379	13685.7733199997
1.45009999999986	13804.1086832086	13690.1479299997
1.45209999999986	13809.5936439512	13694.5174699997
1.45409999999986	13815.0596231394	13698.8819499997
1.45609999999986	13820.678697067	13703.2413999997
1.45809999999986	13826.3745809623	13707.5958299997
1.46009999999986	13831.8762471173	13711.9452499997
1.46209999999986	13837.3641066647	13716.2896799997
1.46409999999986	13842.814737368	13720.6291299997
1.46609999999985	13848.4356736124	13724.9636199997
1.46809999999985	13854.0321220944	13729.2931699997
1.47009999999985	13859.5474037862	13733.6177799997
1.47209999999985	13865.0197645291	13737.9374799997
1.47409999999985	13870.5958213024	13742.2522699997
1.47609999999985	13876.2513074718	13746.5621699997
1.47809999999985	13881.9026139406	13750.8672099997
1.48009999999985	13887.2321501256	13755.1673799997
1.48209999999985	13892.7731890138	13759.4627099997
1.48409999999985	13898.4804844071	13763.7532099997
1.48609999999985	13904.1765103363	13768.0388999997
1.48809999999985	13910.1773999043	13772.3197799997
1.49009999999985	13915.7563306335	13776.5958799997
1.49209999999985	13921.4237168714	13780.8672099997
1.49409999999985	13927.081734288	13785.1337699997
1.49609999999985	13932.6222208518	13789.3955899997
1.49809999999985	13938.0595626635	13793.6526799997
1.50009999999985	13943.8807153652	13797.9050499997
1.50209999999985	13949.5607609877	13802.1527199997
1.50409999999985	13955.3257845863	13806.3956999997
1.50609999999985	13961.1462391433	13810.6340099997
1.50809999999985	13966.8620827239	13814.8676499997
1.51009999999985	13972.9891823919	13819.0966399997
1.51209999999985	13978.8319902311	13823.3209999997
1.51409999999985	13984.4867112133	13827.5407399997
1.51609999999985	13990.0124464058	13831.7558599997
1.51809999999985	13995.4587523491	13835.9663999997
1.52009999999985	14001.442079157	13840.1723499997
1.52209999999985	14007.1068212597	13844.3737299997
1.52409999999985	14012.7056577434	13848.5705599997
1.52609999999985	14018.4667758525	13852.7628399997
1.52809999999985	14023.9054662616	13856.9505999997
1.53009999999985	14029.8716305623	13861.1338299997
1.53209999999985	14035.6246945656	13865.3125699997
1.53409999999985	14041.3272989681	13869.4868099997
1.53609999999985	14047.05029104	13873.6565799997
1.53809999999985	14052.7660618426	13877.8218799997
1.54009999999985	14058.7133416115	13881.9827299997
1.54209999999985	14064.4204622754	13886.1391399997
1.54409999999985	14070.1131457711	13890.2911199997
1.54609999999985	14075.8264358301	13894.4386899997
1.54809999999985	14080.9425566279	13898.5818499997
1.55009999999985	14086.8598235651	13902.7206299997
1.55209999999985	14092.5925524097	13906.8550299997
1.55409999999985	14098.352469994	13910.9850599997
1.55609999999985	14104.2641436393	13915.1107399997
1.55809999999984	14110.2867569462	13919.2320799997
1.56009999999984	14115.5617407914	13923.3490899997
1.56209999999984	14121.286966725	13927.4617799997
1.56409999999984	14127.0642405864	13931.5701699997
1.56609999999984	14133.059504543	13935.6742699997
1.56809999999984	14139.0247420611	13939.7740899997
1.57009999999984	14144.7889688922	13943.8696399997
1.57209999999984	14150.5172444483	13947.9609299997
1.57409999999984	14156.2672518091	13952.0479799997
1.57609999999984	14161.9198239278	13956.1307899997
1.57809999999984	14167.600376245	13960.2093799997
1.58009999999984	14173.634894397	13964.2837699997
1.58209999999984	14179.270452294	13968.3539499997
1.58409999999984	14185.2406164116	13972.4199499997
1.58609999999984	14191.0422393962	13976.4817699997
1.58809999999984	14196.8067788787	13980.5394299997
1.59009999999984	14202.4569968552	13984.5929399997
1.59209999999984	14208.084775397	13988.6422999997
1.59409999999984	14213.6496278282	13992.6875399997
1.59609999999984	14219.4073749789	13996.7286599997
1.59809999999984	14224.8966410097	14000.7656699997
1.60009999999984	14230.7166769487	14004.7985899997
1.60209999999984	14236.5384333295	14008.8274199997
1.60409999999984	14242.1268610691	14012.8521799997
1.60609999999984	14248.0509544449	14016.8728699997
1.60809999999984	14253.8334991465	14020.8895199997
1.61009999999984	14259.4962778194	14024.9021199997
1.61209999999984	14265.1102837098	14028.9106899997
1.61409999999984	14270.5964230864	14032.9152499997
1.61609999999984	14276.3449719777	14036.9157899997
1.61809999999984	14282.1730129233	14040.9123399997
1.62009999999984	14287.9757911665	14044.9048999997
1.62209999999984	14293.5359293229	14048.8934899997
1.62409999999984	14299.1393723937	14052.8781099997
1.62609999999984	14304.8841125211	14056.8587799997
1.62809999999984	14310.6474106896	14060.8354999997
1.63009999999984	14316.3643461839	14064.8082899997
1.63209999999984	14322.2880698636	14068.7771499997
1.63409999999984	14328.2220058743	14072.7421099997
1.63609999999984	14334.1014314407	14076.7031599997
1.63809999999984	14339.6220199082	14080.6603199997
1.64009999999984	14345.3376657865	14084.6135899997
1.64209999999984	14351.2825648634	14088.5629999997
1.64409999999984	14357.1125560266	14092.5085399997
1.64609999999984	14362.9449675365	14096.4502399997
1.64809999999983	14368.7830319955	14100.3880899997
1.65009999999983	14374.6770597508	14104.3221099997
1.65209999999983	14380.6003399364	14108.2523199997
1.65409999999983	14386.4091085996	14112.1787099997
1.65609999999983	14392.4016180559	14116.1012999997
1.65809999999983	14398.2837130553	14120.0200999997
1.66009999999983	14404.3145812194	14123.9351199997
1.66209999999983	14410.2327973191	14127.8463599997
1.66409999999983	14416.1491146174	14131.7538499997
1.66609999999983	14421.8361620891	14135.6575899997
1.66809999999983	14427.7463640182	14139.5575799997
1.67009999999983	14433.7086141592	14143.4538399997
1.67209999999983	14439.6493713645	14147.3463799997
1.67409999999983	14445.5476054183	14151.2352099997
1.67609999999983	14451.4048773794	14155.1203299997
1.67809999999983	14457.3076630749	14159.0017699997
1.68009999999983	14463.2312913928	14162.8795099997
1.68209999999983	14469.2594930592	14166.7535899997
1.68409999999983	14475.1776466351	14170.6239899997
1.68609999999983	14481.0761349497	14174.4907499997
1.68809999999983	14486.9253667495	14178.3538499997
1.69009999999983	14492.8160441087	14182.2133199997
1.69209999999983	14498.7581692732	14186.0691599997
1.69409999999983	14504.5716873306	14189.9213899997
1.69609999999983	14510.4554130187	14193.7699999997
1.69809999999983	14516.3534396343	14197.6150199997
1.70009999999983	14522.3324394477	14201.4564399997
1.70209999999983	14528.2622614109	14205.2942799997
1.70409999999983	14534.1111243276	14209.1285499997
1.70609999999983	14539.917141989	14212.9592599997
1.70809999999983	14545.5388752064	14216.7864099997
1.71009999999983	14551.3485467075	14220.6100199997
1.71209999999983	14557.3065153689	14224.4300899997
1.71409999999983	14563.3937451639	14228.2466399997
1.71609999999983	14569.3271940576	14232.0596599997
1.71809999999983	14575.192402214	14235.8691799997
1.72009999999983	14581.1277814747	14239.6751899997
1.72209999999983	14587.0019870787	14243.4777099997
1.72409999999983	14592.8812216119	14247.2767499997
1.72609999999983	14598.7260526085	14251.0723199997
1.72809999999983	14604.4469447353	14254.8644199997
1.73009999999983	14610.4808571154	14258.6530599997
1.73209999999983	14616.4814140329	14262.4382499997
1.73409999999983	14622.531175581	14266.2199999997
1.73609999999983	14628.1294545658	14269.9983199997
1.73809999999983	14634.0551968224	14273.7732199997
1.74009999999982	14639.9697078947	14277.5446999997
1.74209999999982	14645.9750632714	14281.3127799997
1.74409999999982	14651.7380521533	14285.0774599997
1.74609999999982	14657.6486154454	14288.8387499997
1.74809999999982	14663.4888551708	14292.5966599997
1.75009999999982	14669.4428303579	14296.3511999997
1.75209999999982	14675.8540554975	14300.1023699997
1.75409999999982	14681.7562623084	14303.8501899997
1.75609999999982	14687.4371087283	14307.5946599997
1.75809999999982	14693.360563759	14311.3357899997
1.76009999999982	14699.4826187081	14315.0735899997
1.76209999999982	14705.5894413297	14318.8080599997
1.76409999999982	14711.7577451938	14322.5392199997
1.76609999999982	14717.5470396188	14326.2670799997
1.76809999999982	14723.5143389894	14329.9916299997
1.77009999999982	14729.4348004418	14333.7128999997
1.77209999999982	14735.3806800597	14337.4308799997
1.77409999999982	14741.5073035487	14341.1455899997
1.77609999999982	14747.5647496331	14344.8570299997
1.77809999999982	14753.7242230767	14348.5652099997
1.78009999999982	14759.5804387124	14352.2701399997
1.78209999999982	14765.3154510434	14355.9718299997
1.78409999999982	14771.3881946146	14359.6702799997
1.78609999999982	14777.4968996616	14363.3654999997
1.78809999999982	14783.5472211195	14367.0575099997
1.79009999999982	14789.5783641763	14370.7462999997
1.79209999999982	14795.5212023553	14374.4318899997
1.79409999999982	14801.5842814778	14378.1142799997
1.79609999999982	14807.6458987055	14381.7934899997
1.79809999999982	14813.2662363295	14385.4695099997
1.80009999999982	14819.297541672	14389.1423599997
1.80209999999982	14825.4758217475	14392.8120399997
1.80409999999982	14831.4619063132	14396.4785699997
1.80609999999982	14837.5401221649	14400.1419399997
1.80809999999982	14843.5365033444	14403.8021699997
1.81009999999982	14849.3068043262	14407.4592599997
1.81209999999982	14855.3926433814	14411.1132299997
1.81409999999982	14861.5540450727	14414.7640699997
1.81609999999982	14867.8231826883	14418.4117999997
1.81809999999982	14873.848647717	14422.0564299997
1.82009999999982	14879.7229847005	14425.6979499997
1.82209999999982	14885.738535245	14429.3363899997
1.82409999999982	14891.9571315247	14432.9717399997
1.82609999999982	14898.2479636192	14436.6040099997
1.82809999999982	14904.1223850624	14440.2332099997
1.83009999999981	14910.379069028	14443.8593499997
1.83209999999981	14916.6022808553	14447.4824399997
1.83409999999981	14922.4963721069	14451.1024699997
1.83609999999981	14928.5138417035	14454.7194699997
1.83809999999981	14934.6262690844	14458.3334299997
1.84009999999981	14940.7955774762	14461.9443699997
1.84209999999981	14947.1397017143	14465.5522799997
1.84409999999981	14953.3253852387	14469.1571799997
1.84609999999981	14959.5058927676	14472.7590799997
1.84809999999981	14965.5833759245	14476.3579799997
1.85009999999981	14971.6179987357	14479.9538899997
1.85209999999981	14977.7792902441	14483.5468099997
1.85409999999981	14983.9426668949	14487.1367499997
1.85609999999981	14990.0533187096	14490.7237199997
1.85809999999981	14996.4249990456	14494.3077299997
1.86009999999981	15002.6293217369	14497.8887799997
1.86209999999981	15008.7725664149	14501.4668899997
1.86409999999981	15015.0272090692	14505.0420399997
1.86609999999981	15020.9283370805	14508.6142599997
1.86809999999981	15026.9803827185	14512.1835499997
1.87009999999981	15033.1804691028	14515.7499199997
1.87209999999981	15039.3237422373	14519.3133699997
1.87409999999981	15045.4091780555	14522.8739099997
1.87609999999981	15051.6161272297	14526.4315499997
1.87809999999981	15057.8194380781	14529.9862899997
1.88009999999981	15064.1691542328	14533.5381399997
1.88209999999981	15070.324712822	14537.0871099997
1.88409999999981	15076.502319526	14540.6331999997
1.88609999999981	15082.536182458	14544.1764199997
1.88809999999981	15088.7029429594	14547.7167799997
1.89009999999981	15094.7533491108	14551.2542799997
1.89209999999981	15100.9824377735	14554.7889299997
1.89409999999981	15107.1078782919	14558.3207299997
1.89609999999981	15113.3948474091	14561.8496999997
1.89809999999981	15119.6362184737	14565.3758299997
1.90009999999981	15125.6089789986	14568.8991399997
1.90209999999981	15131.5793141408	14572.4196299997
1.90409999999981	15137.7173127819	14575.9373099997
1.90609999999981	15143.9530034242	14579.4521899997
1.90809999999981	15150.1798681884	14582.9642599997
1.91009999999981	15156.356816166	14586.4735399997
1.91209999999981	15162.4350512669	14589.9800399997
1.91409999999981	15168.3343188606	14593.4837499997
1.91609999999981	15174.5005966729	14596.9846899997
1.91809999999981	15180.6986713216	14600.4828599997
1.9200999999998	15186.9495015326	14603.9782699997
1.9220999999998	15193.2354738052	14607.4709199997
1.9240999999998	15199.5359503367	14610.9608199997
1.9260999999998	15205.8491748867	14614.4479799997
1.9280999999998	15212.0680988222	14617.9323999997
1.9300999999998	15218.7202712481	14621.4140899997
1.9320999999998	15224.9056050955	14624.8930599997
1.9340999999998	15230.9471800836	14628.3692999997
1.9360999999998	15237.2297713748	14631.8428299997
1.9380999999998	15243.5627674506	14635.3136599997
1.9400999999998	15249.865590756	14638.7817799997
1.9420999999998	15256.1898260603	14642.2472099997
1.9440999999998	15262.3703133233	14645.7099399997
1.9460999999998	15268.5081446967	14649.1699999997
1.9480999999998	15274.8781956391	14652.6273799997
1.9500999999998	15281.0961686008	14656.0820799997
1.9520999999998	15287.4729174092	14659.5341199997
1.9540999999998	15293.9781407808	14662.9834999997
1.9560999999998	15300.0482891213	14666.4302299997
1.9580999999998	15306.4221077775	14669.8742999997
1.9600999999998	15312.7198281017	14673.3157399997
1.9620999999998	15318.7994997202	14676.7545399997
1.9640999999998	15325.186126909	14680.1906999997
1.9660999999998	15331.3261559994	14683.6242499997
1.9680999999998	15337.5561123898	14687.0551699997
1.9700999999998	15343.8068816672	14690.4834799997
1.9720999999998	15350.2406262316	14693.9091799997
1.9740999999998	15356.3485406916	14697.3322799997
1.9760999999998	15362.8188697837	14700.7527799997
1.9780999999998	15369.0613686345	14704.1706899997
1.9800999999998	15375.5621397748	14707.5860099997
1.9820999999998	15381.8295914154	14710.9987599997
1.9840999999998	15388.1629154637	14714.4089299997
1.9860999999998	15394.6604378001	14717.8165299997
1.9880999999998	15400.961433274	14721.2215699997
1.9900999999998	15407.4128872877	14724.6240499997
1.9920999999998	15413.677473053	14728.0239799997
1.9940999999998	15420.0717169044	14731.4213599997
1.9960999999998	15426.4964371338	14734.8161999997
1.9980999999998	15432.6828170604	14738.2084999997
