t;VF15;VF14;VF13;VF12;VF11;VF10;VF9;VF8;VF7;VF6;VF5;VF4;VF3;VF2;VF1;VF0;
0.000000;0.000000;0.000000;0.000000;0.000000;0.000000;0.000000;0.000000;0.000000;0.000000;0.000000;0.000000;0.000000;0.000000;0.000000;0.000000;0.000000;
20.000000;0.400000;0.400000;0.047138;0.000000;0.000000;0.000000;0.000000;0.000000;0.000000;0.000000;0.000000;0.000000;0.000000;0.000000;0.000000;0.000000;
40.000000;0.400000;0.400000;0.400000;0.211448;0.000000;0.000000;0.000000;0.000000;0.000000;0.000000;0.000000;0.000000;0.000000;0.000000;0.000000;0.000000;
60.000000;0.400000;0.400000;0.400000;0.400000;0.350168;0.001347;0.000000;0.000000;0.000000;0.000000;0.000000;0.000000;0.000000;0.000000;0.000000;0.000000;
80.002000;0.400000;0.400000;0.400000;0.400000;0.400000;0.321886;0.000000;0.000000;0.000000;0.000000;0.000000;0.000000;0.000000;0.000000;0.000000;0.000000;
100.002000;0.400000;0.400000;0.400000;0.400000;0.400000;0.400000;0.358249;0.000000;0.000000;0.000000;0.000000;0.000000;0.000000;0.000000;0.000000;0.000000;
120.002000;0.400000;0.400000;0.400000;0.400000;0.400000;0.400000;0.400000;0.348822;0.000000;0.000000;0.000000;0.000000;0.000000;0.000000;0.000000;0.000000;
140.002000;0.400000;0.400000;0.400000;0.400000;0.400000;0.400000;0.400000;0.400000;0.309764;0.000000;0.000000;0.000000;0.000000;0.000000;0.000000;0.000000;
160.000000;0.400000;0.400000;0.400000;0.400000;0.400000;0.400000;0.400000;0.400000;0.400000;0.360943;0.002694;0.000000;0.000000;0.000000;0.000000;0.000000;
180.000000;0.400000;0.400000;0.400000;0.400000;0.400000;0.400000;0.400000;0.400000;0.400000;0.400000;0.366330;0.001347;0.004040;0.000000;0.000000;0.000000;
200.000000;0.400000;0.400000;0.400000;0.400000;0.400000;0.400000;0.400000;0.400000;0.400000;0.400000;0.400000;0.400000;0.040404;0.000000;0.002694;0.000000;
220.000000;0.400000;0.400000;0.400000;0.400000;0.400000;0.400000;0.400000;0.400000;0.400000;0.400000;0.400000;0.400000;0.400000;0.208754;0.000000;0.001347;
240.000000;0.400000;0.400000;0.400000;0.400000;0.400000;0.400000;0.400000;0.400000;0.400000;0.400000;0.400000;0.400000;0.400000;0.400000;0.387879;0.096970;
260.000000;0.400000;0.400000;0.400000;0.400000;0.400000;0.400000;0.400000;0.400000;0.400000;0.400000;0.400000;0.400000;0.400000;0.400000;0.400000;0.400000;
280.000000;0.400000;0.400000;0.400000;0.400000;0.400000;0.400000;0.400000;0.400000;0.400000;0.400000;0.400000;0.400000;0.400000;0.400000;0.400000;0.400000;
300.000000;0.400000;0.400000;0.400000;0.400000;0.400000;0.400000;0.400000;0.400000;0.400000;0.400000;0.400000;0.400000;0.400000;0.400000;0.400000;0.400000;
320.000000;0.400000;0.400000;0.400000;0.400000;0.400000;0.400000;0.400000;0.400000;0.400000;0.400000;0.400000;0.400000;0.400000;0.400000;0.400000;0.400000;
340.000000;0.400000;0.400000;0.400000;0.400000;0.400000;0.400000;0.400000;0.400000;0.400000;0.400000;0.400000;0.400000;0.400000;0.400000;0.400000;0.400000;
360.000000;0.400000;0.400000;0.400000;0.400000;0.400000;0.400000;0.400000;0.400000;0.400000;0.400000;0.400000;0.400000;0.400000;0.400000;0.400000;0.400000;