t;VF31;VF30;VF29;VF28;VF27;VF26;VF25;VF24;VF23;VF22;VF21;VF20;VF19;VF18;VF17;VF16;VF15;VF14;VF13;VF12;VF11;VF10;VF9;VF8;VF7;VF6;VF5;VF4;VF3;VF2;VF1;VF0;
0.000000;0.000000;0.000000;0.000000;0.000000;0.000000;0.000000;0.000000;0.000000;0.000000;0.000000;0.000000;0.000000;0.000000;0.000000;0.000000;0.000000;0.000000;0.000000;0.000000;0.000000;0.000000;0.000000;0.000000;0.000000;0.000000;0.000000;0.000000;0.000000;0.000000;0.000000;0.000000;0.000000;
20.000000;0.300000;0.300000;0.300000;0.300000;0.046970;0.000000;0.000000;0.000000;0.000000;0.000000;0.000000;0.000000;0.000000;0.000000;0.000000;0.000000;0.000000;0.000000;0.000000;0.000000;0.000000;0.000000;0.000000;0.000000;0.000000;0.000000;0.000000;0.000000;0.000000;0.000000;0.000000;0.000000;
40.000000;0.300000;0.300000;0.300000;0.300000;0.300000;0.300000;0.286869;0.000505;0.000000;0.000000;0.000000;0.000000;0.000000;0.000000;0.000000;0.000000;0.000000;0.000000;0.000000;0.000000;0.000000;0.000000;0.000000;0.000000;0.000000;0.000000;0.000000;0.000000;0.000000;0.000000;0.000000;0.000000;
60.000000;0.300000;0.300000;0.300000;0.300000;0.300000;0.300000;0.300000;0.300000;0.300000;0.209091;0.000000;0.000000;0.000000;0.000000;0.000000;0.000000;0.000000;0.000000;0.000000;0.000000;0.000000;0.000000;0.000000;0.000000;0.000000;0.000000;0.000000;0.000000;0.000000;0.000000;0.000000;0.000000;
80.002000;0.300000;0.300000;0.300000;0.300000;0.300000;0.300000;0.300000;0.300000;0.300000;0.300000;0.300000;0.188889;0.000000;0.000000;0.000000;0.000000;0.000000;0.000000;0.000000;0.000000;0.000000;0.000000;0.000000;0.000000;0.000000;0.000000;0.000000;0.000000;0.000000;0.000000;0.000000;0.000000;
100.002000;0.300000;0.300000;0.300000;0.300000;0.300000;0.300000;0.300000;0.300000;0.300000;0.300000;0.300000;0.300000;0.300000;0.221717;0.000000;0.000000;0.000000;0.000000;0.000000;0.000000;0.000000;0.000000;0.000000;0.000000;0.000000;0.000000;0.000000;0.000000;0.000000;0.000000;0.000000;0.000000;
120.002000;0.300000;0.300000;0.300000;0.300000;0.300000;0.300000;0.300000;0.300000;0.300000;0.300000;0.300000;0.300000;0.300000;0.300000;0.300000;0.181818;0.000000;0.000505;0.000000;0.000000;0.000000;0.000000;0.000000;0.000000;0.000000;0.000000;0.000000;0.000000;0.000000;0.000000;0.000000;0.000000;
140.002000;0.300000;0.300000;0.300000;0.300000;0.300000;0.300000;0.300000;0.300000;0.300000;0.300000;0.300000;0.300000;0.300000;0.300000;0.300000;0.300000;0.300000;0.142929;0.000000;0.000000;0.000000;0.000000;0.000000;0.000000;0.000000;0.000000;0.000000;0.000000;0.000000;0.000000;0.000000;0.000000;
160.000000;0.300000;0.300000;0.300000;0.300000;0.300000;0.300000;0.300000;0.300000;0.300000;0.300000;0.300000;0.300000;0.300000;0.300000;0.300000;0.300000;0.300000;0.300000;0.300000;0.234343;0.000000;0.000505;0.000000;0.000000;0.000000;0.000000;0.000000;0.000000;0.000000;0.000000;0.000000;0.000000;
180.000000;0.300000;0.300000;0.300000;0.300000;0.300000;0.300000;0.300000;0.300000;0.300000;0.300000;0.300000;0.300000;0.300000;0.300000;0.300000;0.300000;0.300000;0.300000;0.300000;0.300000;0.300000;0.223232;0.001010;0.002020;0.000505;0.001010;0.000000;0.000000;0.000000;0.000000;0.000000;0.000000;
200.000000;0.300000;0.300000;0.300000;0.300000;0.300000;0.300000;0.300000;0.300000;0.300000;0.300000;0.300000;0.300000;0.300000;0.300000;0.300000;0.300000;0.300000;0.300000;0.300000;0.300000;0.300000;0.300000;0.300000;0.293939;0.050505;0.000505;0.000505;0.000505;0.001010;0.001010;0.000000;0.000000;
220.000000;0.300000;0.300000;0.300000;0.300000;0.300000;0.300000;0.300000;0.300000;0.300000;0.300000;0.300000;0.300000;0.300000;0.300000;0.300000;0.300000;0.300000;0.300000;0.300000;0.300000;0.300000;0.300000;0.300000;0.300000;0.300000;0.300000;0.275253;0.009596;0.000000;0.000000;0.000000;0.000000;
240.000000;0.300000;0.300000;0.300000;0.300000;0.300000;0.300000;0.300000;0.300000;0.300000;0.300000;0.300000;0.300000;0.300000;0.300000;0.300000;0.300000;0.300000;0.300000;0.300000;0.300000;0.300000;0.300000;0.300000;0.300000;0.300000;0.300000;0.300000;0.300000;0.300000;0.277273;0.016162;0.000505;
260.000000;0.300000;0.300000;0.300000;0.300000;0.300000;0.300000;0.300000;0.300000;0.300000;0.300000;0.300000;0.300000;0.300000;0.300000;0.300000;0.300000;0.300000;0.300000;0.300000;0.300000;0.300000;0.300000;0.300000;0.300000;0.300000;0.300000;0.300000;0.300000;0.300000;0.300000;0.300000;0.300000;
280.000000;0.300000;0.300000;0.300000;0.300000;0.300000;0.300000;0.300000;0.300000;0.300000;0.300000;0.300000;0.300000;0.300000;0.300000;0.300000;0.300000;0.300000;0.300000;0.300000;0.300000;0.300000;0.300000;0.300000;0.300000;0.300000;0.300000;0.300000;0.300000;0.300000;0.300000;0.300000;0.300000;
300.000000;0.300000;0.300000;0.300000;0.300000;0.300000;0.300000;0.300000;0.300000;0.300000;0.300000;0.300000;0.300000;0.300000;0.300000;0.300000;0.300000;0.300000;0.300000;0.300000;0.300000;0.300000;0.300000;0.300000;0.300000;0.300000;0.300000;0.300000;0.300000;0.300000;0.300000;0.300000;0.300000;
320.000000;0.300000;0.300000;0.300000;0.300000;0.300000;0.300000;0.300000;0.300000;0.300000;0.300000;0.300000;0.300000;0.300000;0.300000;0.300000;0.300000;0.300000;0.300000;0.300000;0.300000;0.300000;0.300000;0.300000;0.300000;0.300000;0.300000;0.300000;0.300000;0.300000;0.300000;0.300000;0.300000;
340.000000;0.300000;0.300000;0.300000;0.300000;0.300000;0.300000;0.300000;0.300000;0.300000;0.300000;0.300000;0.300000;0.300000;0.300000;0.300000;0.300000;0.300000;0.300000;0.300000;0.300000;0.300000;0.300000;0.300000;0.300000;0.300000;0.300000;0.300000;0.300000;0.300000;0.300000;0.300000;0.300000;
360.000000;0.300000;0.300000;0.300000;0.300000;0.300000;0.300000;0.300000;0.300000;0.300000;0.300000;0.300000;0.300000;0.300000;0.300000;0.300000;0.300000;0.300000;0.300000;0.300000;0.300000;0.300000;0.300000;0.300000;0.300000;0.300000;0.300000;0.300000;0.300000;0.300000;0.300000;0.300000;0.300000;