t;VF31;VF30;VF29;VF28;VF27;VF26;VF25;VF24;VF23;VF22;VF21;VF20;VF19;VF18;VF17;VF16;VF15;VF14;VF13;VF12;VF11;VF10;VF9;VF8;VF7;VF6;VF5;VF4;VF3;VF2;VF1;VF0;
0.000000;0.000000;0.000000;0.000000;0.000000;0.000000;0.000000;0.000000;0.000000;0.000000;0.000000;0.000000;0.000000;0.000000;0.000000;0.000000;0.000000;0.000000;0.000000;0.000000;0.000000;0.000000;0.000000;0.000000;0.000000;0.000000;0.000000;0.000000;0.000000;0.000000;0.000000;0.000000;0.000000;
20.000000;0.600000;0.600000;0.600000;0.600000;0.095960;0.000000;0.000000;0.000000;0.000000;0.000000;0.000000;0.000000;0.000000;0.000000;0.000000;0.000000;0.000000;0.000000;0.000000;0.000000;0.000000;0.000000;0.000000;0.000000;0.000000;0.000000;0.000000;0.000000;0.000000;0.000000;0.000000;0.000000;
40.000000;0.600000;0.600000;0.600000;0.600000;0.600000;0.600000;0.572727;0.001010;0.000000;0.000000;0.000000;0.000000;0.000000;0.000000;0.000000;0.000000;0.000000;0.000000;0.000000;0.000000;0.000000;0.000000;0.000000;0.000000;0.000000;0.000000;0.000000;0.000000;0.000000;0.000000;0.000000;0.000000;
60.000000;0.600000;0.600000;0.600000;0.600000;0.600000;0.600000;0.600000;0.600000;0.600000;0.419192;0.000000;0.000000;0.000000;0.000000;0.000000;0.000000;0.000000;0.000000;0.000000;0.000000;0.000000;0.000000;0.000000;0.000000;0.000000;0.000000;0.000000;0.000000;0.000000;0.000000;0.000000;0.000000;
80.002000;0.600000;0.600000;0.600000;0.600000;0.600000;0.600000;0.600000;0.600000;0.600000;0.600000;0.600000;0.375758;0.000000;0.000000;0.000000;0.000000;0.000000;0.000000;0.000000;0.000000;0.000000;0.000000;0.000000;0.000000;0.000000;0.000000;0.000000;0.000000;0.000000;0.000000;0.000000;0.000000;
100.002000;0.600000;0.600000;0.600000;0.600000;0.600000;0.600000;0.600000;0.600000;0.600000;0.600000;0.600000;0.600000;0.600000;0.456566;0.000000;0.000000;0.000000;0.000000;0.000000;0.000000;0.000000;0.000000;0.000000;0.000000;0.000000;0.000000;0.000000;0.000000;0.000000;0.000000;0.000000;0.000000;
120.002000;0.600000;0.600000;0.600000;0.600000;0.600000;0.600000;0.600000;0.600000;0.600000;0.600000;0.600000;0.600000;0.600000;0.600000;0.600000;0.379798;0.000000;0.000000;0.000000;0.000000;0.000000;0.000000;0.000000;0.000000;0.000000;0.000000;0.000000;0.000000;0.000000;0.000000;0.000000;0.000000;
140.002000;0.600000;0.600000;0.600000;0.600000;0.600000;0.600000;0.600000;0.600000;0.600000;0.600000;0.600000;0.600000;0.600000;0.600000;0.600000;0.600000;0.600000;0.307071;0.000000;0.000000;0.000000;0.000000;0.000000;0.000000;0.000000;0.000000;0.000000;0.000000;0.000000;0.000000;0.000000;0.000000;
160.000000;0.600000;0.600000;0.600000;0.600000;0.600000;0.600000;0.600000;0.600000;0.600000;0.600000;0.600000;0.600000;0.600000;0.600000;0.600000;0.600000;0.600000;0.600000;0.600000;0.473737;0.000000;0.001010;0.000000;0.000000;0.000000;0.000000;0.000000;0.000000;0.000000;0.000000;0.000000;0.000000;
180.000000;0.600000;0.600000;0.600000;0.600000;0.600000;0.600000;0.600000;0.600000;0.600000;0.600000;0.600000;0.600000;0.600000;0.600000;0.600000;0.600000;0.600000;0.600000;0.600000;0.600000;0.600000;0.466667;0.001010;0.001010;0.000000;0.001010;0.000000;0.000000;0.000000;0.000000;0.000000;0.000000;
200.000000;0.600000;0.600000;0.600000;0.600000;0.600000;0.600000;0.600000;0.600000;0.600000;0.600000;0.600000;0.600000;0.600000;0.600000;0.600000;0.600000;0.600000;0.600000;0.600000;0.600000;0.600000;0.600000;0.600000;0.596970;0.056566;0.000000;0.001010;0.002020;0.000000;0.001010;0.000000;0.000000;
220.000000;0.600000;0.600000;0.600000;0.600000;0.600000;0.600000;0.600000;0.600000;0.600000;0.600000;0.600000;0.600000;0.600000;0.600000;0.600000;0.600000;0.600000;0.600000;0.600000;0.600000;0.600000;0.600000;0.600000;0.600000;0.600000;0.600000;0.535354;0.001010;0.000000;0.000000;0.000000;0.000000;
240.000000;0.600000;0.600000;0.600000;0.600000;0.600000;0.600000;0.600000;0.600000;0.600000;0.600000;0.600000;0.600000;0.600000;0.600000;0.600000;0.600000;0.600000;0.600000;0.600000;0.600000;0.600000;0.600000;0.600000;0.600000;0.600000;0.600000;0.600000;0.600000;0.600000;0.550505;0.016162;0.000000;
260.000000;0.600000;0.600000;0.600000;0.600000;0.600000;0.600000;0.600000;0.600000;0.600000;0.600000;0.600000;0.600000;0.600000;0.600000;0.600000;0.600000;0.600000;0.600000;0.600000;0.600000;0.600000;0.600000;0.600000;0.600000;0.600000;0.600000;0.600000;0.600000;0.600000;0.600000;0.600000;0.600000;
280.000000;0.600000;0.600000;0.600000;0.600000;0.600000;0.600000;0.600000;0.600000;0.600000;0.600000;0.600000;0.600000;0.600000;0.600000;0.600000;0.600000;0.600000;0.600000;0.600000;0.600000;0.600000;0.600000;0.600000;0.600000;0.600000;0.600000;0.600000;0.600000;0.600000;0.600000;0.600000;0.600000;
300.000000;0.600000;0.600000;0.600000;0.600000;0.600000;0.600000;0.600000;0.600000;0.600000;0.600000;0.600000;0.600000;0.600000;0.600000;0.600000;0.600000;0.600000;0.600000;0.600000;0.600000;0.600000;0.600000;0.600000;0.600000;0.600000;0.600000;0.600000;0.600000;0.600000;0.600000;0.600000;0.600000;
320.000000;0.600000;0.600000;0.600000;0.600000;0.600000;0.600000;0.600000;0.600000;0.600000;0.600000;0.600000;0.600000;0.600000;0.600000;0.600000;0.600000;0.600000;0.600000;0.600000;0.600000;0.600000;0.600000;0.600000;0.600000;0.600000;0.600000;0.600000;0.600000;0.600000;0.600000;0.600000;0.600000;
340.000000;0.600000;0.600000;0.600000;0.600000;0.600000;0.600000;0.600000;0.600000;0.600000;0.600000;0.600000;0.600000;0.600000;0.600000;0.600000;0.600000;0.600000;0.600000;0.600000;0.600000;0.600000;0.600000;0.600000;0.600000;0.600000;0.600000;0.600000;0.600000;0.600000;0.600000;0.600000;0.600000;
360.000000;0.600000;0.600000;0.600000;0.600000;0.600000;0.600000;0.600000;0.600000;0.600000;0.600000;0.600000;0.600000;0.600000;0.600000;0.600000;0.600000;0.600000;0.600000;0.600000;0.600000;0.600000;0.600000;0.600000;0.600000;0.600000;0.600000;0.600000;0.600000;0.600000;0.600000;0.600000;0.600000;