t	Cd
0	0	0
0.002	0	0
0.0041	0	5.02338
0.006	0	5.02104
0.00800000000000001	0	5.03273
0.0101	0	5.05844
0.0121	0	5.07013
0.0141	0	5.08182
0.0161	0	5.09350999999999
0.0180999999999999	0	5.10518999999999
0.0200999999999999	0	5.11687999999999
0.0220999999999999	0	5.12856999999999
0.0240999999999999	0	5.14025999999999
0.0260999999999999	0	5.15194999999999
0.0280999999999999	0	5.16363999999998
0.0300999999999999	0	5.17531999999998
0.0320999999999999	0	5.18700999999999
0.0341	0	5.19869999999999
0.036	0	5.19703
0.0380000000000001	0	5.20885000000001
0.0400000000000001	0	5.22068000000001
0.0420000000000002	0	5.23253000000002
0.0440000000000002	0	5.24439000000003
0.0460000000000003	0	5.25626000000004
0.0480000000000003	0	5.26816000000004
0.0500000000000004	0	5.28006000000005
0.0520000000000005	0	5.29198000000005
0.0540000000000005	0	5.30391000000006
0.0560000000000006	0	5.31585000000007
0.0580000000000006	0	5.32780000000007
0.0600000000000007	0	5.33977000000008
0.0620000000000007	0	5.35174000000008
0.0640000000000008	0	5.36371000000008
0.0660000000000009	0	5.37570000000009
0.0680000000000009	0	5.38768000000009
0.070000000000001	0	5.39967000000009
0.072000000000001	0	5.4116600000001
0.0740000000000011	0	5.4236500000001
0.0760000000000012	0	5.4356300000001
0.0780000000000012	0	5.4476200000001
0.0800000000000013	0	5.46695000000001
0.0820000000000013	0	5.47863000000001
0.0840000000000014	0	5.49032000000001
0.0860000000000014	0	5.50201000000001
0.0880000000000015	0	5.51370000000001
0.0900000000000016	0	5.52539000000001
0.0920000000000016	0	5.53707000000001
0.0940000000000017	0	5.54876000000001
0.0960000000000017	0	5.56045000000001
0.0980000000000018	0	5.57213000000001
0.100000000000002	0	5.58382000000001
0.102000000000002	0	5.59551000000001
0.104000000000002	0	5.60720000000001
0.106000000000002	0	5.61888000000001
0.108000000000002	0	5.63057000000001
0.110000000000002	0	5.64225000000001
0.112000000000002	0	5.65394000000001
0.114000000000002	5.66561879974049	5.66562000000001
0.116000000000002	5.67730397864205	5.67731000000001
0.118000000000002	5.68898887918291	5.68899000000001
0.120000000000002	5.70067347285131	5.70068000000001
0.122000000000002	5.71235772808095	5.71236000000001
0.124000000000003	5.72404160992201	5.72404000000001
0.126000000000002	5.73572507968115	5.73572000000001
0.128000000000002	5.74740809452413	5.74740000000001
0.130000000000002	5.75909060703829	5.75908000000001
0.132000000000002	5.77077256475091	5.77076000000001
0.134000000000002	5.78245390960012	5.78244000000001
0.136000000000001	5.79413474672972	5.79411000000001
0.138000000000001	5.80581457717327	5.80579000000001
0.140000000000001	5.81749422911925	5.81746
0.142000000000001	5.82917369015784	5.82913
0.144	5.84085294695305	5.8408
0.146	5.85253198521122	5.85246
0.148	5.86421078964146	5.86412
0.1501	5.87645254106727	5.87636
0.1521	5.88810176004137	5.88802
0.154099999999999	5.89975025222212	5.89966
0.156099999999999	5.91139790956325	5.91131
0.158099999999999	5.92304462797335	5.92294999999999
0.160099999999999	5.93469030543665	5.93457999999999
0.162099999999998	5.94633484051781	5.94619999999999
0.164099999999998	5.95797813112646	5.95781999999999
0.166099999999998	5.96962007345693	5.96942999999999
0.168099999999998	5.98120703398268	5.98101999999999
0.170099999999998	5.9927866615947	5.99260999999999
0.172099999999997	6.00436314645948	6.00417999999998
0.174099999999997	6.01593622957484	6.01573999999998
0.176099999999997	6.02750815745938	6.02728999999998
0.178099999999997	6.03907368585244	6.03881999999998
0.180099999999996	6.05063511597559	6.05032999999998
0.182099999999996	6.06219417849148	6.06180999999998
0.184099999999996	6.07374679353851	6.07327999999998
0.186099999999996	6.08529473858245	6.08471999999998
0.188099999999996	6.09683779250108	6.09612999999997
0.190099999999995	6.10828541450017	6.10750999999997
0.192099999999995	6.11970372392577	6.11884999999997
0.194099999999995	6.13111619520672	6.13015999999997
0.196099999999995	6.14239530421476	6.14142999999997
0.198099999999995	6.15362552377247	6.15264999999997
0.200099999999994	6.16484750503534	6.16381999999997
0.202099999999994	6.17604807591967	6.17492999999997
0.204099999999994	6.1872376020616	6.18598999999997
0.206099999999994	6.19840614163304	6.19697999999997
0.208099999999993	6.20951797373857	6.20788999999996
0.210099999999993	6.22042847146679	6.21872999999996
0.212099999999993	6.2313058554811	6.22948999999996
0.214099999999993	6.24217707521388	6.24014999999996
0.216099999999993	6.2530038761844	6.25070999999996
0.218099999999992	6.26381117420341	6.26115999999996
0.220099999999992	6.27430901521197	6.27148999999996
0.222099999999992	6.28474457621591	6.28169999999996
0.224099999999992	6.29483457300083	6.29176999999996
0.226099999999991	6.30482332816692	6.30168999999996
0.228099999999991	6.31473591484506	6.31144999999996
0.230099999999991	6.32462211863306	6.32103999999996
0.232099999999991	6.33443856583123	6.33044999999996
0.234099999999991	6.34423789768454	6.33965999999996
0.23609999999999	6.35370360537317	6.34865999999996
0.23809999999999	6.36287874136407	6.35743999999996
0.24009999999999	6.37201310642258	6.36597999999996
0.24209999999999	6.38058536313218	6.37426999999996
0.244099999999989	6.38898491909169	6.38229999999996
0.246099999999989	6.3968476380776	6.39003999999996
0.248099999999989	6.40443750206557	6.39748999999996
0.250099999999989	6.41194038089033	6.40463999999996
0.252099999999989	6.41933717433015	6.41144999999996
0.254099999999988	6.42668127033489	6.41792999999996
0.256099999999988	6.43395424104493	6.42405999999996
0.258099999999988	6.44035521973554	6.42981999999997
0.260099999999988	6.44626124319654	6.43519999999997
0.262099999999987	6.45156768971113	6.44018999999997
0.264099999999987	6.45679436443682	6.44477999999997
0.266099999999987	6.46147831396074	6.44895999999997
0.268099999999987	6.46555123536003	6.45271999999998
0.270099999999987	6.46957906986844	6.45604999999998
0.272099999999986	6.47354948703465	6.45893999999998
0.274099999999986	6.47702622616729	6.46139999999999
0.276099999999986	6.47975702523769	6.46341999999999
0.278099999999986	6.4813228907274	6.46498999999999
0.280099999999985	6.4828184565949	6.46611999999999
0.282099999999985	6.48427362171465	6.46681
0.284099999999985	6.4855929815311	6.46707
0.286099999999985	6.48577382114947	6.4669
0.288099999999985	6.4859797642719	6.46630000000001
0.290099999999984	6.48602906483483	6.46530000000001
0.292099999999984	6.48492835339539	6.46388000000001
0.294099999999984	6.4829944266731	6.46208000000002
0.296099999999984	6.48071168012229	6.45990000000002
0.298099999999983	6.47852802497698	6.45736000000002
0.300099999999983	6.47642029251919	6.45447000000002
0.302099999999983	6.47443426234382	6.45124000000003
0.304099999999983	6.47145035193356	6.44771000000003
0.306099999999983	6.4683452345932	6.44387000000004
0.308099999999982	6.46426668019992	6.43976000000004
0.310099999999982	6.46001652490889	6.43538000000004
0.312099999999982	6.45507918749447	6.43076000000004
0.314099999999982	6.44996162301706	6.42592000000004
0.316099999999982	6.4450310509443	6.42087000000005
0.318099999999981	6.44036286357273	6.41563000000005
0.320099999999981	6.43580839963916	6.41022000000005
0.322099999999981	6.43100135989881	6.40466000000005
0.324099999999981	6.42563643359956	6.39896000000006
0.32609999999998	6.41945476357638	6.39314000000006
0.32809999999998	6.41328530970905	6.38721000000006
0.33009999999998	6.40743732456269	6.38119000000006
0.33209999999998	6.40154677282988	6.37510000000006
0.33409999999998	6.39503698326812	6.36894000000006
0.336099999999979	6.38882431829476	6.36272000000007
0.338099999999979	6.38289030883293	6.35647000000006
0.340099999999979	6.3772924897746	6.35019000000007
0.342099999999979	6.37114553145501	6.34389000000007
0.344099999999978	6.3649239342703	6.33758000000007
0.346099999999978	6.35810001142891	6.33126000000007
0.348099999999978	6.35134072625447	6.32496000000007
0.350099999999978	6.34487406393686	6.31867000000007
0.352099999999978	6.33880696714639	6.31240000000007
0.354099999999977	6.33301630744813	6.30616000000007
0.356099999999977	6.32730235980922	6.29995000000007
0.358099999999977	6.32097268022781	6.29378000000007
0.360099999999977	6.3149924342875	6.28766000000007
0.362099999999976	6.30932515150747	6.28158000000007
0.364099999999976	6.30363801969597	6.27555000000007
0.366099999999976	6.29748784657262	6.26957000000007
0.368099999999976	6.29149700888456	6.26366000000007
0.370099999999976	6.28498821125803	6.25780000000007
0.372099999999975	6.27884372740804	6.25200000000007
0.374099999999975	6.27294214073179	6.24627000000007
0.376099999999975	6.26738599294208	6.24061000000007
0.378099999999975	6.26209525491886	6.23501000000007
0.380099999999974	6.25701910244447	6.22947000000007
0.382099999999974	6.25226482731378	6.22401000000007
0.384099999999974	6.24772677366185	6.21861000000007
0.386099999999974	6.24273683520789	6.21329000000007
0.388099999999974	6.23775861092741	6.20803000000007
0.390099999999973	6.23305280015694	6.20285000000007
0.392099999999973	6.22785543267152	6.19773000000007
0.394099999999973	6.22279369343065	6.19268000000007
0.396099999999973	6.21796973982896	6.18771000000007
0.398099999999972	6.21336924354774	6.18280000000007
0.400099999999972	6.20844786851121	6.17796000000007
0.402099999999972	6.20356743482145	6.17320000000006
0.404099999999972	6.19887740264835	6.16849000000007
0.406099999999972	6.19446841863186	6.16386000000007
0.408099999999971	6.19022354349227	6.15929000000007
0.410099999999971	6.18616937443602	6.15479000000006
0.412099999999971	6.18232923815088	6.15035000000007
0.414099999999971	6.17863926891163	6.14598000000006
0.41609999999997	6.1751417766931	6.14167000000007
0.41809999999997	6.17131123604479	6.13743000000006
0.42009999999997	6.16744288704796	6.13324000000006
0.42209999999997	6.16378524695684	6.12912000000006
0.42409999999997	6.15985044770326	6.12506000000006
0.426099999999969	6.15586695605029	6.12105000000006
0.428099999999969	6.15210861115308	6.11711000000006
0.430099999999969	6.14847638508793	6.11322000000006
0.432099999999969	6.14503278811803	6.10939000000006
0.434099999999969	6.14173661877682	6.10561000000006
0.436099999999968	6.13857233255648	6.10189000000006
0.438099999999968	6.13543569852798	6.09822000000006
0.440099999999968	6.13199452594541	6.09460000000006
0.442099999999968	6.12870847418648	6.09104000000006
0.444099999999967	6.1255410779924	6.08752000000006
0.446099999999967	6.12253456110391	6.08406000000006
0.448099999999967	6.11966028454808	6.08065000000005
0.450099999999967	6.11689756724874	6.07728000000006
0.452099999999967	6.11426087648602	6.07396000000005
0.454099999999966	6.1117500465502	6.07068000000006
0.456099999999966	6.10884790241392	6.06746000000005
0.458099999999966	6.10602111932816	6.06427000000005
0.460099999999966	6.10333608919993	6.06113000000006
0.462099999999965	6.10060519479468	6.05804000000005
0.464099999999965	6.0976402960272	6.05498000000005
0.466099999999965	6.09481185685943	6.05197000000005
0.468099999999965	6.09210674724201	6.04900000000005
0.470099999999965	6.08950678515056	6.04606000000005
0.472099999999964	6.08702453026649	6.04317000000005
0.474099999999964	6.08463616461752	6.04031000000005
0.476099999999964	6.08236061632071	6.03750000000005
0.478099999999964	6.08016933381423	6.03472000000005
0.480099999999963	6.07808642007027	6.03197000000005
0.482099999999963	6.0760898493716	6.02926000000005
0.484099999999963	6.07416452441452	6.02659000000005
0.486099999999963	6.07212449292696	6.02395000000005
0.488099999999963	6.06993086214648	6.02135000000005
0.490099999999962	6.06781792739277	6.01877000000005
0.492099999999962	6.06580347486597	6.01623000000005
0.494099999999962	6.0638778136832	6.01373000000005
0.496099999999962	6.06202093390722	6.01125000000005
0.498099999999961	6.06025064023087	6.00880000000005
0.500099999999961	6.05833067387867	6.00639000000005
0.502099999999961	6.05630298663793	6.00400000000005
0.504099999999961	6.05434425945384	6.00164000000005
0.506099999999961	6.0524814080969	5.99931000000005
0.50809999999996	6.0506803693378	5.99701000000005
0.51009999999996	6.04858750349856	5.99474000000004
0.51209999999996	6.04656727798078	5.99249000000004
0.51409999999996	6.04461617679554	5.99027000000004
0.516099999999959	6.0427599788914	5.98808000000005
0.518099999999959	6.04097050321229	5.98591000000004
0.520099999999959	6.03925419419001	5.98377000000004
0.522099999999959	6.03762180013904	5.98165000000004
0.524099999999959	6.03604216482898	5.97955000000005
0.526099999999958	6.03451770909592	5.97748000000005
0.528099999999958	6.03306388575647	5.97544000000004
0.530099999999958	6.03167331366398	5.97341000000004
0.532099999999958	6.03033003126683	5.97141000000004
0.534099999999958	6.02904507739878	5.96943000000004
0.536099999999957	6.02781183327688	5.96747000000004
0.538099999999957	6.02662809399169	5.96554000000004
0.540099999999957	6.02550452597959	5.96362000000004
0.542099999999957	6.02440984529481	5.96173000000004
0.544099999999956	6.02304438890903	5.95985000000004
0.546099999999956	6.02171748227623	5.95800000000004
0.548099999999956	6.02043991087893	5.95616000000004
0.550099999999956	6.01921366426012	5.95435000000004
0.552099999999956	6.01802017032537	5.95255000000004
0.554099999999955	6.01658943076503	5.95078000000004
0.556099999999955	6.01520043421428	5.94902000000004
0.558099999999955	6.01387134223465	5.94728000000004
0.560099999999955	6.01259574033822	5.94555000000004
0.562099999999954	6.01137152550146	5.94385000000004
0.564099999999954	6.01019669105997	5.94216000000004
0.566099999999954	6.00906526669909	5.94049000000004
0.568099999999954	6.00797543621014	5.93883000000004
0.570099999999954	6.00691017802278	5.93720000000004
0.572099999999953	6.00560735025971	5.93557000000004
0.574099999999953	6.00436410753526	5.93397000000004
0.576099999999953	6.00317053788036	5.93238000000004
0.578099999999953	6.00202466629157	5.93080000000004
0.580099999999952	6.00093566976327	5.92924000000004
0.582099999999952	5.99989050750044	5.92770000000003
0.584099999999952	5.99886272419135	5.92617000000003
0.586099999999952	5.99788698317831	5.92465000000004
0.588099999999952	5.99695782743952	5.92315000000004
0.590099999999951	5.9960560396018	5.92166000000004
0.592099999999951	5.99519774206798	5.92019000000003
0.594099999999951	5.99436431829374	5.91873000000003
0.596099999999951	5.99358201522086	5.91728000000004
0.59809999999995	5.99282559185011	5.91585000000003
0.60009999999995	5.99210064151173	5.91443000000003
0.60209999999995	5.99133931051277	5.91302000000004
0.60409999999995	5.99041938618088	5.91163000000003
0.60609999999995	5.98953027538179	5.91025000000004
0.608099999999949	5.98866731482139	5.90888000000004
0.610099999999949	5.98785566892305	5.90752000000004
0.612099999999949	5.98706445300885	5.90617000000004
0.614099999999949	5.98616413618095	5.90484000000004
0.616099999999948	5.98518958921918	5.90352000000003
0.618099999999948	5.98425445714806	5.90221000000003
0.620099999999948	5.98336033611285	5.90091000000003
0.622099999999948	5.9825120613515	5.89962000000003
0.624099999999948	5.98168930670242	5.89834000000004
0.626099999999947	5.98089756803911	5.89708000000003
0.628099999999947	5.98012939499471	5.89582000000003
0.630099999999947	5.97940828539866	5.89457000000004
0.632099999999947	5.97870232575836	5.89334000000003
0.634099999999946	5.97803780988651	5.89211000000004
0.636099999999946	5.97739844685644	5.89090000000003
0.638099999999946	5.97678932561566	5.88969000000003
0.640099999999946	5.97619760069937	5.88850000000003
0.642099999999946	5.97564875296236	5.88731000000003
0.644099999999945	5.97491628052796	5.88614000000003
0.646099999999945	5.97419169472761	5.88497000000003
0.648099999999945	5.97348868857443	5.88382000000003
0.650099999999945	5.97280951970854	5.88267000000003
0.652099999999945	5.97215600414814	5.88153000000003
0.654099999999944	5.97153861263899	5.88040000000003
0.656099999999944	5.97094754305022	5.87928000000003
0.658099999999944	5.97038489356201	5.87817000000003
0.660099999999944	5.96983881050986	5.87706000000003
0.662099999999943	5.96931420901474	5.87597000000003
0.664099999999943	5.96881844489895	5.87488000000003
0.666099999999943	5.96834791096515	5.87380000000003
0.668099999999943	5.96790447156793	5.87273000000003
0.670099999999943	5.96744470578589	5.87167000000003
0.672099999999942	5.96682712153352	5.87062000000003
0.674099999999942	5.96623356017952	5.86957000000003
0.676099999999942	5.96566578794871	5.86853000000003
0.678099999999942	5.96511493489792	5.86750000000003
0.680099999999941	5.96460382710744	5.86648000000003
0.682099999999941	5.96410527813414	5.86546000000004
0.684099999999941	5.96347716847322	5.86446000000003
0.686099999999941	5.9628250464613	5.86346000000003
0.688099999999941	5.96220302512337	5.86246000000003
0.69009999999994	5.96160490167678	5.86148000000003
0.69209999999994	5.96103257917782	5.86050000000003
0.69409999999994	5.96049537196228	5.85953000000002
0.69609999999994	5.95996719887942	5.85856000000003
0.698099999999939	5.9594676782573	5.85760000000003
0.700099999999939	5.95898838781239	5.85665000000003
0.702099999999939	5.95853588354104	5.85571000000003
0.704099999999939	5.95809956269823	5.85477000000003
0.706099999999939	5.95768861800566	5.85384000000002
0.708099999999938	5.95729276722916	5.85291000000003
0.710099999999938	5.95691872215251	5.85199000000003
0.712099999999938	5.95656329769143	5.85108000000003
0.714099999999938	5.95622113623927	5.85018000000002
0.716099999999937	5.95590110081892	5.84928000000003
0.718099999999937	5.95560490199723	5.84838000000003
0.720099999999937	5.95532041638359	5.84749000000003
0.722099999999937	5.9550519602759	5.84661000000003
0.724099999999937	5.95478998810121	5.84574000000003
0.726099999999936	5.95455229329318	5.84487000000003
0.728099999999936	5.95414737424613	5.84400000000003
0.730099999999936	5.95376653444699	5.84315000000003
0.732099999999936	5.95340004346093	5.84229000000003
0.734099999999935	5.9530496836876	5.84145000000003
0.736099999999935	5.95271953060416	5.84060000000003
0.738099999999935	5.95240232209143	5.83977000000003
0.740099999999935	5.95210419794114	5.83894000000003
0.742099999999935	5.95182457587779	5.83811000000003
0.744099999999934	5.95156743506939	5.83729000000003
0.746099999999934	5.95131910082989	5.83648000000003
0.748099999999934	5.95099346075112	5.83567000000003
0.750099999999934	5.95060876820376	5.83487000000003
0.752099999999933	5.95023663740581	5.83407000000003
0.754099999999933	5.94988947469105	5.83327000000003
0.756099999999933	5.94955804601289	5.83249000000003
0.758099999999933	5.94924401451636	5.83170000000003
0.760099999999933	5.94894690686808	5.83092000000003
0.762099999999932	5.94866198836576	5.83015000000003
0.764099999999932	5.94839512209716	5.82938000000003
0.766099999999932	5.94805697029174	5.82862000000003
0.768099999999932	5.94765461714507	5.82786000000003
0.770099999999932	5.94728408436886	5.82710000000003
0.772099999999931	5.94692162742037	5.82635000000003
0.774099999999931	5.946587681984	5.82561000000003
0.776099999999931	5.94626101749828	5.82487000000002
0.778099999999931	5.94595766903153	5.82413000000003
0.78009999999993	5.94567074651142	5.82340000000003
0.78209999999993	5.94539991867535	5.82267000000003
0.78409999999993	5.94514474464095	5.82195000000003
0.78609999999993	5.9449028733395	5.82123000000003
0.78809999999993	5.94467588911519	5.82052000000002
0.790099999999929	5.94446339377423	5.81981000000002
0.792099999999929	5.94426110544724	5.81910000000003
0.794099999999929	5.94407053469963	5.81840000000003
0.796099999999929	5.94390100058915	5.81770000000003
0.798099999999928	5.94373845367577	5.81701000000003
0.800099999999928	5.94359036631878	5.81632000000003
0.802099999999928	5.94345635755723	5.81564000000002
0.804099999999928	5.94333607552238	5.81496000000002
0.806099999999928	5.94322551934928	5.81428000000002
0.808099999999927	5.94312064842799	5.81361000000002
0.810099999999927	5.94303414145576	5.81294000000002
0.812099999999927	5.94295816136724	5.81227000000003
0.814099999999927	5.94289247671672	5.81161000000003
0.816099999999926	5.94283501723849	5.81096000000002
0.818099999999926	5.94276579402747	5.81030000000003
0.820099999999926	5.9425855857269	5.80965000000003
0.822099999999926	5.94241658074911	5.80901000000002
0.824099999999926	5.94226398749722	5.80837000000002
0.826099999999925	5.94212372166875	5.80773000000002
0.828099999999925	5.9419882782759	5.80709000000003
0.830099999999925	5.94187008940173	5.80646000000002
0.832099999999925	5.94176339864433	5.80584000000002
0.834099999999924	5.94163282873254	5.80521000000002
0.836099999999924	5.94141010321214	5.80459000000002
0.838099999999924	5.94120347738708	5.80398000000002
0.840099999999924	5.94101076698142	5.80336000000002
0.842099999999924	5.94082989318492	5.80275000000002
0.844099999999923	5.94065878309283	5.80215000000002
0.846099999999923	5.94050418602581	5.80155000000002
0.848099999999923	5.9403639404531	5.80095000000002
0.850099999999923	5.94023079349644	5.80035000000002
0.852099999999922	5.94011307967961	5.79976000000002
0.854099999999922	5.94000685259976	5.79917000000002
0.856099999999922	5.93990673764511	5.79858000000002
0.858099999999922	5.93982099745943	5.79800000000002
0.860099999999922	5.93974755348604	5.79742000000002
0.862099999999921	5.93968444847207	5.79685000000002
0.864099999999921	5.93962973953661	5.79627000000002
0.866099999999921	5.93956532096309	5.79570000000002
0.868099999999921	5.93939964097928	5.79514000000002
0.87009999999992	5.93924998532006	5.79458000000002
0.87209999999992	5.93911429981327	5.79402000000002
0.87409999999992	5.93899058699528	5.79346000000002
0.87609999999992	5.93887854148473	5.79291000000002
0.87809999999992	5.93877300086925	5.79236000000002
0.880099999999919	5.93868351291387	5.79181000000002
0.882099999999919	5.93860487408079	5.79126000000002
0.884099999999919	5.93853522080764	5.79072000000003
0.886099999999919	5.93847115252032	5.79018000000002
0.888099999999919	5.93842200777962	5.78965000000002
0.890099999999918	5.93838271891499	5.78912000000002
0.892099999999918	5.93835148123925	5.78859000000002
0.894099999999918	5.93832801593897	5.78806000000002
0.896099999999918	5.93831836629538	5.78754000000002
0.898099999999917	5.9383145503024	5.78702000000002
0.900099999999917	5.93832100905223	5.78650000000003
0.902099999999917	5.93833289028444	5.78599000000002
0.904099999999917	5.93835620511631	5.78547000000003
0.906099999999917	5.9383891994679	5.78496000000002
0.908099999999916	5.93843016434579	5.78446000000002
0.910099999999916	5.93847432575278	5.78396000000002
0.912099999999916	5.93852917732464	5.78346000000002
0.914099999999916	5.93850967999029	5.78296000000002
0.916099999999915	5.93846166299933	5.78246000000003
0.918099999999915	5.9384265563762	5.78197000000003
0.920099999999915	5.93839954968373	5.78148000000003
0.922099999999915	5.93838485980476	5.78099000000003
0.924099999999915	5.93837328013991	5.78051000000002
0.926099999999914	5.93837506646914	5.78003000000002
0.928099999999914	5.93838693061024	5.77955000000003
0.930099999999914	5.93840423949279	5.77908000000002
0.932099999999914	5.93833061135451	5.77860000000003
0.934099999999913	5.93825503813003	5.77813000000003
0.936099999999913	5.93819162890363	5.77767000000002
0.938099999999913	5.93813427455281	5.77720000000002
0.940099999999913	5.93808865644002	5.77674000000002
0.942099999999913	5.93805155517514	5.77628000000002
0.944099999999912	5.93802709896679	5.77582000000002
0.946099999999912	5.9380135261495	5.77537000000002
0.948099999999912	5.93800921611629	5.77491000000003
0.950099999999912	5.93800827390406	5.77447000000002
0.952099999999911	5.938021883151	5.77402000000002
0.954099999999911	5.93803846615121	5.77357000000003
0.956099999999911	5.93806773354368	5.77313000000002
0.958099999999911	5.93810654801731	5.77269000000003
0.960099999999911	5.93814775905561	5.77226000000002
0.96209999999991	5.93820094297451	5.77182000000003
0.96409999999991	5.93826038018069	5.77139000000002
0.96609999999991	5.93832450890488	5.77096000000002
0.96809999999991	5.93840004408775	5.77054000000002
0.970099999999909	5.93847855206805	5.77011000000002
0.972099999999909	5.93856803976491	5.76969000000002
0.974099999999909	5.93866425818068	5.76927000000002
0.976099999999909	5.93876435655859	5.76886000000002
0.978099999999909	5.93887491714091	5.76844000000002
0.980099999999908	5.93897881355	5.76803000000002
0.982099999999908	5.93899999142525	5.76762000000002
0.984099999999908	5.93902970506535	5.76722000000002
0.986099999999908	5.93906369072097	5.76681000000002
0.988099999999908	5.93910984244045	5.76641000000002
0.990099999999907	5.93916257096068	5.76601000000002
0.992099999999907	5.93921909403351	5.76561000000002
0.994099999999907	5.93928451202148	5.76522000000002
0.996099999999907	5.93935865429395	5.76483000000002
0.998099999999906	5.93944129067925	5.76444000000002
1.00009999999991	5.93953090076222	5.76405000000002
1.00209999999991	5.93962753189702	5.76367000000002
1.00409999999991	5.93972976317012	5.76329000000001
1.00609999999991	5.93983616010477	5.76291000000001
1.00809999999991	5.93994916730446	5.76253000000002
1.01009999999991	5.94007239810272	5.76215000000002
1.0120999999999	5.94020186532004	5.76178000000002
1.0140999999999	5.94033487697629	5.76141000000002
1.0160999999999	5.94047760365865	5.76104000000002
1.0180999999999	5.94062116019707	5.76068000000002
1.0200999999999	5.94070174456935	5.76032000000001
1.0220999999999	5.94076457608828	5.75995000000002
1.0240999999999	5.94083888210329	5.75960000000001
1.0260999999999	5.94091694750389	5.75924000000002
1.0280999999999	5.94100608568305	5.75889000000002
1.0300999999999	5.94110118260389	5.75854000000001
1.0320999999999	5.94120081051643	5.75819000000002
1.0340999999999	5.94130974312905	5.75784000000002
1.0360999999999	5.94142167435859	5.75750000000002
1.0380999999999	5.94154500755584	5.75716000000001
1.0400999999999	5.94157983972433	5.75682000000002
1.0420999999999	5.94162317454627	5.75648000000002
1.0440999999999	5.94167349497872	5.75615000000002
1.0460999999999	5.94173431029756	5.75582000000001
1.0480999999999	5.94179933400023	5.75549000000001
1.0500999999999	5.94187684186842	5.75516000000002
1.0520999999999	5.94195821764871	5.75484000000001
1.0540999999999	5.94205410961553	5.75451000000002
1.0560999999999	5.94215014638836	5.75419000000002
1.0580999999999	5.94225692740276	5.75388000000001
1.0600999999999	5.94236718938134	5.75356000000002
1.0620999999999	5.94248436470016	5.75325000000002
1.0640999999999	5.94261063145705	5.75294000000002
1.0660999999999	5.94273997891204	5.75263000000002
1.0680999999999	5.94288038037092	5.75233000000001
1.0700999999999	5.9430223488009	5.75203000000001
1.0720999999999	5.9431738807363	5.75173000000001
1.0740999999999	5.9433302000116	5.75143000000001
1.0760999999999	5.94349356298051	5.75113000000002
1.0780999999999	5.94365931122367	5.75084000000001
1.0800999999999	5.94383301890082	5.75055000000001
1.0820999999999	5.9440099718663	5.75026000000002
1.0840999999999	5.94419676696836	5.74998000000001
1.0860999999999	5.94438536021074	5.74969000000002
1.0880999999999	5.94457904637917	5.74941000000002
1.0900999999999	5.94477993029204	5.74914000000001
1.0920999999999	5.94498339773591	5.74886000000001
1.0940999999999	5.94519711976025	5.74859000000001
1.0960999999999	5.94540995063396	5.74832000000001
1.0980999999999	5.94563079844509	5.74805000000001
1.1000999999999	5.94585292203186	5.74779000000001
1.1020999999999	5.94607957872745	5.74752000000002
1.10409999999989	5.94631392345187	5.74726000000002
1.10609999999989	5.94654822553152	5.74701000000001
1.10809999999989	5.94679002250164	5.74675000000001
1.11009999999989	5.94699133937125	5.74650000000001
1.11209999999989	5.9471626844742	5.74625000000001
1.11409999999989	5.94733645840058	5.74600000000002
1.11609999999989	5.94751697414292	5.74576000000001
1.11809999999989	5.94770313778926	5.74552000000001
1.12009999999989	5.9478937071569	5.74528000000001
1.12209999999989	5.94809073485363	5.74504000000001
1.12409999999989	5.94829192661179	5.74481000000001
1.12609999999989	5.94849716515125	5.74458000000001
1.12809999999989	5.94871162720236	5.74435000000001
1.13009999999989	5.94892673949116	5.74412000000002
1.13209999999989	5.94915192587246	5.74390000000001
1.13409999999989	5.94937667756924	5.74368000000001
1.13609999999989	5.94960618267768	5.74347000000001
1.13809999999989	5.94978933725194	5.74325000000001
1.14009999999989	5.94995283974098	5.74304000000001
1.14209999999989	5.95012566826163	5.74283000000001
1.14409999999989	5.95030138692204	5.74263000000001
1.14609999999989	5.95048301904542	5.74242000000001
1.14809999999989	5.95067355474058	5.74222000000001
1.15009999999989	5.95086559073477	5.74203000000001
1.15209999999989	5.95106417639585	5.74183000000001
1.15409999999989	5.95127330943902	5.74164000000001
1.15609999999989	5.95148268691183	5.74145000000001
1.15809999999989	5.95169733804043	5.74127000000001
1.16009999999989	5.95191918625466	5.74109000000001
1.16209999999989	5.9521440002029	5.74091000000001
1.16409999999989	5.952372695984	5.74073000000001
1.16609999999989	5.95260820312752	5.74056000000001
1.16809999999989	5.95284635128368	5.74039000000001
1.17009999999989	5.95303195578804	5.74022000000001
1.17209999999989	5.95320974107176	5.74006000000001
1.17409999999989	5.95339047156194	5.73990000000001
1.17609999999989	5.95358005630998	5.73975
1.17809999999989	5.95377544197311	5.73959000000001
1.18009999999989	5.95397354081724	5.73944000000001
1.18209999999989	5.95417821435009	5.73929000000001
1.18409999999989	5.95439130721704	5.73915000000001
1.18609999999989	5.95460675589482	5.73901000000001
1.18809999999989	5.95482743836464	5.73887000000001
1.19009999999989	5.95505616226773	5.73874000000001
1.19209999999989	5.95528983261452	5.73861000000001
1.19409999999988	5.95552557647407	5.73849
1.19609999999988	5.95576533184243	5.73836000000001
1.19809999999988	5.95601666141017	5.73824000000001
1.20009999999988	5.95626697506358	5.73813
1.20209999999988	5.95652111707596	5.73802
1.20409999999988	5.95678371153958	5.73791
1.20609999999988	5.95704703930661	5.73780000000001
1.20809999999988	5.95731481453069	5.73770000000001
1.21009999999988	5.95758971402762	5.73761
1.21209999999988	5.95786690758141	5.73751000000001
1.21409999999988	5.95814728629723	5.73742000000001
1.21609999999988	5.95843451471441	5.73734
1.21809999999988	5.95872576945133	5.73726
1.22009999999988	5.95901906964016	5.73718
1.22209999999988	5.95931807312424	5.73711
1.22409999999988	5.95961821065764	5.73704
1.22609999999988	5.95992493832798	5.73697000000001
1.22809999999988	5.9602335372637	5.73691
1.23009999999988	5.96054581952321	5.73686
1.23209999999988	5.96086169801511	5.73680000000001
1.23409999999988	5.96118293230365	5.73676
1.23609999999988	5.96150488179552	5.73671
1.23809999999988	5.96183109340695	5.73667
1.24009999999988	5.96216600409168	5.73664
1.24209999999988	5.96249882946333	5.73661
1.24409999999988	5.96283491318649	5.73658
1.24609999999988	5.96314027382603	5.73656
1.24809999999988	5.9634206391805	5.73654000000001
1.25009999999988	5.96370363175615	5.73653
1.25209999999988	5.96399005616434	5.73653
1.25409999999988	5.96428073085105	5.73652
1.25609999999988	5.96457731504366	5.73653
1.25809999999988	5.96487975653091	5.73654
1.26009999999988	5.96518270608219	5.73655
1.26209999999988	5.96549052384578	5.73657
1.26409999999988	5.96580665185755	5.73659
1.26609999999988	5.96612139893769	5.73662
1.26809999999988	5.96643999184292	5.73665
1.27009999999988	5.96673653048658	5.73669
1.27209999999988	5.96700037668834	5.73673999999999
1.27409999999988	5.96727003939157	5.73678999999999
1.27609999999988	5.96754632648616	5.73684
1.27809999999988	5.96782558141833	5.7369
1.28009999999988	5.96810948183897	5.73697
1.28209999999988	5.96840315260754	5.73704
1.28409999999988	5.96869619445521	5.73712
1.28609999999987	5.96899288306748	5.73720999999999
1.28809999999987	5.96929655877855	5.73729999999999
1.29009999999987	5.9696028854245	5.73739
1.29209999999987	5.96991356057139	5.73749999999999
1.29409999999987	5.9702310125137	5.73760999999999
1.29609999999987	5.97055006607484	5.73772
1.29809999999987	5.97087233725342	5.73784
1.30009999999987	5.97119939039284	5.73796999999999
1.30209999999987	5.97152948313513	5.73810999999999
1.30409999999987	5.97186589734395	5.73824999999999
1.30609999999987	5.97220513475847	5.73839
1.30809999999987	5.97254636859878	5.73854999999999
1.31009999999987	5.97289205644731	5.73870999999999
1.31209999999987	5.97324127548101	5.73887999999999
1.31409999999987	5.97359732020843	5.73905
1.31609999999987	5.9739527171097	5.73923999999999
1.31809999999987	5.97431237690536	5.73942999999999
1.32009999999987	5.97467457797398	5.73961999999999
1.32209999999987	5.9750400769418	5.73982999999999
1.32409999999987	5.97540961439736	5.74003999999999
1.32609999999987	5.97572806667435	5.74025999999999
1.32809999999987	5.97604752689538	5.74047999999999
1.33009999999987	5.97637038746621	5.74071999999999
1.33209999999987	5.97670061547771	5.74095999999999
1.33409999999987	5.97703249528754	5.74120999999999
1.33609999999987	5.97736765484923	5.74146999999997
1.33809999999987	5.97770923712455	5.74172999999999
1.34009999999987	5.97805553024437	5.74200999999997
1.34209999999987	5.9784033354019	5.74228999999997
1.34409999999987	5.97875500325783	5.74257999999997
1.34609999999987	5.97911045446001	5.74286999999999
1.34809999999987	5.97946961116722	5.74317999999999
1.35009999999987	5.97983236723959	5.74349999999997
1.35209999999987	5.98020102759401	5.74381999999997
1.35409999999987	5.98057170960783	5.74414999999997
1.35609999999987	5.9809450813608	5.74448999999997
1.35809999999987	5.98132269773541	5.74483999999997
1.36009999999987	5.98170214878101	5.74518999999999
1.36209999999987	5.98208578249337	5.74555999999997
1.36409999999987	5.98247270249908	5.74593999999997
1.36609999999987	5.9828636631666	5.74631999999997
1.36809999999987	5.98325708350609	5.74670999999997
1.37009999999987	5.98365370357859	5.74710999999997
1.37209999999987	5.98405425913501	5.74751999999997
1.37409999999987	5.98445709552651	5.74793999999997
1.37609999999986	5.98486219196686	5.74836999999997
1.37809999999986	5.98527178485721	5.74880999999997
1.38009999999986	5.98568355897882	5.74924999999997
1.38209999999986	5.9860982732332	5.74970999999997
1.38409999999986	5.98651513269431	5.75016999999997
1.38609999999986	5.98693786025389	5.75064999999996
1.38809999999986	5.98736116805978	5.75112999999997
1.39009999999986	5.98778731294918	5.75161999999997
1.39209999999986	5.98821776046451	5.75211999999997
1.39409999999986	5.98860240563833	5.75262999999997
1.39609999999986	5.98898516739757	5.75314999999997
1.39809999999986	5.9893723445666	5.75367999999996
1.40009999999986	5.98976310199336	5.75421999999996
1.40209999999986	5.99015662357879	5.75475999999997
1.40409999999986	5.99055430729533	5.75531999999996
1.40609999999986	5.99095762021396	5.75588999999996
1.40809999999986	5.99136131695151	5.75645999999996
1.41009999999986	5.991768347921	5.75703999999996
1.41209999999986	5.99218161637899	5.75762999999996
1.41409999999986	5.9925973443404	5.75823999999996
1.41609999999986	5.99301407331256	5.75884999999994
1.41809999999986	5.99343468788887	5.75945999999996
1.42009999999986	5.9938573058075	5.76008999999996
1.42209999999986	5.99423329912307	5.76072999999996
1.42409999999986	5.9946140583909	5.76136999999996
1.42609999999986	5.99500022277885	5.76202999999996
1.42809999999986	5.99538890333927	5.76268999999996
1.43009999999986	5.99578152801591	5.76335999999996
1.43209999999986	5.99617727833086	5.76403999999996
1.43409999999986	5.99657900887395	5.76472999999996
1.43609999999986	5.99698304167068	5.76542999999994
1.43809999999986	5.99739084319617	5.76612999999996
1.44009999999986	5.99780228320692	5.76684999999994
1.44209999999986	5.99821878440106	5.76756999999994
1.44409999999986	5.99863743819038	5.76829999999994
1.44609999999986	5.99905964773203	5.76902999999996
1.44809999999986	5.99948463235117	5.76977999999994
1.45009999999986	5.99991373745372	5.77052999999996
1.45209999999986	6.00034620450243	5.77129999999994
1.45409999999986	6.00078270843923	5.77205999999996
1.45609999999986	6.00122317194302	5.77283999999994
1.45809999999986	6.00166476757303	5.77362999999994
1.46009999999986	6.00210811825429	5.77441999999994
1.46209999999986	6.0025581296981	5.77521999999994
1.46409999999986	6.00301120136997	5.77601999999994
1.46609999999985	6.00346522700453	5.77683999999994
1.46809999999985	6.0039208298829	5.77765999999994
1.47009999999985	6.00438355214797	5.77848999999994
1.47209999999985	6.00484779465223	5.77931999999994
1.47409999999985	6.00531355539554	5.78016999999993
1.47609999999985	6.00578285906354	5.78101999999993
1.47809999999985	6.0062542556114	5.78186999999994
1.48009999999985	6.0067283810351	5.78272999999994
1.48209999999985	6.00720588100416	5.78359999999994
1.48409999999985	6.0076859434964	5.78447999999993
1.48609999999985	6.00817068186369	5.78535999999994
1.48809999999985	6.00865596890363	5.78624999999993
1.49009999999985	6.00914379710875	5.78713999999994
1.49209999999985	6.00963409744848	5.78803999999994
1.49409999999985	6.01012828234482	5.78894999999994
1.49609999999985	6.01062357603418	5.78985999999994
1.49809999999985	6.01111929464776	5.79077999999994
1.50009999999985	6.0116208108945	5.79170999999993
1.50209999999985	6.01212537271821	5.79263999999993
1.50409999999985	6.01262831279306	5.79356999999994
1.50609999999985	6.01312815623485	5.79450999999994
1.50809999999985	6.01359555741928	5.79545999999992
1.51009999999985	6.014062768649	5.79640999999994
1.51209999999985	6.01453516738854	5.79736999999992
1.51409999999985	6.01501200913032	5.79832999999994
1.51609999999985	6.01549052964694	5.79929999999992
1.51809999999985	6.01597213470792	5.80027999999992
1.52009999999985	6.01645674593241	5.80124999999992
1.52209999999985	6.01694427454566	5.80223999999992
1.52409999999985	6.01743605006419	5.80321999999992
1.52609999999985	6.01792942922128	5.80421999999992
1.52809999999985	6.01842506101757	5.80520999999992
1.53009999999985	6.01892415945978	5.80621999999992
1.53209999999985	6.01942670104528	5.80721999999992
1.53409999999985	6.01993071855474	5.80822999999992
1.53609999999985	6.02043750642653	5.80924999999992
1.53809999999985	6.02094961953886	5.81026999999992
1.54009999999985	6.02146184515687	5.81128999999992
1.54209999999985	6.02197682269422	5.81231999999992
1.54409999999985	6.02249449691559	5.81334999999992
1.54609999999985	6.02301542131081	5.81438999999992
1.54809999999985	6.02353964926795	5.81542999999992
1.55009999999985	6.02406582211824	5.81646999999992
1.55209999999985	6.02459264500316	5.81751999999992
1.55409999999985	6.02512526105897	5.81856999999992
1.55609999999985	6.02565843696651	5.81962999999992
1.55809999999984	6.02619418586212	5.82068999999992
1.56009999999984	6.02673308092489	5.82174999999992
1.56209999999984	6.02727440925215	5.82281999999992
1.56409999999984	6.02780376787235	5.82388999999992
1.56609999999984	6.02830980400747	5.82495999999992
1.56809999999984	6.02881900830701	5.82603999999992
1.57009999999984	6.02933259806977	5.82711999999992
1.57209999999984	6.0298480245102	5.82820999999991
1.57409999999984	6.03036654804963	5.82928999999992
1.57609999999984	6.03088618198018	5.83037999999992
1.57809999999984	6.03141196830086	5.83147999999991
1.58009999999984	6.03193941227534	5.83256999999992
1.58209999999984	6.03246981619929	5.83366999999992
1.58409999999984	6.03300250719424	5.83477999999991
1.58609999999984	6.03353866201659	5.83587999999992
1.58809999999984	6.03407889756706	5.83698999999991
1.59009999999984	6.0346206657036	5.8380999999999
1.59209999999984	6.03516522033286	5.83920999999992
1.59409999999984	6.03571060749321	5.84032999999992
1.59609999999984	6.03626179677235	5.8414499999999
1.59809999999984	6.03678269170986	5.84256999999992
1.60009999999984	6.03729984759214	5.8436999999999
1.60209999999984	6.03782032829057	5.84481999999992
1.60409999999984	6.03834540177877	5.84594999999992
1.60609999999984	6.03887192090386	5.8470899999999
1.60809999999984	6.03940232130875	5.84821999999992
1.61009999999984	6.03993531332512	5.8493599999999
1.61209999999984	6.04047208204342	5.8504999999999
1.61409999999984	6.04101134382261	5.8516399999999
1.61609999999984	6.04155373284866	5.8527899999999
1.61809999999984	6.04209978625552	5.85392999999992
1.62009999999984	6.04264821097726	5.8550799999999
1.62209999999984	6.0432014008637	5.85622999999992
1.62409999999984	6.04375630434606	5.8573899999999
1.62609999999984	6.04431415631913	5.8585399999999
1.62809999999984	6.04487487358518	5.8596999999999
1.63009999999984	6.04543791392985	5.8608599999999
1.63209999999984	6.04600449748356	5.8620199999999
1.63409999999984	6.04657391260027	5.86317999999992
1.63609999999984	6.04714558326368	5.8643499999999
1.63809999999984	6.04772240605032	5.8655199999999
1.64009999999984	6.04830018690011	5.8666899999999
1.64209999999984	6.04887896900585	5.8678599999999
1.64409999999984	6.04946172078456	5.8690299999999
1.64609999999984	6.05004773326103	5.8702099999999
1.64809999999983	6.05063821843729	5.87137999999992
1.65009999999983	6.05122954217576	5.8725599999999
1.65209999999983	6.05182174607606	5.87373999999992
1.65409999999983	6.05241835341443	5.8749299999999
1.65609999999983	6.05301752115749	5.8761099999999
1.65809999999983	6.05362040957675	5.8772999999999
1.66009999999983	6.05422406646134	5.8784799999999
1.66209999999983	6.05483024640548	5.8796699999999
1.66409999999983	6.05543891061203	5.8808599999999
1.66609999999983	6.05605061065997	5.8820599999999
1.66809999999983	6.05666480230615	5.8832499999999
1.67009999999983	6.05728085937938	5.8844499999999
1.67209999999983	6.05789989183697	5.8856399999999
1.67409999999983	6.05852066205353	5.8868399999999
1.67609999999983	6.05914379640787	5.8880399999999
1.67809999999983	6.0597692873363	5.8892399999999
1.68009999999983	6.06039764796106	5.8904399999999
1.68209999999983	6.0610277258055	5.8916499999999
1.68409999999983	6.06166058910768	5.8928499999999
1.68609999999983	6.06229569460564	5.8940599999999
1.68809999999983	6.06293247973309	5.8952699999999
1.69009999999983	6.06357148464909	5.8964799999999
1.69209999999983	6.06421265920346	5.8976899999999
1.69409999999983	6.06485655262252	5.8988999999999
1.69609999999983	6.06550253587689	5.9001199999999
1.69809999999983	6.0661506897359	5.9013299999999
1.70009999999983	6.06680096115135	5.9025499999999
1.70209999999983	6.06745451522852	5.9037699999999
1.70409999999983	6.06810901845821	5.9049799999999
1.70609999999983	6.06876396772791	5.90620999999988
1.70809999999983	6.06942274901821	5.9074299999999
1.71009999999983	6.07008361583175	5.9086499999999
1.71209999999983	6.07074654168766	5.9098699999999
1.71409999999983	6.07141153621436	5.9110999999999
1.71609999999983	6.07207859541257	5.9123199999999
1.71809999999983	6.07274717749364	5.9135499999999
1.72009999999983	6.07341834583935	5.9147799999999
1.72209999999983	6.07408978506185	5.9160099999999
1.72409999999983	6.07476601709966	5.9172399999999
1.72609999999983	6.07544315114907	5.9184699999999
1.72809999999983	6.07612229026761	5.91969999999989
1.73009999999983	6.07679805450925	5.92093999999988
1.73209999999983	6.07744964760796	5.9221699999999
1.73409999999983	6.07810497752627	5.92340999999989
1.73609999999983	6.07876123917483	5.9246399999999
1.73809999999983	6.07941896211336	5.9258799999999
1.74009999999982	6.08008038950527	5.9271199999999
1.74209999999982	6.08074602627312	5.92835999999989
1.74409999999982	6.08141253937972	5.92959999999989
1.74609999999982	6.08208044837118	5.93083999999989
1.74809999999982	6.08275197509496	5.93208999999988
1.75009999999982	6.08342596182732	5.93332999999989
1.75209999999982	6.08410234118567	5.93457999999988
1.75409999999982	6.08478166550534	5.93581999999989
1.75609999999982	6.0854628510894	5.93706999999989
1.75809999999982	6.08614694189563	5.93831999999988
1.76009999999982	6.0868317193322	5.93955999999989
1.76209999999982	6.08752045467902	5.94080999999989
1.76409999999982	6.08821258442759	5.94205999999989
1.76609999999982	6.0889053411108	5.94330999999989
1.76809999999982	6.08959928449799	5.94456999999987
1.77009999999982	6.09029660827354	5.94581999999989
1.77209999999982	6.09099782070155	5.94706999999989
1.77409999999982	6.09169963691815	5.94832999999989
1.77609999999982	6.09238042936765	5.94957999999989
1.77809999999982	6.09305809373504	5.95083999999989
1.78009999999982	6.09373858023601	5.95209999999989
1.78209999999982	6.09442183840006	5.95335999999987
1.78409999999982	6.09510732717518	5.95461999999987
1.78609999999982	6.09579615825244	5.95587999999987
1.78809999999982	6.09648609325321	5.95713999999987
1.79009999999982	6.09718037831622	5.95839999999987
1.79209999999982	6.09787734808359	5.95965999999989
1.79409999999982	6.09857693389731	5.96091999999989
1.79609999999982	6.09927917377953	5.96218999999987
1.79809999999982	6.09998410273517	5.96344999999989
1.80009999999982	6.10069112910155	5.96471999999987
1.80209999999982	6.10139964634844	5.96597999999989
1.80409999999982	6.1021118248303	5.96724999999989
1.80609999999982	6.10282705377547	5.96851999999987
1.80809999999982	6.1035447924536	5.96978999999987
1.81009999999982	6.10426507725954	5.97105999999987
1.81209999999982	6.10498787306546	5.97232999999987
1.81409999999982	6.10571152045903	5.97359999999987
1.81609999999982	6.10644032423239	5.97486999999987
1.81809999999982	6.10717052031907	5.97613999999989
1.82009999999982	6.1079015859702	5.97740999999989
1.82209999999982	6.10863615534269	5.97868999999987
1.82409999999982	6.10937313306959	5.97995999999989
1.82609999999982	6.11011139555334	5.98123999999987
1.82809999999982	6.11085466890695	5.98250999999989
1.83009999999981	6.11159922683912	5.98378999999989
1.83209999999981	6.11234454585852	5.98506999999987
1.83409999999981	6.11309326291444	5.98634999999987
1.83609999999981	6.11384319748673	5.98761999999989
1.83809999999981	6.11459695983489	5.98889999999989
1.84009999999981	6.11535353540847	5.99017999999989
1.84209999999981	6.11611022812139	5.99145999999989
1.84409999999981	6.11687076138973	5.99274999999987
1.84609999999981	6.11763353555997	5.99402999999987
1.84809999999981	6.11839691357635	5.99530999999989
1.85009999999981	6.11913857507565	5.99659999999987
1.85209999999981	6.11988140214282	5.99787999999989
1.85409999999981	6.12062694570557	5.99915999999989
1.85609999999981	6.12137518928496	6.00044999999989
1.85809999999981	6.12212507016605	6.00173999999987
1.86009999999981	6.12287867074677	6.00301999999989
1.86209999999981	6.12363698787895	6.00430999999989
1.86409999999981	6.1243947829526	6.00559999999989
1.86609999999981	6.12515629255387	6.00688999999987
1.86809999999981	6.12591936693703	6.00817999999987
1.87009999999981	6.12668658290725	6.00946999999987
1.87209999999981	6.12745635032367	6.01075999999989
1.87409999999981	6.12822709417746	6.01204999999989
1.87609999999981	6.12900292103598	6.01333999999989
1.87809999999981	6.12978027430711	6.01463999999987
1.88009999999981	6.13055862188214	6.01592999999989
1.88209999999981	6.13134103982708	6.01721999999989
1.88409999999981	6.13212438660761	6.01851999999987
1.88609999999981	6.13291123598182	6.01980999999989
1.88809999999981	6.13370100999685	6.02110999999989
1.89009999999981	6.13449317858835	6.02240999999987
1.89209999999981	6.13528777706202	6.02369999999988
1.89409999999981	6.1360833052799	6.02499999999988
1.89609999999981	6.13688276955095	6.02629999999988
1.89809999999981	6.13768310940733	6.02759999999988
1.90009999999981	6.13848885534931	6.02889999999988
1.90209999999981	6.13929553715346	6.03019999999988
1.90409999999981	6.14010464310359	6.03149999999988
1.90609999999981	6.14091620686297	6.03279999999988
1.90809999999981	6.14172869423379	6.03410999999987
1.91009999999981	6.14254510355329	6.03540999999986
1.91209999999981	6.14336239721642	6.03670999999988
1.91409999999981	6.14418508256272	6.03801999999986
1.91609999999981	6.14500715461988	6.03931999999988
1.91809999999981	6.1458331208972	6.04062999999986
1.9200999999998	6.14665997353642	6.04192999999988
1.9220999999998	6.14749068191085	6.04323999999988
1.9240999999998	6.14832221265851	6.04454999999986
1.9260999999998	6.14915706455692	6.04585999999986
1.9280999999998	6.1499941992252	6.04715999999988
1.9300999999998	6.1508340916133	6.04846999999988
1.9320999999998	6.15167581103025	6.04977999999988
1.9340999999998	6.15251880318979	6.05108999999988
1.9360999999998	6.15336506781425	6.05239999999988
1.9380999999998	6.15421256482836	6.05371999999986
1.9400999999998	6.15506374283817	6.05502999999986
1.9420999999998	6.15591566044016	6.05633999999988
1.9440999999998	6.15677177198006	6.05764999999988
1.9460999999998	6.15762810291546	6.05896999999986
1.9480999999998	6.15848765025897	6.06027999999988
1.9500999999998	6.15934839018373	6.06159999999986
1.9520999999998	6.16021228679916	6.06290999999988
1.9540999999998	6.16107835660685	6.06422999999986
1.9560999999998	6.16194655455585	6.06554999999986
1.9580999999998	6.16281594846678	6.06685999999988
1.9600999999998	6.16368949526364	6.06817999999988
1.9620999999998	6.16456324652828	6.06949999999986
1.9640999999998	6.16544063513206	6.07081999999986
1.9660999999998	6.16631875423971	6.07213999999986
1.9680999999998	6.16720047201961	6.07345999999986
1.9700999999998	6.16808387126752	6.07477999999986
1.9720999999998	6.16896943751174	6.07609999999988
1.9740999999998	6.169856189325	6.07741999999988
1.9760999999998	6.17074609206807	6.07874999999986
1.9780999999998	6.17163716088762	6.08006999999986
1.9800999999998	6.17253178792152	6.08138999999988
1.9820999999998	6.17342710686393	6.08271999999986
1.9840999999998	6.17432596584214	6.08403999999988
1.9860999999998	6.17522547877169	6.08536999999986
1.9880999999998	6.17612950916613	6.08669999999986
1.9900999999998	6.17703321850156	6.08801999999988
1.9920999999998	6.17794046518928	6.08934999999986
1.9940999999998	6.17884840642561	6.09067999999986
1.9960999999998	6.17975986815674	6.09200999999986
1.9980999999998	6.18067198092625	6.09333999999986
