t	fd_A	fd_V
0	0	0	0
0.002	0	0	0
0.0041	0	0	2.01948391736579E-27
0.006	0	0	2.01827999999995E-13
0.00800000000000001	0	0	4.06885999999968E-13
0.0101	0	0	3.87740912134232E-26
0.0121	0	0	1.80945758995975E-25
0.0141	0	0	4.9113848870336E-25
0.0161	0	0	8.78879400837592E-25
0.0180999999999999	0	0	1.55096364853693E-24
0.0200999999999999	0	0	2.58493941422821E-24
0.0220999999999999	0	0	3.92910790962688E-24
0.0240999999999999	0	0	5.37667398159468E-24
0.0260999999999999	0	0	7.85821581925376E-24
0.0280999999999999	0	0	9.92616735063633E-24
0.0300999999999999	0	0	1.32348898008484E-23
0.0320999999999999	0	0	1.32348898008484E-23
0.0341	0	0	7.44462551297725E-24
0.036	0	0	1.7524799999998E-11
0.0380000000000001	0	0	2.0420599999988E-11
0.0400000000000001	0	0	2.3697099999972E-11
0.0420000000000002	0	0	2.74074999999521E-11
0.0440000000000002	0	0	3.16142999999249E-11
0.0460000000000003	0	0	3.6390599999894E-11
0.0480000000000003	0	0	4.18221999998553E-11
0.0500000000000004	0	0	4.80091999998092E-11
0.0520000000000005	0	0	5.50684999997417E-11
0.0540000000000005	0	0	6.313669999967E-11
0.0560000000000006	0	0	7.237249999958E-11
0.0580000000000006	0	0	8.29611999994796E-11
0.0600000000000007	0	0	9.51178999993429E-11
0.0620000000000007	0	0	1.09091999999174E-10
0.0640000000000008	0	0	1.2517499999899E-10
0.0660000000000009	0	0	1.43700999998774E-10
0.0680000000000009	0	0	1.65060999998489E-10
0.070000000000001	0	0	1.89702999998185E-10
0.072000000000001	0	0	2.18148999997717E-10
0.0740000000000011	0	1.56259644837895E-10	2.50995999997253E-10
0.0760000000000012	0	1.55879738030067E-10	2.88934999996704E-10
0.0780000000000012	0	1.55501568683388E-10	3.3276099999599E-10
0.0800000000000013	0	1.55125125281064E-10	2.51894000000404E-10
0.0820000000000013	0	1.54750396420408E-10	1.31880000000105E-09
0.0840000000000014	0	1.54377370812271E-10	3.46596000000193E-09
0.0860000000000014	0	1.54006037280021E-10	7.00827000000318E-09
0.0880000000000015	0	1.53636384759373E-10	1.23276000000047E-08
0.0900000000000016	0	1.53268402297892E-10	1.98842000000069E-08
0.0920000000000016	0	1.52902079054935E-10	3.02296000000097E-08
0.0940000000000017	0	1.52537404301568E-10	4.40218000000132E-08
0.0960000000000017	0	1.52174367421065E-10	6.20415000000176E-08
0.0980000000000018	0	1.51812957908612E-10	8.52113000000235E-08
0.100000000000002	0	1.51453165371672E-10	1.1461700000003E-07
0.102000000000002	0	1.51094979532122E-10	1.51532000000039E-07
0.104000000000002	0	1.50738390224499E-10	1.9744200000005E-07
0.106000000000002	0	1.50383387398995E-10	2.54080000000063E-07
0.108000000000002	0	1.50029961121594E-10	3.2345200000008E-07
0.110000000000002	0	1.49678101575411E-10	4.07882000000099E-07
0.112000000000002	0	1.49327799062276E-10	5.10049000000122E-07
0.114000000000002	4.48189594042963E-08	7.06134364315094E-10	6.33034000000151E-07
0.116000000000002	2.22390585829752E-07	2.97656962482123E-09	7.80371000000186E-07
0.118000000000002	5.46716226774625E-07	7.26264823335604E-09	9.56103000000226E-07
0.120000000000002	1.03093742343049E-06	1.38821745169478E-08	1.16484000000028E-06
0.122000000000002	1.68899015755554E-06	2.31921990127934E-08	1.41184000000034E-06
0.124000000000003	2.53563081061524E-06	3.5592975945375E-08	1.7030700000004E-06
0.126000000000002	3.58646620987875E-06	5.15323010608286E-08	2.04529000000046E-06
0.128000000000002	4.857982101644E-06	7.1510173702785E-08	2.44615000000048E-06
0.130000000000002	6.36757127301883E-06	9.60838188255701E-08	2.9142900000005E-06
0.132000000000002	8.13356123422115E-06	1.25873087718721E-07	3.45942000000053E-06
0.134000000000002	1.01752413751031E-05	1.61566256493915E-07	4.09250000000053E-06
0.136000000000001	1.30134296928906E-05	2.14325003248392E-07	4.82578000000052E-06
0.138000000000001	1.77428330249455E-05	3.0356507763217E-07	5.6730300000005E-06
0.140000000000001	2.3504758990323E-05	4.2405191918861E-07	6.64963000000047E-06
0.142000000000001	3.038108019716E-05	5.80003406462355E-07	7.77275000000042E-06
0.144	3.84588538640978E-05	7.7613558679878E-07	9.06154000000032E-06
0.146	4.7830618206709E-05	1.01771429094876E-06	1.05373000000002E-05
0.148	5.85946959292815E-05	1.3106111259141E-06	1.22237E-05
0.1501	7.69220264429139E-05	1.58304166039891E-06	1.42499999999998E-05
0.1521	9.88004368839738E-05	1.93604524222989E-06	1.64534999999995E-05
0.154099999999999	0.000124075904077969	2.45695462391702E-06	1.89570999999991E-05
0.156099999999999	0.000152972775657458	3.1675812276753E-06	2.17962999999987E-05
0.158099999999999	0.000185734094339884	4.09249290630637E-06	2.50108999999981E-05
0.160099999999999	0.000222621486079746	5.25923035490918E-06	2.86441999999974E-05
0.162099999999998	0.000263915273951631	6.69855167029541E-06	3.27440999999967E-05
0.164099999999998	0.000309914757335572	8.44470394380354E-06	3.73632999999957E-05
0.166099999999998	0.000360938616372144	1.05357216618656E-05	4.25594999999946E-05
0.168099999999998	0.000429233684021167	1.29498149691836E-05	4.83961999999932E-05
0.170099999999998	0.000505256061532288	1.59763188524974E-05	5.49425999999916E-05
0.172099999999997	0.000589802890563844	1.97267203175219E-05	6.22746999999898E-05
0.174099999999997	0.000683436484237545	2.42914278703214E-05	7.04752999999877E-05
0.176099999999997	0.000757951049472972	2.82113489425808E-05	7.96349999999851E-05
0.178099999999997	0.000838835706950929	3.27447510368345E-05	8.98521999999821E-05
0.180099999999996	0.000929323866969006	3.81516942758179E-05	0.000101233999999979
0.182099999999996	0.00102132426272903	4.4013462717054E-05	0.000113897999999975
0.184099999999996	0.00109939318588378	4.93084199676115E-05	0.000127969999999971
0.186099999999996	0.00118727374033892	5.55406812264121E-05	0.000143587999999966
0.188099999999996	0.0012856429151949	6.28248561854792E-05	0.00016090099999996
0.190099999999995	0.00141184945207033	7.16568539068449E-05	0.000180069999999954
0.192099999999995	0.00155461572704823	8.21772751101916E-05	0.000201269999999946
0.194099999999995	0.00168878234233034	9.27285848101248E-05	0.000224686999999938
0.196099999999995	0.00184201697254418	0.000104153282133358	0.000250526999999929
0.198099999999995	0.0020186249038844	0.000118091622527934	0.000279005999999918
0.200099999999994	0.00218750731661469	0.000132359425448197	0.000310359999999906
0.202099999999994	0.00237241152087869	0.000148935467079652	0.000344840999999893
0.204099999999994	0.00257782115864025	0.00016851803767266	0.000382718999999878
0.206099999999994	0.00277871181957263	0.000188740004645348	0.000424285999999862
0.208099999999993	0.00301145147407834	0.000212856378476324	0.000469849999999843
0.210099999999993	0.00326561698459043	0.000239035176794118	0.000519741999999822
0.212099999999993	0.00353650503244783	0.000268572880207982	0.000574316999999799
0.214099999999993	0.00379228556672881	0.000298233612622174	0.000633947999999773
0.216099999999993	0.0040413915104168	0.000328495367932524	0.000699035999999747
0.218099999999992	0.0043012903738543	0.00036166455963884	0.000770002999999716
0.220099999999992	0.00461018933163739	0.000399931161129228	0.000847298999999682
0.222099999999992	0.00494726789718276	0.000443918040057483	0.000931395999999644
0.224099999999992	0.00533059819884316	0.00049333501467045	0.00102
0.226099999999991	0.0057075320341825	0.000544367241611241	0.00112
0.228099999999991	0.00610967966597987	0.000601624296330585	0.00122999999999912
0.230099999999991	0.00651306964992034	0.000662321707013383	0.0013499999999991
0.232099999999991	0.00694697552084649	0.000730633219888483	0.00147
0.234099999999991	0.00737344362905237	0.000801351638619278	0.00160999999999905
0.23609999999999	0.00785400137745777	0.000881449849737315	0.00175999999999903
0.23809999999999	0.00834170593181024	0.000964732232356299	0.00191
0.24009999999999	0.00882043241376965	0.00105059619326975	0.00208999999999899
0.24209999999999	0.00935235396659431	0.0011449458577862	0.00226999999999896
0.244099999999989	0.00990938088969338	0.00124789485197177	0.00246999999999895
0.246099999999989	0.0105461783386141	0.00136611124763123	0.00267999999999892
0.248099999999989	0.0112034542620312	0.00149269720495118	0.00290999999999781
0.250099999999989	0.0118592315206247	0.0016250142372328	0.00314999999999888
0.252099999999989	0.0125428768696969	0.00176917609727507	0.00340999999999885
0.254099999999988	0.013221931761772	0.00191856672388211	0.00368999999999767
0.256099999999988	0.0139222648226814	0.00207906667029536	0.00397999999999881
0.258099999999988	0.0146678413897129	0.00224867644973709	0.00429999999999758
0.260099999999988	0.0154409987752256	0.00242766303769957	0.00462999999999754
0.262099999999987	0.0162426450355643	0.00261640919632222	0.0049899999999975
0.264099999999987	0.0170933023042531	0.00282522239552766	0.00535999999999744
0.266099999999987	0.0179906069458717	0.00304914994454399	0.00575999999999741
0.268099999999987	0.0189254805682249	0.00328752229593197	0.00617999999999735
0.270099999999987	0.0198594957185795	0.00353478816808263	0.00662999999999597
0.272099999999986	0.0207846807212509	0.00378963015602498	0.0070999999999959
0.274099999999986	0.0217587505298946	0.00406255622718967	0.00758999999999584
0.276099999999986	0.0227864467294513	0.0043544225240456	0.00810999999999577
0.278099999999986	0.0238483565349324	0.00465472828577442	0.00864999999999572
0.280099999999985	0.0249263011404737	0.00497124052074742	0.00921999999999563
0.282099999999985	0.0260381131283471	0.00530918984690429	0.00981999999999557
0.284099999999985	0.0271804360235245	0.0056668303118638	0.0104399999999955
0.286099999999985	0.0283612568957639	0.00603648785706212	0.0110899999999939
0.288099999999985	0.0295225254267469	0.00641282285865572	0.0117599999999954
0.290099999999984	0.0306907124290014	0.00680083536359888	0.0124599999999953
0.292099999999984	0.0319340050150569	0.00721433822371361	0.0131899999999937
0.294099999999984	0.0332508862220321	0.00765553891304212	0.0139499999999936
0.296099999999984	0.0345514937145286	0.00810123180548272	0.0147299999999935
0.298099999999983	0.0358694161240305	0.00856580436777957	0.0155299999999934
0.300099999999983	0.037195079668705	0.00904670420959073	0.0163699999999933
0.302099999999983	0.0385033250376281	0.00953461567699553	0.0172299999999915
0.304099999999983	0.0398744403166771	0.0100464786282842	0.0181099999999931
0.306099999999983	0.041227848914281	0.010562185992177	0.0190199999999913
0.308099999999982	0.042611431901741	0.0110895420776454	0.019949999999993
0.310099999999982	0.0440230480681407	0.0116385352179848	0.0209099999999911
0.312099999999982	0.0455037933340982	0.0122168227645816	0.021889999999991
0.314099999999982	0.0469970712775246	0.0128109188351254	0.0228899999999909
0.316099999999982	0.0484519342590245	0.0134027652668397	0.0239199999999908
0.318099999999981	0.0499013722116453	0.0140061739462897	0.0249699999999888
0.320099999999981	0.0513346190038468	0.0146150861094605	0.0260299999999905
0.322099999999981	0.0528003498538042	0.015243032660772	0.0271199999999904
0.324099999999981	0.054276590611864	0.0158802458487296	0.0282299999999884
0.32609999999998	0.05580005681116	0.0165369462223759	0.0293499999999902
0.32809999999998	0.0573027440817614	0.0171948912819731	0.0304899999999901
0.33009999999998	0.0588152858438637	0.0178704562063089	0.0316599999999879
0.33209999999998	0.0603404052436606	0.0185594730751523	0.0328299999999878
0.33409999999998	0.0618901067402435	0.0192615699036971	0.0340199999999877
0.336099999999979	0.0634220728675661	0.019967824668537	0.0352299999999876
0.338099999999979	0.0649258222538621	0.0206726365083768	0.0364599999999854
0.340099999999979	0.0664121886754412	0.0213814411747885	0.0376899999999873
0.342099999999979	0.0679428191558084	0.0221113058375366	0.0389399999999872
0.344099999999978	0.069481926189822	0.022852762902973	0.0401999999999871
0.346099999999978	0.071037279370745	0.0236004847464627	0.0414799999999847
0.348099999999978	0.0725612377134333	0.0243412080477931	0.0427699999999846
0.350099999999978	0.0740829548301262	0.0250920623064483	0.0440599999999866
0.352099999999978	0.0755952368773285	0.0258490446538461	0.0453699999999843
0.354099999999977	0.0771044055007683	0.0266159793566015	0.0466899999999841
0.356099999999977	0.0786073052010612	0.0273852113995156	0.0480099999999862
0.358099999999977	0.0801419436919449	0.0281700727418143	0.0493499999999838
0.360099999999977	0.0816460026712965	0.0289494339137334	0.050689999999986
0.362099999999976	0.0831104613179958	0.0297176209755857	0.0520499999999835
0.364099999999976	0.0845825495511599	0.0304946280691636	0.0534099999999834
0.366099999999976	0.0860797919844874	0.0312842849672843	0.0547699999999856
0.368099999999976	0.0875876205745632	0.0320864285337427	0.056149999999983
0.370099999999976	0.0891274862631631	0.032903910933093	0.0575299999999829
0.372099999999975	0.0906402306717039	0.0337169305974902	0.0589099999999828
0.374099999999975	0.0921256619726924	0.0345238294494104	0.0603099999999826
0.376099999999975	0.0936043403515264	0.0353358553552242	0.0616999999999824
0.378099999999975	0.0950564828538424	0.0361422352524524	0.0631099999999822
0.380099999999974	0.0965091904629949	0.0369573820671279	0.0645099999999821
0.382099999999974	0.0979272323741175	0.0377612272972835	0.065929999999982
0.384099999999974	0.0993326824291099	0.038566162270914	0.0673399999999818
0.386099999999974	0.100763128946784	0.0393817562625429	0.0687599999999816
0.388099999999974	0.102181007023192	0.0401949053916766	0.0701899999999815
0.390099999999973	0.103588072935092	0.0410101305961561	0.0716199999999814
0.392099999999973	0.105010159938706	0.0418289539561568	0.0730499999999812
0.394099999999973	0.106423655320567	0.0426492141394061	0.074479999999981
0.396099999999973	0.107826289096262	0.0434705718792961	0.0759199999999809
0.398099999999972	0.109223668848414	0.0442964972261601	0.0773599999999807
0.400099999999972	0.110650788913704	0.0451368468069178	0.0787999999999806
0.402099999999972	0.112067216871471	0.0459757848699333	0.0802499999999804
0.404099999999972	0.113480329055767	0.046819393439476	0.0816999999999802
0.406099999999972	0.114847934910222	0.047643812962815	0.0831499999999801
0.408099999999971	0.116207260817994	0.0484681981825187	0.08459999999998
0.410099999999971	0.117572492203259	0.0493034146266856	0.0860599999999769
0.412099999999971	0.118899171490078	0.0501216191863286	0.0875099999999797
0.414099999999971	0.120224251981303	0.0509446806101572	0.0889699999999795
0.41609999999997	0.12153679982383	0.0517665124282669	0.0904299999999794
0.41809999999997	0.122867730661632	0.0525961676596937	0.0918899999999792
0.42009999999997	0.124209936688787	0.053435853591531	0.093359999999976
0.42209999999997	0.125523186127785	0.0542638851841295	0.0948199999999789
0.42409999999997	0.126848368834379	0.0550963010689816	0.0962899999999757
0.426099999999969	0.128183523898077	0.0559374412451114	0.0977599999999755
0.428099999999969	0.129486423665289	0.0567646165445233	0.0992199999999784
0.430099999999969	0.130777252504992	0.0575889053142586	0.100689999999978
0.432099999999969	0.132074747985205	0.05842387658074	0.102159999999978
0.434099999999969	0.133359756700233	0.0592561942560276	0.103639999999975
0.436099999999968	0.134633904736186	0.0600865953823188	0.105109999999975
0.438099999999968	0.135921746016066	0.0609286667298456	0.106579999999978
0.440099999999968	0.137220123334255	0.0617746257872373	0.108059999999974
0.442099999999968	0.138491099675759	0.0626078371145186	0.109529999999977
0.444099999999967	0.139767837793514	0.0634497901199097	0.111009999999974
0.446099999999967	0.141024296295621	0.0642838421032034	0.112479999999977
0.448099999999967	0.142258514828566	0.0651079631144702	0.113959999999977
0.450099999999967	0.143486935289363	0.06593284195703	0.115439999999973
0.452099999999967	0.144706721861825	0.0667568679285562	0.116919999999973
0.454099999999966	0.145903998034292	0.06757047872716	0.118389999999976
0.456099999999966	0.147137306914645	0.0684020476501158	0.119869999999976
0.458099999999966	0.14837418895129	0.0692405012821789	0.121349999999976
0.460099999999966	0.149597565905713	0.0700749196301512	0.122829999999976
0.462099999999965	0.150824112388504	0.0709121053368993	0.124319999999972
0.464099999999965	0.152070882035101	0.0717607883956828	0.125799999999972
0.466099999999965	0.153294018736149	0.0725979945906323	0.127279999999972
0.468099999999965	0.154494805424018	0.0734242328852379	0.128759999999975
0.470099999999965	0.155692725897805	0.074252805955149	0.130239999999975
0.472099999999964	0.156888903068075	0.0750848607606022	0.131729999999971
0.474099999999964	0.158072700366413	0.0759125783248799	0.133209999999971
0.476099999999964	0.159246638816156	0.0767373414543635	0.134689999999975
0.478099999999964	0.160426729615332	0.0775708197634038	0.136179999999971
0.480099999999963	0.161600699800886	0.0784045523481962	0.137659999999974
0.482099999999963	0.162761270223881	0.0792327659301286	0.139149999999971
0.484099999999963	0.16390379419195	0.0800516800197652	0.140629999999974
0.486099999999963	0.165064976229846	0.0808828712053241	0.14211999999997
0.488099999999963	0.16623922741435	0.0817223436078365	0.143599999999974
0.490099999999962	0.167403012894581	0.0825584675008469	0.14508999999997
0.492099999999962	0.168552750100375	0.0833878203392634	0.146569999999973
0.494099999999962	0.169693500054648	0.0842150588957017	0.14805999999997
0.496099999999962	0.170818635217146	0.085034375838422	0.149549999999969
0.498099999999961	0.17192865511349	0.0858465244849072	0.151029999999973
0.500099999999961	0.173056287641384	0.0866696562116853	0.152519999999973
0.502099999999961	0.174196454450144	0.087500840940932	0.154009999999969
0.504099999999961	0.175327323166187	0.0883292449028872	0.155489999999973
0.506099999999961	0.176449895852828	0.0891551104805096	0.156979999999972
0.50809999999996	0.177570558242579	0.0899831558381294	0.158469999999972
0.51009999999996	0.178725917746192	0.0908308337404701	0.159959999999968
0.51209999999996	0.179871636424878	0.09167533444765	0.161449999999968
0.51409999999996	0.181010484635452	0.0925181230079612	0.162939999999968
0.516099999999959	0.182138684040158	0.0933570192566103	0.164419999999972
0.518099999999959	0.183257791141827	0.0941924440659368	0.165909999999971
0.520099999999959	0.184364506622309	0.0950224168874295	0.167399999999971
0.522099999999959	0.185463540213731	0.095849668379623	0.168889999999971
0.524099999999959	0.18655398814578	0.0966738019759972	0.170379999999971
0.526099999999958	0.187643415076231	0.0975003223627132	0.171869999999971
0.528099999999958	0.188725439754394	0.0983247464234533	0.173359999999971
0.530099999999958	0.189802018441801	0.0991483827996421	0.174849999999971
0.532099999999958	0.190872462460538	0.0999702627921742	0.17633999999997
0.534099999999958	0.191934482277936	0.100788901467404	0.17782999999997
0.536099999999957	0.192993051895421	0.101607987904112	0.179329999999966
0.538099999999957	0.194043094134799	0.102423850897184	0.180819999999966
0.540099999999957	0.195085610764237	0.103236483107546	0.182309999999965
0.542099999999957	0.196126888003567	0.10405077401895	0.18379999999997
0.544099999999956	0.197184638948939	0.104871922015018	0.185289999999969
0.546099999999956	0.198238102515293	0.105692574293612	0.186779999999969
0.548099999999956	0.199287738351312	0.106513167921626	0.188279999999965
0.550099999999956	0.200335210919533	0.107335095290857	0.189769999999969
0.552099999999956	0.201385548651456	0.108161350309161	0.191259999999969
0.554099999999955	0.202445432449564	0.108990187234588	0.192759999999964
0.556099999999955	0.203500820821904	0.109818093913208	0.194249999999964
0.558099999999955	0.204548544309489	0.110643077272322	0.195739999999968
0.560099999999955	0.205588728563301	0.111465042948539	0.197239999999964
0.562099999999954	0.206627653468172	0.112288985208764	0.198729999999968
0.564099999999954	0.207663716705927	0.113113575562948	0.200229999999963
0.566099999999954	0.208701029482623	0.113941979225907	0.201719999999968
0.568099999999954	0.209736636410928	0.114771780583629	0.203219999999963
0.570099999999954	0.210768971621702	0.115600717158979	0.204709999999967
0.572099999999953	0.211821913297452	0.116440972315079	0.206209999999963
0.574099999999953	0.212873042031885	0.117283006588721	0.207699999999967
0.576099999999953	0.213918526886966	0.118123401836988	0.209199999999962
0.578099999999953	0.214955580873324	0.118959809367138	0.210689999999967
0.580099999999952	0.215985729606735	0.1197937602041	0.212189999999967
0.582099999999952	0.216995688923759	0.120613880708233	0.213689999999962
0.584099999999952	0.218004852836582	0.121435504913439	0.215179999999966
0.586099999999952	0.219011975341503	0.122258032977036	0.216679999999966
0.588099999999952	0.220016953972595	0.123081917366221	0.218179999999961
0.590099999999951	0.221024377208074	0.123910143224103	0.219679999999961
0.592099999999951	0.22201967672893	0.124731122610849	0.221179999999961
0.594099999999951	0.22300541604175	0.12554668511126	0.222669999999966
0.596099999999951	0.223986721039361	0.126360946153998	0.224169999999965
0.59809999999995	0.224966817718604	0.127176790177221	0.225669999999965
0.60009999999995	0.225941717922365	0.127990730276206	0.227169999999965
0.60209999999995	0.226923340180983	0.128810089842961	0.228669999999965
0.60409999999995	0.227917890524432	0.129636853005764	0.230169999999965
0.60609999999995	0.228914101788172	0.130467372398592	0.231669999999965
0.608099999999949	0.229907604438011	0.131297825893607	0.233169999999965
0.610099999999949	0.230897548623699	0.132128347719553	0.234669999999964
0.612099999999949	0.231872022728827	0.132947993121294	0.236169999999964
0.614099999999949	0.232862309488806	0.133777748227725	0.237669999999964
0.616099999999948	0.233853622994909	0.134607708955052	0.239179999999959
0.618099999999948	0.234843849630886	0.135439317082548	0.240679999999959
0.620099999999948	0.23583096064285	0.13627091469304	0.242179999999964
0.622099999999948	0.236806789630575	0.137095671322431	0.243679999999963
0.624099999999948	0.237769459142548	0.137911232363637	0.245189999999958
0.626099999999947	0.238734265319563	0.138730925166577	0.246689999999958
0.628099999999947	0.2396978406058	0.139551614327851	0.248189999999963
0.630099999999947	0.240660162814099	0.140374125818296	0.249699999999958
0.632099999999947	0.241627725389177	0.141202976285554	0.251199999999963
0.634099999999946	0.242588929665593	0.142029074580517	0.252709999999957
0.636099999999946	0.243542272002707	0.142850523239665	0.254209999999957
0.638099999999946	0.244497918284155	0.143676342173284	0.255709999999962
0.640099999999946	0.245450449199642	0.144501688615603	0.257219999999957
0.642099999999946	0.246400568544903	0.145327146702084	0.258729999999956
0.644099999999945	0.247371224109252	0.14616502350235	0.260229999999962
0.646099999999945	0.248334248218515	0.146998134654252	0.261739999999956
0.648099999999945	0.249287806805552	0.147824919562457	0.263239999999961
0.650099999999945	0.250244592007406	0.148656610234891	0.264749999999961
0.652099999999945	0.251199428486705	0.149488741779342	0.266259999999956
0.654099999999944	0.252153890911076	0.150323107069064	0.267769999999955
0.656099999999944	0.253099273468209	0.15115165358099	0.269269999999961
0.658099999999944	0.254034894600677	0.151973830439971	0.270779999999961
0.660099999999944	0.254962162961438	0.15279041298023	0.272289999999961
0.662099999999943	0.255892462422463	0.153611689529936	0.273799999999955
0.664099999999943	0.256817054975411	0.154430181984881	0.275309999999955
0.666099999999943	0.257742883920812	0.155251943436677	0.276819999999954
0.668099999999943	0.258655583455057	0.156064219868141	0.278329999999954
0.670099999999943	0.259567728593885	0.156876144555904	0.279839999999954
0.672099999999942	0.260497485189565	0.157699284367902	0.281349999999954
0.674099999999942	0.261426320028005	0.158523625601221	0.282859999999954
0.676099999999942	0.262356055440916	0.159350891616335	0.284369999999953
0.678099999999942	0.263291298422214	0.160184914724791	0.285879999999959
0.680099999999941	0.264221713548856	0.161017295432188	0.287389999999959
0.682099999999941	0.265146317663147	0.161846078888745	0.288909999999953
0.684099999999941	0.266090840185887	0.162688426630726	0.290419999999953
0.686099999999941	0.267034163343091	0.163530209718285	0.291929999999953
0.688099999999941	0.2679792830452	0.16437590387641	0.293439999999958
0.69009999999994	0.268914979770042	0.165215076001446	0.294959999999952
0.69209999999994	0.269840076541807	0.166047010989095	0.296469999999952
0.69409999999994	0.270755968125556	0.166872402754976	0.297979999999958
0.69609999999994	0.271668823625788	0.167696744984782	0.299499999999952
0.698099999999939	0.272583221667951	0.16852471810565	0.301009999999958
0.700099999999939	0.273498382910776	0.16935529128922	0.302529999999951
0.702099999999939	0.274414568027228	0.170188992285826	0.304039999999957
0.704099999999939	0.275323412615423	0.171017711648916	0.305559999999951
0.706099999999939	0.276225946725666	0.171842754489401	0.307069999999957
0.708099999999938	0.277122902782353	0.172664562262278	0.308589999999951
0.710099999999938	0.278023428875316	0.173491257096289	0.310109999999951
0.712099999999938	0.278922693233858	0.174318865319448	0.311619999999957
0.714099999999938	0.279826625716863	0.175152472332864	0.313139999999956
0.716099999999937	0.280724438089	0.175982752795944	0.31465999999995
0.718099999999937	0.281614152184481	0.176807044472243	0.31617999999995
0.720099999999937	0.282495768088083	0.177625697020117	0.317689999999956
0.722099999999937	0.283369655685874	0.178438916913684	0.319209999999956
0.724099999999937	0.284248589797518	0.179258214723044	0.320729999999949
0.726099999999936	0.285125964498049	0.180077996754061	0.322249999999949
0.728099999999936	0.286027707837207	0.180914762080131	0.323769999999949
0.730099999999936	0.286923200009711	0.181747348681566	0.325289999999949
0.732099999999936	0.287814747748765	0.182578182520657	0.326809999999949
0.734099999999935	0.288700138400589	0.183404958341502	0.328329999999948
0.736099999999935	0.289579311699114	0.184227779021779	0.329849999999948
0.738099999999935	0.290463249547751	0.18505668089167	0.331369999999948
0.740099999999935	0.291342947704003	0.185883744485344	0.332889999999948
0.742099999999935	0.292216399497633	0.186706364148485	0.334409999999954
0.744099999999934	0.293084353022426	0.187525695966953	0.335929999999954
0.746099999999934	0.29394627775362	0.188340919726031	0.337449999999954
0.748099999999934	0.294822220784069	0.189166612982487	0.338979999999947
0.750099999999934	0.295703728894896	0.189996286594164	0.340499999999947
0.752099999999933	0.29658999243448	0.19083200541392	0.342019999999953
0.754099999999933	0.29747261168489	0.191666343109616	0.343549999999947
0.756099999999933	0.298348679977002	0.19249610809347	0.345069999999946
0.758099999999933	0.299222366807078	0.19332535003716	0.346589999999953
0.760099999999933	0.300091206019041	0.194151686230728	0.348119999999946
0.762099999999932	0.300962342227328	0.194981942343873	0.349639999999946
0.764099999999932	0.301835432438021	0.195815500216609	0.351159999999953
0.766099999999932	0.302721997134028	0.19665949523613	0.352689999999946
0.768099999999932	0.303618224828946	0.197511330225577	0.354209999999952
0.770099999999932	0.304506983740701	0.198357987507777	0.355739999999945
0.772099999999931	0.305391102799523	0.199201965409722	0.357259999999952
0.774099999999931	0.30626696301112	0.200039638813588	0.358789999999945
0.776099999999931	0.307140791078249	0.200876900884229	0.360319999999945
0.778099999999931	0.308018240184194	0.201719693805061	0.361839999999944
0.78009999999993	0.308889297247998	0.202558005654448	0.363369999999944
0.78209999999993	0.309752947022093	0.203390816929996	0.364889999999951
0.78409999999993	0.310611809095841	0.204220640122443	0.366419999999944
0.78609999999993	0.311466812022129	0.205048260686247	0.367949999999944
0.78809999999993	0.312318296370673	0.205874080721444	0.369479999999944
0.790099999999929	0.313165181232321	0.206697021548783	0.370999999999951
0.792099999999929	0.314015793501746	0.207525019932376	0.372529999999943
0.794099999999929	0.314867425994801	0.208355707258462	0.374059999999943
0.796099999999929	0.315715198787505	0.209184195446323	0.375589999999943
0.798099999999928	0.316561972434355	0.21001317839977	0.377119999999943
0.800099999999928	0.317402784841215	0.210838225425413	0.37863999999995
0.802099999999928	0.318242172523984	0.211662947575508	0.38016999999995
0.804099999999928	0.319073779934775	0.212481888515783	0.381699999999949
0.806099999999928	0.319901728074991	0.213298627094714	0.383229999999942
0.808099999999927	0.320736991199342	0.2141238083787	0.384759999999942
0.810099999999927	0.321568673723502	0.214947299242705	0.386289999999942
0.812099999999927	0.322394934923159	0.215766893977701	0.387819999999941
0.814099999999927	0.323219185684815	0.216585950580846	0.389349999999941
0.816099999999926	0.324039224786834	0.217402181018297	0.390879999999941
0.818099999999926	0.324864167141221	0.218223273689729	0.392409999999941
0.820099999999926	0.325708180367046	0.219059046601842	0.393939999999941
0.822099999999926	0.326549189389541	0.219893283080805	0.395469999999948
0.824099999999926	0.327385582847077	0.220724628411016	0.396999999999948
0.826099999999925	0.328219408375957	0.221554921189445	0.398529999999948
0.828099999999925	0.329049477660999	0.22238259626598	0.400059999999948
0.830099999999925	0.329876525819107	0.223209001816267	0.40159999999994
0.832099999999925	0.330699954058703	0.22403324795175	0.40312999999994
0.834099999999924	0.331530736680862	0.224864159500792	0.40465999999994
0.836099999999924	0.332375022376986	0.225705079221742	0.406189999999939
0.838099999999924	0.333214795043503	0.226543116802794	0.407719999999947
0.840099999999924	0.334049303792743	0.227377399354723	0.409259999999939
0.842099999999924	0.334879474585444	0.228208744183776	0.410789999999939
0.844099999999923	0.335706839418289	0.229038584114533	0.412319999999939
0.846099999999923	0.336529954042237	0.22986580445109	0.413849999999946
0.848099999999923	0.337348389094725	0.230689854488225	0.415389999999938
0.850099999999923	0.338168799226437	0.231517094948085	0.416919999999938
0.852099999999922	0.338991640775416	0.232348435052395	0.418449999999938
0.854099999999922	0.339812300670035	0.233179007932247	0.419979999999946
0.856099999999922	0.340632597213612	0.234010560115639	0.421519999999938
0.858099999999922	0.341451133237986	0.234841570985275	0.423049999999937
0.860099999999922	0.342267330131946	0.235671879999388	0.424579999999945
0.862099999999921	0.343082406092351	0.236502448963276	0.426119999999937
0.864099999999921	0.343892252169397	0.237328983947091	0.427649999999937
0.866099999999921	0.344706669328457	0.238160157646182	0.429179999999945
0.868099999999921	0.345539770630798	0.239006130927325	0.430719999999937
0.87009999999992	0.346370489718139	0.239851333856434	0.432249999999936
0.87209999999992	0.347195979128849	0.240692736932692	0.433779999999944
0.87409999999992	0.348019374311376	0.24153344517597	0.435319999999936
0.87609999999992	0.348837830341255	0.242370518773615	0.436849999999936
0.87809999999992	0.349655415574193	0.243207857628861	0.438379999999944
0.880099999999919	0.350468046221318	0.244041771562092	0.439919999999935
0.882099999999919	0.351278104544344	0.244874429475464	0.441449999999944
0.884099999999919	0.352083799220868	0.245703879724341	0.442989999999935
0.886099999999919	0.352890777694713	0.246535765984764	0.444519999999935
0.888099999999919	0.353693265845765	0.247364631114384	0.446049999999943
0.890099999999918	0.354493622660279	0.248192636378264	0.447589999999935
0.892099999999918	0.355292781021816	0.249020650284425	0.449119999999934
0.894099999999918	0.356091026718832	0.249849214653167	0.450649999999942
0.896099999999918	0.356886381326221	0.250675835574405	0.452189999999934
0.898099999999917	0.357676093374969	0.251497981707692	0.453719999999942
0.900099999999917	0.358465199083616	0.252320870196211	0.455259999999934
0.902099999999917	0.359251538007674	0.253142240775259	0.456789999999934
0.904099999999917	0.360034439770253	0.253960956940265	0.458319999999942
0.906099999999917	0.360812656061688	0.254776375255184	0.459859999999933
0.908099999999916	0.36159017498242	0.255592307252213	0.461389999999933
0.910099999999916	0.362364692061525	0.25640608093599	0.462919999999941
0.912099999999916	0.363137510707101	0.257219469346316	0.464459999999933
0.914099999999916	0.36392860694949	0.258048188627133	0.465989999999932
0.916099999999915	0.364724272214462	0.258881324621077	0.467519999999941
0.918099999999915	0.365516989480393	0.259712511324003	0.469059999999932
0.920099999999915	0.366308378924206	0.260543696165835	0.470589999999932
0.922099999999915	0.367099059460881	0.261375600358939	0.472119999999932
0.924099999999915	0.367888928587552	0.262207600371801	0.47364999999994
0.926099999999914	0.368677329758008	0.263039586687146	0.475189999999931
0.928099999999914	0.369463449058955	0.263870516921486	0.476719999999931
0.930099999999914	0.370249469492517	0.264702435677883	0.478249999999931
0.932099999999914	0.37104576173793	0.265540241854229	0.47977999999994
0.934099999999913	0.371840436764827	0.266377256054392	0.481309999999939
0.936099999999913	0.372632012508981	0.267212402281938	0.48284999999993
0.938099999999913	0.373422064243203	0.268046996088056	0.48437999999993
0.940099999999913	0.374209271952278	0.268879965536494	0.48590999999993
0.942099999999913	0.374995169652241	0.26971292379646	0.48743999999993
0.944099999999912	0.375780183364479	0.27054605921617	0.48896999999993
0.946099999999912	0.376559163443477	0.271374295309055	0.490499999999938
0.948099999999912	0.377336151649122	0.272201666441307	0.492029999999938
0.950099999999912	0.378111126205285	0.273027804187854	0.493559999999938
0.952099999999911	0.378885731124678	0.273855120298055	0.495089999999938
0.954099999999911	0.379657704001441	0.274680687814075	0.496619999999938
0.956099999999911	0.380429705790327	0.275507424059786	0.498149999999929
0.958099999999911	0.381200686822226	0.276334528434002	0.499679999999929
0.960099999999911	0.381971422593467	0.277162247231315	0.501209999999929
0.96209999999991	0.382739110868231	0.2779881400531	0.502739999999928
0.96409999999991	0.383504731806438	0.278812918106777	0.504269999999928
0.96609999999991	0.384271005806931	0.279639414960283	0.505789999999937
0.96809999999991	0.385033387423192	0.280463139729743	0.507319999999928
0.970099999999909	0.385797937218523	0.281290120423816	0.508849999999928
0.972099999999909	0.38655900083723	0.282114743242296	0.510369999999937
0.974099999999909	0.38731764028751	0.282937896422898	0.511899999999927
0.976099999999909	0.388076516302949	0.283762283103858	0.513429999999927
0.978099999999909	0.388831110032881	0.284583412180202	0.514949999999936
0.980099999999908	0.389589466393388	0.285408611918975	0.516479999999927
0.982099999999908	0.390355927876158	0.286238420627857	0.517999999999936
0.984099999999908	0.391121111222541	0.287068046186028	0.519529999999926
0.986099999999908	0.391884859295142	0.287897062249705	0.521049999999926
0.988099999999908	0.392646493575197	0.288725211956092	0.522569999999935
0.990099999999907	0.393407635900119	0.289553920991716	0.524099999999926
0.992099999999907	0.394167340200831	0.290381990878802	0.525619999999926
0.994099999999907	0.394926690689184	0.291211079296953	0.527139999999935
0.996099999999907	0.395684721995584	0.29203964135288	0.528659999999935
0.998099999999906	0.39644281901725	0.292869663449316	0.530179999999934
1.00009999999991	0.397192149479283	0.293691242228616	0.531699999999934
1.00209999999991	0.397934754228271	0.294506585241871	0.533219999999934
1.00409999999991	0.398677986971479	0.295323642525102	0.534739999999934
1.00609999999991	0.399419299929356	0.296139538547575	0.536259999999934
1.00809999999991	0.400160816867071	0.29695691204398	0.537779999999924
1.01009999999991	0.400900908716003	0.297773728743	0.539299999999924
1.0120999999999	0.401639711067493	0.298590367879368	0.540819999999924
1.0140999999999	0.402379647661066	0.299409170028221	0.542329999999933
1.0160999999999	0.403114110385729	0.300223252347547	0.543849999999924
1.0180999999999	0.40384820676916	0.301037832465304	0.545359999999933
1.0200999999999	0.404592842032581	0.301859905578497	0.546879999999923
1.0220999999999	0.405340373415066	0.302685118841543	0.548389999999923
1.0240999999999	0.406083059608005	0.303506351152062	0.549899999999933
1.0260999999999	0.40682660319995	0.30432964875991	0.551409999999932
1.0280999999999	0.407568559290028	0.305152064389144	0.552929999999923
1.0300999999999	0.408307657099773	0.305972579128958	0.554439999999922
1.0320999999999	0.409047172706975	0.306794493408476	0.555949999999922
1.0340999999999	0.409786112761794	0.307617016828189	0.557459999999922
1.0360999999999	0.410524536993518	0.308439815805267	0.558959999999932
1.0380999999999	0.411262586341291	0.309263433265128	0.560469999999931
1.0400999999999	0.412013493319324	0.310095996136618	0.561979999999922
1.0420999999999	0.412765039031347	0.310930589880127	0.563479999999931
1.0440999999999	0.413514813126013	0.311764280790724	0.564989999999921
1.0460999999999	0.414262805727815	0.312597286929175	0.566489999999931
1.0480999999999	0.415011228070439	0.313431668428989	0.567989999999931
1.0500999999999	0.415755595625753	0.31426296262692	0.569499999999921
1.0520999999999	0.416499950878577	0.315095121121648	0.57099999999992
1.0540999999999	0.417231067966801	0.315914044412983	0.57249999999992
1.0560999999999	0.417960605330245	0.316731811999188	0.57399999999992
1.0580999999999	0.41868790950051	0.317548386065205	0.57548999999993
1.0600999999999	0.419413447308209	0.318363811958712	0.57698999999993
1.0620999999999	0.420138375947409	0.319179613305034	0.578489999999919
1.0640999999999	0.42086101119477	0.319994045186438	0.579979999999929
1.0660999999999	0.42158500241244	0.320810814053896	0.581469999999929
1.0680999999999	0.422308561485407	0.321628443355939	0.582969999999919
1.0700999999999	0.423031801633051	0.322446439778481	0.584459999999919
1.0720999999999	0.423754883301629	0.323265515274798	0.585949999999919
1.0740999999999	0.424471640747072	0.32407840153231	0.587439999999918
1.0760999999999	0.425183938556836	0.324887336982454	0.588919999999929
1.0780999999999	0.425898024272616	0.325699063331212	0.590409999999928
1.0800999999999	0.426609872045115	0.326509407247678	0.591889999999928
1.0820999999999	0.427324344598239	0.327323558233298	0.593379999999918
1.0840999999999	0.428039006831245	0.328139211076493	0.594859999999928
1.0860999999999	0.428752182110443	0.32895393382804	0.596339999999928
1.0880999999999	0.429466678766898	0.329771131493068	0.597819999999928
1.0900999999999	0.430179026144653	0.330587011733864	0.599299999999917
1.0920999999999	0.430892239633225	0.331404691308812	0.600779999999917
1.0940999999999	0.431601748870016	0.332219492819942	0.602249999999927
1.0960999999999	0.432303294907617	0.333025811155425	0.603719999999927
1.0980999999999	0.433003638113159	0.333831921870073	0.605199999999916
1.1000999999999	0.433701354686173	0.33463574959977	0.606669999999916
1.1020999999999	0.434399000454076	0.335440423727213	0.608129999999926
1.10409999999989	0.435095717835435	0.336245181638437	0.609599999999926
1.10609999999989	0.435791914511885	0.337049968355434	0.611069999999916
1.10809999999989	0.436487911358988	0.337855660672915	0.612529999999926
1.11009999999989	0.437192100418622	0.338668116115302	0.613989999999926
1.11209999999989	0.437899766837088	0.339483241078793	0.615449999999926
1.11409999999989	0.438608208737998	0.340300008877188	0.616909999999925
1.11609999999989	0.439308626490624	0.341108624615366	0.618369999999925
1.11809999999989	0.440006359011439	0.341915120211693	0.619819999999925
1.12009999999989	0.440705637855425	0.342724269916999	0.621279999999914
1.12209999999989	0.441402607314581	0.343531790454162	0.622729999999914
1.12409999999989	0.442100021009836	0.344340689926286	0.624179999999914
1.12609999999989	0.442798300960761	0.345151452387996	0.625619999999925
1.12809999999989	0.443494196747404	0.345960696501487	0.627069999999925
1.13009999999989	0.444190369109683	0.346770894401782	0.628509999999924
1.13209999999989	0.444876689524345	0.347571013428746	0.629949999999924
1.13409999999989	0.445561755715768	0.348370226886329	0.631389999999924
1.13609999999989	0.446246779271162	0.349170294684249	0.632829999999913
1.13809999999989	0.446938595570912	0.349974976840253	0.634259999999924
1.14009999999989	0.447633964844734	0.350783125920185	0.635689999999924
1.14209999999989	0.448328246930864	0.351591204886968	0.637119999999924
1.14409999999989	0.449020747257167	0.35239795683615	0.638549999999923
1.14609999999989	0.449713641085734	0.353206118378322	0.639969999999923
1.14809999999989	0.45040492834347	0.354013583633078	0.641389999999923
1.15009999999989	0.45109575656411	0.354821163840062	0.642809999999923
1.15209999999989	0.451787132582788	0.355630389739611	0.644229999999923
1.15409999999989	0.452469258250679	0.356430149675259	0.645639999999923
1.15609999999989	0.453150978852215	0.357229989106126	0.647059999999922
1.15809999999989	0.453833328133302	0.358031472185162	0.648469999999911
1.16009999999989	0.454514464952147	0.358832594304935	0.649869999999922
1.16209999999989	0.455196984483862	0.359636085374537	0.651269999999922
1.16409999999989	0.4558803564201	0.36044154315246	0.652669999999922
1.16609999999989	0.456561791718523	0.361245489132985	0.654069999999922
1.16809999999989	0.457244402246232	0.362051698332678	0.655469999999922
1.17009999999989	0.457938510395313	0.362867680673084	0.656859999999921
1.17209999999989	0.458633247191645	0.363684274544803	0.658249999999921
1.17409999999989	0.459329072896351	0.364503027788926	0.659629999999921
1.17609999999989	0.46001785008272	0.365314684403071	0.661009999999921
1.17809999999989	0.460702972928251	0.366122990608414	0.662389999999921
1.18009999999989	0.46138839624142	0.366932361605252	0.66376999999992
1.18209999999989	0.462072706131332	0.367741420552409	0.66513999999992
1.18409999999989	0.462754657055221	0.368548838574269	0.66650999999992
1.18609999999989	0.46343736662666	0.36935784333945	0.66786999999992
1.18809999999989	0.464118493865775	0.370165891245406	0.669229999999931
1.19009999999989	0.464799384259073	0.370974773529118	0.67058999999992
1.19209999999989	0.465474703666074	0.371777978043216	0.671939999999931
1.19409999999988	0.466144175215127	0.372574952429293	0.673289999999931
1.19609999999988	0.466814169596294	0.37337334873311	0.674639999999919
1.19809999999988	0.467480007942804	0.374168196253671	0.675979999999931
1.20009999999988	0.468140474878307	0.37495712852743	0.677319999999919
1.20209999999988	0.468802573257628	0.375748774201052	0.67864999999993
1.20409999999988	0.469462157724029	0.376538571663483	0.67997999999993
1.20609999999988	0.470122735823047	0.377330109190532	0.681309999999918
1.20809999999988	0.470785096831439	0.378124601063209	0.682629999999918
1.21009999999988	0.47144707502984	0.378919684299002	0.683949999999918
1.21209999999988	0.472108100083873	0.379714328405985	0.685259999999918
1.21409999999988	0.472769731834061	0.380510452763659	0.686569999999918
1.21609999999988	0.473424460134617	0.381299538790354	0.687869999999918
1.21809999999988	0.474078259540223	0.382088055941657	0.689169999999918
1.22009999999988	0.474733215321848	0.38287875905657	0.690459999999929
1.22209999999988	0.475381879581144	0.383662909826457	0.691749999999917
1.22409999999988	0.476027261828183	0.384443945462423	0.693029999999929
1.22609999999988	0.476673191683453	0.385226219448823	0.694309999999929
1.22809999999988	0.477317574917855	0.386007502492266	0.695579999999929
1.23009999999988	0.477961658486518	0.386789210684174	0.696849999999929
1.23209999999988	0.478604703438556	0.387570456495324	0.698109999999929
1.23409999999988	0.4792464812305	0.388351096979423	0.699369999999928
1.23609999999988	0.479889869721295	0.389134232591943	0.700619999999928
1.23809999999988	0.48053317060594	0.389918301587407	0.701859999999928
1.24009999999988	0.48116824910078	0.390693279030416	0.703099999999928
1.24209999999988	0.481802964631308	0.391468373726451	0.704329999999928
1.24409999999988	0.482438194105421	0.39224483619961	0.705559999999928
1.24609999999988	0.48307960443789	0.393026397644849	0.706779999999928
1.24809999999988	0.48372528385274	0.393811750193554	0.707999999999927
1.25009999999988	0.484372175004639	0.394599232597666	0.709199999999927
1.25209999999988	0.485018783633005	0.395387114673364	0.710409999999927
1.25409999999988	0.485666449569968	0.396177073627178	0.711599999999927
1.25609999999988	0.486312173853109	0.396965629096463	0.712789999999927
1.25809999999988	0.486950623573772	0.397746343160677	0.713969999999927
1.26009999999988	0.487589889310818	0.398528555386096	0.715139999999927
1.26209999999988	0.488229938329258	0.399312561395881	0.716309999999927
1.26409999999988	0.488861926920498	0.400087944950024	0.717469999999926
1.26609999999988	0.489494167345322	0.400863996970873	0.718619999999926
1.26809999999988	0.490127159619309	0.401641722828602	0.719759999999926
1.27009999999988	0.490765472361952	0.402424189940316	0.720899999999926
1.27209999999988	0.491410329816229	0.403212524230024	0.722019999999938
1.27409999999988	0.492053235913897	0.403999523141119	0.723139999999938
1.27609999999988	0.492694623222245	0.404785362177692	0.724259999999926
1.27809999999988	0.493336455182425	0.40557255299918	0.725359999999925
1.28009999999988	0.493977987960753	0.406360189054527	0.726449999999938
1.28209999999988	0.494610259806912	0.407137781463844	0.727539999999938
1.28409999999988	0.495241405033031	0.407914392104182	0.728619999999925
1.28609999999987	0.495873575091959	0.408692969210793	0.729679999999937
1.28809999999987	0.49650118316493	0.409466977221021	0.730739999999937
1.29009999999987	0.497124942156458	0.410236939316968	0.731789999999937
1.29209999999987	0.497749090641208	0.411008144246639	0.732829999999937
1.29409999999987	0.498370693406647	0.411777207217817	0.733859999999937
1.29609999999987	0.498992993020516	0.412547679159579	0.734879999999937
1.29809999999987	0.499616484994623	0.413320295928589	0.735889999999937
1.30009999999987	0.500241160982245	0.414095176139507	0.736889999999937
1.30209999999987	0.500863449228957	0.414867822485218	0.737879999999949
1.30409999999987	0.501486348352564	0.415642155824871	0.738859999999949
1.30609999999987	0.502107148148025	0.416414593736724	0.739829999999936
1.30809999999987	0.502723837977609	0.417182603696679	0.740789999999936
1.31009999999987	0.503341450038393	0.417952536477714	0.741739999999936
1.31209999999987	0.50395864734188	0.418722685984316	0.742669999999949
1.31409999999987	0.504568655379623	0.419484997699986	0.743599999999936
1.31609999999987	0.505178776412	0.420247836972215	0.744509999999948
1.31809999999987	0.505789193840865	0.421011814365203	0.745409999999949
1.32009999999987	0.506398689945531	0.42177530232519	0.746299999999948
1.32209999999987	0.507008377782143	0.422539729336936	0.747179999999948
1.32409999999987	0.507619197533324	0.423306188456183	0.748049999999935
1.32609999999987	0.508239937998855	0.424080737790279	0.748899999999948
1.32809999999987	0.508860486290619	0.424855678772067	0.749739999999948
1.33009999999987	0.509481708422859	0.425632141203919	0.750569999999948
1.33209999999987	0.510099031279282	0.426404804992464	0.751379999999948
1.33409999999987	0.510711684839376	0.427172257361958	0.752189999999948
1.33609999999987	0.511324795546728	0.427940948168561	0.752969999999948
1.33809999999987	0.511937342784452	0.42870987035662	0.753749999999948
1.34009999999987	0.512541998653292	0.42946983001427	0.754509999999948
1.34209999999987	0.513146224028361	0.430229784414412	0.755259999999947
1.34409999999987	0.513750958078089	0.430991084428593	0.755999999999947
1.34609999999987	0.514354087706765	0.431751110519182	0.756719999999947
1.34809999999987	0.514958371997265	0.432513275137289	0.757429999999947
1.35009999999987	0.515563486067128	0.433277173538273	0.758119999999947
1.35209999999987	0.516160664016427	0.434032245962251	0.75879999999996
1.35409999999987	0.516757319909302	0.434786984138931	0.75945999999996
1.35609999999987	0.517354550994162	0.435543189019787	0.76010999999996
1.35809999999987	0.517948553864433	0.436296132585953	0.76074999999996
1.36009999999987	0.518538671118714	0.437044800492442	0.76136999999996
1.36209999999987	0.519129695021258	0.437795334033361	0.76197999999996
1.36409999999987	0.519721627109716	0.438547670146689	0.762569999999973
1.36609999999987	0.520308519295629	0.43929446263416	0.76314999999996
1.36809999999987	0.52089342434144	0.440039379611482	0.76371999999996
1.37009999999987	0.521477861518415	0.44078437231102	0.76426999999996
1.37209999999987	0.522061632867286	0.441529252636526	0.76479999999996
1.37409999999987	0.522645404249051	0.442274722121539	0.76531999999996
1.37609999999986	0.523229508712463	0.443021195693483	0.765819999999973
1.37809999999986	0.52381004504279	0.44376398043347	0.766309999999973
1.38009999999986	0.524386353122284	0.444502058095919	0.766789999999973
1.38209999999986	0.524962910548693	0.445241083113436	0.767249999999973
1.38409999999986	0.52554017074809	0.445981560453064	0.767699999999973
1.38609999999986	0.526111391299749	0.446715348538356	0.768129999999973
1.38809999999986	0.526680708778143	0.447447193084025	0.768549999999973
1.39009999999986	0.52724995293277	0.448179565984033	0.768949999999973
1.39209999999986	0.527818434634352	0.448911721417198	0.769339999999973
1.39409999999986	0.528398182989105	0.449653896586438	0.769709999999973
1.39609999999986	0.52897807350381	0.450396676379104	0.770069999999986
1.39809999999986	0.529558494224602	0.45114085323384	0.770419999999972
1.40009999999986	0.530137505110185	0.451883923878775	0.770749999999986
1.40209999999986	0.530717285648679	0.452628563412195	0.771069999999972
1.40409999999986	0.53129729834828	0.453374214644802	0.771379999999972
1.40609999999986	0.531871601561677	0.4541135153851	0.771669999999972
1.40809999999986	0.532444651346219	0.454851642284261	0.771949999999972
1.41009999999986	0.533017979422749	0.455590765226064	0.772209999999986
1.41209999999986	0.53359025966784	0.456329450448816	0.772459999999986
1.41409999999986	0.534156539744178	0.457061141119227	0.772699999999986
1.41609999999986	0.534723415278242	0.457794033410033	0.772929999999986
1.41809999999986	0.535291188980444	0.458528748767313	0.773149999999986
1.42009999999986	0.535858216397599	0.459262792093852	0.773349999999986
1.42209999999986	0.536435004232912	0.460005354025475	0.773539999999986
1.42409999999986	0.537012432339266	0.460749467907822	0.773719999999986
1.42609999999986	0.53758482387809	0.461488004919982	0.773889999999986
1.42809999999986	0.538152666637032	0.462221330123762	0.774049999999986
1.43009999999986	0.538720599387569	0.462955433584781	0.774189999999986
1.43209999999986	0.539288920281901	0.463690629509196	0.774329999999986
1.43409999999986	0.539852031163942	0.464420054282162	0.774449999999986
1.43609999999986	0.540412075633922	0.465146116386196	0.774569999999986
1.43809999999986	0.540972291387606	0.465873041071082	0.774669999999986
1.44009999999986	0.541533240416534	0.466601537920938	0.77476
1.44209999999986	0.542087666273721	0.467322500989125	0.77485
1.44409999999986	0.54264057507016	0.468042045614961	0.774929999999986
1.44609999999986	0.543193457478831	0.468762183110656	0.77499
1.44809999999986	0.543745727790642	0.469482283100695	0.77505
1.45009999999986	0.544297100079696	0.470201562301146	0.7751
1.45209999999986	0.544848434020176	0.470921585627798	0.77514
1.45409999999986	0.545398637519137	0.471640839331806	0.77517
1.45609999999986	0.545943050506119	0.472353372571778	0.7752
1.45809999999986	0.546488368797629	0.47306748720904	0.77522
1.46009999999986	0.547034833414724	0.473783723410909	0.77523
1.46209999999986	0.54757982997617	0.474498622133415	0.77523
1.46409999999986	0.548119643593068	0.475207663778139	0.77522
1.46609999999985	0.548660981108666	0.475919066762698	0.77521
1.46809999999985	0.54920274041173	0.476631652134815	0.7752
1.47009999999985	0.549742575717607	0.477342356226272	0.77517
1.47209999999985	0.550277459898453	0.478047356101612	0.77514
1.47409999999985	0.550813160972498	0.478753860452106	0.77511
1.47609999999985	0.551349261951677	0.479461505751786	0.775060000000015
1.47809999999985	0.551884286169905	0.480168280807338	0.77502
1.48009999999985	0.552419876992416	0.480876347926184	0.774960000000015
1.48209999999985	0.552955958909683	0.481585665189136	0.77491
1.48409999999985	0.553490190485115	0.482293335077476	0.774840000000015
1.48609999999985	0.55401953418734	0.482995108528175	0.77478
1.48809999999985	0.554549467045956	0.483698191266013	0.774700000000015
1.49009999999985	0.555079711512136	0.484402224040545	0.77463
1.49209999999985	0.55560825552906	0.485104614393644	0.774540000000015
1.49409999999985	0.556131709046528	0.485801107302373	0.77446
1.49609999999985	0.556655821239437	0.486498874125061	0.77437
1.49809999999985	0.55717997358346	0.4871971741252	0.77428
1.50009999999985	0.557703374143565	0.487895094749902	0.77418
1.50209999999985	0.558220556253275	0.488585692171578	0.77408
1.50409999999985	0.558737588445039	0.489276455164052	0.773970000000015
1.50609999999985	0.559257494899891	0.489970303048339	0.77387
1.50809999999985	0.559783217389654	0.49066909374017	0.77376
1.51009999999985	0.560309001001023	0.491368423321644	0.773640000000015
1.51209999999985	0.560835078600493	0.492068534074148	0.773520000000015
1.51409999999985	0.56135927967199	0.492767067351165	0.77341
1.51609999999985	0.561878698950411	0.493459861193977	0.773280000000015
1.51809999999985	0.562397481700926	0.494152389822966	0.77316
1.52009999999985	0.562916567062066	0.494845865567529	0.773030000000015
1.52209999999985	0.563435669756391	0.495539915681605	0.772900000000015
1.52409999999985	0.563948921691033	0.496227039673353	0.77277
1.52609999999985	0.564460491751087	0.496912414435539	0.772630000000015
1.52809999999985	0.564973231080012	0.497599792832707	0.772490000000015
1.53009999999985	0.565486350576976	0.498288258184417	0.772350000000015
1.53209999999985	0.565995252368995	0.498971835216445	0.772210000000015
1.53409999999985	0.56650153128704	0.499652424757755	0.772070000000015
1.53609999999985	0.56700835045419	0.500334244891106	0.771920000000015
1.53809999999985	0.56751098104123	0.501011359340657	0.77178
1.54009999999985	0.568009982328019	0.501684052495707	0.771630000000015
1.54209999999985	0.568509086658342	0.502357397652673	0.771480000000015
1.54409999999985	0.569008556469992	0.503031734132674	0.77133
1.54609999999985	0.569506071803076	0.503704197784789	0.771170000000015
1.54809999999985	0.569999100198957	0.504371157144357	0.771020000000015
1.55009999999985	0.57049217419914	0.505038734690845	0.770860000000015
1.55209999999985	0.570984955006683	0.505706270256461	0.770700000000015
1.55409999999985	0.571476567080175	0.506373049608271	0.770540000000015
1.55609999999985	0.57196342281053	0.507033950730287	0.770380000000016
1.55809999999984	0.572448839251993	0.507693464654929	0.770220000000016
1.56009999999984	0.57293465144743	0.508354038606915	0.770060000000016
1.56209999999984	0.573420968708676	0.509015759920306	0.769890000000016
1.56409999999984	0.573909301163428	0.509678883229634	0.769730000000016
1.56609999999984	0.574402377694847	0.510346273628254	0.769560000000016
1.56809999999984	0.574895785562228	0.5110146291587	0.7694
1.57009999999984	0.575386163335721	0.511679650341539	0.769230000000016
1.57209999999984	0.575872800893281	0.512340184997616	0.769060000000016
1.57409999999984	0.576360078547383	0.513002079098218	0.768890000000016
1.57609999999984	0.576847780074944	0.513664885760749	0.768720000000016
1.57809999999984	0.577333860876341	0.514326347161897	0.76855
1.58009999999984	0.577815335301151	0.514982163005453	0.768370000000016
1.58209999999984	0.578295497899649	0.515636762086758	0.768200000000016
1.58409999999984	0.578776352985228	0.516292721497379	0.76803
1.58609999999984	0.579257258598383	0.516949300113008	0.767850000000016
1.58809999999984	0.579734201320574	0.517601269385641	0.76768
1.59009999999984	0.580208524316847	0.518250178762899	0.767500000000016
1.59209999999984	0.580683320596917	0.518900201208617	0.767320000000016
1.59409999999984	0.581158506465986	0.519551224044795	0.76715
1.59609999999984	0.581631835334691	0.520200232576284	0.766970000000016
1.59809999999984	0.5821130036448	0.520856586556732	0.766790000000016
1.60009999999984	0.582594232704893	0.521512988802939	0.766610000000016
1.60209999999984	0.583075577464793	0.522170070416874	0.766430000000016
1.60409999999984	0.583551850047031	0.522821087885196	0.766250000000016
1.60609999999984	0.584026305378675	0.52347006730601	0.766070000000016
1.60809999999984	0.584501186112799	0.524120176626247	0.765890000000016
1.61009999999984	0.584976149476979	0.524770855628495	0.765710000000016
1.61209999999984	0.585449692355766	0.525420218098077	0.76553
1.61409999999984	0.585918875704196	0.526064268295315	0.765340000000016
1.61609999999984	0.586387682513294	0.526708322332582	0.765160000000016
1.61809999999984	0.586856302233174	0.527352678016863	0.764980000000016
1.62009999999984	0.587325348926045	0.527998042096585	0.764790000000016
1.62209999999984	0.587790687712922	0.528639139972555	0.764610000000016
1.62409999999984	0.588252262444613	0.529275633659528	0.764430000000016
1.62609999999984	0.588713719633581	0.529912455912286	0.764240000000016
1.62809999999984	0.589173103056523	0.530547007955141	0.764060000000016
1.63009999999984	0.589627263862366	0.531175057661133	0.763870000000016
1.63209999999984	0.59007960249881	0.531801213790823	0.763690000000016
1.63409999999984	0.590531927359778	0.532427821155631	0.763500000000016
1.63609999999984	0.590984538819861	0.533055227019533	0.763310000000016
1.63809999999984	0.591434609398768	0.533679922039732	0.763130000000016
1.64009999999984	0.591879964990276	0.534298657597032	0.762940000000016
1.64209999999984	0.592325196787811	0.534917536191659	0.76276
1.64409999999984	0.592769837450384	0.535536185075869	0.762570000000016
1.64609999999984	0.593214262847158	0.536155048918623	0.762380000000016
1.64809999999983	0.593654860845133	0.536769414809204	0.762190000000017
1.65009999999983	0.594092365449158	0.537379955231846	0.762010000000017
1.65209999999983	0.59452989914413	0.537990977919636	0.761820000000017
1.65409999999983	0.594967203595861	0.538601986602118	0.761630000000017
1.65609999999983	0.595403919312818	0.539212796505283	0.761440000000017
1.65809999999983	0.595836871706674	0.539819118372384	0.761250000000017
1.66009999999983	0.596268203611464	0.54042356109688	0.761060000000017
1.66209999999983	0.596700232196154	0.541029363748328	0.760880000000017
1.66409999999983	0.597130873372085	0.541633740168376	0.760690000000017
1.66609999999983	0.597556818245832	0.542232313562902	0.760500000000017
1.66809999999983	0.597981395079659	0.542829479150721	0.760310000000017
1.67009999999983	0.598406720749286	0.543428015951104	0.760120000000017
1.67209999999983	0.598832471886222	0.544027586501349	0.759930000000017
1.67409999999983	0.599257144256519	0.544626078184115	0.759740000000017
1.67609999999983	0.599677399002253	0.545219067359897	0.759550000000017
1.67809999999983	0.600096861181755	0.545811403612832	0.759360000000017
1.68009999999983	0.600516197286603	0.546404024061171	0.759170000000017
1.68209999999983	0.600935803962241	0.546997363423382	0.758980000000017
1.68409999999983	0.601354249127898	0.547589593950665	0.758790000000017
1.68609999999983	0.601767969077836	0.548175885287789	0.758600000000017
1.68809999999983	0.602180602785391	0.54876106805683	0.758410000000017
1.69009999999983	0.602593874416331	0.549347501014997	0.758220000000017
1.69209999999983	0.603007781088538	0.549935178862783	0.758030000000017
1.69409999999983	0.603420393725029	0.550521555510671	0.75784
1.69609999999983	0.603828041827745	0.551101647212702	0.757640000000017
1.69809999999983	0.604234224751092	0.551680154216863	0.757450000000017
1.70009999999983	0.604640500277846	0.552259167961215	0.757260000000017
1.70209999999983	0.60504451384002	0.552835613413038	0.757070000000017
1.70409999999983	0.60544476198837	0.553407275394286	0.756880000000017
1.70609999999983	0.605843795201135	0.553977538090041	0.756690000000017
1.70809999999983	0.606242326010893	0.554547638358841	0.756500000000017
1.71009999999983	0.606640983241217	0.555118280768956	0.756300000000017
1.71209999999983	0.607038150714852	0.555687285215634	0.756110000000017
1.71409999999983	0.607430763023323	0.556250516171327	0.755920000000017
1.71609999999983	0.607821774316573	0.556811952904133	0.755730000000017
1.71809999999983	0.608213396746873	0.557374531869262	0.755540000000017
1.72009999999983	0.60860563057104	0.557938343767115	0.755350000000017
1.72209999999983	0.608996353012433	0.558500428653381	0.755150000000017
1.72409999999983	0.609382620668189	0.559056899455845	0.754960000000017
1.72609999999983	0.609767480523079	0.559611823803745	0.754770000000017
1.72809999999983	0.610152522715798	0.560167348203512	0.754580000000017
1.73009999999983	0.610538819649742	0.56072417227144	0.754380000000017
1.73209999999983	0.610929590064491	0.561284645150743	0.754190000000017
1.73409999999983	0.611316354565435	0.561840180514561	0.754000000000017
1.73609999999983	0.611700359127714	0.562392229646254	0.753810000000017
1.73809999999983	0.612084660769907	0.562944974096376	0.753620000000017
1.74009999999982	0.612467382854767	0.563496054374724	0.753420000000018
1.74209999999982	0.612846353819609	0.564042568940209	0.753230000000018
1.74409999999982	0.613223512589548	0.564586867193487	0.753040000000018
1.74609999999982	0.613601328277231	0.565132339699	0.752850000000018
1.74809999999982	0.613977088324648	0.565675488268983	0.752650000000018
1.75009999999982	0.614353379437858	0.566219726610639	0.752460000000018
1.75209999999982	0.614728532145901	0.566762786714657	0.752270000000018
1.75409999999982	0.615099701107689	0.567300848026904	0.752070000000018
1.75609999999982	0.615469528262745	0.56783740452295	0.751880000000018
1.75809999999982	0.615839772372613	0.568374931147121	0.751690000000018
1.76009999999982	0.61621028482842	0.568913045958944	0.751500000000018
1.76209999999982	0.616579026226629	0.569449242523662	0.751300000000018
1.76409999999982	0.616943928161541	0.569980659160361	0.751110000000018
1.76609999999982	0.617307193227777	0.570510065597337	0.750920000000018
1.76809999999982	0.617670467733144	0.57103974494303	0.750720000000018
1.77009999999982	0.618031990115978	0.57156747485368	0.750530000000018
1.77209999999982	0.618389853931481	0.57209069864782	0.750340000000018
1.77409999999982	0.618745831060084	0.572611561871587	0.750150000000018
1.77609999999982	0.619107145812671	0.573137214652539	0.749950000000018
1.77809999999982	0.619467949719845	0.573662040619624	0.749760000000018
1.78009999999982	0.61982864473196	0.574187094699197	0.749570000000018
1.78209999999982	0.620187882604711	0.574710534841258	0.749370000000018
1.78409999999982	0.620541853536696	0.575227115779946	0.749180000000018
1.78609999999982	0.620894180739702	0.57574186591656	0.748990000000018
1.78809999999982	0.621246667665772	0.57625706767407	0.748790000000018
1.79009999999982	0.621597174295186	0.576770059997591	0.748600000000018
1.79209999999982	0.621947636454362	0.577283350960068	0.748410000000018
1.79409999999982	0.622296294701312	0.577794533435646	0.748210000000018
1.79609999999982	0.622639855154974	0.578299102312047	0.748020000000018
1.79809999999982	0.622982057332703	0.578802166180992	0.747830000000018
1.80009999999982	0.62332440054452	0.579305729661022	0.747630000000018
1.80209999999982	0.623665542608779	0.579807910251759	0.747440000000018
1.80409999999982	0.624005976990043	0.580309553596291	0.747250000000018
1.80609999999982	0.624345014349241	0.58080966868611	0.747050000000018
1.80809999999982	0.624679183084683	0.581303455531655	0.746860000000018
1.81009999999982	0.625011959398088	0.581795671772436	0.746670000000018
1.81209999999982	0.625345056672186	0.582288662476691	0.746470000000018
1.81409999999982	0.625676678864041	0.582779835718866	0.746280000000018
1.81609999999982	0.626003802686259	0.583265383427758	0.746090000000018
1.81809999999982	0.626329559400712	0.583749298253392	0.745890000000018
1.82009999999982	0.626654701848582	0.584232569800963	0.745700000000018
1.82209999999982	0.626978593190511	0.584714532284651	0.745510000000018
1.82409999999982	0.627302866582339	0.585197340334903	0.745310000000018
1.82609999999982	0.627625809678574	0.585678556157873	0.745120000000018
1.82809999999982	0.627944688273158	0.586154713895003	0.744930000000018
1.83009999999981	0.628262203490655	0.586629228284228	0.744730000000019
1.83209999999981	0.628578780166152	0.587102640360402	0.744540000000019
1.83409999999981	0.628894523477462	0.587575300008411	0.744350000000019
1.83609999999981	0.629210413518722	0.588048386538561	0.744150000000019
1.83809999999981	0.62952420262875	0.588519011895091	0.743960000000019
1.84009999999981	0.629835268274417	0.588986234166413	0.743770000000019
1.84209999999981	0.630144418045677	0.589450956154653	0.743570000000019
1.84409999999981	0.63045135098674	0.589913048550564	0.743380000000019
1.84609999999981	0.630758683597954	0.590375988596471	0.743190000000019
1.84809999999981	0.631065381138456	0.590838154110487	0.742990000000019
1.85009999999981	0.631376684906845	0.591304072225701	0.742800000000019
1.85209999999981	0.63168665197847	0.591768435566147	0.742610000000019
1.85409999999981	0.631992116707046	0.59222691804838	0.742410000000019
1.85609999999981	0.632296076903929	0.592683649818052	0.742220000000019
1.85809999999981	0.632599846599265	0.593140359381404	0.742030000000019
1.86009999999981	0.632901304348919	0.59359428011269	0.741830000000019
1.86209999999981	0.633200492411689	0.594045546482671	0.741640000000019
1.86409999999981	0.633496296272944	0.594492210442595	0.741450000000019
1.86609999999981	0.633789828057207	0.594936130668126	0.741250000000019
1.86809999999981	0.634083670590108	0.595380830630951	0.741060000000019
1.87009999999981	0.634375016515642	0.595822266879784	0.740870000000019
1.87209999999981	0.634666244183797	0.596263965157589	0.740670000000019
1.87409999999981	0.634955713197212	0.596703414437391	0.740480000000019
1.87609999999981	0.635240656999337	0.597137104112579	0.740290000000019
1.87809999999981	0.635523941596526	0.597568717183677	0.740090000000019
1.88009999999981	0.635805014827305	0.597997447779236	0.739900000000019
1.88209999999981	0.636085781869729	0.598426167608836	0.739710000000019
1.88409999999981	0.636365306014136	0.598853340009415	0.739510000000019
1.88609999999981	0.636643931974974	0.59927963702419	0.739320000000019
1.88809999999981	0.636921291938788	0.599704506150564	0.739130000000019
1.89009999999981	0.637193926703694	0.600123111498008	0.738930000000019
1.89209999999981	0.637464918499215	0.600539722690694	0.738740000000019
1.89409999999981	0.637734105266372	0.600953996763948	0.738550000000019
1.89609999999981	0.638002475583412	0.601367534050805	0.738350000000019
1.89809999999981	0.638269288455061	0.601779072369945	0.738160000000019
1.90009999999981	0.638530794176145	0.602183752498124	0.737970000000019
1.90209999999981	0.638790727308047	0.602586408709595	0.737770000000019
1.90409999999981	0.63904607382793	0.602982969190943	0.737580000000019
1.90609999999981	0.639300081120407	0.603377940830774	0.737390000000019
1.90809999999981	0.63955245424711	0.6037707973184	0.737190000000019
1.91009999999981	0.639804436761605	0.604163491712478	0.737000000000019
1.91209999999981	0.640054825168485	0.604554121843056	0.736810000000019
1.91409999999981	0.640301277545694	0.604939769487503	0.736610000000019
1.91609999999981	0.640545996451076	0.605323041948545	0.736420000000019
1.91809999999981	0.640788121958098	0.605703079850407	0.736230000000019
1.9200999999998	0.641030862979642	0.606084119135283	0.736030000000019
1.9220999999998	0.641270905054878	0.606461770457064	0.73584000000002
1.9240999999998	0.641511566020649	0.606840424412862	0.73565000000002
1.9260999999998	0.641749757355431	0.607215966449125	0.73545000000002
1.9280999999998	0.641986985285459	0.607590415754748	0.73526000000002
1.9300999999998	0.642219841174572	0.607959059869207	0.73507000000002
1.9320999999998	0.642451757149654	0.608326603952764	0.73487000000002
1.9340999999998	0.642682747530435	0.608693029061654	0.73468000000002
1.9360999999998	0.642912548261529	0.609058112008478	0.73449000000002
1.9380999999998	0.643141220834114	0.609421789474499	0.73429000000002
1.9400999999998	0.643368758507865	0.609784231654945	0.73410000000002
1.9420999999998	0.643594918076388	0.610144879744563	0.73391000000002
1.9440999999998	0.643817575759918	0.610501022786693	0.73371000000002
1.9460999999998	0.644038688867997	0.610855099298358	0.73352000000002
1.9480999999998	0.644257575693132	0.611206373428114	0.73333000000002
1.9500999999998	0.6444765207423	0.611557887250224	0.73313000000002
1.9520999999998	0.644693514351733	0.611906976626625	0.73294000000002
1.9540999999998	0.644909510878765	0.612254900437636	0.73275000000002
1.9560999999998	0.645121655580309	0.612597668157701	0.73255000000002
1.9580999999998	0.645332908333533	0.61293941437442	0.73236000000002
1.9600999999998	0.645540118291189	0.613275732505546	0.73217000000002
1.9620999999998	0.645746011855492	0.61361036170485	0.73197000000002
1.9640999999998	0.64594889725438	0.613941110724857	0.73178000000002
1.9660999999998	0.64615188784054	0.614272120422512	0.73159000000002
1.9680999999998	0.64635257034932	0.614600223217601	0.73139000000002
1.9700999999998	0.646552206817281	0.614927043270036	0.73120000000002
1.9720999999998	0.646747803208639	0.61524842352219	0.73101000000002
1.9740999999998	0.646942397441211	0.615568544615823	0.73082
1.9760999999998	0.647134620489973	0.615885627410213	0.73062000000002
1.9780999999998	0.647326760828378	0.616202735144084	0.73043000000002
1.9800999999998	0.647516737283709	0.616517123297355	0.73024000000002
1.9820999999998	0.647705857184629	0.616830415567239	0.73004000000002
1.9840999999998	0.647893745437475	0.617142289747198	0.72985000000002
1.9860999999998	0.648080015347397	0.617451997003466	0.72966000000002
1.9880999999998	0.648263409972287	0.617758046503225	0.72946000000002
1.9900999999998	0.648443729738713	0.618059815461838	0.72927000000002
1.9920999999998	0.648622595900367	0.618359847647078	0.72908000000002
1.9940999999998	0.64880001074115	0.618657942001001	0.72888000000002
1.9960999999998	0.648977008415661	0.618955749620848	0.72869000000002
1.9980999999998	0.649151650828194	0.61925034702917	0.72850000000002
