t	fg_A
0	0	0
0.002	0	0
0.0041	6.74729748617923E-07	3.03014E-06
0.006	6.94261381114419E-07	3.02756E-06
0.00800000000000001	7.29734373867907E-07	3.02877E-06
0.0101	7.83831834932673E-07	3.0386E-06
0.0121	8.51722325370898E-07	3.04356E-06
0.0141	9.35841899771265E-07	3.05022E-06
0.0161	1.03639780149637E-06	3.05899999999999E-06
0.0180999999999999	1.15355795884153E-06	3.07034999999999E-06
0.0200999999999999	1.28745968655909E-06	3.08475999999999E-06
0.0220999999999999	1.43821781569588E-06	3.10274999999999E-06
0.0240999999999999	1.60593146860886E-06	3.12487999999998E-06
0.0260999999999999	1.79068927643355E-06	3.15171999999998E-06
0.0280999999999999	1.99257317113185E-06	3.18391999999998E-06
0.0300999999999999	2.21166101939211E-06	3.22214999999998E-06
0.0320999999999999	2.44802838224249E-06	3.26712999999998E-06
0.0341	2.70174964672978E-06	3.31965999999999E-06
0.036	2.95892621887751E-06	3.35835E-06
0.0380000000000001	3.24670010567676E-06	3.42789000000002E-06
0.0400000000000001	3.55204591373391E-06	3.50782000000003E-06
0.0420000000000002	3.87503783748342E-06	3.59925000000004E-06
0.0440000000000002	4.21575031695247E-06	3.70338000000006E-06
0.0460000000000003	4.57425801003801E-06	3.82153000000007E-06
0.0480000000000003	4.95063573976297E-06	3.95516000000009E-06
0.0500000000000004	5.34495842967981E-06	4.1058600000001E-06
0.0520000000000005	5.75730103562905E-06	4.27542000000012E-06
0.0540000000000005	6.18773847879377E-06	4.46577000000013E-06
0.0560000000000006	6.63634558286649E-06	4.67908000000014E-06
0.0580000000000006	7.10319701678255E-06	4.91773000000015E-06
0.0600000000000007	7.58836724361604E-06	5.18435000000016E-06
0.0620000000000007	8.09193047570874E-06	5.48187000000016E-06
0.0640000000000008	8.61396063579385E-06	5.81349000000016E-06
0.0660000000000009	9.1545313237061E-06	6.18279000000016E-06
0.0680000000000009	9.71371578818898E-06	6.59367000000015E-06
0.070000000000001	1.02915869032847E-05	7.05048000000014E-06
0.072000000000001	1.08882171487997E-05	7.55798000000012E-06
0.0740000000000011	1.17770776951556E-05	8.12141000000009E-06
0.0760000000000012	1.35462180273276E-05	8.74655000000006E-06
0.0780000000000012	1.54030045137852E-05	9.43974000000001E-06
0.0800000000000013	1.7351460299096E-05	1.08421000000011E-05
0.0820000000000013	1.93959050699125E-05	1.26201000000013E-05
0.0840000000000014	2.15409612020495E-05	1.46585000000015E-05
0.0860000000000014	2.37915636094937E-05	1.69893000000018E-05
0.0880000000000015	2.61529724126402E-05	1.96483000000021E-05
0.0900000000000016	2.86307879126665E-05	2.26746000000025E-05
0.0920000000000016	3.12309675731031E-05	2.6110800000003E-05
0.0940000000000017	3.39598448397792E-05	3.00040000000034E-05
0.0960000000000017	3.68241497129811E-05	3.4405300000004E-05
0.0980000000000018	3.98310310404022E-05	3.93706000000047E-05
0.100000000000002	4.29880805368897E-05	4.49608000000054E-05
0.102000000000002	4.63033585625442E-05	5.12417000000064E-05
0.104000000000002	4.97854217065293E-05	5.82854000000073E-05
0.106000000000002	5.34433522298156E-05	6.61694000000084E-05
0.108000000000002	5.72867894150095E-05	7.49779000000097E-05
0.110000000000002	6.13259628578869E-05	8.48019000000111E-05
0.112000000000002	6.55717277312919E-05	9.57396000000125E-05
0.114000000000002	7.00806143344991E-05	0.000107897000000014
0.116000000000002	7.49544238008108E-05	0.000121387000000016
0.118000000000002	8.02226520281768E-05	0.000136334000000019
0.120000000000002	8.59150874567136E-05	0.000152869000000021
0.122000000000002	9.20635367286137E-05	0.000171132000000024
0.124000000000003	9.87019364739722E-05	0.000191276000000027
0.126000000000002	0.000105866469590631	0.000213463000000028
0.128000000000002	0.000113595686125804	0.000237866000000028
0.130000000000002	0.000121930628866629	0.000264670000000028
0.132000000000002	0.000130914963745836	0.000294074000000027
0.134000000000002	0.000140595115167262	0.000326289000000026
0.136000000000001	0.000151429569177729	0.000361539000000025
0.138000000000001	0.000164751319186256	0.000400064000000022
0.140000000000001	0.000179286086855883	0.00044211800000002
0.142000000000001	0.000195126774591684	0.000487974000000016
0.144	0.000212372072594715	0.000537918000000013
0.146	0.000231126739605538	0.000592255000000007
0.148	0.00025150189363658	0.000651309000000001
0.1501	0.000287714955030055	0.000718767999999992
0.1521	0.000329475590577071	0.000788584999999984
0.154099999999999	0.000375030433861407	0.000864227999999976
0.156099999999999	0.000424655509427911	0.000946103999999963
0.158099999999999	0.000478642759264776	0.00103
0.160099999999999	0.000537300749562563	0.00113
0.162099999999998	0.000600955400341964	0.00123
0.164099999999998	0.000669950738462567	0.00134
0.166099999999998	0.000744649674532622	0.00146
0.168099999999998	0.00084880880562896	0.00159
0.170099999999998	0.000961993133452411	0.00173
0.172099999999997	0.00108480979628607	0.00187999999999974
0.174099999999997	0.00121789785113933	0.00203999999999972
0.176099999999997	0.00133267106666477	0.00221
0.178099999999997	0.00145558926968993	0.00239999999999967
0.180099999999996	0.00158949091323447	0.00259999999999965
0.182099999999996	0.00172600515707549	0.00280999999999963
0.184099999999996	0.00185041614484512	0.0030299999999996
0.186099999999996	0.00198617556486836	0.00327999999999917
0.188099999999996	0.0021340195230113	0.00353999999999912
0.190099999999995	0.00232525486708407	0.00380999999999954
0.192099999999995	0.00253739582935776	0.00410999999999902
0.194099999999995	0.00274279952428866	0.00441999999999899
0.196099999999995	0.00298450109719338	0.00474999999999947
0.198099999999995	0.00325548792638495	0.0051099999999989
0.200099999999994	0.00352107649274317	0.00548999999999886
0.202099999999994	0.00380643513745979	0.00588999999999881
0.204099999999994	0.00411500713930194	0.00631999999999815
0.206099999999994	0.00442282539071717	0.00676999999999809
0.208099999999993	0.00477060585417786	0.00724999999999802
0.210099999999993	0.00515910175838348	0.00775999999999795
0.212099999999993	0.00556920876440157	0.00829999999999788
0.214099999999993	0.00596677635353125	0.00886999999999782
0.216099999999993	0.00636360045744909	0.00946999999999776
0.218099999999992	0.00677501517742373	0.0101099999999977
0.220099999999992	0.0072630452661178	0.0107799999999976
0.222099999999992	0.00778526567813774	0.0114899999999976
0.224099999999992	0.00838103963136939	0.0122399999999967
0.226099999999991	0.00897873577541292	0.0130299999999966
0.228099999999991	0.00960947042705265	0.0138599999999965
0.230099999999991	0.0102461228779594	0.0147299999999964
0.232099999999991	0.0109207451295949	0.0156499999999963
0.234099999999991	0.0115920460387852	0.0166199999999953
0.23609999999999	0.0123420458003971	0.0176299999999952
0.23809999999999	0.0131179770797292	0.0186899999999941
0.24009999999999	0.013890582878782	0.0197999999999939
0.24209999999999	0.0147510580581189	0.0209599999999938
0.244099999999989	0.0156475847654416	0.0221799999999926
0.246099999999989	0.016654610213498	0.0234399999999935
0.248099999999989	0.0176968942489876	0.0247699999999923
0.250099999999989	0.0187453127788036	0.0261499999999922
0.252099999999989	0.0198292421429435	0.027579999999992
0.254099999999988	0.020916287397046	0.0290699999999919
0.256099999999988	0.0220310786801834	0.0306299999999905
0.258099999999988	0.0232328349443365	0.0322399999999891
0.260099999999988	0.0244856572901585	0.0338999999999902
0.262099999999987	0.0257916573598415	0.0356299999999887
0.264099999999987	0.0271528386210431	0.0374199999999885
0.266099999999987	0.0285850006819204	0.0392599999999883
0.268099999999987	0.0300760107212254	0.0411699999999868
0.270099999999987	0.031573015356273	0.0431299999999866
0.272099999999986	0.0330644082692238	0.0451499999999863
0.274099999999986	0.034625265633316	0.0472299999999847
0.276099999999986	0.036264166816721	0.0493599999999845
0.278099999999986	0.0379755490395972	0.0515499999999842
0.280099999999985	0.0397041209970911	0.0537899999999825
0.282099999999985	0.0414685958743971	0.0560799999999823
0.284099999999985	0.0432686763733662	0.058419999999982
0.286099999999985	0.0451397675366638	0.0607999999999818
0.288099999999985	0.0469890794757421	0.0632399999999815
0.290099999999984	0.048850705757857	0.0657199999999796
0.292099999999984	0.0508140115085325	0.0682399999999794
0.294099999999984	0.0528702958408877	0.0707999999999792
0.296099999999984	0.054913334824994	0.0733899999999789
0.298099999999983	0.0569701947381793	0.0760299999999769
0.300099999999983	0.0590296030694902	0.0786899999999783
0.302099999999983	0.0610663322598198	0.081379999999978
0.304099999999983	0.0631853167186448	0.084109999999976
0.306099999999983	0.0652853640937501	0.0868499999999774
0.308099999999982	0.0674313620329386	0.0896299999999754
0.310099999999982	0.069601580636223	0.092419999999975
0.312099999999982	0.0718505889414571	0.0952299999999748
0.314099999999982	0.0741070490628569	0.0980499999999744
0.316099999999982	0.0763156173031409	0.100899999999972
0.318099999999981	0.078508306127149	0.103749999999974
0.320099999999981	0.0806763911861214	0.106609999999974
0.322099999999981	0.0828783262611599	0.109479999999973
0.324099999999981	0.0850916489986724	0.112359999999973
0.32609999999998	0.0873584885625875	0.115239999999973
0.32809999999998	0.0895955906408554	0.118129999999972
0.33009999999998	0.0918304300422654	0.12101999999997
0.33209999999998	0.0940721407891075	0.12390999999997
0.33409999999998	0.0963380878749495	0.126789999999971
0.336099999999979	0.0985745203135343	0.129679999999969
0.338099999999979	0.100771695822404	0.132559999999969
0.340099999999979	0.102940183027605	0.13542999999997
0.342099999999979	0.10515325967724	0.13829999999997
0.344099999999978	0.107367338336209	0.14115999999997
0.346099999999978	0.109596830033084	0.144019999999969
0.348099999999978	0.111785096019099	0.146869999999969
0.350099999999978	0.113959543837686	0.149709999999967
0.352099999999978	0.116113809543261	0.152539999999966
0.354099999999977	0.118254249367813	0.155349999999968
0.356099999999977	0.120382177155651	0.158159999999968
0.358099999999977	0.122538969132908	0.160959999999968
0.360099999999977	0.124655022095772	0.16373999999997
0.362099999999976	0.126722120495573	0.166519999999967
0.364099999999976	0.128790498444218	0.169279999999967
0.366099999999976	0.13088005848708	0.172029999999966
0.368099999999976	0.13297217373162	0.174769999999966
0.370099999999976	0.135091825931073	0.177489999999966
0.372099999999975	0.137174479428269	0.180199999999965
0.374099999999975	0.139221023353504	0.182899999999965
0.376099999999975	0.14125252863052	0.185579999999967
0.378099999999975	0.14324948159156	0.188249999999967
0.380099999999974	0.145239692413444	0.190909999999967
0.382099999999974	0.147188316804995	0.193549999999967
0.384099999999974	0.149117801554371	0.196179999999966
0.386099999999974	0.151069331615014	0.198799999999966
0.388099999999974	0.153002350020498	0.201409999999966
0.390099999999973	0.154917980747043	0.203999999999965
0.392099999999973	0.156844980338849	0.206569999999965
0.394099999999973	0.158756939631741	0.209139999999965
0.396099999999973	0.160651763721651	0.211689999999965
0.398099999999972	0.162535386496265	0.214229999999964
0.400099999999972	0.164444394765216	0.216749999999967
0.402099999999972	0.166336929678686	0.219259999999966
0.404099999999972	0.16822047164478	0.221759999999966
0.406099999999972	0.170053000266804	0.224249999999966
0.408099999999971	0.171872351922037	0.226719999999966
0.410099999999971	0.173692804319781	0.229189999999962
0.412099999999971	0.175470210445046	0.231639999999962
0.414099999999971	0.177241832449446	0.234069999999965
0.41609999999997	0.178996940089427	0.236499999999965
0.41809999999997	0.180766705711363	0.238909999999964
0.42009999999997	0.18254359678388	0.241309999999964
0.42209999999997	0.18428755820599	0.243699999999967
0.42409999999997	0.186039207764808	0.246079999999964
0.426099999999969	0.187796510836348	0.248449999999963
0.428099999999969	0.189517686578632	0.250809999999963
0.430099999999969	0.191223025975457	0.253149999999966
0.432099999999969	0.192931570324034	0.255489999999962
0.434099999999969	0.194624336826873	0.257809999999965
0.436099999999968	0.196303116697747	0.260129999999962
0.438099999999968	0.197992306443663	0.262429999999962
0.440099999999968	0.199687896339533	0.264719999999965
0.442099999999968	0.201352994032753	0.266999999999964
0.444099999999967	0.203020835221115	0.269279999999961
0.446099999999967	0.204665701148261	0.271539999999964
0.448099999999967	0.206285713642072	0.273789999999964
0.450099999999967	0.207897397013972	0.27603999999996
0.452099999999967	0.20949812478906	0.278269999999963
0.454099999999966	0.211074171673647	0.28049999999996
0.456099999999966	0.212681811910831	0.282709999999963
0.458099999999966	0.214290513969414	0.284919999999963
0.460099999999966	0.215883542269368	0.287109999999962
0.462099999999965	0.217476625663201	0.289299999999962
0.464099999999965	0.219085898467046	0.291479999999962
0.466099999999965	0.220669310355939	0.293649999999965
0.468099999999965	0.222228232525906	0.295819999999961
0.470099999999965	0.223782179848801	0.297969999999961
0.472099999999964	0.225332498378032	0.300119999999961
0.474099999999964	0.226868614030843	0.302259999999961
0.476099999999964	0.228393065486868	0.30438999999996
0.478099999999964	0.229922022351157	0.30650999999996
0.480099999999963	0.23144340915196	0.308619999999963
0.482099999999963	0.23294991941464	0.310729999999963
0.484099999999963	0.234436902124077	0.312829999999963
0.486099999999963	0.235939614605715	0.314919999999963
0.488099999999963	0.237452296928939	0.317009999999959
0.490099999999962	0.238953090884711	0.319089999999959
0.492099999999962	0.240438281112431	0.321159999999958
0.494099999999962	0.241913320876286	0.323219999999962
0.496099999999962	0.243371403045674	0.325269999999962
0.498099999999961	0.244813251783947	0.327319999999961
0.500099999999961	0.246269578950145	0.329369999999957
0.502099999999961	0.247735410366933	0.331399999999961
0.504099999999961	0.249190791661675	0.333429999999961
0.506099999999961	0.250636646434643	0.335449999999961
0.50809999999996	0.252079417820777	0.33746999999996
0.51009999999996	0.253551922327697	0.33947999999996
0.51209999999996	0.25501363632266	0.34148999999996
0.51409999999996	0.256467188690199	0.34347999999996
0.516099999999959	0.257909154183648	0.345469999999959
0.518099999999959	0.259340893845622	0.347459999999959
0.520099999999959	0.260759405640047	0.349439999999959
0.522099999999959	0.262169148794642	0.351409999999959
0.524099999999959	0.263569410134219	0.353379999999959
0.526099999999958	0.264967694355308	0.355339999999963
0.528099999999958	0.266357855137828	0.357299999999958
0.530099999999958	0.267741832695678	0.359249999999958
0.532099999999958	0.269118829154628	0.361199999999958
0.534099999999958	0.270486734150051	0.363139999999957
0.536099999999957	0.271850503940876	0.365069999999957
0.538099999999957	0.273205238162408	0.366999999999957
0.540099999999957	0.274551673617259	0.368919999999961
0.542099999999957	0.2758961168991	0.370839999999961
0.544099999999956	0.277252497838616	0.372759999999956
0.546099999999956	0.278603810372726	0.374669999999956
0.548099999999956	0.279950597465396	0.376569999999956
0.550099999999956	0.281294602388383	0.378469999999956
0.552099999999956	0.282640443067733	0.38035999999996
0.554099999999955	0.283991567192807	0.38224999999996
0.556099999999955	0.285337332951865	0.384139999999955
0.558099999999955	0.286674873588325	0.386009999999959
0.560099999999955	0.288004288178357	0.387889999999959
0.562099999999954	0.289331880325524	0.389759999999959
0.564099999999954	0.29065607373268	0.391629999999954
0.566099999999954	0.291980944187209	0.393489999999954
0.568099999999954	0.293303562456533	0.395339999999958
0.570099999999954	0.29462192625332	0.397199999999953
0.572099999999953	0.295956397050762	0.399039999999958
0.574099999999953	0.297288656006147	0.400889999999958
0.576099999999953	0.298614783979168	0.402729999999958
0.578099999999953	0.299932014606531	0.404559999999957
0.580099999999952	0.301242060652464	0.406389999999957
0.582099999999952	0.302531488587225	0.408219999999957
0.584099999999952	0.303819427530524	0.410039999999957
0.586099999999952	0.305104870041097	0.411859999999957
0.588099999999952	0.306388011421807	0.413679999999956
0.590099999999951	0.30767306444122	0.415489999999956
0.592099999999951	0.308945754588943	0.417289999999956
0.594099999999951	0.31020854294203	0.419099999999956
0.596099999999951	0.311466518177874	0.420899999999956
0.59809999999995	0.312723024726852	0.422689999999955
0.60009999999995	0.313974034108696	0.424479999999955
0.60209999999995	0.315230116802591	0.426269999999955
0.60409999999995	0.316495746492959	0.428059999999955
0.60609999999995	0.31776260030944	0.429839999999955
0.608099999999949	0.319026268830608	0.431609999999954
0.610099999999949	0.320286370162829	0.433389999999954
0.612099999999949	0.321530605934993	0.435159999999954
0.614099999999949	0.322787319636584	0.436919999999954
0.616099999999948	0.324043049013369	0.438679999999959
0.618099999999948	0.325297399497628	0.440439999999959
0.620099999999948	0.326548413802616	0.442199999999953
0.622099999999948	0.327788054165044	0.443949999999953
0.624099999999948	0.329014101857888	0.445699999999953
0.626099999999947	0.330241978702469	0.447449999999953
0.628099999999947	0.331468211839135	0.449189999999952
0.630099999999947	0.332693252624625	0.450929999999952
0.632099999999947	0.333923023637898	0.452659999999957
0.634099999999946	0.335146456625768	0.454399999999952
0.636099999999946	0.336361765257325	0.456129999999952
0.638099999999946	0.337579237217521	0.457849999999957
0.640099999999946	0.338793405017752	0.459579999999951
0.642099999999946	0.340004979984119	0.461299999999951
0.644099999999945	0.341232623108405	0.463009999999956
0.646099999999945	0.342452206398471	0.464729999999951
0.648099999999945	0.343661959954372	0.46643999999995
0.650099999999945	0.344874642868393	0.46814999999995
0.652099999999945	0.346085144013839	0.469849999999956
0.654099999999944	0.347295281580014	0.471549999999955
0.656099999999944	0.348496177077122	0.473249999999955
0.658099999999944	0.349687215706765	0.474949999999955
0.660099999999944	0.350869577732004	0.476639999999955
0.662099999999943	0.352054766369749	0.478329999999955
0.664099999999943	0.353234224633005	0.480019999999955
0.666099999999943	0.354414840594713	0.481709999999949
0.668099999999943	0.355582311843165	0.483389999999948
0.670099999999943	0.356748051922262	0.485069999999948
0.672099999999942	0.35792750523604	0.486739999999954
0.674099999999942	0.359105846702984	0.488419999999954
0.676099999999942	0.360284961920459	0.490089999999953
0.678099999999942	0.361469287267775	0.491759999999953
0.680099999999941	0.362649020067481	0.493419999999953
0.682099999999941	0.363822596655285	0.495089999999947
0.684099999999941	0.365012190876229	0.496749999999953
0.686099999999941	0.366199511293739	0.498409999999947
0.688099999999941	0.367388582330363	0.500059999999952
0.69009999999994	0.368568070283347	0.501709999999952
0.69209999999994	0.369737039936144	0.503369999999946
0.69409999999994	0.370896590228342	0.505009999999952
0.69609999999994	0.372052835736207	0.506659999999952
0.698099999999939	0.373210655150859	0.508299999999951
0.700099999999939	0.374369095229131	0.509939999999951
0.702099999999939	0.375528594355307	0.511579999999951
0.704099999999939	0.376680559960004	0.513209999999951
0.706099999999939	0.37782625525056	0.514849999999951
0.708099999999938	0.378966301299686	0.516479999999951
0.710099999999938	0.380109671053794	0.518109999999951
0.712099999999938	0.381251827816714	0.51972999999995
0.714099999999938	0.382398471973068	0.521359999999944
0.716099999999937	0.383539220387993	0.52297999999995
0.718099999999937	0.384671638354325	0.52459999999995
0.720099999999937	0.385795955257256	0.52620999999995
0.722099999999937	0.386912486215631	0.52782999999995
0.724099999999937	0.388033781701968	0.529439999999949
0.726099999999936	0.389153573929807	0.531049999999949
0.728099999999936	0.390293139732812	0.532659999999949
0.730099999999936	0.3914262897853	0.534259999999949
0.732099999999936	0.392555505772587	0.535859999999949
0.734099999999935	0.393678461678955	0.537459999999948
0.736099999999935	0.394795213441429	0.539059999999948
0.738099999999935	0.395916570660757	0.540659999999948
0.740099999999935	0.397033878378104	0.542249999999948
0.742099999999935	0.398144727710116	0.543839999999948
0.744099999999934	0.399250153140717	0.545429999999947
0.746099999999934	0.40034945597767	0.547019999999947
0.748099999999934	0.401459989247954	0.548609999999947
0.750099999999934	0.402574177543526	0.550189999999947
0.752099999999933	0.40369291887552	0.551769999999947
0.754099999999933	0.404808167102641	0.553349999999947
0.756099999999933	0.40591678267429	0.554929999999947
0.758099999999933	0.407022993878637	0.556499999999946
0.760099999999933	0.408124335250821	0.558079999999946
0.762099999999932	0.409227952155557	0.559649999999946
0.764099999999932	0.410333330108038	0.561219999999946
0.766099999999932	0.411449559776382	0.562779999999946
0.768099999999932	0.412573434042487	0.564349999999945
0.770099999999932	0.413689952270979	0.565909999999945
0.772099999999931	0.414801826255382	0.567469999999945
0.774099999999931	0.415905379594557	0.569029999999945
0.776099999999931	0.417006780153671	0.570589999999945
0.778099999999931	0.418111973562869	0.572139999999944
0.78009999999993	0.419210772030518	0.573689999999944
0.78209999999993	0.420302160585325	0.575239999999951
0.78409999999993	0.421388759059486	0.576789999999944
0.78609999999993	0.422471439349254	0.578339999999944
0.78809999999993	0.423550599335085	0.579879999999951
0.790099999999929	0.424625158309963	0.581429999999943
0.792099999999929	0.425703328977134	0.582969999999943
0.794099999999929	0.426782576725805	0.584509999999943
0.796099999999929	0.42785796382284	0.58603999999995
0.798099999999928	0.428932293654135	0.587579999999943
0.800099999999928	0.430000886972179	0.58910999999995
0.802099999999928	0.431067774276653	0.590649999999942
0.804099999999928	0.432127103632996	0.592169999999949
0.806099999999928	0.433182717618952	0.593699999999949
0.808099999999927	0.434245479456805	0.595229999999942
0.810099999999927	0.435304881051494	0.596749999999949
0.812099999999927	0.436358860492117	0.598279999999942
0.814099999999927	0.43741082855266	0.599799999999941
0.816099999999926	0.438458529889214	0.601309999999949
0.818099999999926	0.439510234330813	0.602829999999948
0.820099999999926	0.440577409700295	0.604349999999941
0.822099999999926	0.441641538845688	0.605859999999941
0.824099999999926	0.44270117752376	0.607369999999948
0.826099999999925	0.443758261308224	0.608879999999948
0.828099999999925	0.444811378943528	0.61038999999994
0.830099999999925	0.445861655941692	0.611889999999948
0.832099999999925	0.446908325485712	0.61339999999994
0.834099999999924	0.447960996605118	0.614899999999947
0.836099999999924	0.449024000507472	0.616399999999947
0.838099999999924	0.450082578939843	0.617899999999947
0.840099999999924	0.451135923761908	0.619399999999939
0.842099999999924	0.452184904286506	0.620889999999947
0.844099999999923	0.453230995143275	0.622389999999939
0.846099999999923	0.454272978031664	0.623879999999946
0.848099999999923	0.455310364948432	0.625369999999946
0.850099999999923	0.456349586839001	0.626859999999938
0.852099999999922	0.457391378796155	0.628349999999938
0.854099999999922	0.458431014918668	0.629829999999946
0.856099999999922	0.459470258125452	0.631309999999946
0.858099999999922	0.460507655022081	0.632799999999938
0.860099999999922	0.461542902228081	0.634269999999945
0.862099999999921	0.462577051647701	0.635749999999945
0.864099999999921	0.463605939871311	0.637229999999945
0.866099999999921	0.464638527309271	0.638699999999945
0.868099999999921	0.465686187814454	0.640179999999937
0.87009999999992	0.466731621790194	0.641649999999944
0.87209999999992	0.467771922939775	0.643119999999944
0.87409999999992	0.468810170140696	0.644589999999936
0.87609999999992	0.469843517678976	0.646049999999944
0.87809999999992	0.470875867538692	0.647519999999936
0.880099999999919	0.471903466484331	0.648979999999944
0.882099999999919	0.472928529947527	0.650439999999944
0.884099999999919	0.473949211655298	0.651899999999943
0.886099999999919	0.474971049240182	0.653359999999943
0.888099999999919	0.475988594864336	0.654819999999935
0.890099999999918	0.477004042887523	0.656269999999943
0.892099999999918	0.478018271774196	0.657719999999943
0.894099999999918	0.479031726979311	0.659169999999943
0.896099999999918	0.480042161144802	0.660619999999942
0.898099999999917	0.481047038365496	0.662069999999942
0.900099999999917	0.482051392191669	0.663519999999942
0.902099999999917	0.483053061051209	0.664959999999942
0.904099999999917	0.484051109375041	0.666409999999933
0.906099999999917	0.485044711970191	0.667849999999933
0.908099999999916	0.486037644076194	0.669289999999933
0.910099999999916	0.487027442890298	0.670719999999941
0.912099999999916	0.4880156750219	0.672159999999941
0.914099999999916	0.489018979588763	0.673599999999932
0.916099999999915	0.49002581675353	0.675029999999941
0.918099999999915	0.49102964304846	0.676459999999941
0.920099999999915	0.492032240655525	0.67788999999994
0.922099999999915	0.493034278285475	0.67931999999994
0.924099999999915	0.494035333382758	0.68073999999994
0.926099999999914	0.495035121284692	0.68216999999994
0.928099999999914	0.496032719309052	0.68358999999994
0.930099999999914	0.497030151990294	0.68500999999994
0.932099999999914	0.498033884289726	0.68642999999994
0.934099999999913	0.499035790379483	0.687849999999939
0.936099999999913	0.500034712273461	0.689269999999939
0.938099999999913	0.501032008501269	0.690679999999939
0.940099999999913	0.502026574543938	0.692099999999939
0.942099999999913	0.503019941246771	0.693509999999939
0.944099999999912	0.504012372842602	0.694919999999939
0.946099999999912	0.504998985349998	0.696329999999939
0.948099999999912	0.505983659085679	0.697729999999938
0.950099999999912	0.506966160675595	0.699139999999938
0.952099999999911	0.507948554417053	0.700539999999938
0.954099999999911	0.508928261495804	0.701939999999938
0.956099999999911	0.509907993183635	0.703339999999938
0.958099999999911	0.51088690805546	0.704739999999938
0.960099999999911	0.511865415992987	0.706139999999937
0.96209999999991	0.512841077442946	0.707529999999937
0.96409999999991	0.513814664121972	0.708929999999937
0.96609999999991	0.514788843441585	0.710319999999937
0.96809999999991	0.515759326871072	0.711709999999937
0.970099999999909	0.516731865387052	0.713099999999937
0.972099999999909	0.517701111098726	0.714479999999946
0.974099999999909	0.51866797122424	0.715869999999936
0.976099999999909	0.519635003529584	0.717249999999936
0.978099999999909	0.520597942737196	0.718629999999945
0.980099999999908	0.521563957968979	0.720009999999945
0.982099999999908	0.522534690839626	0.721389999999936
0.984099999999908	0.523504204398675	0.722769999999936
0.986099999999908	0.524472185048659	0.724139999999945
0.988099999999908	0.525438263462547	0.725519999999935
0.990099999999907	0.526403853512859	0.726889999999935
0.992099999999907	0.52736790565256	0.728259999999935
0.994099999999907	0.528331810307187	0.729629999999935
0.996099999999907	0.529294294019837	0.730989999999944
0.998099999999906	0.530257046180146	0.732359999999935
1.00009999999991	0.5312110802317	0.733719999999934
1.00209999999991	0.532158437115752	0.735079999999944
1.00409999999991	0.533106419505687	0.736439999999934
1.00609999999991	0.534052427988448	0.737799999999934
1.00809999999991	0.534998786866379	0.739159999999934
1.01009999999991	0.535943714140283	0.740509999999934
1.0120999999999	0.536887495129068	0.741859999999943
1.0140999999999	0.537832352354592	0.743209999999943
1.0160999999999	0.538771925362557	0.744559999999943
1.0180999999999	0.539711073681064	0.745909999999933
1.0200999999999	0.540657455879609	0.747259999999933
1.0220999999999	0.541606034717186	0.748599999999933
1.0240999999999	0.542549982640606	0.749939999999933
1.0260999999999	0.543494848600344	0.751279999999932
1.0280999999999	0.544438035587266	0.752619999999932
1.0300999999999	0.545378523363228	0.753959999999932
1.0320999999999	0.546319385504801	0.755289999999932
1.0340999999999	0.547259827555989	0.756619999999942
1.0360999999999	0.548199658952291	0.757949999999941
1.0380999999999	0.549139264439583	0.759279999999941
1.0400999999999	0.550087625694524	0.760609999999931
1.0420999999999	0.551036806649945	0.761939999999931
1.0440999999999	0.551984241318443	0.763259999999931
1.0460999999999	0.552930070546771	0.764579999999941
1.0480999999999	0.553876251832203	0.765899999999941
1.0500999999999	0.554818649621487	0.767219999999931
1.0520999999999	0.555760954816924	0.76853999999993
1.0540999999999	0.556690388522249	0.76984999999993
1.0560999999999	0.557618012649419	0.77115999999994
1.0580999999999	0.558543618719831	0.77246999999994
1.0600999999999	0.559467375979596	0.77377999999993
1.0620999999999	0.560390588447454	0.77508999999993
1.0640999999999	0.561311668411232	0.77638999999994
1.0660999999999	0.562234019071939	0.777689999999939
1.0680999999999	0.563156191293545	0.778989999999939
1.0700999999999	0.564077908504409	0.780289999999939
1.0720999999999	0.564999668926048	0.781589999999929
1.0740999999999	0.565915112088336	0.782879999999939
1.0760999999999	0.566826198097206	0.784169999999939
1.0780999999999	0.567738981747849	0.785459999999939
1.0800999999999	0.568649676052828	0.786749999999938
1.0820999999999	0.569562950313579	0.788039999999928
1.0840999999999	0.570476653306712	0.789319999999938
1.0860999999999	0.571388774610669	0.790599999999938
1.0880999999999	0.572302264154996	0.791879999999938
1.0900999999999	0.573213744485995	0.793159999999938
1.0920999999999	0.574126040630703	0.794439999999927
1.0940999999999	0.575034910557676	0.795709999999938
1.0960999999999	0.575935625130709	0.796979999999937
1.0980999999999	0.576835319732967	0.798249999999937
1.1000999999999	0.577732289418638	0.799519999999927
1.1020999999999	0.578629229545537	0.800779999999937
1.10409999999989	0.579525420232411	0.802039999999937
1.10609999999989	0.580420944396884	0.803299999999937
1.10809999999989	0.581316445390364	0.804559999999937
1.11009999999989	0.582217907254678	0.805809999999937
1.11209999999989	0.583121432430073	0.807069999999936
1.11409999999989	0.584025651014203	0.808319999999936
1.11609999999989	0.58492195191408	0.809569999999925
1.11809999999989	0.585815626167484	0.810809999999936
1.12009999999989	0.586710856427454	0.812059999999925
1.12209999999989	0.587603880351789	0.813299999999925
1.12409999999989	0.588497355698089	0.814529999999936
1.12609999999989	0.589391704276929	0.815769999999935
1.12809999999989	0.590283904894844	0.816999999999935
1.13009999999989	0.59117624803588	0.818239999999924
1.13209999999989	0.592059019170922	0.819459999999935
1.13409999999989	0.59294035574278	0.820689999999935
1.13609999999989	0.593821698672038	0.821909999999935
1.13809999999989	0.59470720412223	0.823129999999935
1.14009999999989	0.595595304303673	0.824349999999935
1.14209999999989	0.596482529110154	0.825569999999935
1.14409999999989	0.597367902404301	0.826779999999934
1.14609999999989	0.598253738066187	0.827989999999934
1.14809999999989	0.599138172699692	0.829199999999934
1.15009999999989	0.600022029355829	0.830399999999934
1.15209999999989	0.600906543687953	0.831599999999934
1.15409999999989	0.601782099666394	0.832799999999934
1.15609999999989	0.602657083406979	0.833999999999934
1.15809999999989	0.603532756840317	0.835189999999933
1.16009999999989	0.604407368435107	0.836379999999933
1.16209999999989	0.60528332935253	0.837569999999933
1.16409999999989	0.606160244643632	0.838749999999933
1.16609999999989	0.607035187648639	0.839929999999944
1.16809999999989	0.607911359758364	0.841109999999933
1.17009999999989	0.608796133452958	0.842289999999933
1.17209999999989	0.609680919304581	0.843459999999932
1.17409999999989	0.610566825169695	0.844629999999932
1.17609999999989	0.611445894462888	0.845789999999944
1.17809999999989	0.612321383646951	0.846959999999932
1.18009999999989	0.613197109975166	0.848119999999932
1.18209999999989	0.614071839467874	0.849269999999932
1.18409999999989	0.614944415071524	0.850419999999943
1.18609999999989	0.615817681994283	0.851569999999943
1.18809999999989	0.616689433247072	0.852719999999931
1.19009999999989	0.617561146810724	0.853859999999931
1.19209999999989	0.618427352226796	0.854999999999931
1.19409999999988	0.619287639842579	0.856139999999931
1.19609999999988	0.620148469501406	0.857269999999931
1.19809999999988	0.621005513391296	0.858399999999931
1.20009999999988	0.621856981604103	0.859519999999931
1.20209999999988	0.622710098170097	0.86063999999993
1.20409999999988	0.623560934506263	0.86175999999993
1.20609999999988	0.624412647074473	0.86286999999993
1.20809999999988	0.625266198696765	0.86397999999993
1.21009999999988	0.626119552135469	0.865079999999942
1.21209999999988	0.626971917913111	0.866179999999941
1.21409999999988	0.627824899170127	0.867279999999941
1.21609999999988	0.628671243435645	0.868369999999941
1.21809999999988	0.629516536235897	0.869459999999941
1.22009999999988	0.630363034670256	0.870549999999929
1.22209999999988	0.631203375560325	0.871629999999929
1.22409999999988	0.632040482685631	0.872699999999941
1.22609999999988	0.632878056959742	0.873769999999941
1.22809999999988	0.63371417339901	0.874839999999941
1.23009999999988	0.634550035755952	0.875899999999941
1.23209999999988	0.635384903969376	0.87695999999994
1.23409999999988	0.636218632856391	0.87800999999994
1.23609999999988	0.637053888614063	0.87905999999994
1.23809999999988	0.63788926528114	0.880109999999928
1.24009999999988	0.638716459490725	0.881149999999928
1.24209999999988	0.639543205956989	0.88217999999994
1.24409999999988	0.640370506249696	0.88320999999994
1.24609999999988	0.641202056307023	0.88422999999994
1.24809999999988	0.642036565776034	0.885249999999939
1.25009999999988	0.642872262655782	0.886259999999939
1.25209999999988	0.643707694533648	0.887269999999939
1.25409999999988	0.644544242146987	0.888269999999939
1.25609999999988	0.645378989165208	0.889269999999939
1.25809999999988	0.646206600861779	0.890259999999939
1.26009999999988	0.647034916619626	0.891249999999939
1.26209999999988	0.647864111561038	0.892229999999939
1.26409999999988	0.648685507843241	0.893199999999951
1.26609999999988	0.649506959111504	0.894169999999939
1.26809999999988	0.650329214530822	0.895139999999938
1.27009999999988	0.651155264238237	0.896089999999938
1.27209999999988	0.651986098374242	0.897039999999938
1.27409999999988	0.652815182331454	0.897989999999938
1.27609999999988	0.653642735485444	0.89891999999995
1.27809999999988	0.654470804684524	0.89984999999995
1.28009999999988	0.655298644224514	0.900779999999938
1.28209999999988	0.656117541513537	0.901699999999938
1.28409999999988	0.656935130345201	0.902609999999938
1.28609999999987	0.657753770191653	0.90350999999995
1.28809999999987	0.658568037978885	0.90440999999995
1.29009999999987	0.65937843941411	0.90529999999995
1.29209999999987	0.660189295010713	0.90617999999995
1.29409999999987	0.660997790728595	0.907059999999949
1.29609999999987	0.661806921981132	0.907929999999937
1.29809999999987	0.662617265408905	0.908789999999949
1.30009999999987	0.663428891813919	0.909639999999949
1.30209999999987	0.664238147374245	0.910489999999949
1.30409999999987	0.665048191048176	0.911329999999936
1.30609999999987	0.66585614916848	0.912159999999936
1.30809999999987	0.666659970760582	0.912979999999949
1.31009999999987	0.667464807964615	0.913789999999949
1.31209999999987	0.668269282157722	0.914599999999949
1.31409999999987	0.669066778202117	0.915389999999949
1.31609999999987	0.669864239003854	0.916179999999948
1.31809999999987	0.670662085884932	0.916959999999948
1.32009999999987	0.671459020895912	0.917729999999961
1.32209999999987	0.672256195778394	0.918499999999948
1.32409999999987	0.673054506823069	0.919249999999948
1.32609999999987	0.673859710363193	0.919999999999948
1.32809999999987	0.674664710095129	0.920729999999961
1.33009999999987	0.675470411540362	0.921459999999948
1.33209999999987	0.676272439467359	0.922179999999948
1.33409999999987	0.677069744127427	0.922879999999961
1.33609999999987	0.677867531896232	0.923579999999961
1.33809999999987	0.678664938805548	0.924269999999961
1.34009999999987	0.679454556014708	0.924949999999961
1.34209999999987	0.680243687137899	0.925619999999961
1.34409999999987	0.681033388487475	0.92627999999996
1.34609999999987	0.681821545523693	0.926929999999961
1.34809999999987	0.682610916028563	0.92756999999996
1.35009999999987	0.6834011733764	0.92819999999996
1.35209999999987	0.684183745206262	0.92881999999996
1.35409999999987	0.684965618385752	0.92942999999996
1.35609999999987	0.685748160733346	0.93002999999996
1.35809999999987	0.686527567662865	0.93061999999996
1.36009999999987	0.687303065921008	0.93119999999996
1.36209999999987	0.688079562388013	0.93176999999996
1.36409999999987	0.688857018668422	0.93232999999996
1.36609999999987	0.689629524184066	0.932869999999973
1.36809999999987	0.690400054830755	0.93340999999996
1.37009999999987	0.691170167612149	0.93393999999996
1.37209999999987	0.691939701490493	0.934449999999973
1.37409999999987	0.69270924483903	0.934959999999973
1.37609999999986	0.693479130385846	0.935459999999959
1.37809999999986	0.694245568722567	0.935939999999973
1.38009999999986	0.695007786715464	0.936419999999959
1.38209999999986	0.695770299428678	0.936879999999973
1.38409999999986	0.696533522075202	0.937339999999959
1.38609999999986	0.697290896944838	0.937779999999973
1.38809999999986	0.698046301008167	0.938219999999959
1.39009999999986	0.69880167486188	0.938639999999973
1.39209999999986	0.699556402040948	0.939049999999973
1.39409999999986	0.700319438689822	0.939459999999973
1.39609999999986	0.701082530140726	0.939849999999973
1.39809999999986	0.701846251429744	0.940239999999972
1.40009999999986	0.702608623363354	0.940609999999972
1.40209999999986	0.7033717872536	0.940979999999972
1.40409999999986	0.704135278207643	0.941329999999972
1.40609999999986	0.704893227579538	0.941679999999972
1.40809999999986	0.705649832228687	0.942009999999986
1.41009999999986	0.706406771220496	0.942339999999986
1.41209999999986	0.707162863739816	0.942659999999972
1.41409999999986	0.707912972791861	0.942969999999972
1.41609999999986	0.708663621181327	0.943269999999986
1.41809999999986	0.70941525671742	0.943559999999986
1.42009999999986	0.710165970526462	0.943849999999972
1.42209999999986	0.710923686799161	0.944119999999986
1.42409999999986	0.711682154287487	0.944389999999986
1.42609999999986	0.712435731593847	0.944649999999986
1.42809999999986	0.713184758276795	0.944899999999986
1.43009999999986	0.713933946669131	0.945149999999972
1.43209999999986	0.714683556796196	0.945379999999986
1.43409999999986	0.715428135406714	0.945609999999986
1.43609999999986	0.716169643103149	0.945829999999986
1.43809999999986	0.716911389834717	0.946049999999986
1.44009999999986	0.717653935815791	0.946259999999986
1.44209999999986	0.718390096119298	0.946459999999986
1.44409999999986	0.719124732051285	0.946649999999986
1.44609999999986	0.719859405616181	0.946839999999986
1.44809999999986	0.720593601512828	0.94702
1.45009999999986	0.721326781705726	0.947199999999986
1.45209999999986	0.722060091098199	0.947369999999986
1.45409999999986	0.722792364535589	0.947539999999986
1.45609999999986	0.723518940705359	0.947699999999986
1.45809999999986	0.72424637420499	0.947849999999986
1.46009999999986	0.724975045701884	0.947999999999986
1.46209999999986	0.725702269013546	0.94814
1.46409999999986	0.726424469164004	0.948279999999986
1.46609999999985	0.727148142459226	0.948419999999986
1.46809999999985	0.727872325068349	0.948549999999985
1.47009999999985	0.728594634869867	0.948669999999985
1.47209999999985	0.729312079852696	0.94879
1.47409999999985	0.730030323493103	0.948909999999985
1.47609999999985	0.73074905121682	0.94902
1.47809999999985	0.731466716226216	0.949129999999985
1.48009999999985	0.732184995568853	0.949239999999985
1.48209999999985	0.73290384629757	0.949339999999985
1.48409999999985	0.733620993656245	0.94943
1.48609999999985	0.734333195495013	0.949529999999985
1.48809999999985	0.735046031396606	0.94962
1.49009999999985	0.735759222626332	0.949709999999985
1.49209999999985	0.73647075586559	0.94979
1.49409999999985	0.737177308780892	0.949879999999985
1.49609999999985	0.737884495588677	0.94995
1.49809999999985	0.738591730875962	0.95003
1.50009999999985	0.739298288227366	0.9501
1.50209999999985	0.739998767491424	0.950179999999985
1.50409999999985	0.740699037745037	0.95024
1.50609999999985	0.7414015034705	0.95031
1.50809999999985	0.742107877167794	0.950379999999985
1.51009999999985	0.742814304425604	0.950439999999985
1.51209999999985	0.743520983653314	0.950499999999985
1.51409999999985	0.744226012744378	0.95055
1.51609999999985	0.744926249952247	0.95061
1.51809999999985	0.74562590809108	0.95066
1.52009999999985	0.746325924874498	0.950719999999985
1.52209999999985	0.747026013730007	0.950769999999985
1.52409999999985	0.747720372319899	0.950819999999985
1.52609999999985	0.748413037087492	0.95086
1.52809999999985	0.749106891812539	0.95091
1.53009999999985	0.749801211422188	0.95095
1.53209999999985	0.750491397338318	0.95099
1.53409999999985	0.751178946364262	0.95103
1.53609999999985	0.751867086501141	0.95107
1.53809999999985	0.75255121755826	0.95111
1.54009999999985	0.753231639803596	0.95115
1.54209999999985	0.753912215264651	0.951189999999985
1.54409999999985	0.754593205101994	0.95122
1.54609999999985	0.755272384435359	0.95125
1.54809999999985	0.755947028004655	0.95129
1.55009999999985	0.756621796928342	0.95132
1.55209999999985	0.757296223446682	0.95135
1.55409999999985	0.757969686268032	0.95138
1.55609999999985	0.758638342478805	0.95141
1.55809999999984	0.759305605330636	0.951439999999984
1.56009999999984	0.759973339988335	0.95146
1.56209999999984	0.76064162309085	0.95149
1.56409999999984	0.761310887685777	0.95151
1.56609999999984	0.761983426431994	0.95154
1.56809999999984	0.762656359270411	0.95156
1.57009999999984	0.76332638729675	0.951589999999984
1.57209999999984	0.763992672634294	0.95161
1.57409999999984	0.764659659074838	0.95163
1.57609999999984	0.76532703408201	0.95165
1.57809999999984	0.765993004282627	0.95167
1.58009999999984	0.766654362437513	0.95169
1.58209999999984	0.767314466501934	0.95171
1.58409999999984	0.767975288522462	0.95173
1.58609999999984	0.768636247085821	0.95175
1.58809999999984	0.769293358930898	0.95177
1.59009999999984	0.769947843201436	0.95178
1.59209999999984	0.770602854478014	0.9518
1.59409999999984	0.771258307749347	0.95182
1.59609999999984	0.771911924595759	0.95183
1.59809999999984	0.772571274629165	0.95185
1.60009999999984	0.773230405703358	0.95186
1.60209999999984	0.773889722864797	0.95188
1.60409999999984	0.774544099294393	0.95189
1.60609999999984	0.775196635335568	0.95191
1.60809999999984	0.775849696151024	0.95192
1.61009999999984	0.77650287591566	0.95193
1.61209999999984	0.777154731071609	0.95195
1.61409999999984	0.777802261322163	0.95196
1.61609999999984	0.778449480054035	0.95197
1.61809999999984	0.779096605008096	0.95198
1.62009999999984	0.779744188580824	0.952
1.62209999999984	0.78038821524982	0.95201
1.62409999999984	0.781028478361805	0.95202
1.62609999999984	0.781668684588884	0.95203
1.62809999999984	0.782306876439545	0.95204
1.63009999999984	0.782939875526082	0.95205
1.63209999999984	0.783571141878817	0.95206
1.63409999999984	0.784202453188443	0.95207
1.63609999999984	0.784834079084756	0.95208
1.63809999999984	0.785463337932252	0.95209
1.64009999999984	0.786087849896753	0.9521
1.64209999999984	0.786712207067737	0.95211
1.64409999999984	0.787336087221813	0.95212
1.64609999999984	0.787959835126254	0.95213
1.64809999999983	0.788579895461281	0.95214
1.65009999999983	0.789196829249306	0.952149999999984
1.65209999999983	0.789813845629766	0.95215
1.65409999999983	0.790430598867786	0.95216
1.65609999999983	0.791046900492719	0.95217
1.65809999999983	0.791659546198621	0.95218
1.66009999999983	0.792270536484085	0.95219
1.66209999999983	0.792882273511243	0.95219
1.66409999999983	0.793492671812658	0.9522
1.66609999999983	0.794098450692721	0.95221
1.66809999999983	0.794702910287849	0.952219999999983
1.67009999999983	0.795308138630461	0.95222
1.67209999999983	0.795913866960822	0.95223
1.67409999999983	0.796518534250643	0.95224
1.67609999999983	0.797118829645267	0.95224
1.67809999999983	0.797718378233052	0.95225
1.68009999999983	0.798317872899668	0.95226
1.68209999999983	0.798917654399429	0.95226
1.68409999999983	0.799516344556102	0.95227
1.68609999999983	0.800110352183418	0.952279999999983
1.68809999999983	0.800703289629797	0.95228
1.69009999999983	0.801296907257538	0.95229
1.69209999999983	0.801891201157443	0.95229
1.69409999999983	0.80248426801468	0.9523
1.69609999999983	0.803072410508311	0.952309999999983
1.69809999999983	0.8036591284737	0.95231
1.70009999999983	0.804245979097295	0.95232
1.70209999999983	0.804830660656712	0.95232
1.70409999999983	0.805411562988002	0.95233
1.70609999999983	0.805991210479122	0.95233
1.70809999999983	0.806570474891837	0.95234
1.71009999999983	0.80714990421766	0.95234
1.71209999999983	0.807727881513183	0.95235
1.71409999999983	0.808301341609177	0.95235
1.71609999999983	0.808873239196976	0.95236
1.71809999999983	0.809445759613026	0.95236
1.72009999999983	0.810018954463159	0.95237
1.72209999999983	0.810590647907318	0.95237
1.72409999999983	0.811157948555673	0.95238
1.72609999999983	0.811723877850249	0.95238
1.72809999999983	0.812290025567769	0.95239
1.73009999999983	0.812857006998285	0.95239
1.73209999999983	0.81342680549294	0.9524
1.73409999999983	0.813992703382459	0.9524
1.73609999999983	0.814555816282921	0.95241
1.73809999999983	0.815119227511903	0.95241
1.74009999999982	0.815681163589115	0.95242
1.74209999999982	0.816239477887683	0.95242
1.74409999999982	0.816795954077441	0.95243
1.74609999999982	0.817353087097001	0.95243
1.74809999999982	0.817908266399036	0.95243
1.75009999999982	0.818464025915031	0.95244
1.75209999999982	0.819018695282307	0.95244
1.75409999999982	0.819569454368685	0.95245
1.75609999999982	0.820118894564641	0.95245
1.75809999999982	0.820668824026612	0.952459999999982
1.76009999999982	0.821218992398846	0.95246
1.76209999999982	0.821767510383492	0.95246
1.76409999999982	0.822312283681155	0.95247
1.76609999999982	0.822855390406558	0.95247
1.76809999999982	0.823398501868071	0.95248
1.77009999999982	0.823939955213761	0.95248
1.77209999999982	0.824477867840146	0.95248
1.77409999999982	0.825013863970143	0.95249
1.77609999999982	0.825553514814972	0.95249
1.77809999999982	0.826092405564346	0.952499999999982
1.78009999999982	0.826631248483765	0.9525
1.78209999999982	0.827168694094156	0.9525
1.78409999999982	0.827700907634647	0.95251
1.78609999999982	0.828231562340584	0.95251
1.78809999999982	0.828762362453064	0.95251
1.79009999999982	0.829291314503228	0.95252
1.79209999999982	0.829820279083378	0.95252
1.79409999999982	0.830347496062277	0.952529999999982
1.79609999999982	0.830869671588316	0.95253
1.79809999999982	0.83139054523958	0.95253
1.80009999999982	0.831911591783818	0.95254
1.80209999999982	0.832431443973663	0.95254
1.80409999999982	0.832950690537613	0.95254
1.80609999999982	0.833468616885902	0.95255
1.80809999999982	0.833981727658702	0.95255
1.81009999999982	0.834493499021901	0.95255
1.81209999999982	0.835005643675068	0.95256
1.81409999999982	0.835516293906168	0.95256
1.81609999999982	0.836022614759133	0.95256
1.81809999999982	0.836527572777291	0.95257
1.82009999999982	0.837031897615292	0.95257
1.82209999999982	0.837535068356115	0.95257
1.82409999999982	0.83803867040916	0.95258
1.82609999999982	0.838540944172183	0.95258
1.82809999999982	0.839039316714347	0.95258
1.83009999999981	0.83953632777268	0.95259
1.83209999999981	0.840032379396579	0.95259
1.83409999999981	0.840527690415296	0.952599999999981
1.83609999999981	0.841023149019537	0.9526
1.83809999999981	0.841516620100581	0.9526
1.84009999999981	0.842007435137688	0.952609999999981
1.84209999999981	0.842496289500928	0.95261
1.84409999999981	0.84298303958356	0.95261
1.84609999999981	0.843470233539369	0.95261
1.84809999999981	0.843956720962624	0.95262
1.85009999999981	0.844446099814932	0.95262
1.85209999999981	0.844934179241632	0.95262
1.85409999999981	0.845417816168214	0.95263
1.85609999999981	0.845900008505336	0.95263
1.85809999999981	0.846382024773691	0.95263
1.86009999999981	0.846861832141087	0.95264
1.86209999999981	0.847339516171491	0.95264
1.86409999999981	0.847813740399813	0.95264
1.86609999999981	0.848285794806682	0.95265
1.86809999999981	0.848758239054366	0.95265
1.87009999999981	0.849228176791869	0.95265
1.87209999999981	0.84969811738697	0.95266
1.87409999999981	0.850166288486806	0.95266
1.87609999999981	0.850630097438167	0.95266
1.87809999999981	0.851092258309856	0.95267
1.88009999999981	0.851552197584191	0.95267
1.88209999999981	0.852011948950319	0.95267
1.88409999999981	0.852470446186999	0.95268
1.88609999999981	0.852928140110505	0.95268
1.88809999999981	0.853384640604589	0.95268
1.89009999999981	0.853836466873367	0.952689999999981
1.89209999999981	0.854286701875981	0.95269
1.89409999999981	0.854735120173938	0.95269
1.89609999999981	0.855182835699097	0.95269
1.89809999999981	0.855628981318996	0.9527
1.90009999999981	0.856069994824682	0.9527
1.90209999999981	0.856509423972005	0.9527
1.90409999999981	0.85694431714955	0.95271
1.90609999999981	0.857377922351621	0.95271
1.90809999999981	0.85780988275371	0.95271
1.91009999999981	0.858241564055287	0.95272
1.91209999999981	0.858671639557099	0.95272
1.91409999999981	0.859097949761911	0.95272
1.91609999999981	0.859522454613287	0.952729999999981
1.91809999999981	0.859944475964869	0.95273
1.9200999999998	0.860367101407955	0.95273
1.9220999999998	0.860787135837669	0.95273
1.9240999999998	0.861207776859811	0.95274
1.9260999999998	0.861626034721876	0.95274
1.9280999999998	0.862043375256943	0.95274
1.9300999999998	0.862456409692302	0.95275
1.9320999999998	0.862868530791981	0.95275
1.9340999999998	0.863279733210706	0.95275
1.9360999999998	0.863689830216107	0.95276
1.9380999999998	0.864098805055644	0.95276
1.9400999999998	0.864506747164514	0.95276
1.9420999999998	0.864913296847752	0.95276
1.9440999999998	0.865316465068218	0.95277
1.9460999999998	0.865718055677424	0.95277
1.9480999999998	0.86611750179487	0.95277
1.9500999999998	0.866517011233009	0.95278
1.9520999999998	0.866914649597633	0.95278
1.9540999999998	0.867311332788403	0.95278
1.9560999999998	0.86770420606159	0.95279
1.9580999999998	0.868096229544166	0.95279
1.9600999999998	0.868484252127396	0.95279
1.9620999999998	0.868870963657523	0.95279
1.9640999999998	0.869254765062999	0.9528
1.9660999999998	0.869638658179198	0.9528
1.9680999999998	0.870020339913004	0.9528
1.9700999999998	0.870400998432897	0.95281
1.9720999999998	0.870777657860566	0.95281
1.9740999999998	0.871153320327146	0.95281
1.9760999999998	0.871526689236896	0.95282
1.9780999999998	0.871899980147349	0.95282
1.9800999999998	0.87227120150843	0.95282
1.9820999999998	0.872641552391505	0.95282
1.9840999999998	0.873010764780249	0.95283
1.9860999999998	0.873378344406524	0.95283
1.9880999999998	0.873743176563258	0.95283
1.9900999999998	0.874104884571297	0.95284
1.9920999999998	0.874465231553932	0.95284
1.9940999999998	0.874824113629415	0.95284
1.9960999999998	0.875182670013813	0.95284
1.9980999999998	0.875538856883273	0.95285
